   66   2.0749E-08
   67   3.6595E-08
   68   6.8329E-08
   69   1.2862E-07
   70   2.5852E-07
   71   5.2469E-07
   72   1.0891E-06
   73   2.0874E-06
   74   3.9584E-06
   75   7.6295E-06
   76   1.3853E-05
   77   2.5816E-05
   78   4.6449E-05
   79   7.9969E-05
   80   1.3631E-04
   81   2.2845E-04
   82   3.6695E-04
   83   5.7494E-04
   84   6.6199E-04
   85   1.5368E-03
   86   1.8014E-03
   87   2.7294E-03
   88   3.5524E-03
   89   5.0306E-03
   90   7.2296E-03
   91   8.8018E-03
   92   1.0943E-02
   93   1.3384E-02
   94   1.7740E-02
   95   2.0733E-02
   96   2.3136E-02
   97   2.7177E-02
   98   3.0536E-02
   99   3.6301E-02
  100   4.0985E-02
  101   4.6758E-02
  102   5.3720E-02
  103   5.9683E-02
  104   6.4387E-02
  105   6.9317E-02
  106   6.9759E-02
  107   6.7650E-02
  108   6.3650E-02
  109   5.7779E-02
  110   4.9877E-02
  111   4.0789E-02
  112   3.1835E-02
  113   2.3876E-02
  114   1.6876E-02
  115   1.0943E-02
  116   7.3461E-03
  117   4.5763E-03
  118   2.7796E-03
  119   1.6876E-03
  120   1.0920E-03
  121   7.2434E-04
  122   5.7419E-04
  123   5.5446E-04
  124   6.6333E-04
  125   8.7341E-04
  126   1.4786E-03
  127   2.3815E-03
  128   3.9433E-03
  129   6.3495E-03
  130   9.9041E-03
  131   1.4873E-02
  132   2.0823E-02
  133   2.8751E-02
  134   3.7274E-02
  135   4.7211E-02
  136   5.4352E-02
  137   6.5346E-02
  138   6.7696E-02
  139   7.0943E-02
  140   6.8863E-02
  141   6.6425E-02
  142   6.0485E-02
  143   5.5994E-02
  144   5.0440E-02
  145   4.3200E-02
  146   3.7880E-02
  147   3.2795E-02
  148   2.7788E-02
  149   2.3848E-02
  150   2.0826E-02
  151   1.6851E-02
  152   1.3877E-02
  153   1.1895E-02
  154   9.4167E-03
  155   7.3790E-03
  156   5.6293E-03
  157   4.1479E-03
  158   3.0615E-03
  159   2.1727E-03
  160   1.4814E-03
  161   9.8758E-04
  162   6.5180E-04
  163   4.1479E-04
  164   2.5677E-04
  165   1.5860E-04
  166   9.4806E-05
  167   5.4325E-05
  168   3.0623E-05
  169   1.6790E-05
  170   9.1790E-06
  171   4.8326E-06
  172   2.4729E-06
