#  n-Np237-MT454-E0000.500.jendl4.0  independent fission yields
#   0    93   237  93xx  5.0000E-01        1241
    0     1     1     0       2.596330E-05       4.154130E-06
    1     1     2     0       7.934620E-06       1.134650E-06
    2     1     3     0       1.132020E-04       9.056160E-06
    1     2     3     0       0.000000E+00       0.000000E+00
    2     2     4     0       2.014440E-03       1.289240E-04
    4     2     6     0       2.813090E-05       4.163370E-06
    6     2     8     0       5.258840E-07       1.304190E-07
    3     3     6     0       0.000000E+00       0.000000E+00
    4     3     7     0       1.226850E-06       2.318750E-07
    6     3     9     0       8.731500E-07       2.034440E-07
    5     4     9     0       0.000000E+00       0.000000E+00
    6     4    10     0       7.600000E-06       1.269200E-06
   43    23    66     0       1.790900E-18       1.146170E-18
   42    24    66     0       5.455110E-14       3.491280E-14
   43    24    67     0       5.229720E-15       4.183770E-15
   44    24    68     0       5.608280E-16       4.486620E-16
   45    24    69     0       0.000000E+00       0.000000E+00
   46    24    70     0       0.000000E+00       0.000000E+00
   41    25    66     0       2.232170E-11       1.428590E-11
   42    25    67     0       6.366170E-12       4.074350E-12
   43    25    68     0       3.032940E-12       1.941080E-12
   44    25    69     0       7.029380E-15       5.623500E-15
   45    25    70     0       9.769480E-14       6.252460E-14
   46    25    71     0       0.000000E+00       0.000000E+00
   47    25    72     0       1.583880E-16       1.013680E-16
   48    25    73     0       1.816720E-17       1.162700E-17
   40    26    66     0       5.565400E-10       3.561850E-10
   41    26    67     0       4.474340E-10       2.863580E-10
   42    26    68     0       6.216030E-10       3.978260E-10
   43    26    69     0       4.214090E-12       2.697020E-12
   44    26    70     0       1.831780E-10       1.172340E-10
   45    26    71     0       3.753640E-11       2.402330E-11
   46    26    72     0       4.824520E-12       3.087700E-12
   47    26    73     0       4.053750E-13       2.594400E-13
   48    26    74     0       1.621570E-14       1.037810E-14
   49    26    75     0       1.275780E-15       8.165010E-16
   50    26    76     0       0.000000E+00       0.000000E+00
   39    27    66     0       1.101070E-09       7.046840E-10
   40    27    67     0       2.252180E-09       1.441400E-09
   41    27    68     0       8.217970E-09       5.259500E-09
   42    27    69     0       1.531490E-10       9.801510E-11
   43    27    70     0       1.901840E-08       1.217180E-08
   44    27    71     0       1.151120E-08       7.367150E-09
   45    27    72     0       4.464330E-09       2.857170E-09
   46    27    73     0       1.151120E-09       7.367150E-10
   47    27    74     0       1.431390E-10       9.160890E-11
   48    27    75     0       1.281110E-11       8.199130E-12
   49    27    76     0       1.711660E-12       1.095460E-12
   50    27    77     0       3.391210E-14       2.170380E-14
   51    27    78     0       2.227940E-15       1.425880E-15
   38    28    66     0       1.901840E-10       1.217180E-10
   39    28    67     0       9.959660E-10       6.374180E-10
   40    28    68     0       9.098820E-09       5.823250E-09
   41    28    69     0       4.254130E-10       2.722640E-10
   42    28    70     0       1.361320E-07       8.712450E-08
   43    28    71     0       2.202140E-07       1.409370E-07
   44    28    72     0       2.382310E-07       1.524680E-07
   45    28    73     0       1.781730E-07       1.140310E-07
   46    28    74     0       6.576380E-08       4.208880E-08
   47    28    75     0       1.791740E-08       1.146710E-08
   48    28    76     0       7.377160E-09       4.721380E-09
   49    28    77     0       7.567000E-10       4.842880E-10
   50    28    78     0       6.786360E-11       4.343270E-11
   51    28    79     0       2.551560E-12       1.633000E-12
   52    28    80     0       1.241200E-13       7.943710E-14
   53    28    81     0       0.000000E+00       0.000000E+00
   54    28    82     0       0.000000E+00       0.000000E+00
   37    29    66     0       2.322250E-12       1.486240E-12
   38    29    67     0       3.443340E-11       2.203740E-11
   39    29    68     0       2.296310E-10       1.469640E-10
   39    29    68     1       6.272000E-10       4.014080E-10
   40    29    69     0       1.041010E-10       6.662460E-11
   41    29    70     0       1.886180E-08       1.207150E-08
   41    29    70     1       6.572020E-08       4.206100E-08
   42    29    71     0       3.413310E-07       2.184520E-07
   43    29    72     0       9.319040E-07       5.964180E-07
   44    29    73     0       1.811760E-06       1.159520E-06
   45    29    74     0       1.821770E-06       1.165930E-06
   46    29    75     0       1.411370E-06       9.032760E-07
   47    29    76     0       1.701650E-06       1.089060E-06
   48    29    77     0       5.225070E-07       3.344040E-07
   49    29    78     0       1.431390E-07       9.160890E-08
   50    29    79     0       2.562240E-08       1.639830E-08
   51    29    80     0       2.532460E-09       1.620770E-09
   52    29    81     0       1.331290E-10       8.520260E-11
   53    29    82     0       2.992900E-12       1.915460E-12
   54    29    83     0       6.010880E-14       3.846960E-14
   55    29    84     0       0.000000E+00       0.000000E+00
   36    30    66     0       1.561960E-15       1.249570E-15
   37    30    67     0       7.156940E-14       4.580440E-14
   38    30    68     0       5.315160E-12       3.401700E-12
   39    30    69     0       3.159780E-13       2.022260E-13
   39    30    69     1       1.564850E-12       1.001500E-12
   40    30    70     0       4.254130E-09       2.722640E-09
   41    30    71     0       7.720370E-09       4.941040E-09
   41    30    71     1       3.823420E-08       2.446990E-08
   42    30    72     0       3.233140E-07       2.069210E-07
   43    30    73     0       1.581530E-06       1.012180E-06
   44    30    74     0       3.973850E-06       2.543270E-06
   45    30    75     0       7.807570E-06       4.996850E-06
   46    30    76     0       2.491420E-05       1.594510E-05
   47    30    77     0       2.119060E-05       1.356200E-05
   48    30    78     0       1.666620E-05       1.066630E-05
   49    30    79     0       8.808540E-06       5.637470E-06
   50    30    80     0       2.632550E-06       1.684830E-06
   51    30    81     0       4.664520E-07       2.985300E-07
   52    30    82     0       3.563460E-08       2.280610E-08
   53    30    83     0       1.341240E-09       8.583950E-10
   54    30    84     0       3.383280E-11       2.165300E-11
   55    30    85     0       1.166140E-12       7.463330E-13
   56    30    86     0       0.000000E+00       0.000000E+00
   36    31    67     0       0.000000E+00       0.000000E+00
   37    31    68     0       1.682480E-15       1.345990E-15
   38    31    69     0       1.911500E-15       1.529200E-15
   39    31    70     0       1.331290E-11       8.520260E-12
   40    31    71     0       4.234110E-10       2.709830E-10
   41    31    72     0       8.528270E-09       3.859460E-09
   42    31    73     0       1.151120E-07       7.367150E-08
   43    31    74     0       6.939440E-07       4.441240E-07
   43    31    74     1       6.779480E-08       4.338860E-08
   44    31    75     0       3.813700E-06       2.440770E-06
   45    31    76     0       3.036950E-05       1.943650E-05
   46    31    77     0       6.483290E-05       4.149300E-05
   47    31    78     0       1.316780E-04       8.427370E-05
   48    31    79     0       1.872520E-04       1.198410E-04
   49    31    80     0       1.570420E-04       1.005070E-04
   50    31    81     0       8.787520E-05       5.624020E-05
   51    31    82     0       2.190120E-05       1.401680E-05
   52    31    83     0       2.832750E-06       1.812960E-06
   53    31    84     0       2.492420E-07       1.595150E-07
   54    31    85     0       1.171020E-08       7.494520E-09
   55    31    86     0       3.653540E-10       2.338270E-10
   56    31    87     0       4.979160E-12       3.186660E-12
   57    31    88     0       1.357140E-13       8.685680E-14
   58    31    89     0       0.000000E+00       0.000000E+00
   37    32    69     0       0.000000E+00       0.000000E+00
   38    32    70     0       0.000000E+00       0.000000E+00
   39    32    71     0       2.162100E-13       9.784530E-14
   40    32    72     0       1.331290E-11       8.520260E-12
   41    32    73     0       4.454690E-10       2.851000E-10
   41    32    73     1       8.995040E-11       5.756830E-11
   42    32    74     0       1.041010E-08       6.662460E-09
   43    32    75     0       1.731560E-08       1.108200E-08
   43    32    75     1       1.294270E-07       8.283310E-08
   44    32    76     0       3.173080E-06       2.030770E-06
   45    32    77     0       1.552940E-05       9.938840E-06
   45    32    77     1       2.077640E-06       1.329690E-06
   46    32    78     0       9.012740E-05       5.768150E-05
   47    32    79     0       3.772340E-05       2.414310E-05
   47    32    79     1       2.819670E-04       1.804590E-04
   48    32    80     0       6.786980E-04       4.343670E-04
   49    32    81     0       7.431450E-04       4.756130E-04
   49    32    81     1       1.804930E-04       1.443950E-04
   50    32    82     0       7.964830E-04       5.097480E-04
   51    32    83     0       3.292790E-04       2.107380E-04
   52    32    84     0       9.644350E-05       6.172390E-05
   53    32    85     0       1.541500E-05       9.865570E-06
   54    32    86     0       1.571520E-06       1.005780E-06
   55    32    87     0       1.111030E-07       7.110580E-08
   56    32    88     0       4.133870E-09       2.645680E-09
   57    32    89     0       6.857330E-11       4.388690E-11
   58    32    90     0       4.808500E-12       3.077440E-12
   59    32    91     0       0.000000E+00       0.000000E+00
   39    33    72     0       0.000000E+00       0.000000E+00
   40    33    73     0       1.341300E-13       8.584330E-14
   41    33    74     0       7.997760E-12       3.982920E-12
   42    33    75     0       3.433330E-10       2.197330E-10
   43    33    76     0       2.202140E-08       1.409370E-08
   44    33    77     0       3.533430E-07       2.261390E-07
   45    33    78     0       5.034880E-06       3.222330E-06
   46    33    79     0       4.766620E-05       3.050640E-05
   47    33    80     0       2.597820E-04       1.662600E-04
   48    33    81     0       1.106690E-03       7.082840E-04
   49    33    82     0       4.927330E-04       3.153490E-04
   49    33    82     1       1.716830E-03       1.098770E-03
   50    33    83     0       2.600290E-03       1.664180E-03
   51    33    84     0       1.959760E-03       1.254250E-03
   51    33    84     1       3.190310E-04       2.041800E-04
   52    33    85     0       1.145640E-03       7.332100E-04
   53    33    86     0       3.621410E-04       2.317710E-04
   54    33    87     0       8.151910E-05       5.217220E-05
   55    33    88     0       9.819520E-06       6.284500E-06
   56    33    89     0       6.886000E-07       4.407030E-07
   57    33    90     0       3.537170E-08       2.263800E-08
   58    33    91     0       2.305670E-10       1.475620E-10
   59    33    92     0       9.463810E-12       6.056830E-12
   60    33    93     0       2.039610E-12       1.305360E-12
   61    33    94     0       0.000000E+00       0.000000E+00
   62    33    95     0       0.000000E+00       0.000000E+00
   40    34    74     0       0.000000E+00       0.000000E+00
   41    34    75     0       4.184060E-14       2.677800E-14
   42    34    76     0       8.338090E-12       5.336380E-12
   43    34    77     0       4.845060E-11       3.100840E-11
   43    34    77     1       3.621480E-10       2.317750E-10
   44    34    78     0       1.761710E-08       1.127490E-08
   45    34    79     0       4.333940E-07       2.773720E-07
   45    34    79     1       5.798240E-08       3.710880E-08
   46    34    80     0       7.637410E-06       4.887940E-06
   47    34    81     0       1.138510E-05       7.286440E-06
   47    34    81     1       8.509850E-05       5.446310E-05
   48    34    82     0       5.434970E-04       3.478380E-04
   49    34    83     0       1.492880E-03       9.554450E-04
   49    34    83     1       3.014470E-04       1.929270E-04
   50    34    84     0       3.983360E-03       1.792520E-03
   51    34    85     0       6.029160E-03       2.728490E-03
   52    34    86     0       5.307680E-03       3.396910E-03
   53    34    87     0       3.491120E-03       2.234320E-03
   54    34    88     0       1.279030E-03       8.185800E-04
   55    34    89     0       2.817030E-04       1.802900E-04
   56    34    90     0       5.527830E-05       3.537810E-05
   57    34    91     0       5.144760E-06       3.292640E-06
   58    34    92     0       2.882710E-07       1.844930E-07
   59    34    93     0       4.551100E-08       2.912710E-08
   60    34    94     0       1.771720E-10       1.133900E-10
   61    34    95     0       6.753470E-12       4.322220E-12
   62    34    96     0       1.381340E-14       8.840570E-15
   42    35    77     0       0.000000E+00       0.000000E+00
   42    35    77     1       1.520190E-14       9.729240E-15
   43    35    78     0       3.263160E-12       2.088430E-12
   44    35    79     0       5.880690E-11       3.763640E-11
   44    35    79     1       2.225660E-10       1.424420E-10
   45    35    80     0       2.975480E-09       1.904300E-09
   45    35    80     1       1.036750E-08       6.635180E-09
   46    35    81     0       5.495330E-07       3.517010E-07
   47    35    82     0       7.143930E-06       4.572110E-06
   47    35    82     1       2.615540E-06       1.673940E-06
   48    35    83     0       9.946650E-05       6.365850E-05
   49    35    84     0       2.284020E-04       1.461770E-04
   49    35    84     1       4.787240E-04       3.063830E-04
   50    35    85     0       2.702250E-03       1.729440E-03
   51    35    86     0       6.395210E-03       2.894360E-03
   52    35    87     0       1.121330E-02       2.579060E-03
   53    35    88     0       1.118520E-02       7.158540E-03
   54    35    89     0       7.022510E-03       4.494410E-03
   55    35    90     0       3.998430E-03       2.558990E-03
   56    35    91     0       1.150910E-03       7.365800E-04
   57    35    92     0       2.049090E-04       1.311410E-04
   58    35    93     0       2.344720E-05       1.500630E-05
   59    35    94     0       1.431390E-06       9.160890E-07
   60    35    95     0       6.781700E-08       4.340290E-08
   61    35    96     0       1.281240E-09       8.199950E-10
   62    35    97     0       1.332260E-11       8.526470E-12
   63    35    98     0       3.197320E-13       2.046280E-13
   64    35    99     0       0.000000E+00       0.000000E+00
   65    35   100     0       0.000000E+00       0.000000E+00
   43    36    79     0       0.000000E+00       0.000000E+00
   43    36    79     1       0.000000E+00       0.000000E+00
   44    36    80     0       1.201170E-12       7.687460E-13
   45    36    81     0       1.494680E-10       9.565920E-11
   45    36    81     1       1.999680E-11       1.279790E-11
   46    36    82     0       1.010980E-08       6.470280E-09
   47    36    83     0       2.929820E-07       1.875080E-07
   47    36    83     1       5.915980E-08       3.786230E-08
   48    36    84     0       8.147900E-06       5.214660E-06
   49    36    85     0       8.528790E-05       5.458420E-05
   49    36    85     1       1.722160E-05       1.102180E-05
   50    36    86     0       6.763660E-04       4.328740E-04
   51    36    87     0       2.269340E-03       1.452380E-03
   52    36    88     0       8.258050E-03       3.716120E-03
   53    36    89     0       1.424930E-02       4.559780E-03
   54    36    90     0       2.051360E-02       6.564360E-03
   55    36    91     0       1.643570E-02       5.259450E-03
   56    36    92     0       8.536950E-03       5.463650E-03
   57    36    93     0       3.059020E-03       1.957770E-03
   58    36    94     0       6.009030E-04       3.845780E-04
   59    36    95     0       7.763750E-05       4.968800E-05
   60    36    96     0       5.875700E-06       3.760450E-06
   61    36    97     0       2.972750E-07       1.902560E-07
   62    36    98     0       9.739130E-09       6.233050E-09
   63    36    99     0       6.386870E-11       4.087590E-11
   64    36   100     0       3.213120E-12       2.056390E-12
   65    36   101     0       0.000000E+00       0.000000E+00
   66    36   102     0       0.000000E+00       0.000000E+00
   44    37    81     0       0.000000E+00       0.000000E+00
   44    37    81     1       0.000000E+00       0.000000E+00
   45    37    82     0       0.000000E+00       0.000000E+00
   45    37    82     1       0.000000E+00       0.000000E+00
   46    37    83     0       6.526330E-11       4.176850E-11
   47    37    84     0       5.482590E-10       3.508860E-10
   47    37    84     1       3.703850E-09       2.963080E-09
   48    37    85     0       2.262190E-07       1.447800E-07
   49    37    86     0       1.516340E-06       9.704580E-07
   49    37    86     1       3.178210E-06       2.034060E-06
   50    37    87     0       6.578380E-05       4.210160E-05
   51    37    88     0       6.412220E-04       4.103820E-04
   52    37    89     0       3.882730E-03       2.484940E-03
   53    37    90     0       1.596340E-03       1.021650E-03
   53    37    90     1       7.738980E-03       4.952940E-03
   54    37    91     0       1.985090E-02       4.565700E-03
   55    37    92     0       2.690900E-02       8.610860E-03
   56    37    93     0       2.675920E-02       8.562930E-03
   57    37    94     0       1.538810E-02       4.924200E-03
   58    37    95     0       6.107020E-03       3.908490E-03
   59    37    96     0       1.432060E-03       9.165180E-04
   60    37    97     0       2.375400E-04       1.520250E-04
   61    37    98     0       2.459390E-05       1.574010E-05
   62    37    99     0       6.413570E-07       4.104680E-07
   63    37   100     0       8.137890E-08       5.208250E-08
   64    37   101     0       3.862220E-10       2.471820E-10
   65    37   102     0       1.485290E-11       9.505870E-12
   66    37   103     0       2.868660E-12       1.835940E-12
   67    37   104     0       0.000000E+00       0.000000E+00
   68    37   105     0       0.000000E+00       0.000000E+00
   45    38    83     0       0.000000E+00       0.000000E+00
   46    38    84     0       1.701650E-13       1.089060E-13
   47    38    85     0       2.156970E-11       1.380460E-11
   47    38    85     1       4.355420E-12       2.787470E-12
   48    38    86     0       1.781730E-09       1.140310E-09
   49    38    87     0       6.745740E-08       4.317280E-08
   49    38    87     1       1.362120E-08       8.717580E-09
   50    38    88     0       2.522450E-06       1.614370E-06
   51    38    89     0       2.931840E-05       1.876380E-05
   52    38    90     0       3.315620E-04       2.122000E-04
   53    38    91     0       1.966150E-03       1.258330E-03
   54    38    92     0       7.721640E-03       4.941850E-03
   55    38    93     0       1.895770E-02       6.066460E-03
   56    38    94     0       3.094000E-02       9.900810E-03
   57    38    95     0       3.381450E-02       1.082070E-02
   58    38    96     0       2.213980E-02       7.084720E-03
   59    38    97     0       1.104180E-02       3.533380E-03
   60    38    98     0       3.388580E-03       2.168690E-03
   61    38    99     0       7.342310E-04       4.699080E-04
   62    38   100     0       1.040010E-04       6.656060E-05
   63    38   101     0       8.617970E-06       5.515500E-06
   64    38   102     0       4.524240E-07       2.895520E-07
   65    38   103     0       6.401010E-08       4.096650E-08
   66    38   104     0       2.582510E-10       1.652800E-10
   67    38   105     0       5.029220E-12       3.218700E-12
   68    38   106     0       0.000000E+00       0.000000E+00
   69    38   107     0       0.000000E+00       0.000000E+00
   47    39    86     0       0.000000E+00       0.000000E+00
   47    39    86     1       0.000000E+00       0.000000E+00
   48    39    87     0       1.440820E-13       9.221260E-14
   48    39    87     1       0.000000E+00       0.000000E+00
   49    39    88     0       5.265110E-10       3.369670E-10
   50    39    89     0       3.929970E-09       2.515180E-09
   50    39    89     1       1.946270E-08       1.245610E-08
   51    39    90     0       2.657980E-07       1.701110E-07
   51    39    90     1       4.448920E-07       2.847310E-07
   52    39    91     0       2.288700E-06       1.464770E-06
   52    39    91     1       1.133450E-05       7.254090E-06
   53    39    92     0       1.451710E-04       9.290930E-05
   54    39    93     0       1.103990E-03       7.065500E-04
   54    39    93     1       1.476990E-04       9.452710E-05
   55    39    94     0       5.503670E-03       3.522350E-03
   56    39    95     0       1.644820E-02       5.263400E-03
   57    39    96     0       2.521740E-03       1.613920E-03
   57    39    96     1       2.581250E-02       8.259970E-03
   58    39    97     0       6.418320E-03       4.107720E-03
   58    39    97     1       3.178590E-02       2.034300E-02
   59    39    98     0       4.213540E-03       1.348330E-03
   59    39    98     1       2.699780E-02       8.639320E-03
   60    39    99     0       1.832400E-02       5.863660E-03
   61    39   100     0       1.370310E-04       8.769960E-05
   61    39   100     1       6.545080E-03       5.236060E-03
   62    39   101     0       1.872270E-03       1.198250E-03
   63    39   102     0       3.037650E-04       1.944100E-04
   64    39   103     0       3.297810E-05       2.110600E-05
   65    39   104     0       1.741690E-06       1.114680E-06
   66    39   105     0       5.050240E-08       3.232150E-08
   67    39   106     0       1.245410E-10       7.970630E-11
   68    39   107     0       0.000000E+00       0.000000E+00
   69    39   108     0       0.000000E+00       0.000000E+00
   70    39   109     0       0.000000E+00       0.000000E+00
   48    40    88     0       0.000000E+00       0.000000E+00
   49    40    89     0       5.584740E-13       3.574240E-13
   49    40    89     1       0.000000E+00       0.000000E+00
   50    40    90     0       1.353920E-11       8.665110E-12
   50    40    90     1       6.563760E-11       4.200800E-11
   51    40    91     0       5.014860E-09       3.209510E-09
   52    40    92     0       2.001940E-07       1.281240E-07
   53    40    93     0       4.784640E-06       3.062170E-06
   54    40    94     0       6.938730E-05       4.440790E-05
   55    40    95     0       6.363170E-04       4.072430E-04
   56    40    96     0       3.113170E-03       1.992430E-03
   57    40    97     0       1.172560E-02       3.752180E-03
   58    40    98     0       2.454130E-02       5.644500E-03
   59    40    99     0       3.615300E-02       1.156890E-02
   60    40   100     0       3.868580E-02       1.237950E-02
   61    40   101     0       2.609230E-02       8.349540E-03
   62    40   102     0       1.198670E-02       3.835760E-03
   63    40   103     0       3.843520E-03       2.459860E-03
   64    40   104     0       6.175190E-04       3.952120E-04
   65    40   105     0       5.781560E-05       3.700200E-05
   66    40   106     0       3.793560E-06       2.427870E-06
   67    40   107     0       1.951930E-13       1.249240E-13
   68    40   108     0       1.010980E-14       6.470280E-15
   69    40   109     0       2.890650E-16       1.850010E-16
   70    40   110     0       0.000000E+00       0.000000E+00
   71    40   111     0       9.891400E-13       6.330500E-13
   72    40   112     0       3.315310E-14       2.121800E-14
   49    41    90     0       0.000000E+00       0.000000E+00
   50    41    91     0       6.340000E-14       4.057600E-14
   50    41    91     1       0.000000E+00       0.000000E+00
   51    41    92     0       4.785530E-12       3.062740E-12
   51    41    92     1       0.000000E+00       0.000000E+00
   52    41    93     0       8.244800E-10       5.276670E-10
   52    41    93     1       1.664810E-10       1.065480E-10
   53    41    94     0       3.064110E-08       1.961030E-08
   53    41    94     1       1.830640E-08       1.171610E-08
   54    41    95     0       1.234220E-06       7.899020E-07
   54    41    95     1       2.492180E-07       1.594990E-07
   55    41    96     0       2.289220E-05       1.465100E-05
   56    41    97     0       2.273980E-04       1.455350E-04
   56    41    97     1       4.591690E-05       2.938680E-05
   57    41    98     0       1.272840E-03       8.146190E-04
   57    41    98     1       3.403930E-04       2.178510E-04
   58    41    99     0       5.219390E-03       3.340410E-03
   58    41    99     1       1.053920E-03       6.745050E-04
   59    41   100     0       3.002320E-03       1.921490E-03
   59    41   100     1       1.455510E-02       9.315270E-03
   60    41   101     0       3.030590E-02       9.697900E-03
   61    41   102     0       7.980880E-03       5.107770E-03
   61    41   102     1       2.780780E-02       1.779700E-02
   62    41   103     0       3.036890E-02       9.718030E-03
   63    41   104     0       3.004640E-03       1.922970E-03
   63    41   104     1       1.046910E-02       6.700210E-03
   64    41   105     0       3.849400E-03       2.463620E-03
   65    41   106     0       7.775440E-04       4.976290E-04
   66    41   107     0       2.622540E-06       1.678430E-06
   67    41   108     0       1.651600E-07       1.057030E-07
   68    41   109     0       3.883770E-09       2.485610E-09
   69    41   110     0       4.954810E-11       3.171080E-11
   70    41   111     0       9.932740E-09       6.356960E-09
   71    41   112     0       2.438770E-10       1.560810E-10
   72    41   113     0       3.337070E-13       2.135720E-13
   73    41   114     0       5.783440E-15       3.701400E-15
   74    41   115     0       0.000000E+00       0.000000E+00
   50    42    92     0       0.000000E+00       0.000000E+00
   51    42    93     0       5.870690E-15       3.757240E-15
   51    42    93     1       4.339210E-15       2.777090E-15
   52    42    94     0       1.741690E-12       1.114680E-12
   53    42    95     0       1.801750E-10       1.153120E-10
   54    42    96     0       9.198920E-09       5.887310E-09
   55    42    97     0       3.573470E-07       2.287020E-07
   56    42    98     0       6.716510E-06       4.298570E-06
   57    42    99     0       7.648420E-05       4.894990E-05
   58    42   100     0       6.234150E-04       3.989850E-04
   59    42   101     0       3.004280E-03       1.922750E-03
   60    42   102     0       9.479240E-03       6.066710E-03
   61    42   103     0       2.022440E-02       6.471810E-03
   62    42   104     0       2.354460E-02       7.534280E-03
   63    42   105     0       1.837480E-02       5.879940E-03
   64    42   106     0       1.028510E-02       3.291230E-03
   65    42   107     0       3.875760E-03       2.480490E-03
   66    42   108     0       1.147110E-03       7.341520E-04
   67    42   109     0       1.422280E-04       9.102590E-05
   68    42   110     0       1.159120E-05       7.418400E-06
   69    42   111     0       1.137110E-05       7.277510E-06
   70    42   112     0       3.811260E-07       2.439210E-07
   71    42   113     0       7.446190E-09       4.765560E-09
   72    42   114     0       1.761650E-10       1.127450E-10
   73    42   115     0       6.950950E-13       4.448600E-13
   74    42   116     0       3.793680E-14       2.427950E-14
   75    42   117     0       0.000000E+00       0.000000E+00
   52    43    95     0       0.000000E+00       0.000000E+00
   52    43    95     1       0.000000E+00       0.000000E+00
   53    43    96     0       0.000000E+00       0.000000E+00
   53    43    96     1       0.000000E+00       0.000000E+00
   54    43    97     0       2.048710E-11       1.311170E-11
   54    43    97     1       4.136810E-12       2.647560E-12
   55    43    98     0       1.491450E-09       9.545260E-10
   56    43    99     0       4.314780E-08       2.761460E-08
   56    43    99     1       8.712530E-09       5.576020E-09
   57    43   100     0       1.331290E-06       8.520260E-07
   58    43   101     0       1.971910E-05       1.262020E-05
   59    43   102     0       3.164520E-05       2.025290E-05
   59    43   102     1       1.534140E-04       9.818520E-05
   60    43   103     0       1.161060E-03       7.430760E-04
   61    43   104     0       3.598300E-03       2.302910E-03
   62    43   105     0       8.609330E-03       3.874200E-03
   63    43   106     0       1.118230E-02       3.578350E-03
   64    43   107     0       1.296580E-02       4.149030E-03
   65    43   108     0       1.097720E-02       3.512710E-03
   66    43   109     0       5.106400E-03       3.268100E-03
   67    43   110     0       1.730330E-03       1.107410E-03
   68    43   111     0       2.838050E-04       1.816350E-04
   69    43   112     0       4.699560E-05       3.007720E-05
   70    43   113     0       3.836280E-06       2.455220E-06
   71    43   114     0       3.513410E-07       2.248580E-07
   72    43   115     0       6.980000E-09       4.467200E-09
   73    43   116     0       8.498240E-10       5.438880E-10
   74    43   117     0       2.902270E-12       1.857450E-12
   75    43   118     0       1.071250E-13       6.856000E-14
   76    43   119     0       3.480930E-15       2.227790E-15
   77    43   120     0       0.000000E+00       0.000000E+00
   54    44    98     0       1.621570E-14       1.037810E-14
   55    44    99     0       1.791740E-12       1.146710E-12
   56    44   100     0       1.491450E-10       9.545260E-11
   57    44   101     0       7.036830E-09       4.503570E-09
   58    44   102     0       2.092030E-07       1.338900E-07
   59    44   103     0       4.063940E-06       2.600920E-06
   60    44   104     0       3.820710E-05       2.445250E-05
   61    44   105     0       2.539460E-04       1.625260E-04
   62    44   106     0       1.115970E-03       7.142230E-04
   63    44   107     0       2.986900E-04       1.911610E-04
   64    44   108     0       8.518760E-04       5.452010E-04
   65    44   109     0       2.967990E-04       1.899510E-04
   65    44   109     1       8.317150E-04       5.322970E-04
   66    44   110     0       1.274940E-03       8.159590E-04
   67    44   111     0       5.601730E-04       3.585110E-04
   68    44   112     0       3.907290E-04       2.500670E-04
   69    44   113     0       1.253720E-04       8.023780E-05
   70    44   114     0       3.866750E-05       2.474720E-05
   71    44   115     0       7.990780E-06       5.114100E-06
   72    44   116     0       9.659370E-07       6.182000E-07
   73    44   117     0       6.475990E-08       4.144630E-08
   74    44   118     0       3.263050E-09       2.088360E-09
   75    44   119     0       7.767180E-11       4.971000E-11
   76    44   120     0       9.419140E-13       6.028250E-13
   77    44   121     0       2.511700E-14       1.607490E-14
   78    44   122     0       0.000000E+00       0.000000E+00
   79    44   123     0       0.000000E+00       0.000000E+00
   80    44   124     0       0.000000E+00       0.000000E+00
   55    45   100     0       0.000000E+00       0.000000E+00
   55    45   100     1       0.000000E+00       0.000000E+00
   56    45   101     0       2.088590E-14       1.336690E-14
   56    45   101     1       1.034350E-13       6.619820E-14
   57    45   102     0       3.219120E-12       2.060240E-12
   57    45   102     1       8.792530E-12       5.627220E-12
   58    45   103     0       8.255030E-11       5.283220E-11
   58    45   103     1       6.170280E-10       3.948980E-10
   59    45   104     0       5.035760E-09       3.222890E-09
   59    45   104     1       1.754610E-08       1.122950E-08
   60    45   105     0       4.383380E-07       2.805360E-07
   60    45   105     1       5.864390E-08       3.753210E-08
   61    45   106     0       1.695400E-06       1.085060E-06
   61    45   106     1       4.630730E-06       2.963670E-06
   62    45   107     0       5.755580E-09       3.683570E-09
   63    45   108     0       1.808050E-08       1.157150E-08
   63    45   108     1       6.299810E-08       4.031880E-08
   64    45   109     0       5.505340E-07       2.491430E-07
   65    45   110     0       5.853880E-07       3.746480E-07
   65    45   110     1       2.837930E-06       1.816280E-06
   66    45   111     0       9.716420E-05       6.218510E-05
   67    45   112     0       2.806320E-04       1.796040E-04
   68    45   113     0       3.154760E-04       2.019050E-04
   69    45   114     0       2.903720E-04       1.858380E-04
   70    45   115     0       1.655410E-04       1.059460E-04
   71    45   116     0       6.252060E-05       4.001320E-05
   72    45   117     0       1.368330E-05       8.757290E-06
   73    45   118     0       2.392320E-06       1.531090E-06
   74    45   119     0       2.021960E-07       1.294060E-07
   75    45   120     0       9.108830E-09       5.829650E-09
   76    45   121     0       2.522200E-10       1.614210E-10
   77    45   122     0       5.175020E-12       3.312010E-12
   78    45   123     0       7.557330E-14       4.836690E-14
   79    45   124     0       0.000000E+00       0.000000E+00
   80    45   125     0       0.000000E+00       0.000000E+00
   81    45   126     0       0.000000E+00       0.000000E+00
   82    45   127     0       0.000000E+00       0.000000E+00
   83    45   128     0       0.000000E+00       0.000000E+00
   56    46   102     0       0.000000E+00       0.000000E+00
   57    46   103     0       0.000000E+00       0.000000E+00
   58    46   104     0       6.686490E-13       4.279350E-13
   59    46   105     0       5.465300E-11       3.497790E-11
   60    46   106     0       2.122060E-09       1.358120E-09
   61    46   107     0       0.000000E+00       0.000000E+00
   61    46   107     1       0.000000E+00       0.000000E+00
   62    46   108     0       0.000000E+00       0.000000E+00
   63    46   109     0       3.859900E-14       2.470340E-14
   63    46   109     1       8.472060E-14       5.422120E-14
   64    46   110     0       5.084930E-12       3.254360E-12
   65    46   111     0       3.709520E-07       2.374090E-07
   65    46   111     1       8.141980E-07       5.210870E-07
   66    46   112     0       1.652600E-05       1.057670E-05
   67    46   113     0       7.025810E-05       4.496520E-05
   68    46   114     0       1.893940E-04       1.212120E-04
   69    46   115     0       2.758880E-04       1.765680E-04
   70    46   116     0       2.911320E-04       1.863250E-04
   71    46   117     0       1.857700E-04       1.188930E-04
   72    46   118     0       1.024390E-04       6.556120E-05
   73    46   119     0       2.861780E-05       1.831540E-05
   74    46   120     0       4.564430E-06       2.921230E-06
   75    46   121     0       4.464330E-07       2.857170E-07
   76    46   122     0       3.193100E-08       2.043580E-08
   77    46   123     0       1.591540E-09       1.018590E-09
   78    46   124     0       0.000000E+00       0.000000E+00
   79    46   125     0       0.000000E+00       0.000000E+00
   80    46   126     0       0.000000E+00       0.000000E+00
   81    46   127     0       0.000000E+00       0.000000E+00
   82    46   128     0       0.000000E+00       0.000000E+00
   83    46   129     0       0.000000E+00       0.000000E+00
   84    46   130     0       2.822740E-14       1.806550E-14
   85    46   131     0       0.000000E+00       0.000000E+00
   58    47   105     0       0.000000E+00       0.000000E+00
   58    47   105     1       0.000000E+00       0.000000E+00
   59    47   106     0       0.000000E+00       0.000000E+00
   59    47   106     1       1.890390E-14       1.209850E-14
   60    47   107     0       0.000000E+00       0.000000E+00
   60    47   107     1       0.000000E+00       0.000000E+00
   61    47   108     0       0.000000E+00       0.000000E+00
   61    47   108     1       0.000000E+00       0.000000E+00
   62    47   109     0       0.000000E+00       0.000000E+00
   62    47   109     1       0.000000E+00       0.000000E+00
   63    47   110     0       0.000000E+00       0.000000E+00
   63    47   110     1       0.000000E+00       0.000000E+00
   64    47   111     0       9.569640E-11       6.124570E-11
   64    47   111     1       7.152900E-10       4.577860E-10
   65    47   112     0       6.145960E-08       3.933420E-08
   66    47   113     0       1.334690E-07       8.542050E-08
   66    47   113     1       9.976280E-07       6.384820E-07
   67    47   114     0       1.002970E-05       6.419030E-06
   68    47   115     0       4.734030E-06       3.029780E-06
   68    47   115     1       3.538490E-05       2.264630E-05
   69    47   116     0       3.212680E-05       2.056120E-05
   69    47   116     1       8.774940E-05       5.615960E-05
   70    47   117     0       2.485600E-05       1.590790E-05
   70    47   117     1       1.857880E-04       1.189050E-04
   71    47   118     0       5.629310E-05       3.602770E-05
   71    47   118     1       2.729060E-04       1.746610E-04
   72    47   119     0       2.704820E-04       1.731090E-04
   73    47   120     0       5.138130E-05       3.288410E-05
   73    47   120     1       8.600190E-05       5.504120E-05
   74    47   121     0       4.386250E-05       2.807200E-05
   75    47   122     0       1.037010E-05       4.692950E-06
   76    47   123     0       1.711660E-06       1.095460E-06
   77    47   124     0       5.014860E-11       3.209510E-11
   78    47   125     0       7.987750E-12       5.112160E-12
   79    47   126     0       7.447220E-13       4.766220E-13
   80    47   127     0       6.746540E-14       4.317790E-14
   81    47   128     0       0.000000E+00       0.000000E+00
   82    47   129     0       4.123940E-16       2.639320E-16
   83    47   130     0       1.881830E-09       1.204370E-09
   84    47   131     0       1.700090E-11       1.088060E-11
   85    47   132     0       4.469020E-13       2.860170E-13
   86    47   133     0       0.000000E+00       0.000000E+00
   60    48   108     0       0.000000E+00       0.000000E+00
   61    48   109     0       0.000000E+00       0.000000E+00
   62    48   110     0       0.000000E+00       0.000000E+00
   63    48   111     0       0.000000E+00       0.000000E+00
   63    48   111     1       1.741890E-14       1.114810E-14
   64    48   112     0       1.211170E-11       7.751520E-12
   65    48   113     0       2.171530E-10       1.389780E-10
   65    48   113     1       8.218550E-10       5.259870E-10
   66    48   114     0       3.313210E-08       2.120460E-08
   67    48   115     0       8.395310E-08       5.373000E-08
   67    48   115     1       3.177360E-07       2.033510E-07
   68    48   116     0       3.823710E-06       2.447170E-06
   69    48   117     0       4.253100E-06       2.721980E-06
   69    48   117     1       1.609660E-05       1.030190E-05
   70    48   118     0       9.390110E-05       6.009670E-05
   71    48   119     0       5.762130E-05       3.687760E-05
   71    48   119     1       1.614710E-04       1.033420E-04
   72    48   120     0       3.213720E-04       2.056770E-04
   73    48   121     0       7.826580E-05       5.009010E-05
   73    48   121     1       2.193230E-04       1.403670E-04
   74    48   122     0       2.089230E-04       1.337110E-04
   75    48   123     0       1.047020E-04       6.700900E-05
   76    48   124     0       5.825650E-06       3.728420E-06
   77    48   125     0       2.982890E-06       1.909050E-06
   78    48   126     0       8.998730E-07       5.759190E-07
   79    48   127     0       3.113020E-07       1.992330E-07
   80    48   128     0       1.481440E-07       9.481200E-08
   81    48   129     0       1.231190E-08       7.879640E-09
   82    48   130     0       6.206020E-06       3.971850E-06
   83    48   131     0       3.793510E-07       2.427840E-07
   84    48   132     0       1.361280E-08       8.712160E-09
   85    48   133     0       1.764170E-10       1.129070E-10
   86    48   134     0       1.591540E-12       1.018590E-12
   87    48   135     0       0.000000E+00       0.000000E+00
   88    48   136     0       0.000000E+00       0.000000E+00
   61    49   110     0       0.000000E+00       0.000000E+00
   61    49   110     1       0.000000E+00       0.000000E+00
   62    49   111     0       0.000000E+00       0.000000E+00
   62    49   111     1       0.000000E+00       0.000000E+00
   63    49   112     0       0.000000E+00       0.000000E+00
   63    49   112     1       0.000000E+00       0.000000E+00
   64    49   113     0       3.339560E-14       2.137320E-14
   64    49   113     1       0.000000E+00       0.000000E+00
   65    49   114     0       1.290190E-12       8.257230E-13
   65    49   114     1       4.495420E-12       2.877070E-12
   66    49   115     0       1.857160E-10       1.188580E-10
   66    49   115     1       3.750040E-11       2.400020E-11
   67    49   116     0       1.180510E-09       7.555250E-10
   67    49   116     1       4.124490E-09       2.639670E-09
   67    49   116     2       1.982090E-09       1.268540E-09
   68    49   117     0       1.083480E-07       6.934290E-08
   68    49   117     1       2.187800E-08       1.400190E-08
   69    49   118     0       3.222070E-07       2.062120E-07
   69    49   118     1       1.125730E-06       7.204700E-07
   69    49   118     2       5.409890E-07       3.462330E-07
   70    49   119     0       1.224230E-05       7.835060E-06
   70    49   119     1       2.472000E-06       1.582080E-06
   71    49   120     0       2.484270E-05       1.589940E-05
   71    49   120     1       6.372320E-05       3.014990E-05
   72    49   121     0       1.466410E-04       9.385010E-05
   72    49   121     1       2.961020E-05       1.895050E-05
   73    49   122     0       7.579560E-05       4.850910E-05
   73    49   122     1       3.773920E-04       1.839170E-04
   74    49   123     0       3.859310E-04       2.469960E-04
   74    49   123     1       7.792850E-05       4.987420E-05
   75    49   124     0       2.332610E-04       1.492880E-04
   75    49   124     1       2.516890E-04       1.610820E-04
   76    49   125     0       5.527680E-04       3.537720E-04
   76    49   125     1       1.116170E-04       7.143470E-05
   77    49   126     0       2.714170E-04       1.737070E-04
   77    49   126     1       2.928600E-04       1.874310E-04
   78    49   127     0       5.504690E-04       3.523010E-04
   78    49   127     1       1.111520E-04       7.113770E-05
   79    49   128     0       5.744860E-04       3.676710E-04
   79    49   128     1       6.198720E-04       3.967180E-04
   80    49   129     0       3.479800E-04       2.227080E-04
   80    49   129     1       7.026530E-05       4.496980E-05
   81    49   130     0       1.471220E-03       4.707890E-04
   82    49   131     0       1.260620E-04       8.067960E-05
   82    49   131     1       2.539380E-05       1.625200E-05
   82    49   131     2       7.793330E-05       6.234670E-05
   83    49   132     0       2.885800E-05       1.846910E-05
   84    49   133     0       1.771540E-06       1.133790E-06
   85    49   134     0       4.844700E-08       3.100610E-08
   86    49   135     0       2.121750E-10       1.357920E-10
   87    49   136     0       7.327110E-12       4.689350E-12
   88    49   137     0       0.000000E+00       0.000000E+00
   89    49   138     0       0.000000E+00       0.000000E+00
   63    50   113     0       0.000000E+00       0.000000E+00
   63    50   113     1       0.000000E+00       0.000000E+00
   64    50   114     0       0.000000E+00       0.000000E+00
   65    50   115     0       0.000000E+00       0.000000E+00
   66    50   116     0       7.206990E-13       4.612470E-13
   67    50   117     0       9.393210E-12       6.011650E-12
   67    50   117     1       3.555040E-11       2.275220E-11
   68    50   118     0       2.452380E-09       1.569520E-09
   69    50   119     0       1.315890E-08       8.421670E-09
   69    50   119     1       4.980220E-08       3.187340E-08
   70    50   120     0       9.839540E-07       6.297310E-07
   71    50   121     0       6.189430E-06       3.961240E-06
   71    50   121     1       2.208710E-06       1.413580E-06
   72    50   122     0       4.817670E-05       3.083310E-05
   73    50   123     0       1.340870E-04       8.581580E-05
   73    50   123     1       4.784930E-05       3.062350E-05
   74    50   124     0       2.370600E-04       1.517180E-04
   75    50   125     0       4.729790E-04       3.027070E-04
   75    50   125     1       1.687840E-04       1.080210E-04
   76    50   126     0       1.074260E-03       4.834180E-04
   77    50   127     0       2.073820E-03       1.327250E-03
   77    50   127     1       7.400480E-04       4.736310E-04
   78    50   128     0       1.271060E-02       5.752180E-03
   79    50   129     0       3.414780E-03       2.185460E-03
   79    50   129     1       9.569170E-03       6.124250E-03
   80    50   130     0       3.434720E-03       2.198220E-03
   80    50   130     1       9.381410E-03       6.004100E-03
   81    50   131     0       2.110470E-03       1.350700E-03
   81    50   131     1       5.914130E-03       3.785040E-03
   82    50   132     0       3.356870E-03       2.148390E-03
   83    50   133     0       7.449630E-04       4.767760E-04
   84    50   134     0       7.386160E-05       4.727140E-05
   85    50   135     0       4.734380E-06       3.030000E-06
   86    50   136     0       1.501460E-07       9.609320E-08
   87    50   137     0       2.812730E-09       1.800150E-09
   88    50   138     0       5.245090E-11       3.356860E-11
   89    50   139     0       1.873810E-12       1.199230E-12
   90    50   140     0       0.000000E+00       0.000000E+00
   65    51   116     0       0.000000E+00       0.000000E+00
   65    51   116     1       0.000000E+00       0.000000E+00
   66    51   117     0       0.000000E+00       0.000000E+00
   67    51   118     0       5.768940E-14       3.692120E-14
   67    51   118     1       9.656030E-14       6.179860E-14
   68    51   119     0       1.441400E-11       9.224950E-12
   69    51   120     0       3.095980E-10       1.981430E-10
   69    51   120     1       5.182050E-10       3.316510E-10
   70    51   121     0       2.472400E-08       1.582330E-08
   71    51   122     0       2.004570E-07       1.282930E-07
   71    51   122     1       2.689980E-07       1.721590E-07
   72    51   123     0       5.495330E-06       3.517010E-06
   73    51   124     0       8.086070E-08       5.175070E-08
   73    51   124     1       1.698410E-07       1.086980E-07
   73    51   124     2       8.728890E-08       5.586480E-08
   74    51   125     0       2.592510E-06       1.659210E-06
   75    51   126     0       4.887810E-06       3.128200E-06
   75    51   126     1       1.023190E-05       4.884420E-06
   76    51   127     0       8.765500E-05       5.609920E-05
   77    51   128     0       4.585480E-04       2.934710E-04
   77    51   128     1       6.410880E-04       4.102970E-04
   78    51   129     0       1.389610E-03       8.893510E-04
   78    51   129     1       1.348830E-03       1.079060E-03
   79    51   130     0       5.140960E-03       1.645110E-03
   79    51   130     1       7.187480E-03       4.599990E-03
   80    51   131     0       2.159520E-02       6.910480E-03
   81    51   132     0       1.405760E-02       4.498450E-03
   81    51   132     1       1.246620E-02       3.989190E-03
   82    51   133     0       1.907650E-02       6.104490E-03
   83    51   134     0       1.691350E-03       1.082460E-03
   83    51   134     1       4.619650E-03       2.956580E-03
   84    51   135     0       1.409620E-03       9.021550E-04
   85    51   136     0       1.561410E-04       9.993050E-05
   86    51   137     0       9.849550E-06       6.303710E-06
   87    51   138     0       6.256070E-07       4.003880E-07
   88    51   139     0       1.881640E-08       1.204250E-08
   89    51   140     0       7.623620E-11       4.879120E-11
   90    51   141     0       9.429840E-12       6.035090E-12
   91    51   142     0       0.000000E+00       0.000000E+00
   92    51   143     0       0.000000E+00       0.000000E+00
   67    52   119     0       0.000000E+00       0.000000E+00
   67    52   119     1       0.000000E+00       0.000000E+00
   68    52   120     0       3.523420E-14       2.254990E-14
   69    52   121     0       8.012470E-13       5.127980E-13
   69    52   121     1       3.032470E-12       1.940780E-12
   70    52   122     0       2.532460E-10       1.620770E-10
   71    52   123     0       2.064830E-09       1.321490E-09
   71    52   123     1       7.814750E-09       5.001440E-09
   72    52   124     0       2.482410E-13       1.588740E-13
   73    52   125     0       1.242670E-12       7.953060E-13
   73    52   125     1       4.703100E-12       3.009990E-12
   74    52   126     0       8.948680E-11       5.727150E-11
   75    52   127     0       6.578750E-10       4.210400E-10
   75    52   127     1       1.843550E-09       1.179870E-09
   76    52   128     0       1.221180E-07       7.815580E-08
   77    52   129     0       3.546050E-07       2.269470E-07
   77    52   129     1       9.937030E-07       6.359700E-07
   78    52   130     0       1.040860E-03       6.661500E-04
   79    52   131     0       1.604280E-03       1.026740E-03
   79    52   131     1       4.495640E-03       1.033990E-03
   80    52   132     0       1.765220E-02       4.060000E-03
   81    52   133     0       9.895530E-03       3.166570E-03
   81    52   133     1       2.773010E-02       4.436820E-03
   82    52   134     0       3.756490E-02       3.005190E-03
   83    52   135     0       2.621470E-02       8.388720E-03
   84    52   136     0       9.297420E-03       5.950350E-03
   85    52   137     0       1.855040E-03       1.187220E-03
   86    52   138     0       3.844630E-04       2.460570E-04
   87    52   139     0       3.745630E-05       2.397210E-05
   88    52   140     0       2.322170E-06       1.486190E-06
   89    52   141     0       2.104130E-07       1.346650E-07
   90    52   142     0       2.082020E-09       1.332490E-09
   91    52   143     0       2.372020E-11       1.518090E-11
   92    52   144     0       2.131890E-12       1.364410E-12
   93    52   145     0       0.000000E+00       0.000000E+00
   69    53   122     0       0.000000E+00       0.000000E+00
   70    53   123     0       9.198920E-13       5.887310E-13
   71    53   124     0       0.000000E+00       0.000000E+00
   72    53   125     0       0.000000E+00       0.000000E+00
   73    53   126     0       0.000000E+00       0.000000E+00
   74    53   127     0       0.000000E+00       0.000000E+00
   75    53   128     0       0.000000E+00       0.000000E+00
   76    53   129     0       2.792710E-13       1.787330E-13
   77    53   130     0       4.095850E-06       2.621350E-06
   77    53   130     1       1.499570E-06       9.597280E-07
   78    53   131     0       9.114840E-05       5.833500E-05
   79    53   132     0       5.362560E-04       3.432040E-04
   79    53   132     1       4.851840E-04       3.105180E-04
   80    53   133     0       4.142740E-03       2.651350E-03
   80    53   133     1       3.062030E-03       1.959700E-03
   81    53   134     0       1.358070E-02       3.123560E-03
   81    53   134     1       1.204330E-02       3.853860E-03
   82    53   135     0       3.961670E-02       6.338680E-03
   83    53   136     0       1.076270E-02       3.444050E-03
   83    53   136     1       2.939650E-02       9.406860E-03
   84    53   137     0       2.268400E-02       5.217330E-03
   85    53   138     0       1.398180E-02       4.474160E-03
   86    53   139     0       4.118690E-03       2.635970E-03
   87    53   140     0       8.231180E-04       5.267960E-04
   88    53   141     0       1.084050E-04       6.937920E-05
   89    53   142     0       7.717490E-06       4.939190E-06
   90    53   143     0       2.381940E-07       1.524440E-07
   91    53   144     0       1.568240E-08       1.003670E-08
   92    53   145     0       5.652020E-11       3.617290E-11
   93    53   146     0       1.265130E-12       8.096810E-13
   94    53   147     0       0.000000E+00       0.000000E+00
   95    53   148     0       0.000000E+00       0.000000E+00
   71    54   125     0       0.000000E+00       0.000000E+00
   72    54   126     0       0.000000E+00       0.000000E+00
   73    54   127     0       0.000000E+00       0.000000E+00
   73    54   127     1       0.000000E+00       0.000000E+00
   74    54   128     0       0.000000E+00       0.000000E+00
   75    54   129     0       0.000000E+00       0.000000E+00
   75    54   129     1       0.000000E+00       0.000000E+00
   76    54   130     0       1.621570E-09       1.037810E-09
   77    54   131     0       2.379830E-08       1.523090E-08
   77    54   131     1       6.668950E-08       4.268130E-08
   78    54   132     0       3.353250E-06       2.146080E-06
   79    54   133     0       2.215560E-05       1.417960E-05
   79    54   133     1       6.208610E-05       3.973510E-05
   80    54   134     0       2.630050E-04       1.683230E-04
   80    54   134     1       7.183570E-04       4.597480E-04
   81    54   135     0       1.438590E-03       9.206970E-04
   81    54   135     1       4.031340E-03       2.580060E-03
   82    54   136     0       1.538100E-02       4.921930E-03
   83    54   137     0       3.609850E-02       5.775750E-03
   84    54   138     0       3.854470E-02       4.239910E-03
   85    54   139     0       3.090520E-02       9.889650E-03
   86    54   140     0       1.795220E-02       5.744720E-03
   87    54   141     0       7.027320E-03       4.497480E-03
   88    54   142     0       1.539590E-03       9.853400E-04
   89    54   143     0       7.171660E-05       4.589860E-05
   89    54   143     1       2.009700E-04       1.286210E-04
   90    54   144     0       2.450810E-05       1.568520E-05
   91    54   145     0       1.261160E-06       8.071470E-07
   92    54   146     0       3.853610E-08       2.466310E-08
   93    54   147     0       5.741970E-11       3.674860E-11
   94    54   148     0       6.646450E-12       4.253730E-12
   95    54   149     0       5.176240E-13       3.312790E-13
   96    54   150     0       0.000000E+00       0.000000E+00
   73    55   128     0       0.000000E+00       0.000000E+00
   74    55   129     0       0.000000E+00       0.000000E+00
   75    55   130     0       0.000000E+00       0.000000E+00
   76    55   131     0       4.614480E-12       2.953260E-12
   77    55   132     0       6.216030E-10       3.978260E-10
   78    55   133     0       5.935760E-08       3.798880E-08
   79    55   134     0       1.326290E-06       8.488230E-07
   79    55   134     1       1.176140E-06       7.527300E-07
   80    55   135     0       2.809880E-05       1.798320E-05
   80    55   135     1       2.076860E-05       1.329190E-05
   81    55   136     0       3.415960E-04       2.186210E-04
   81    55   136     1       2.443320E-04       1.563720E-04
   82    55   137     0       2.889330E-03       1.849170E-03
   83    55   138     0       3.261200E-03       2.087170E-03
   83    55   138     1       5.458590E-03       3.493500E-03
   84    55   139     0       2.060190E-02       6.592610E-03
   85    55   140     0       3.138020E-02       7.217450E-03
   86    55   141     0       3.272210E-02       1.047110E-02
   87    55   142     0       1.983900E-02       6.348490E-03
   88    55   143     0       1.019910E-02       3.263710E-03
   89    55   144     0       2.852940E-03       1.825880E-03
   90    55   145     0       4.730790E-04       3.027710E-04
   91    55   146     0       4.784640E-05       3.062170E-05
   92    55   147     0       5.765970E-07       3.690220E-07
   93    55   148     0       9.779490E-08       6.258870E-08
   94    55   149     0       5.197870E-09       3.326640E-09
   95    55   150     0       3.002910E-11       1.921860E-11
   96    55   151     0       9.037910E-13       5.784260E-13
   97    55   152     0       0.000000E+00       0.000000E+00
   75    56   131     0       0.000000E+00       0.000000E+00
   76    56   132     0       0.000000E+00       0.000000E+00
   77    56   133     0       9.225640E-14       5.904410E-14
   77    56   133     1       0.000000E+00       0.000000E+00
   78    56   134     0       3.333230E-10       2.133270E-10
   79    56   135     0       5.686320E-09       3.639240E-09
   79    56   135     1       1.593470E-08       1.019820E-08
   80    56   136     0       2.119260E-07       1.356320E-07
   80    56   136     1       5.788410E-07       3.704590E-07
   81    56   137     0       4.059400E-06       2.598010E-06
   81    56   137     1       1.137560E-05       7.280370E-06
   82    56   138     0       1.678330E-04       1.074130E-04
   83    56   139     0       1.068820E-03       6.840430E-04
   84    56   140     0       4.812320E-03       3.079890E-03
   85    56   141     0       1.319270E-02       4.221650E-03
   86    56   142     0       2.448810E-02       5.632250E-03
   87    56   143     0       2.897580E-02       9.272250E-03
   88    56   144     0       2.252260E-02       7.207240E-03
   89    56   145     0       1.088540E-02       3.483310E-03
   90    56   146     0       3.363890E-03       2.152890E-03
   91    56   147     0       6.600940E-04       4.224610E-04
   92    56   148     0       7.376150E-05       4.720740E-05
   93    56   149     0       5.950580E-06       3.808370E-06
   94    56   150     0       2.492420E-07       1.595150E-07
   95    56   151     0       2.016680E-08       1.290670E-08
   96    56   152     0       1.181150E-10       7.559330E-11
   97    56   153     0       2.232620E-12       1.428880E-12
   98    56   154     0       0.000000E+00       0.000000E+00
   76    57   133     0       0.000000E+00       0.000000E+00
   77    57   134     0       0.000000E+00       0.000000E+00
   78    57   135     0       5.335180E-13       3.414510E-13
   79    57   136     0       0.000000E+00       0.000000E+00
   80    57   137     0       4.744600E-09       3.036550E-09
   81    57   138     0       1.731680E-07       1.108280E-07
   82    57   139     0       3.593490E-06       2.299830E-06
   83    57   140     0       5.125970E-05       3.280620E-05
   84    57   141     0       4.295870E-04       2.749360E-04
   85    57   142     0       1.967420E-03       1.259150E-03
   86    57   143     0       7.046260E-03       4.509610E-03
   87    57   144     0       1.519850E-02       4.863530E-03
   88    57   145     0       1.998500E-02       6.395200E-03
   89    57   146     0       5.452460E-03       3.489580E-03
   89    57   146     1       1.142820E-02       7.314060E-03
   90    57   147     0       9.451100E-03       6.048710E-03
   91    57   148     0       3.246340E-03       2.077660E-03
   92    57   149     0       7.972530E-04       5.102420E-04
   93    57   150     0       1.082850E-04       6.930240E-05
   94    57   151     0       1.039000E-05       6.649560E-06
   95    57   152     0       5.265110E-07       3.369670E-07
   96    57   153     0       2.241950E-08       1.434850E-08
   97    57   154     0       3.963840E-10       2.536860E-10
   98    57   155     0       2.153150E-12       1.378020E-12
   99    57   156     0       5.389120E-14       3.449040E-14
  100    57   157     0       0.000000E+00       0.000000E+00
   77    58   135     0       0.000000E+00       0.000000E+00
   78    58   136     0       0.000000E+00       0.000000E+00
   79    58   137     0       4.998850E-15       3.199260E-15
   79    58   137     1       0.000000E+00       0.000000E+00
   80    58   138     0       9.108840E-12       5.829650E-12
   81    58   139     0       1.650610E-10       1.056390E-10
   81    58   139     1       4.625480E-10       2.960310E-10
   82    58   140     0       3.002910E-08       1.921860E-08
   83    58   141     0       8.197950E-07       5.246690E-07
   84    58   142     0       1.310270E-05       8.385730E-06
   85    58   143     0       1.350710E-04       8.644540E-05
   86    58   144     0       8.618160E-04       5.515620E-04
   87    58   145     0       3.214460E-03       2.057260E-03
   88    58   146     0       7.477440E-03       3.364850E-03
   89    58   147     0       1.103670E-02       3.531750E-03
   90    58   148     0       1.068990E-02       3.420750E-03
   91    58   149     0       7.157500E-03       4.580800E-03
   92    58   150     0       2.848760E-03       1.823210E-03
   93    58   151     0       8.182940E-04       5.237080E-04
   94    58   152     0       1.246810E-04       7.979580E-05
   95    58   153     0       1.692640E-05       1.083290E-05
   96    58   154     0       9.138860E-07       5.848870E-07
   97    58   155     0       4.804450E-08       3.074840E-08
   98    58   156     0       1.641540E-09       1.050590E-09
   99    58   157     0       1.651600E-11       1.057030E-11
  100    58   158     0       1.321280E-13       8.456200E-14
  101    58   159     0       3.099760E-15       1.983840E-15
  102    58   160     0       0.000000E+00       0.000000E+00
   79    59   138     0       0.000000E+00       0.000000E+00
   79    59   138     1       0.000000E+00       0.000000E+00
   80    59   139     0       0.000000E+00       0.000000E+00
   81    59   140     0       8.888620E-13       5.688720E-13
   82    59   141     0       7.667440E-11       4.907160E-11
   83    59   142     0       1.145470E-09       7.331010E-10
   83    59   142     1       3.128670E-09       2.002350E-09
   84    59   143     0       1.411370E-07       9.032760E-08
   85    59   144     0       2.378610E-07       1.522310E-07
   85    59   144     1       2.434730E-06       1.558230E-06
   86    59   145     0       3.603500E-05       2.306240E-05
   87    59   146     0       2.584510E-04       1.654080E-04
   88    59   147     0       1.143730E-03       7.319870E-04
   89    59   148     0       5.342950E-04       3.419480E-04
   89    59   148     1       2.590240E-03       1.657750E-03
   90    59   149     0       4.732500E-03       3.028800E-03
   91    59   150     0       5.902130E-03       2.655960E-03
   92    59   151     0       4.480400E-03       2.867450E-03
   93    59   152     0       1.879450E-03       1.202850E-03
   94    59   153     0       7.451030E-04       4.768660E-04
   95    59   154     0       1.157320E-04       7.406860E-05
   96    59   155     0       1.856800E-05       1.188350E-05
   97    59   156     0       1.921860E-06       1.229990E-06
   98    59   157     0       5.945770E-08       3.805290E-08
   99    59   158     0       1.491450E-09       9.545260E-10
  100    59   159     0       3.112710E-11       1.992130E-11
  101    59   160     0       3.213120E-13       2.056390E-13
  102    59   161     0       1.318810E-15       8.440350E-16
  103    59   162     0       1.320990E-17       8.454340E-18
   81    60   141     0       0.000000E+00       0.000000E+00
   82    60   142     0       6.926720E-14       4.433100E-14
   83    60   143     0       7.657430E-12       4.900750E-12
   84    60   144     0       4.944800E-10       3.164670E-10
   85    60   145     0       2.252180E-08       1.441400E-08
   86    60   146     0       5.375210E-07       3.440140E-07
   87    60   147     0       7.727500E-06       4.945600E-06
   88    60   148     0       6.809610E-05       4.358150E-05
   89    60   149     0       3.520610E-04       2.253200E-04
   90    60   150     0       1.076490E-03       6.889560E-04
   91    60   151     0       1.884660E-03       1.206180E-03
   92    60   152     0       2.346190E-03       1.501560E-03
   93    60   153     0       2.160950E-03       1.383000E-03
   94    60   154     0       9.872080E-04       6.318130E-04
   95    60   155     0       4.389260E-04       2.809120E-04
   96    60   156     0       1.278340E-04       8.181370E-05
   97    60   157     0       1.151120E-05       7.367150E-06
   98    60   158     0       8.628370E-07       5.522160E-07
   99    60   159     0       5.505340E-08       3.523420E-08
  100    60   160     0       1.761710E-09       1.127490E-09
  101    60   161     0       2.942720E-11       1.883350E-11
  102    60   162     0       4.023770E-13       2.575220E-13
  103    60   163     0       0.000000E+00       0.000000E+00
  104    60   164     0       0.000000E+00       0.000000E+00
   83    61   144     0       0.000000E+00       0.000000E+00
   84    61   145     0       7.106890E-13       4.548410E-13
   85    61   146     0       5.815640E-11       3.722010E-11
   86    61   147     0       2.762680E-09       1.768110E-09
   87    61   148     0       2.315090E-08       1.481650E-08
   87    61   148     1       6.323290E-08       4.046910E-08
   88    61   149     0       1.351310E-06       8.648390E-07
   89    61   150     0       1.387350E-05       8.879010E-06
   90    61   151     0       8.526270E-05       5.456810E-05
   91    61   152     0       3.341270E-05       2.138420E-05
   91    61   152     1       1.620390E-04       1.037050E-04
   91    61   152     2       5.577170E-05       3.569390E-05
   92    61   153     0       7.174460E-04       4.591650E-04
   93    61   154     0       6.406010E-04       4.099840E-04
   93    61   154     1       8.570390E-05       5.485050E-05
   94    61   155     0       8.254310E-04       5.282750E-04
   95    61   156     0       6.102520E-04       3.905610E-04
   96    61   157     0       1.446000E-04       9.254420E-05
   97    61   158     0       2.972880E-05       1.902650E-05
   98    61   159     0       5.415250E-06       3.465760E-06
   99    61   160     0       5.084930E-07       3.254360E-07
  100    61   161     0       2.572500E-08       1.646400E-08
  101    61   162     0       1.081050E-09       6.918710E-10
  102    61   163     0       3.253160E-11       2.082020E-11
  103    61   164     0       6.516320E-13       4.170450E-13
  104    61   165     0       5.727600E-15       4.582080E-15
  105    61   166     0       3.138170E-17       2.008430E-17
   84    62   146     0       0.000000E+00       0.000000E+00
   85    62   147     0       5.044890E-14       3.228730E-14
   86    62   148     0       5.605440E-12       3.587480E-12
   87    62   149     0       2.512440E-10       1.607960E-10
   88    62   150     0       1.010980E-08       6.470280E-09
   89    62   151     0       1.661610E-07       1.063430E-07
   90    62   152     0       1.791740E-06       1.146710E-06
   91    62   153     0       1.464420E-05       9.372290E-06
   92    62   154     0       4.390260E-05       2.809770E-05
   93    62   155     0       1.361520E-04       8.713730E-05
   94    62   156     0       2.574900E-04       1.647940E-04
   95    62   157     0       1.525680E-04       9.764350E-05
   96    62   158     0       7.854620E-05       5.026960E-05
   97    62   159     0       3.671560E-05       2.349800E-05
   98    62   160     0       9.218940E-06       5.900120E-06
   99    62   161     0       1.301260E-06       8.328080E-07
  100    62   162     0       1.571520E-07       1.005780E-07
  101    62   163     0       1.411370E-08       9.032760E-09
  102    62   164     0       8.578320E-10       5.490130E-10
  103    62   165     0       2.702620E-11       1.729680E-11
  104    62   166     0       9.558960E-13       6.117730E-13
  105    62   167     0       5.548610E-15       4.438890E-15
  106    62   168     0       0.000000E+00       0.000000E+00
   86    63   149     0       0.000000E+00       0.000000E+00
   87    63   150     0       0.000000E+00       0.000000E+00
   87    63   150     1       0.000000E+00       0.000000E+00
   88    63   151     0       2.442370E-11       1.563120E-11
   89    63   152     0       3.216110E-10       2.058310E-10
   89    63   152     1       3.153050E-11       2.017950E-11
   89    63   152     2       3.468360E-10       2.219750E-10
   90    63   153     0       1.691640E-08       1.082650E-08
   91    63   154     0       8.040500E-08       5.145920E-08
   91    63   154     1       8.675710E-08       5.552460E-08
   92    63   155     0       1.571520E-06       1.005780E-06
   93    63   156     0       8.428170E-06       5.394030E-06
   94    63   157     0       1.364320E-05       8.731670E-06
   95    63   158     0       1.838780E-05       1.176820E-05
   96    63   159     0       2.175110E-05       1.392070E-05
   97    63   160     0       1.362320E-05       8.718860E-06
   98    63   161     0       4.834690E-06       3.094200E-06
   99    63   162     0       1.521480E-06       9.737440E-07
  100    63   163     0       3.713600E-07       2.376710E-07
  101    63   164     0       6.376180E-08       4.080760E-08
  102    63   165     0       5.885710E-09       3.766850E-09
  103    63   166     0       6.226040E-10       3.984670E-10
  104    63   167     0       1.031000E-11       6.598400E-12
  105    63   168     0       2.092030E-13       1.338900E-13
  106    63   169     0       3.606600E-15       2.885280E-15
  107    63   170     0       3.651350E-16       2.921080E-16
   87    64   151     0       0.000000E+00       0.000000E+00
   88    64   152     0       1.361320E-14       8.712450E-15
   89    64   153     0       1.091060E-12       6.982770E-13
   90    64   154     0       3.393290E-11       2.171710E-11
   91    64   155     0       1.010980E-09       6.470280E-10
   92    64   156     0       1.611560E-08       1.031400E-08
   93    64   157     0       7.987750E-08       5.112160E-08
   94    64   158     0       3.123030E-07       1.998740E-07
   95    64   159     0       1.041010E-06       6.662460E-07
   96    64   160     0       1.741690E-06       1.114680E-06
   97    64   161     0       1.601550E-06       1.024990E-06
   98    64   162     0       1.261220E-06       8.071830E-07
   99    64   163     0       7.697470E-07       4.926380E-07
  100    64   164     0       3.363260E-07       2.152490E-07
  101    64   165     0       8.197950E-08       5.246690E-08
  102    64   166     0       2.392320E-08       1.531080E-08
  103    64   167     0       1.141110E-09       7.303080E-10
  104    64   168     0       6.806600E-11       4.356230E-11
  105    64   169     0       3.453350E-12       2.210140E-12
  106    64   170     0       1.121090E-12       7.174960E-13
  107    64   171     0       2.242070E-14       1.434930E-14
  108    64   172     0       3.909090E-15       3.127270E-15
   89    65   154     0       0.000000E+00       0.000000E+00
   89    65   154     1       0.000000E+00       0.000000E+00
   89    65   154     2       0.000000E+00       0.000000E+00
   90    65   155     0       3.283180E-14       2.101240E-14
   91    65   156     0       6.718220E-13       4.299660E-13
   91    65   156     1       6.554360E-14       4.194790E-14
   91    65   156     2       0.000000E+00       0.000000E+00
   92    65   157     0       2.532460E-11       1.620770E-11
   93    65   158     0       2.775780E-10       1.776500E-10
   93    65   158     1       2.711790E-11       1.735550E-11
   94    65   159     0       3.052960E-09       1.953900E-09
   95    65   160     0       1.521480E-08       9.737440E-09
   96    65   161     0       3.993870E-08       2.556080E-08
   97    65   162     0       8.708450E-08       3.940990E-08
   98    65   163     0       1.401360E-07       8.968700E-08
   99    65   164     0       1.561510E-07       9.993690E-08
  100    65   165     0       9.519230E-08       6.092310E-08
  101    65   166     0       6.966760E-08       4.458720E-08
  102    65   167     0       8.538280E-09       5.464500E-09
  103    65   168     0       1.371330E-09       8.776510E-10
  104    65   169     0       1.941880E-10       1.242810E-10
  105    65   170     0       1.831780E-10       1.172340E-10
  106    65   171     0       1.091060E-11       6.982770E-12
  107    65   172     0       5.665490E-12       3.625920E-12
   91    66   157     0       0.000000E+00       0.000000E+00
   92    66   158     0       1.511470E-14       9.673380E-15
   93    66   159     0       4.724580E-13       3.023730E-13
   94    66   160     0       7.287070E-12       4.663720E-12
   95    66   161     0       5.855680E-11       3.747630E-11
   96    66   162     0       3.833720E-10       2.453580E-10
   97    66   163     0       1.811760E-09       1.159520E-09
   98    66   164     0       5.705530E-09       3.651540E-09
   99    66   165     0       8.325340E-09       5.328210E-09
   99    66   165     1       1.113820E-09       7.128450E-10
  100    66   166     0       1.801750E-08       1.153120E-08
  101    66   167     0       5.565400E-09       3.561850E-09
  102    66   168     0       2.232170E-09       1.428590E-09
  103    66   169     0       7.997760E-10       5.118570E-10
  104    66   170     0       1.961900E-09       1.255620E-09
  105    66   171     0       3.203110E-10       2.049990E-10
  106    66   172     0       4.704560E-10       3.010920E-10
   93    67   160     0       0.000000E+00       0.000000E+00
   93    67   160     1       0.000000E+00       0.000000E+00
   94    67   161     0       0.000000E+00       0.000000E+00
   94    67   161     1       0.000000E+00       0.000000E+00
   95    67   162     0       2.422390E-14       1.550330E-14
   95    67   162     1       6.616380E-14       4.234480E-14
   96    67   163     0       1.153890E-12       7.384920E-13
   96    67   163     1       1.543760E-13       9.880050E-14
   97    67   164     0       3.369350E-12       2.156380E-12
   97    67   164     1       9.202850E-12       5.889820E-12
   98    67   165     0       6.196010E-11       3.965450E-11
   99    67   166     0       9.155720E-11       5.859660E-11
   99    67   166     1       2.500740E-10       1.600470E-10
  100    67   167     0       2.952860E-10       1.889830E-10
  101    67   168     0       3.163070E-10       2.024360E-10
  102    67   169     0       2.912830E-10       1.864210E-10
  103    67   170     0       1.314480E-09       8.412690E-10
  103    67   170     1       4.812590E-10       3.080060E-10
  104    67   171     0       7.307090E-10       4.676540E-10
  105    67   172     0       2.742660E-09       1.755300E-09
   95    68   163     0       0.000000E+00       0.000000E+00
   96    68   164     0       0.000000E+00       0.000000E+00
   97    68   165     0       2.212150E-14       1.415770E-14
   98    68   166     0       3.743630E-13       2.395920E-13
   99    68   167     0       8.599020E-13       5.503370E-13
   99    68   167     1       1.150440E-13       7.362790E-14
  100    68   168     0       3.082990E-12       1.973110E-12
  101    68   169     0       8.117870E-12       5.195440E-12
  102    68   170     0       1.371330E-10       8.776510E-11
  103    68   171     0       1.471430E-10       9.417130E-11
  104    68   172     0       1.401360E-09       8.968700E-10
   97    69   166     0       0.000000E+00       0.000000E+00
   98    69   167     0       0.000000E+00       0.000000E+00
   99    69   168     0       1.662200E-15       1.329760E-15
  100    69   169     0       1.341300E-14       8.584330E-15
  101    69   170     0       6.786580E-13       4.343410E-13
  102    69   171     0       2.122060E-12       1.358120E-12
  103    69   172     0       5.705530E-11       3.651540E-11
   98    70   168     0       0.000000E+00       0.000000E+00
   99    70   169     0       0.000000E+00       0.000000E+00
  100    70   170     0       1.217120E-16       9.736920E-17
  101    70   171     0       1.696500E-15       1.357200E-15
  102    70   172     0       1.411370E-13       9.032760E-14
  101    71   172     0       0.000000E+00       0.000000E+00
  101    71   172     1       0.000000E+00       0.000000E+00
