   66   1.5860E-06
   67   2.0525E-06
   68   2.5184E-06
   69   3.2675E-06
   70   4.3822E-06
   71   5.7754E-06
   72   7.4568E-06
   73   9.5181E-06
   74   1.3055E-05
   75   1.5845E-05
   76   2.1495E-05
   77   2.7965E-05
   78   3.7279E-05
   79   4.6593E-05
   80   6.3365E-05
   81   8.0213E-05
   82   1.0365E-04
   83   1.3324E-04
   84   1.6259E-04
   85   2.4355E-04
   86   2.9330E-04
   87   3.9394E-04
   88   5.1103E-04
   89   6.5919E-04
   90   8.6665E-04
   91   1.1198E-03
   92   1.3879E-03
   93   1.8696E-03
   94   2.3640E-03
   95   3.0863E-03
   96   4.1062E-03
   97   6.8730E-03
   98   6.9608E-03
   99   8.6019E-03
  100   9.5260E-03
  101   1.1424E-02
  102   1.2376E-02
  103   1.3328E-02
  104   1.5198E-02
  105   2.3926E-02
  106   2.4155E-02
  107   2.6084E-02
  108   2.7046E-02
  109   2.8976E-02
  110   3.2864E-02
  111   3.1881E-02
  112   3.6254E-02
  113   4.2537E-02
  114   4.8304E-02
  115   5.5913E-02
  116   5.6620E-02
  117   5.8561E-02
  118   5.8931E-02
  119   5.9537E-02
  120   5.7965E-02
  121   5.6998E-02
  122   5.3300E-02
  123   4.9270E-02
  124   3.8793E-02
  125   3.0163E-02
  126   2.4043E-02
  127   2.3223E-02
  128   2.1685E-02
  129   2.2636E-02
  130   2.4832E-02
  131   3.2152E-02
  132   4.8091E-02
  133   5.4205E-02
  134   5.8180E-02
  135   6.1780E-02
  136   6.0986E-02
  137   6.4656E-02
  138   6.1076E-02
  139   5.7148E-02
  140   4.8343E-02
  141   4.6232E-02
  142   4.3335E-02
  143   3.1441E-02
  144   3.2091E-02
  145   2.8335E-02
  146   2.4828E-02
  147   2.0226E-02
  148   1.7460E-02
  149   1.4693E-02
  150   1.2878E-02
  151   1.2860E-02
  152   1.1033E-02
  153   9.9808E-03
  154   7.0881E-03
  155   5.3159E-03
  156   4.4299E-03
  157   3.6471E-03
  158   2.6580E-03
  159   1.9492E-03
  160   1.5065E-03
  161   1.1518E-03
  162   8.8598E-04
  163   7.0878E-04
  164   5.3160E-04
  165   4.5970E-04
  166   3.5440E-04
  167   2.6580E-04
  168   1.7719E-04
  169   1.5062E-04
  170   1.2405E-04
  171   8.8602E-05
  172   7.0876E-05
