# header:
#   title: "Cm243+n induced fission product yield"
#   source: "ENDF"
#   creator: "Shin Okumura"
#   date: 2023-07-14
#   format: "YANDF-0.1"
# endf:
#   library: "jeff3.3"
#   author: "R.MILLS"
#   year: 2016
# target:
#   Z: 96
#   A: 243
#   nuclide: "Cm243"
# reaction:
#   type: "(n,f)"
#   Incident energy [MeV]:  2.530000e-02
# datablock:
#   quantity: "cumulative fission product yield"
#   columns: 4
#   entries: 1216
##   A      Z  ISO           Yield         dYield
##                           %/fission     %/fission
      1      1 0.0000000e+00 4.0811000e-05 7.7131000e-06
      1      2 0.0000000e+00 1.2472000e-05 2.1823000e-06
      1      3 0.0000000e+00 1.9600000e-04 1.8032000e-05
      2      3 0.0000000e+00 1.9600000e-04 1.8032000e-05
      2      4 0.0000000e+00 2.5800000e-03 2.6058000e-04
     19     50 0.0000000e+00 1.2844000e-11 1.8735000e-11
     19     51 0.0000000e+00 4.1728000e-12 6.2122000e-12
     20     49 0.0000000e+00 3.7248000e-12 5.5084000e-12
     20     50 0.0000000e+00 1.9431000e-10 2.0590000e-10
     20     51 0.0000000e+00 1.5231000e-10 1.8670000e-10
     20     52 0.0000000e+00 1.0557000e-10 1.4467000e-10
     20     53 0.0000000e+00 2.7623000e-11 4.0750000e-11
     20     54 0.0000000e+00 5.7161000e-12 8.5626000e-12
     21     49 0.0000000e+00 3.7248000e-12 5.5084000e-12
     21     50 0.0000000e+00 2.5818000e-10 2.6520000e-10
     21     50 1.0000000e+00 2.1422000e-10 2.2305000e-10
     21     51 0.0000000e+00 4.0041000e-10 4.1157000e-10
     21     52 0.0000000e+00 5.0149000e-10 5.2649000e-10
     21     53 0.0000000e+00 5.2872000e-10 6.0820000e-10
     21     54 0.0000000e+00 2.8345000e-10 3.8448000e-10
     21     55 0.0000000e+00 1.5251000e-10 2.2133000e-10
     21     56 0.0000000e+00 3.1975000e-11 4.7640000e-11
     21     57 0.0000000e+00 5.1620000e-12 7.7288000e-12
     22     49 0.0000000e+00 3.7248000e-12 5.5084000e-12
     22     50 0.0000000e+00 2.6337000e-10 2.7049000e-10
     22     51 0.0000000e+00 4.2405000e-10 4.3545000e-10
     22     52 0.0000000e+00 6.8183000e-10 6.9610000e-10
     22     53 0.0000000e+00 1.0491000e-09 1.0777000e-09
     22     54 0.0000000e+00 1.5738000e-09 1.6210000e-09
     22     55 0.0000000e+00 1.8069000e-09 1.9504000e-09
     22     56 0.0000000e+00 1.8466000e-09 2.1992000e-09
     22     57 0.0000000e+00 8.0563000e-10 1.1292000e-09
     22     58 0.0000000e+00 2.9560000e-10 4.3610000e-10
     22     59 0.0000000e+00 4.5290000e-11 6.7763000e-11
     22     60 0.0000000e+00 5.1919000e-12 7.7801000e-12
     23     51 0.0000000e+00 4.2405000e-10 4.3545000e-10
     23     52 0.0000000e+00 6.8349000e-10 6.9610000e-10
     23     53 0.0000000e+00 1.0752000e-09 1.1043000e-09
     23     54 0.0000000e+00 1.7308000e-09 1.7775000e-09
     23     55 0.0000000e+00 2.7421000e-09 2.8162000e-09
     23     56 0.0000000e+00 4.0932000e-09 4.2099000e-09
     23     57 0.0000000e+00 5.4311000e-09 5.6917000e-09
     23     58 0.0000000e+00 4.4543000e-09 5.3008000e-09
     23     59 0.0000000e+00 3.5235000e-09 4.7076000e-09
     23     60 0.0000000e+00 1.1352000e-09 1.6598000e-09
     23     61 0.0000000e+00 3.3615000e-10 5.0116000e-10
     23     62 0.0000000e+00 3.8537000e-11 5.7613000e-11
     23     63 0.0000000e+00 3.2161000e-12 4.8115000e-12
     24     52 0.0000000e+00 6.8349000e-10 6.9610000e-10
     24     53 0.0000000e+00 1.0752000e-09 1.1043000e-09
     24     54 0.0000000e+00 1.7324000e-09 1.7788000e-09
     24     55 0.0000000e+00 2.7691000e-09 2.8439000e-09
     24     56 0.0000000e+00 4.4528000e-09 4.5476000e-09
     24     57 0.0000000e+00 1.0593000e-08 7.2701000e-09
     24     58 0.0000000e+00 7.5000000e-09 8.0499000e-09
     24     59 0.0000000e+00 1.5750000e-08 1.6265000e-08
     24     60 0.0000000e+00 2.0371000e-08 2.1736000e-08
     24     61 0.0000000e+00 1.4901000e-08 1.8566000e-08
     24     62 0.0000000e+00 9.5276000e-09 1.3225000e-08
     24     63 0.0000000e+00 2.3092000e-09 3.4151000e-09
     24     64 0.0000000e+00 4.3978000e-10 6.5874000e-10
     24     65 0.0000000e+00 4.9844000e-11 7.4333000e-11
     24     66 0.0000000e+00 2.6903000e-12 4.0254000e-12
     25     55 0.0000000e+00 2.7691000e-09 2.8439000e-09
     25     56 0.0000000e+00 4.4528000e-09 4.5476000e-09
     25     57 0.0000000e+00 1.0616000e-08 7.2701000e-09
     25     58 0.0000000e+00 7.7271000e-09 8.2355000e-09
     25     58 1.0000000e+00 2.5572000e-11 3.8212000e-11
     25     59 0.0000000e+00 1.8075000e-08 1.8563000e-08
     25     60 0.0000000e+00 2.2049000e-08 2.3138000e-08
     25     60 1.0000000e+00 7.3731000e-09 9.5789000e-09
     25     61 0.0000000e+00 4.3006000e-08 4.4228000e-08
     25     62 0.0000000e+00 3.9973000e-08 4.4426000e-08
     25     62 1.0000000e+00 1.1085000e-08 1.3403000e-08
     25     63 0.0000000e+00 5.3352000e-08 6.2231000e-08
     25     64 0.0000000e+00 2.6357000e-08 3.6266000e-08
     25     65 0.0000000e+00 1.7274000e-08 2.5404000e-08
     25     66 0.0000000e+00 2.7835000e-09 4.1544000e-09
     25     67 0.0000000e+00 2.2080000e-10 3.2991000e-10
     25     68 0.0000000e+00 1.0002000e-11 1.4979000e-11
     26     56 0.0000000e+00 4.4528000e-09 4.5476000e-09
     26     57 0.0000000e+00 1.0616000e-08 7.2701000e-09
     26     58 0.0000000e+00 7.7526000e-09 8.2566000e-09
     26     59 0.0000000e+00 1.8093000e-08 1.8578000e-08
     26     60 0.0000000e+00 2.8949000e-08 2.9711000e-08
     26     61 0.0000000e+00 4.6222000e-08 4.7470000e-08
     26     62 0.0000000e+00 7.3711000e-08 7.5701000e-08
     26     63 0.0000000e+00 1.1459000e-07 1.1771000e-07
     26     64 0.0000000e+00 1.6845000e-07 1.7376000e-07
     26     65 0.0000000e+00 2.4017000e-07 2.9618000e-07
     26     66 0.0000000e+00 1.9310000e-07 2.5056000e-07
     26     67 0.0000000e+00 4.2030000e-08 6.0771000e-08
     26     68 0.0000000e+00 1.1424000e-08 1.6959000e-08
     26     69 0.0000000e+00 3.5124000e-09 5.2224000e-09
     26     70 0.0000000e+00 1.8136000e-10 1.9723000e-10
     26     71 0.0000000e+00 3.7102000e-12 5.5438000e-12
     27     59 0.0000000e+00 1.8093000e-08 1.8578000e-08
     27     61 0.0000000e+00 4.6235000e-08 4.7484000e-08
     27     62 0.0000000e+00 7.3788000e-08 7.5780000e-08
     27     62 1.0000000e+00 1.7739000e-10 2.6490000e-10
     27     63 0.0000000e+00 1.1827000e-07 1.2146000e-07
     27     64 0.0000000e+00 1.8892000e-07 1.9402000e-07
     27     65 0.0000000e+00 3.8823000e-07 4.2388000e-07
     27     66 0.0000000e+00 7.3099000e-07 7.5240000e-07
     27     67 0.0000000e+00 3.2824000e-07 3.8094000e-07
     27     68 0.0000000e+00 1.5346000e-07 1.8480000e-07
     27     68 1.0000000e+00 1.0204000e-07 1.3479000e-07
     27     69 0.0000000e+00 3.3065000e-07 4.4699000e-07
     27     70 0.0000000e+00 2.4142000e-08 2.5974000e-08
     27     70 1.0000000e+00 2.4324000e-08 2.6062000e-08
     27     71 0.0000000e+00 6.0588000e-09 9.0305000e-09
     27     72 0.0000000e+00 1.0424000e-09 9.9483000e-10
     27     73 0.0000000e+00 1.6379000e-10 1.4564000e-10
     27     74 0.0000000e+00 8.7093000e-12 1.0860000e-11
     28     61 0.0000000e+00 4.6235000e-08 4.7484000e-08
     28     62 0.0000000e+00 7.3964000e-08 7.5957000e-08
     28     63 0.0000000e+00 1.1827000e-07 1.2147000e-07
     28     64 0.0000000e+00 1.8918000e-07 1.9429000e-07
     28     65 0.0000000e+00 7.8074000e-07 8.0260000e-07
     28     66 0.0000000e+00 7.8065000e-07 8.0251000e-07
     28     67 0.0000000e+00 7.7856000e-07 8.0036000e-07
     28     68 0.0000000e+00 7.6762000e-07 7.8917000e-07
     28     69 0.0000000e+00 1.0069000e-06 1.1032000e-06
     28     69 1.0000000e+00 6.7955000e-07 8.3457000e-07
     28     70 0.0000000e+00 7.9111000e-07 6.3881000e-07
     28     71 0.0000000e+00 3.2345000e-07 4.2772000e-07
     28     72 0.0000000e+00 7.7926000e-07 6.3420000e-07
     28     73 0.0000000e+00 1.4437000e-07 1.2709000e-07
     28     74 0.0000000e+00 4.8291000e-08 6.0154000e-08
     28     75 0.0000000e+00 2.2911000e-09 2.3087000e-09
     28     76 0.0000000e+00 1.7918000e-10 1.5807000e-10
     28     77 0.0000000e+00 2.9944000e-12 2.6951000e-12
     29     63 0.0000000e+00 1.1827000e-07 1.2147000e-07
     29     65 0.0000000e+00 7.8075000e-07 8.0261000e-07
     29     66 0.0000000e+00 7.8080000e-07 8.0266000e-07
     29     67 0.0000000e+00 7.8064000e-07 8.0246000e-07
     29     68 0.0000000e+00 7.8224000e-07 8.0246000e-07
     29     68 1.0000000e+00 1.1540000e-08 1.7134000e-08
     29     69 0.0000000e+00 1.9921000e-06 2.0459000e-06
     29     70 0.0000000e+00 3.9251000e-07 3.3811000e-07
     29     70 1.0000000e+00 6.7198000e-07 5.5912000e-07
     29     70 2.0000000e+00 8.4762000e-07 6.6839000e-07
     29     71 0.0000000e+00 1.4696000e-06 1.5127000e-06
     29     72 0.0000000e+00 1.5575000e-06 1.0544000e-06
     29     73 0.0000000e+00 3.8955000e-06 2.7000000e-06
     29     74 0.0000000e+00 9.0265000e-07 1.0791000e-06
     29     75 0.0000000e+00 1.6555000e-06 1.6103000e-06
     29     76 0.0000000e+00 1.1313000e-07 9.9627000e-08
     29     76 1.0000000e+00 1.1313000e-07 9.9627000e-08
     29     77 0.0000000e+00 3.2410000e-08 2.9164000e-08
     29     78 0.0000000e+00 2.1950000e-09 1.5580000e-09
     29     79 0.0000000e+00 7.4010000e-11 5.0726000e-11
     30     66 0.0000000e+00 7.8080000e-07 8.0266000e-07
     30     67 0.0000000e+00 7.8064000e-07 8.0246000e-07
     30     68 0.0000000e+00 7.8414000e-07 8.0246000e-07
     30     69 0.0000000e+00 1.9951000e-06 2.0490000e-06
     30     69 1.0000000e+00 2.4588000e-09 3.6569000e-09
     30     70 0.0000000e+00 1.5607000e-06 1.1362000e-06
     30     71 0.0000000e+00 1.4880000e-06 1.5310000e-06
     30     71 1.0000000e+00 7.9548000e-08 1.1545000e-07
     30     72 0.0000000e+00 3.1138000e-06 1.9679000e-06
     30     73 0.0000000e+00 7.5983000e-06 4.5033000e-06
     30     73 1.0000000e+00 3.1094000e-06 2.0769000e-06
     30     73 2.0000000e+00 4.5961000e-06 3.0783000e-06
     30     74 0.0000000e+00 2.5736000e-05 2.2912000e-05
     30     75 0.0000000e+00 1.1521000e-05 9.0402000e-06
     30     76 0.0000000e+00 2.1461000e-05 1.5573000e-05
     30     77 0.0000000e+00 1.0118000e-05 8.3855000e-06
     30     77 1.0000000e+00 1.4323000e-06 1.2691000e-06
     30     78 0.0000000e+00 3.5969000e-06 2.5241000e-06
     30     79 0.0000000e+00 3.0914000e-07 2.1171000e-07
     30     80 0.0000000e+00 3.3908000e-08 1.9033000e-08
     30     81 0.0000000e+00 1.2021000e-09 7.2233000e-10
     30     82 0.0000000e+00 3.4284000e-11 1.7177000e-11
     31     69 0.0000000e+00 1.9951000e-06 2.0490000e-06
     31     70 0.0000000e+00 2.1730000e-11 2.3633000e-11
     31     71 0.0000000e+00 1.5681000e-06 1.6119000e-06
     31     72 0.0000000e+00 3.1279000e-06 1.9768000e-06
     31     72 1.0000000e+00 1.0518000e-07 7.7915000e-08
     31     73 0.0000000e+00 1.0284000e-05 6.0164000e-06
     31     74 0.0000000e+00 2.0797000e-05 1.8833000e-05
     31     74 1.0000000e+00 2.6590000e-05 2.3646000e-05
     31     75 0.0000000e+00 2.7223000e-05 1.9088000e-05
     31     76 0.0000000e+00 5.1178000e-05 3.2096000e-05
     31     77 0.0000000e+00 6.0344000e-05 4.1460000e-05
     31     78 0.0000000e+00 4.5869000e-05 2.7883000e-05
     31     79 0.0000000e+00 3.9470000e-05 2.4624000e-05
     31     80 0.0000000e+00 9.8266000e-06 5.4131000e-06
     31     81 0.0000000e+00 6.6903000e-06 3.9944000e-06
     31     82 0.0000000e+00 2.1030000e-07 1.0533000e-07
     31     83 0.0000000e+00 1.4818000e-08 7.2271000e-09
     31     84 0.0000000e+00 4.1712000e-10 2.2729000e-10
     32     70 0.0000000e+00 2.1641000e-11 2.3536000e-11
     32     72 0.0000000e+00 3.1279000e-06 1.9768000e-06
     32     73 0.0000000e+00 1.0286000e-05 6.0170000e-06
     32     73 1.0000000e+00 1.0134000e-05 5.9283000e-06
     32     74 0.0000000e+00 2.7504000e-05 2.4403000e-05
     32     75 0.0000000e+00 2.8049000e-05 1.9663000e-05
     32     75 1.0000000e+00 1.8059000e-06 1.4329000e-06
     32     76 0.0000000e+00 6.0516000e-05 3.7762000e-05
     32     77 0.0000000e+00 4.5181000e-05 3.1736000e-05
     32     77 1.0000000e+00 6.5353000e-05 4.4362000e-05
     32     78 0.0000000e+00 1.8693000e-04 9.5416000e-05
     32     79 0.0000000e+00 6.7556000e-05 3.6584000e-05
     32     79 1.0000000e+00 1.4615000e-04 7.6315000e-05
     32     80 0.0000000e+00 2.9933000e-04 1.1738000e-04
     32     81 0.0000000e+00 1.5285000e-04 7.9770000e-05
     32     81 1.0000000e+00 3.7335000e-05 2.0350000e-05
     32     82 0.0000000e+00 1.3825000e-04 6.1329000e-05
     32     83 0.0000000e+00 2.1840000e-05 1.0492000e-05
     32     84 0.0000000e+00 8.8087000e-06 4.7851000e-06
     32     85 0.0000000e+00 1.2976000e-07 6.1445000e-08
     32     86 0.0000000e+00 6.0253000e-09 2.6206000e-09
     32     87 0.0000000e+00 1.4637000e-10 6.8093000e-11
     33     74 0.0000000e+00 1.2059000e-11 1.5037000e-11
     33     75 0.0000000e+00 2.8050000e-05 1.9663000e-05
     33     75 1.0000000e+00 1.0227000e-09 8.2556000e-10
     33     76 0.0000000e+00 2.5561000e-08 2.2543000e-08
     33     77 0.0000000e+00 9.9017000e-05 6.5648000e-05
     33     78 0.0000000e+00 1.9861000e-04 1.0129000e-04
     33     79 0.0000000e+00 2.4878000e-04 1.2415000e-04
     33     80 0.0000000e+00 4.1847000e-04 1.6032000e-04
     33     81 0.0000000e+00 5.3931000e-04 2.4610000e-04
     33     82 0.0000000e+00 2.4471000e-04 9.2164000e-05
     33     82 1.0000000e+00 3.2125000e-04 1.2245000e-04
     33     83 0.0000000e+00 5.4175000e-04 1.9585000e-04
     33     84 0.0000000e+00 1.1707000e-04 5.9692000e-05
     33     84 1.0000000e+00 1.1707000e-04 5.9692000e-05
     33     85 0.0000000e+00 8.9160000e-05 4.0465000e-05
     33     86 0.0000000e+00 2.6927000e-05 1.1574000e-05
     33     87 0.0000000e+00 7.2733000e-06 3.3766000e-06
     33     88 0.0000000e+00 4.5144000e-08 1.9296000e-08
     33     89 0.0000000e+00 1.1970000e-09 5.0610000e-10
     34     74 0.0000000e+00 4.1001000e-12 5.1125000e-12
     34     76 0.0000000e+00 2.5568000e-08 2.2546000e-08
     34     77 0.0000000e+00 9.9018000e-05 6.5649000e-05
     34     77 1.0000000e+00 3.7661000e-10 3.3896000e-10
     34     78 0.0000000e+00 2.0041000e-04 1.0220000e-04
     34     79 0.0000000e+00 2.5228000e-04 1.2589000e-04
     34     79 1.0000000e+00 2.4337000e-04 1.2146000e-04
     34     80 0.0000000e+00 4.3709000e-04 1.6710000e-04
     34     81 0.0000000e+00 6.4170000e-04 2.9197000e-04
     34     81 1.0000000e+00 1.0823000e-04 5.6611000e-05
     34     82 0.0000000e+00 9.3741000e-04 3.1778000e-04
     34     83 0.0000000e+00 8.6263000e-04 2.8683000e-04
     34     83 1.0000000e+00 5.0121000e-04 1.7404000e-04
     34     84 0.0000000e+00 2.0858000e-03 8.3586000e-04
     34     85 0.0000000e+00 1.3933000e-03 4.4186000e-04
     34     86 0.0000000e+00 1.0851000e-03 3.4170000e-04
     34     87 0.0000000e+00 4.2004000e-04 1.7979000e-04
     34     88 0.0000000e+00 1.6179000e-04 6.7275000e-05
     34     89 0.0000000e+00 2.1528000e-05 9.0724000e-06
     34     90 0.0000000e+00 3.2910000e-06 1.3076000e-06
     34     91 0.0000000e+00 1.2985000e-08 4.9135000e-09
     34     92 0.0000000e+00 6.3280000e-10 2.7670000e-10
     35     79 0.0000000e+00 1.3647000e-07 7.5053000e-08
     35     79 1.0000000e+00 1.3604000e-10 9.3241000e-11
     35     80 0.0000000e+00 1.0312000e-08 5.1781000e-09
     35     80 1.0000000e+00 7.7453000e-09 4.3479000e-09
     35     81 0.0000000e+00 6.4271000e-04 2.9244000e-04
     35     82 0.0000000e+00 6.2207000e-06 2.7335000e-06
     35     82 1.0000000e+00 1.8747000e-06 9.3704000e-07
     35     83 0.0000000e+00 1.4225000e-03 4.5947000e-04
     35     84 0.0000000e+00 2.2335000e-03 8.9378000e-04
     35     84 1.0000000e+00 1.4772000e-04 7.6849000e-05
     35     85 0.0000000e+00 2.3584000e-03 7.1024000e-04
     35     86 0.0000000e+00 2.6470000e-03 6.8904000e-04
     35     87 0.0000000e+00 2.7378000e-03 8.8044000e-04
     35     88 0.0000000e+00 1.7778000e-03 5.4848000e-04
     35     89 0.0000000e+00 1.0636000e-03 3.7657000e-04
     35     90 0.0000000e+00 2.9139000e-04 1.0962000e-04
     35     91 0.0000000e+00 9.9329000e-05 3.7009000e-05
     35     92 0.0000000e+00 1.5477000e-05 6.7589000e-06
     35     93 0.0000000e+00 1.1995000e-07 4.6087000e-08
     35     94 0.0000000e+00 2.6160000e-09 1.1096000e-09
     36     80 0.0000000e+00 9.4561000e-09 4.7483000e-09
     36     81 0.0000000e+00 7.7556000e-11 4.4256000e-11
     36     81 1.0000000e+00 1.0284000e-11 6.1795000e-12
     36     82 0.0000000e+00 6.2721000e-06 2.7469000e-06
     36     83 0.0000000e+00 1.4243000e-03 4.5963000e-04
     36     83 1.0000000e+00 1.4216000e-03 4.5917000e-04
     36     84 0.0000000e+00 2.4008000e-03 9.5280000e-04
     36     85 0.0000000e+00 6.1211000e-04 1.9798000e-04
     36     85 1.0000000e+00 2.3776000e-03 7.1591000e-04
     36     86 0.0000000e+00 3.5192000e-03 8.8973000e-04
     36     87 0.0000000e+00 4.7891000e-03 1.4846000e-03
     36     88 0.0000000e+00 6.3893000e-03 1.5470000e-03
     36     89 0.0000000e+00 6.5848000e-03 1.5258000e-03
     36     90 0.0000000e+00 5.9216000e-03 1.1401000e-03
     36     91 0.0000000e+00 3.2937000e-03 7.7371000e-04
     36     92 0.0000000e+00 1.7299000e-03 6.7047000e-04
     36     93 0.0000000e+00 3.8383000e-04 1.4164000e-04
     36     94 0.0000000e+00 9.1980000e-05 3.8756000e-05
     36     95 0.0000000e+00 1.6486000e-05 6.0822000e-06
     36     96 0.0000000e+00 3.2994000e-08 1.2023000e-08
     37     84 0.0000000e+00 1.9068000e-09 9.2245000e-10
     37     84 1.0000000e+00 1.2255000e-09 6.6777000e-10
     37     85 0.0000000e+00 2.4827000e-03 7.4728000e-04
     37     86 0.0000000e+00 3.4527000e-06 1.2565000e-06
     37     86 1.0000000e+00 2.2190000e-06 9.6448000e-07
     37     87 0.0000000e+00 4.8887000e-03 1.5001000e-03
     37     88 0.0000000e+00 6.7768000e-03 1.6383000e-03
     37     89 0.0000000e+00 8.0168000e-03 1.8440000e-03
     37     90 0.0000000e+00 5.5585000e-03 1.0721000e-03
     37     90 1.0000000e+00 3.5981000e-03 8.1973000e-04
     37     91 0.0000000e+00 9.4299000e-03 1.4624000e-03
     37     92 0.0000000e+00 9.1628000e-03 2.6768000e-03
     37     93 0.0000000e+00 6.4551000e-03 1.3992000e-03
     37     94 0.0000000e+00 3.0343000e-03 1.0701000e-03
     37     95 0.0000000e+00 1.3124000e-03 4.3696000e-04
     37     96 0.0000000e+00 1.8253000e-04 5.0196000e-05
     37     96 1.0000000e+00 1.2169000e-04 4.3790000e-05
     37     97 0.0000000e+00 4.9609000e-05 1.7990000e-05
     37     98 0.0000000e+00 1.5529000e-06 5.8152000e-07
     37     98 1.0000000e+00 1.5529000e-06 5.8152000e-07
     37     99 0.0000000e+00 4.8580000e-09 1.8611000e-09
     38     84 0.0000000e+00 6.1018000e-11 2.9518000e-11
     38     86 0.0000000e+00 3.4532000e-06 1.2566000e-06
     38     87 0.0000000e+00 9.0722000e-07 3.8463000e-07
     38     87 1.0000000e+00 1.7047000e-07 7.9303000e-08
     38     88 0.0000000e+00 6.8005000e-03 1.6383000e-03
     38     89 0.0000000e+00 8.1418000e-03 1.8726000e-03
     38     90 0.0000000e+00 9.9244000e-03 1.7864000e-03
     38     91 0.0000000e+00 1.1791000e-02 1.7923000e-03
     38     92 0.0000000e+00 1.6882000e-02 4.7101000e-03
     38     93 0.0000000e+00 1.7527000e-02 2.7056000e-03
     38     94 0.0000000e+00 2.0549000e-02 4.5702000e-03
     38     95 0.0000000e+00 1.4873000e-02 2.0906000e-03
     38     96 0.0000000e+00 9.2477000e-03 1.9463000e-03
     38     97 0.0000000e+00 3.2355000e-03 1.0087000e-03
     38     98 0.0000000e+00 1.1298000e-03 4.0748000e-04
     38     99 0.0000000e+00 1.9313000e-04 7.3675000e-05
     38    100 0.0000000e+00 2.9633000e-05 1.0693000e-05
     38    101 0.0000000e+00 4.2677000e-08 1.6450000e-08
     39     88 0.0000000e+00 1.6658000e-10 5.8198000e-11
     39     88 1.0000000e+00 7.0680000e-11 3.0212000e-11
     39     89 0.0000000e+00 8.1426000e-03 1.8728000e-03
     39     89 1.0000000e+00 1.4838000e-06 4.3358000e-07
     39     90 0.0000000e+00 9.9260000e-03 1.7867000e-03
     39     90 1.0000000e+00 9.6507000e-07 3.8360000e-07
     39     91 0.0000000e+00 1.1855000e-02 1.8019000e-03
     39     91 1.0000000e+00 6.9890000e-03 1.1299000e-03
     39     92 0.0000000e+00 1.7189000e-02 4.7737000e-03
     39     93 0.0000000e+00 1.9113000e-02 2.9198000e-03
     39     93 1.0000000e+00 5.7619000e-03 1.0378000e-03
     39     94 0.0000000e+00 2.5277000e-02 5.5620000e-03
     39     95 0.0000000e+00 2.7059000e-02 2.8586000e-03
     39     96 0.0000000e+00 1.4764000e-02 2.0302000e-03
     39     96 1.0000000e+00 9.9228000e-03 1.6864000e-03
     39     97 0.0000000e+00 6.2068000e-03 1.0388000e-03
     39     97 1.0000000e+00 1.4369000e-02 1.7580000e-03
     39     97 2.0000000e+00 3.0714000e-03 6.0151000e-04
     39     98 0.0000000e+00 3.3635000e-03 7.4679000e-04
     39     98 1.0000000e+00 9.3943000e-03 2.2960000e-03
     39     99 0.0000000e+00 7.6919000e-03 2.3298000e-03
     39    100 0.0000000e+00 1.2278000e-03 4.1896000e-04
     39    100 1.0000000e+00 1.1984000e-03 4.1864000e-04
     39    101 0.0000000e+00 6.4240000e-04 2.4528000e-04
     39    102 0.0000000e+00 4.5569000e-05 1.9726000e-05
     39    102 1.0000000e+00 4.5569000e-05 1.9726000e-05
     39    103 0.0000000e+00 1.2135000e-05 4.6086000e-06
     39    104 0.0000000e+00 3.5170000e-09 1.3574000e-09
     40     90 0.0000000e+00 9.9260000e-03 1.7867000e-03
     40     90 1.0000000e+00 1.7371000e-11 6.9053000e-12
     40     91 0.0000000e+00 1.1855000e-02 1.8019000e-03
     40     92 0.0000000e+00 1.7199000e-02 4.7737000e-03
     40     93 0.0000000e+00 1.9179000e-02 2.9198000e-03
     40     94 0.0000000e+00 2.5841000e-02 5.6851000e-03
     40     95 0.0000000e+00 2.9303000e-02 3.0769000e-03
     40     96 0.0000000e+00 3.3363000e-02 3.1362000e-03
     40     97 0.0000000e+00 3.7850000e-02 2.5374000e-03
     40     98 0.0000000e+00 4.4980000e-02 2.5524000e-03
     40     99 0.0000000e+00 3.9803000e-02 4.7531000e-03
     40    100 0.0000000e+00 3.1031000e-02 3.3922000e-03
     40    101 0.0000000e+00 1.4818000e-02 3.8546000e-03
     40    102 0.0000000e+00 6.2034000e-03 2.4020000e-03
     40    103 0.0000000e+00 1.2903000e-03 4.7403000e-04
     40    104 0.0000000e+00 3.4253000e-04 1.3156000e-04
     40    105 0.0000000e+00 3.6183000e-05 1.3029000e-05
     40    106 0.0000000e+00 3.0908000e-08 1.3740000e-08
     41     93 0.0000000e+00 5.7120000e-10 1.8929000e-10
     41     93 1.0000000e+00 1.0727000e-10 4.1215000e-11
     41     94 0.0000000e+00 3.8102000e-06 1.2986000e-06
     41     94 1.0000000e+00 1.5784000e-06 6.6942000e-07
     41     95 0.0000000e+00 2.9312000e-02 3.0778000e-03
     41     95 1.0000000e+00 3.2149000e-04 5.4411000e-05
     41     96 0.0000000e+00 1.4939000e-04 5.3999000e-05
     41     97 0.0000000e+00 3.8899000e-02 2.5869000e-03
     41     97 1.0000000e+00 3.6173000e-02 2.4376000e-03
     41     98 0.0000000e+00 4.5882000e-02 2.5893000e-03
     41     98 1.0000000e+00 2.7226000e-03 8.9839000e-04
     41     99 0.0000000e+00 3.6738000e-02 4.4277000e-03
     41     99 1.0000000e+00 1.7246000e-02 2.5027000e-03
     41    100 0.0000000e+00 3.5512000e-02 3.3247000e-03
     41    100 1.0000000e+00 1.8844000e-02 3.1261000e-03
     41    101 0.0000000e+00 5.2302000e-02 6.0883000e-03
     41    102 0.0000000e+00 1.9731000e-02 4.5879000e-03
     41    102 1.0000000e+00 1.3528000e-02 3.7522000e-03
     41    103 0.0000000e+00 2.0483000e-02 3.9980000e-03
     41    104 0.0000000e+00 4.8903000e-03 1.5466000e-03
     41    104 1.0000000e+00 4.5473000e-03 1.5389000e-03
     41    105 0.0000000e+00 3.5960000e-03 1.1789000e-03
     41    106 0.0000000e+00 6.4193000e-04 2.8192000e-04
     41    107 0.0000000e+00 1.4857000e-04 6.3912000e-05
     41    108 0.0000000e+00 1.4761000e-05 6.8494000e-06
     41    109 0.0000000e+00 3.3959000e-06 2.0152000e-06
     42     94 0.0000000e+00 7.8920000e-09 3.3473000e-09
     42     95 0.0000000e+00 2.9330000e-02 3.0796000e-03
     42     96 0.0000000e+00 1.5133000e-04 5.4048000e-05
     42     97 0.0000000e+00 3.8916000e-02 2.5869000e-03
     42     98 0.0000000e+00 4.8800000e-02 2.7329000e-03
     42     99 0.0000000e+00 5.4830000e-02 6.1410000e-03
     42    100 0.0000000e+00 6.0211000e-02 4.0944000e-03
     42    101 0.0000000e+00 6.7086000e-02 7.4468000e-03
     42    102 0.0000000e+00 6.5833000e-02 1.1260000e-02
     42    103 0.0000000e+00 5.5025000e-02 5.0903000e-03
     42    104 0.0000000e+00 5.3707000e-02 5.5951000e-03
     42    105 0.0000000e+00 2.8795000e-02 3.3773000e-03
     42    106 0.0000000e+00 1.4769000e-02 4.4541000e-03
     42    107 0.0000000e+00 5.3038000e-03 1.9876000e-03
     42    108 0.0000000e+00 1.0964000e-03 4.8364000e-04
     42    109 0.0000000e+00 2.2274000e-04 1.3034000e-04
     42    110 0.0000000e+00 3.7298000e-05 1.6242000e-05
     42    111 0.0000000e+00 5.1218000e-06 2.2833000e-06
     43     98 0.0000000e+00 1.1895000e-09 4.4548000e-10
     43     99 0.0000000e+00 5.4835000e-02 6.1416000e-03
     43     99 1.0000000e+00 4.8285000e-02 5.4392000e-03
     43    100 0.0000000e+00 4.3883000e-05 1.5820000e-05
     43    101 0.0000000e+00 6.7556000e-02 7.4987000e-03
     43    102 0.0000000e+00 6.6702000e-02 1.1407000e-02
     43    102 1.0000000e+00 8.6870000e-04 3.6472000e-04
     43    103 0.0000000e+00 6.1798000e-02 5.6238000e-03
     43    104 0.0000000e+00 6.9433000e-02 6.8766000e-03
     43    105 0.0000000e+00 5.8540000e-02 2.7627000e-03
     43    106 0.0000000e+00 4.1149000e-02 8.3333000e-03
     43    107 0.0000000e+00 3.5166000e-02 6.3339000e-03
     43    108 0.0000000e+00 1.1288000e-02 3.1417000e-03
     43    109 0.0000000e+00 7.8466000e-03 3.6750000e-03
     43    110 0.0000000e+00 2.7779000e-03 1.0491000e-03
     43    111 0.0000000e+00 6.9315000e-04 2.9435000e-04
     43    112 0.0000000e+00 8.2584000e-05 5.3798000e-05
     43    113 0.0000000e+00 1.0778000e-05 5.7891000e-06
     43    114 0.0000000e+00 9.2342000e-07 6.0791000e-07
     44     99 0.0000000e+00 1.7865000e-06 2.6746000e-07
     44    100 0.0000000e+00 4.3883000e-05 1.5820000e-05
     44    101 0.0000000e+00 6.7562000e-02 7.4992000e-03
     44    102 0.0000000e+00 6.7608000e-02 1.1561000e-02
     44    103 0.0000000e+00 6.2054000e-02 5.6466000e-03
     44    103 1.0000000e+00 1.8053000e-04 6.8096000e-05
     44    104 0.0000000e+00 7.1110000e-02 7.0349000e-03
     44    105 0.0000000e+00 6.3340000e-02 2.9137000e-03
     44    106 0.0000000e+00 5.3186000e-02 1.0531000e-02
     44    107 0.0000000e+00 5.4590000e-02 9.1198000e-03
     44    108 0.0000000e+00 2.9413000e-02 6.1032000e-03
     44    109 0.0000000e+00 2.9562000e-02 1.0625000e-02
     44    110 0.0000000e+00 2.3035000e-02 3.8929000e-03
     44    111 0.0000000e+00 9.2657000e-03 2.3379000e-03
     44    112 0.0000000e+00 3.0125000e-03 1.6380000e-03
     44    113 0.0000000e+00 4.6515000e-04 1.9675000e-04
     44    113 1.0000000e+00 3.0339000e-04 1.5454000e-04
     44    114 0.0000000e+00 9.7505000e-05 6.2890000e-05
     44    115 0.0000000e+00 7.0645000e-06 3.7248000e-06
     44    116 0.0000000e+00 2.9782000e-06 1.7607000e-06
     45    103 0.0000000e+00 6.2054000e-02 5.6466000e-03
     45    103 1.0000000e+00 6.1310000e-02 5.5801000e-03
     45    104 0.0000000e+00 6.6409000e-06 2.0670000e-06
     45    104 1.0000000e+00 4.9929000e-06 1.9269000e-06
     45    105 0.0000000e+00 6.3419000e-02 2.9173000e-03
     45    105 1.0000000e+00 1.7991000e-02 1.8499000e-03
     45    106 0.0000000e+00 5.3290000e-02 1.0552000e-02
     45    106 1.0000000e+00 2.4312000e-04 1.0770000e-04
     45    107 0.0000000e+00 5.6266000e-02 9.3964000e-03
     45    108 0.0000000e+00 3.0045000e-02 6.2278000e-03
     45    108 1.0000000e+00 1.9086000e-03 8.2908000e-04
     45    109 0.0000000e+00 3.6761000e-02 1.3124000e-02
     45    110 0.0000000e+00 3.3654000e-02 5.3271000e-03
     45    110 1.0000000e+00 2.8348000e-04 9.4004000e-05
     45    111 0.0000000e+00 2.4321000e-02 4.5235000e-03
     45    112 0.0000000e+00 7.7299000e-03 3.5252000e-03
     45    112 1.0000000e+00 4.7174000e-03 2.2545000e-03
     45    113 0.0000000e+00 6.8449000e-03 2.1848000e-03
     45    114 0.0000000e+00 9.5227000e-04 5.0913000e-04
     45    114 1.0000000e+00 8.5475000e-04 4.7545000e-04
     45    115 0.0000000e+00 5.5098000e-04 2.4303000e-04
     45    116 0.0000000e+00 3.6759000e-05 2.0059000e-05
     45    116 1.0000000e+00 7.9197000e-05 4.4560000e-05
     45    117 0.0000000e+00 2.9331000e-05 1.7316000e-05
     45    118 0.0000000e+00 5.0140000e-06 3.2360000e-06
     45    119 0.0000000e+00 3.9997000e-06 2.7004000e-06
     46    104 0.0000000e+00 6.6175000e-06 2.0579000e-06
     46    105 0.0000000e+00 6.3420000e-02 2.9173000e-03
     46    106 0.0000000e+00 5.3537000e-02 1.0600000e-02
     46    107 0.0000000e+00 5.6290000e-02 9.4004000e-03
     46    107 1.0000000e+00 1.5620000e-05 6.7408000e-06
     46    108 0.0000000e+00 3.2098000e-02 6.6426000e-03
     46    109 0.0000000e+00 3.7428000e-02 1.3362000e-02
     46    109 1.0000000e+00 1.8815000e-02 6.9144000e-03
     46    110 0.0000000e+00 3.5965000e-02 5.6824000e-03
     46    111 0.0000000e+00 2.7006000e-02 4.9973000e-03
     46    111 1.0000000e+00 2.2461000e-03 8.8429000e-04
     46    112 0.0000000e+00 1.6875000e-02 7.4250000e-03
     46    113 0.0000000e+00 1.1208000e-02 3.4099000e-03
     46    113 1.0000000e+00 3.0854000e-03 1.1835000e-03
     46    114 0.0000000e+00 5.5180000e-03 2.4454000e-03
     46    115 0.0000000e+00 1.1775000e-03 3.9338000e-04
     46    115 1.0000000e+00 1.2237000e-03 4.2595000e-04
     46    116 0.0000000e+00 9.0283000e-04 3.5739000e-04
     46    117 0.0000000e+00 2.1575000e-04 9.2737000e-05
     46    117 1.0000000e+00 1.2158000e-04 6.3815000e-05
     46    118 0.0000000e+00 7.5339000e-05 4.1976000e-05
     46    119 0.0000000e+00 1.5003000e-05 8.7188000e-06
     46    120 0.0000000e+00 5.9787000e-06 3.8338000e-06
     46    121 0.0000000e+00 1.0723000e-06 5.8588000e-07
     46    122 0.0000000e+00 1.0928000e-06 6.8745000e-07
     46    123 0.0000000e+00 4.6817000e-08 2.7549000e-08
     46    124 0.0000000e+00 3.5438000e-09 1.8586000e-09
     47    108 0.0000000e+00 5.5380000e-10 2.2629000e-10
     47    108 1.0000000e+00 1.0776000e-09 5.0026000e-10
     47    109 0.0000000e+00 3.7432000e-02 1.3363000e-02
     47    109 1.0000000e+00 3.7413000e-02 1.3357000e-02
     47    110 0.0000000e+00 7.5562000e-06 3.2141000e-06
     47    110 1.0000000e+00 1.7152000e-05 7.4914000e-06
     47    111 0.0000000e+00 2.7628000e-02 5.1113000e-03
     47    111 1.0000000e+00 2.7379000e-02 5.0655000e-03
     47    112 0.0000000e+00 1.7217000e-02 7.5756000e-03
     47    113 0.0000000e+00 7.9205000e-03 2.4408000e-03
     47    113 1.0000000e+00 1.1459000e-02 3.4848000e-03
     47    114 0.0000000e+00 6.4483000e-03 2.8502000e-03
     47    114 1.0000000e+00 7.5154000e-04 4.4425000e-04
     47    115 0.0000000e+00 1.5237000e-03 4.7707000e-04
     47    115 1.0000000e+00 2.4384000e-03 7.5245000e-04
     47    116 0.0000000e+00 1.1331000e-03 4.2889000e-04
     47    116 1.0000000e+00 4.7279000e-04 2.1359000e-04
     47    117 0.0000000e+00 2.0489000e-04 8.2129000e-05
     47    117 1.0000000e+00 5.3323000e-04 2.0726000e-04
     47    118 0.0000000e+00 1.7091000e-04 7.5805000e-05
     47    118 1.0000000e+00 1.6812000e-04 8.1535000e-05
     47    119 0.0000000e+00 2.4108000e-05 1.2768000e-05
     47    119 1.0000000e+00 1.1613000e-04 5.8664000e-05
     47    120 0.0000000e+00 2.3584000e-05 1.1535000e-05
     47    120 1.0000000e+00 2.1120000e-05 1.1867000e-05
     47    121 0.0000000e+00 2.2530000e-05 1.1177000e-05
     47    122 0.0000000e+00 8.5703000e-06 4.9566000e-06
     47    122 1.0000000e+00 6.7355000e-06 4.1707000e-06
     47    123 0.0000000e+00 1.5231000e-05 8.7523000e-06
     47    124 0.0000000e+00 4.1358000e-06 1.8708000e-06
     47    124 1.0000000e+00 2.5664000e-06 1.3421000e-06
     47    125 0.0000000e+00 2.2340000e-06 1.1591000e-06
     47    126 0.0000000e+00 6.0094000e-08 3.0203000e-08
     47    127 0.0000000e+00 2.4407000e-09 9.1720000e-10
     48    108 0.0000000e+00 5.3774000e-10 2.1973000e-10
     48    110 0.0000000e+00 2.4452000e-05 8.4386000e-06
     48    111 0.0000000e+00 2.7765000e-02 5.1356000e-03
     48    111 1.0000000e+00 1.2585000e-08 5.6121000e-09
     48    112 0.0000000e+00 1.7223000e-02 7.5768000e-03
     48    113 0.0000000e+00 1.1916000e-02 3.6224000e-03
     48    113 1.0000000e+00 1.5787000e-04 5.2734000e-05
     48    114 0.0000000e+00 6.5251000e-03 2.8840000e-03
     48    115 0.0000000e+00 3.3381000e-03 1.0118000e-03
     48    115 1.0000000e+00 2.4857000e-04 8.7261000e-05
     48    116 0.0000000e+00 1.7724000e-03 6.5225000e-04
     48    117 0.0000000e+00 5.8061000e-04 2.2050000e-04
     48    117 1.0000000e+00 2.6789000e-04 1.0842000e-04
     48    118 0.0000000e+00 4.6553000e-04 1.9278000e-04
     48    119 0.0000000e+00 1.6822000e-04 7.6767000e-05
     48    119 1.0000000e+00 1.0869000e-04 5.4526000e-05
     48    120 0.0000000e+00 2.0524000e-04 8.3072000e-05
     48    121 0.0000000e+00 6.2951000e-05 2.4024000e-05
     48    121 1.0000000e+00 1.0562000e-04 4.0455000e-05
     48    122 0.0000000e+00 2.0709000e-04 9.1493000e-05
     48    123 0.0000000e+00 5.7388000e-05 2.7578000e-05
     48    123 1.0000000e+00 1.1123000e-04 5.4724000e-05
     48    124 0.0000000e+00 2.4994000e-04 1.0804000e-04
     48    125 0.0000000e+00 3.8916000e-05 1.9389000e-05
     48    125 1.0000000e+00 9.2368000e-05 4.5844000e-05
     48    126 0.0000000e+00 8.7534000e-05 4.3291000e-05
     48    127 0.0000000e+00 2.8760000e-05 1.0720000e-05
     48    128 0.0000000e+00 4.8599000e-06 1.8902000e-06
     48    129 0.0000000e+00 9.2811000e-09 3.9064000e-09
     48    129 1.0000000e+00 2.2406000e-08 9.4306000e-09
     48    130 0.0000000e+00 7.1800000e-10 2.5492000e-10
     49    113 0.0000000e+00 1.5765000e-04 5.2661000e-05
     49    113 1.0000000e+00 1.9481000e-10 1.0477000e-10
     49    114 0.0000000e+00 2.4713000e-08 1.3005000e-08
     49    114 1.0000000e+00 1.9063000e-08 1.0690000e-08
     49    114 2.0000000e+00 9.3790000e-09 6.1753000e-09
     49    115 0.0000000e+00 3.4203000e-03 1.0365000e-03
     49    115 1.0000000e+00 3.3382000e-03 1.0118000e-03
     49    116 0.0000000e+00 7.4085000e-07 4.3846000e-07
     49    116 1.0000000e+00 2.2354000e-06 1.1012000e-06
     49    116 2.0000000e+00 1.0998000e-06 6.5082000e-07
     49    117 0.0000000e+00 5.7486000e-04 2.1701000e-04
     49    117 1.0000000e+00 5.3825000e-04 2.0517000e-04
     49    118 0.0000000e+00 4.7101000e-04 1.9503000e-04
     49    118 1.0000000e+00 1.6423000e-05 8.7718000e-06
     49    118 2.0000000e+00 8.1364000e-06 5.1914000e-06
     49    119 0.0000000e+00 1.5795000e-04 7.1988000e-05
     49    119 1.0000000e+00 1.5772000e-04 7.2223000e-05
     49    120 0.0000000e+00 2.2181000e-04 8.9150000e-05
     49    120 1.0000000e+00 1.6571000e-05 9.9626000e-06
     49    120 2.0000000e+00 1.6571000e-05 9.9626000e-06
     49    121 0.0000000e+00 2.1883000e-04 7.1229000e-05
     49    121 1.0000000e+00 6.2851000e-05 2.2753000e-05
     49    122 0.0000000e+00 2.5671000e-04 1.0862000e-04
     49    122 1.0000000e+00 3.5208000e-05 1.9777000e-05
     49    122 2.0000000e+00 3.5208000e-05 1.9777000e-05
     49    123 0.0000000e+00 3.6961000e-04 1.4477000e-04
     49    123 1.0000000e+00 9.6917000e-05 4.1690000e-05
     49    124 0.0000000e+00 5.0279000e-04 1.8138000e-04
     49    124 1.0000000e+00 2.2777000e-04 9.5186000e-05
     49    125 0.0000000e+00 1.0781000e-03 4.0254000e-04
     49    125 1.0000000e+00 2.4390000e-04 1.0078000e-04
     49    126 0.0000000e+00 8.0698000e-04 3.3501000e-04
     49    126 1.0000000e+00 6.4806000e-04 2.7999000e-04
     49    127 0.0000000e+00 1.0710000e-03 2.8768000e-04
     49    127 1.0000000e+00 2.7639000e-04 7.5857000e-05
     49    128 0.0000000e+00 2.0548000e-04 5.9913000e-05
     49    128 1.0000000e+00 6.2900000e-05 2.1846000e-05
     49    128 2.0000000e+00 1.8072000e-04 6.6023000e-05
     49    129 0.0000000e+00 1.4722000e-04 6.0774000e-05
     49    129 1.0000000e+00 3.4044000e-05 1.4133000e-05
     49    130 0.0000000e+00 1.2096000e-05 4.2707000e-06
     49    130 1.0000000e+00 1.3509000e-05 4.7697000e-06
     49    130 2.0000000e+00 2.2985000e-05 8.1117000e-06
     49    131 0.0000000e+00 3.0052000e-06 1.0656000e-06
     49    131 1.0000000e+00 2.9749000e-06 1.0650000e-06
     49    131 2.0000000e+00 2.9749000e-06 1.0650000e-06
     49    132 0.0000000e+00 1.3283000e-08 4.7252000e-09
     50    114 0.0000000e+00 2.4590000e-08 1.2940000e-08
     50    115 0.0000000e+00 1.6691000e-04 5.3955000e-05
     50    116 0.0000000e+00 2.9779000e-06 1.3617000e-06
     50    117 0.0000000e+00 8.5962000e-04 3.2231000e-04
     50    117 1.0000000e+00 1.9797000e-06 7.8524000e-07
     50    118 0.0000000e+00 4.8795000e-04 2.0201000e-04
     50    119 0.0000000e+00 3.0884000e-04 1.3433000e-04
     50    119 1.0000000e+00 1.4423000e-04 6.6214000e-05
     50    120 0.0000000e+00 2.5698000e-04 1.0279000e-04
     50    121 0.0000000e+00 2.8169000e-04 9.0430000e-05
     50    121 1.0000000e+00 3.0095000e-05 1.1041000e-05
     50    122 0.0000000e+00 3.6864000e-04 1.5225000e-04
     50    123 0.0000000e+00 9.1545000e-05 4.1925000e-05
     50    123 1.0000000e+00 4.6459000e-04 1.7816000e-04
     50    124 0.0000000e+00 1.0946000e-03 3.6890000e-04
     50    125 0.0000000e+00 7.8759000e-04 3.0512000e-04
     50    125 1.0000000e+00 1.3907000e-03 4.9784000e-04
     50    126 0.0000000e+00 4.4671000e-03 1.6046000e-03
     50    127 0.0000000e+00 3.2159000e-03 5.1236000e-04
     50    127 1.0000000e+00 2.0872000e-03 3.4425000e-04
     50    128 0.0000000e+00 5.2655000e-03 8.4686000e-04
     50    128 1.0000000e+00 3.6001000e-03 6.5302000e-04
     50    129 0.0000000e+00 1.2669000e-03 4.0611000e-04
     50    129 1.0000000e+00 2.6742000e-03 8.5545000e-04
     50    130 0.0000000e+00 9.1904000e-04 2.4960000e-04
     50    130 1.0000000e+00 2.0956000e-03 5.4942000e-04
     50    131 0.0000000e+00 3.4910000e-04 1.1484000e-04
     50    131 1.0000000e+00 8.3197000e-04 2.7323000e-04
     50    132 0.0000000e+00 3.4546000e-04 1.2020000e-04
     50    133 0.0000000e+00 1.8583000e-05 6.7473000e-06
     50    134 0.0000000e+00 1.9598000e-06 7.0833000e-07
     50    135 0.0000000e+00 2.0179000e-09 7.6365000e-10
     51    118 0.0000000e+00 1.9780000e-11 1.2880000e-11
     51    118 1.0000000e+00 2.8067000e-11 1.8276000e-11
     51    119 0.0000000e+00 1.8862000e-09 1.1388000e-09
     51    119 1.0000000e+00 4.5495000e-10 3.1047000e-10
     51    120 0.0000000e+00 1.5325000e-08 1.0027000e-08
     51    120 1.0000000e+00 2.1746000e-08 1.4229000e-08
     51    121 0.0000000e+00 2.8921000e-04 9.2833000e-05
     51    122 0.0000000e+00 3.2772000e-06 1.7400000e-06
     51    122 1.0000000e+00 1.7412000e-06 1.0933000e-06
     51    123 0.0000000e+00 5.6156000e-04 2.1449000e-04
     51    124 0.0000000e+00 2.4497000e-05 9.9971000e-06
     51    124 1.0000000e+00 1.8759000e-05 8.2149000e-06
     51    124 2.0000000e+00 1.0785000e-05 5.5911000e-06
     51    125 0.0000000e+00 2.2650000e-03 7.9730000e-04
     51    126 0.0000000e+00 1.5383000e-04 6.9335000e-05
     51    126 1.0000000e+00 2.1188000e-04 9.0850000e-05
     51    126 2.0000000e+00 1.2007000e-04 5.8975000e-05
     51    127 0.0000000e+00 6.8338000e-03 9.3625000e-04
     51    128 0.0000000e+00 6.3199000e-03 9.8877000e-04
     51    128 1.0000000e+00 1.6951000e-03 4.5931000e-04
     51    129 0.0000000e+00 7.9341000e-03 1.9923000e-03
     51    129 1.0000000e+00 4.2085000e-03 1.1256000e-03
     51    130 0.0000000e+00 7.0608000e-03 8.6316000e-04
     51    130 1.0000000e+00 6.1418000e-03 8.3287000e-04
     51    131 0.0000000e+00 1.8267000e-02 2.0713000e-03
     51    132 0.0000000e+00 6.4577000e-03 1.4832000e-03
     51    132 1.0000000e+00 4.5048000e-03 1.1249000e-03
     51    133 0.0000000e+00 4.9920000e-03 1.5145000e-03
     51    134 0.0000000e+00 2.0034000e-04 7.0687000e-05
     51    134 1.0000000e+00 4.6544000e-04 1.6477000e-04
     51    135 0.0000000e+00 8.9684000e-05 3.3852000e-05
     51    136 0.0000000e+00 4.8415000e-06 1.8314000e-06
     51    137 0.0000000e+00 2.1002000e-08 7.6666000e-09
     52    120 0.0000000e+00 9.3126000e-12 6.0939000e-12
     52    121 0.0000000e+00 2.8691000e-10 1.3619000e-10
     52    121 1.0000000e+00 2.4056000e-10 1.3190000e-10
     52    122 0.0000000e+00 3.2100000e-06 1.7007000e-06
     52    124 0.0000000e+00 2.9187000e-05 1.1400000e-05
     52    125 0.0000000e+00 2.2662000e-03 7.9763000e-04
     52    125 1.0000000e+00 5.0770000e-04 1.8649000e-04
     52    126 0.0000000e+00 3.5115000e-04 1.3872000e-04
     52    127 0.0000000e+00 6.8630000e-03 9.4024000e-04
     52    127 1.0000000e+00 1.1667000e-03 1.8893000e-04
     52    128 0.0000000e+00 8.3484000e-03 1.2856000e-03
     52    129 0.0000000e+00 1.0873000e-02 2.6796000e-03
     52    129 1.0000000e+00 5.9031000e-03 1.4978000e-03
     52    130 0.0000000e+00 1.9348000e-02 1.6060000e-03
     52    131 0.0000000e+00 2.3163000e-02 2.1549000e-03
     52    131 1.0000000e+00 1.1156000e-02 1.7378000e-03
     52    132 0.0000000e+00 4.1219000e-02 3.9525000e-03
     52    133 0.0000000e+00 1.6840000e-02 2.6449000e-03
     52    133 1.0000000e+00 2.2180000e-02 3.6613000e-03
     52    134 0.0000000e+00 2.2056000e-02 3.8524000e-03
     52    135 0.0000000e+00 5.1794000e-03 1.7456000e-03
     52    136 0.0000000e+00 1.5349000e-03 5.6389000e-04
     52    137 0.0000000e+00 2.2493000e-04 8.1797000e-05
     52    138 0.0000000e+00 4.1424000e-05 1.5014000e-05
     52    139 0.0000000e+00 1.2812000e-06 4.7794000e-07
     52    140 0.0000000e+00 1.8578000e-09 6.7085000e-10
     53    127 0.0000000e+00 6.8930000e-03 9.4434000e-04
     53    128 0.0000000e+00 2.0819000e-06 8.1042000e-07
     53    129 0.0000000e+00 1.3089000e-02 3.2198000e-03
     53    130 0.0000000e+00 1.5962000e-04 4.4570000e-05
     53    130 1.0000000e+00 5.0161000e-05 1.7696000e-05
     53    131 0.0000000e+00 3.3578000e-02 2.8205000e-03
     53    132 0.0000000e+00 4.6417000e-02 4.4100000e-03
     53    132 1.0000000e+00 2.3445000e-03 7.3972000e-04
     53    133 0.0000000e+00 5.5033000e-02 7.2652000e-03
     53    133 1.0000000e+00 7.5462000e-03 1.8196000e-03
     53    134 0.0000000e+00 5.2212000e-02 5.4855000e-03
     53    134 1.0000000e+00 1.2921000e-02 2.2384000e-03
     53    135 0.0000000e+00 4.4938000e-02 6.9151000e-03
     53    136 0.0000000e+00 7.3898000e-03 1.7234000e-03
     53    136 1.0000000e+00 1.3709000e-02 3.4325000e-03
     53    137 0.0000000e+00 1.1350000e-02 3.1523000e-03
     53    138 0.0000000e+00 2.7983000e-03 9.5383000e-04
     53    139 0.0000000e+00 1.0803000e-03 3.9552000e-04
     53    140 0.0000000e+00 1.0303000e-04 3.7111000e-05
     53    141 0.0000000e+00 1.5989000e-05 6.0850000e-06
     53    142 0.0000000e+00 1.1028000e-08 4.1546000e-09
     54    128 0.0000000e+00 1.9383000e-06 7.5451000e-07
     54    129 0.0000000e+00 1.2033000e-09 4.4266000e-10
     54    129 1.0000000e+00 9.2161000e-10 3.8790000e-10
     54    130 0.0000000e+00 1.6921000e-04 4.4880000e-05
     54    131 0.0000000e+00 3.3600000e-02 2.8224000e-03
     54    131 1.0000000e+00 3.8083000e-04 4.9589000e-05
     54    132 0.0000000e+00 4.6985000e-02 4.4635000e-03
     54    132 1.0000000e+00 1.2720000e-04 4.4984000e-05
     54    133 0.0000000e+00 5.6238000e-02 7.4234000e-03
     54    133 1.0000000e+00 2.4181000e-03 4.3991000e-04
     54    134 0.0000000e+00 5.9629000e-02 6.2014000e-03
     54    134 1.0000000e+00 5.2865000e-03 1.5017000e-03
     54    135 0.0000000e+00 6.5314000e-02 9.6014000e-03
     54    135 1.0000000e+00 2.1919000e-02 4.0913000e-03
     54    136 0.0000000e+00 7.2404000e-02 6.5227000e-03
     54    137 0.0000000e+00 5.2372000e-02 5.0464000e-03
     54    138 0.0000000e+00 3.7208000e-02 4.9041000e-03
     54    139 0.0000000e+00 1.6230000e-02 4.0012000e-03
     54    140 0.0000000e+00 6.3522000e-03 1.8481000e-03
     54    141 0.0000000e+00 1.6508000e-03 5.9995000e-04
     54    142 0.0000000e+00 3.4075000e-04 1.2725000e-04
     54    143 0.0000000e+00 4.1787000e-05 1.5871000e-05
     54    144 0.0000000e+00 3.5393000e-06 1.3818000e-06
     54    145 0.0000000e+00 9.9980000e-10 4.0034000e-10
     55    132 0.0000000e+00 2.6565000e-08 9.4507000e-09
     55    133 0.0000000e+00 5.6244000e-02 7.4237000e-03
     55    134 0.0000000e+00 5.6852000e-05 1.5241000e-05
     55    134 1.0000000e+00 2.4122000e-05 8.7080000e-06
     55    135 0.0000000e+00 6.5998000e-02 9.7016000e-03
     55    135 1.0000000e+00 2.0946000e-04 7.8510000e-05
     55    136 0.0000000e+00 2.8195000e-03 8.0903000e-04
     55    136 1.0000000e+00 1.2779000e-03 4.5598000e-04
     55    137 0.0000000e+00 7.0341000e-02 6.2623000e-03
     55    138 0.0000000e+00 6.2094000e-02 6.4048000e-03
     55    138 1.0000000e+00 1.6429000e-02 3.1951000e-03
     55    139 0.0000000e+00 5.3585000e-02 7.1001000e-03
     55    140 0.0000000e+00 2.6794000e-02 2.9245000e-03
     55    141 0.0000000e+00 2.1714000e-02 3.9491000e-03
     55    142 0.0000000e+00 8.1546000e-03 2.2665000e-03
     55    143 0.0000000e+00 2.8784000e-03 9.8239000e-04
     55    144 0.0000000e+00 3.9412000e-04 1.1697000e-04
     55    144 1.0000000e+00 2.6046000e-04 1.0040000e-04
     55    145 0.0000000e+00 1.1931000e-04 4.7575000e-05
     55    146 0.0000000e+00 9.7522000e-06 3.9916000e-06
     55    147 0.0000000e+00 4.4864000e-09 1.8527000e-09
     56    132 0.0000000e+00 4.7817000e-10 1.7011000e-10
     56    134 0.0000000e+00 5.6858000e-05 1.5241000e-05
     56    135 0.0000000e+00 1.8669000e-06 5.6881000e-07
     56    135 1.0000000e+00 1.3201000e-06 4.9954000e-07
     56    136 0.0000000e+00 3.5136000e-03 8.5138000e-04
     56    136 1.0000000e+00 3.8695000e-05 1.4619000e-05
     56    137 0.0000000e+00 7.1047000e-02 6.3236000e-03
     56    137 1.0000000e+00 6.6901000e-02 5.9785000e-03
     56    138 0.0000000e+00 7.0999000e-02 7.2419000e-03
     56    139 0.0000000e+00 6.7341000e-02 8.6871000e-03
     56    140 0.0000000e+00 5.0647000e-02 3.0922000e-03
     56    141 0.0000000e+00 4.8076000e-02 5.9394000e-03
     56    142 0.0000000e+00 4.2981000e-02 2.7956000e-03
     56    143 0.0000000e+00 2.3651000e-02 3.1185000e-03
     56    144 0.0000000e+00 1.2105000e-02 2.4950000e-03
     56    145 0.0000000e+00 4.2739000e-03 1.3947000e-03
     56    146 0.0000000e+00 1.1417000e-03 4.3457000e-04
     56    147 0.0000000e+00 1.8833000e-04 7.6690000e-05
     56    148 0.0000000e+00 2.8199000e-05 1.1683000e-05
     56    149 0.0000000e+00 2.6025000e-06 1.1115000e-06
     56    150 0.0000000e+00 4.8130000e-10 2.1304000e-10
     57    137 0.0000000e+00 1.0725000e-06 3.9150000e-07
     57    138 0.0000000e+00 1.8946000e-05 6.8670000e-06
     57    139 0.0000000e+00 6.7657000e-02 8.7278000e-03
     57    140 0.0000000e+00 5.1617000e-02 3.1486000e-03
     57    141 0.0000000e+00 5.1978000e-02 6.3933000e-03
     57    142 0.0000000e+00 4.9462000e-02 3.1167000e-03
     57    143 0.0000000e+00 3.9169000e-02 4.2366000e-03
     57    144 0.0000000e+00 2.7108000e-02 3.5754000e-03
     57    145 0.0000000e+00 2.2366000e-02 3.0940000e-03
     57    146 0.0000000e+00 3.9272000e-03 9.1467000e-04
     57    146 1.0000000e+00 5.0105000e-03 1.3148000e-03
     57    147 0.0000000e+00 4.6772000e-03 1.2524000e-03
     57    148 0.0000000e+00 1.4225000e-03 5.0911000e-04
     57    149 0.0000000e+00 3.9232000e-04 1.5982000e-04
     57    150 0.0000000e+00 6.2004000e-05 2.7235000e-05
     57    151 0.0000000e+00 6.1144000e-06 2.4839000e-06
     57    152 0.0000000e+00 1.5400000e-09 8.1896000e-10
     58    139 0.0000000e+00 6.1675000e-09 1.8338000e-09
     58    139 1.0000000e+00 4.3610000e-09 1.6269000e-09
     58    140 0.0000000e+00 5.1636000e-02 3.1498000e-03
     58    141 0.0000000e+00 5.2106000e-02 6.4090000e-03
     58    142 0.0000000e+00 5.0082000e-02 3.1525000e-03
     58    143 0.0000000e+00 4.0823000e-02 4.4089000e-03
     58    144 0.0000000e+00 3.2410000e-02 4.1809000e-03
     58    145 0.0000000e+00 3.2946000e-02 4.1516000e-03
     58    146 0.0000000e+00 2.3161000e-02 2.9676000e-03
     58    147 0.0000000e+00 1.6816000e-02 2.1988000e-03
     58    148 0.0000000e+00 1.3552000e-02 1.6820000e-03
     58    149 0.0000000e+00 6.6599000e-03 1.4076000e-03
     58    150 0.0000000e+00 2.9196000e-03 9.0475000e-04
     58    151 0.0000000e+00 7.1906000e-04 2.5884000e-04
     58    152 0.0000000e+00 1.3140000e-04 6.8395000e-05
     58    153 0.0000000e+00 1.2937000e-05 6.9501000e-06
     58    154 0.0000000e+00 8.4277000e-09 4.9455000e-09
     58    155 0.0000000e+00 1.0195000e-10 6.7507000e-11
     59    141 0.0000000e+00 5.2106000e-02 6.4090000e-03
     59    142 0.0000000e+00 1.0641000e-06 3.0853000e-07
     59    142 1.0000000e+00 7.4572000e-07 2.8093000e-07
     59    143 0.0000000e+00 4.0839000e-02 4.4107000e-03
     59    144 0.0000000e+00 3.2458000e-02 4.1861000e-03
     59    144 1.0000000e+00 4.9094000e-04 9.2576000e-05
     59    145 0.0000000e+00 3.3340000e-02 4.2009000e-03
     59    146 0.0000000e+00 2.4126000e-02 3.0882000e-03
     59    147 0.0000000e+00 1.9398000e-02 2.5025000e-03
     59    148 0.0000000e+00 1.4363000e-02 1.7508000e-03
     59    148 1.0000000e+00 3.4089000e-03 1.0004000e-03
     59    149 0.0000000e+00 1.3641000e-02 2.2782000e-03
     59    150 0.0000000e+00 9.1573000e-03 1.9087000e-03
     59    151 0.0000000e+00 5.9829000e-03 1.0267000e-03
     59    152 0.0000000e+00 1.9295000e-03 7.6897000e-04
     59    153 0.0000000e+00 6.0409000e-04 2.8620000e-04
     59    154 0.0000000e+00 1.1861000e-04 6.7673000e-05
     59    155 0.0000000e+00 2.0032000e-05 1.3189000e-05
     59    156 0.0000000e+00 2.7073000e-06 1.6318000e-06
     59    157 0.0000000e+00 3.0797000e-10 2.1296000e-10
     60    142 0.0000000e+00 1.0639000e-06 3.0848000e-07
     60    143 0.0000000e+00 4.0839000e-02 4.4107000e-03
     60    144 0.0000000e+00 3.2458000e-02 4.1861000e-03
     60    145 0.0000000e+00 3.3347000e-02 4.2017000e-03
     60    146 0.0000000e+00 2.4174000e-02 3.0943000e-03
     60    147 0.0000000e+00 1.9564000e-02 2.5232000e-03
     60    148 0.0000000e+00 1.8479000e-02 2.1795000e-03
     60    149 0.0000000e+00 1.5348000e-02 2.5478000e-03
     60    150 0.0000000e+00 1.3084000e-02 2.6299000e-03
     60    151 0.0000000e+00 1.1240000e-02 1.5868000e-03
     60    152 0.0000000e+00 7.7954000e-03 2.3204000e-03
     60    153 0.0000000e+00 4.3005000e-03 1.3583000e-03
     60    154 0.0000000e+00 2.1532000e-03 8.6504000e-04
     60    155 0.0000000e+00 6.2303000e-04 3.5066000e-04
     60    156 0.0000000e+00 1.8915000e-04 1.0564000e-04
     60    157 0.0000000e+00 2.3080000e-05 1.5768000e-05
     60    158 0.0000000e+00 3.9691000e-06 3.3134000e-06
     60    159 0.0000000e+00 1.1186000e-09 9.5475000e-10
     60    160 0.0000000e+00 2.0874000e-11 1.8669000e-11
     61    147 0.0000000e+00 1.9565000e-02 2.5232000e-03
     61    148 0.0000000e+00 5.3849000e-07 2.0343000e-07
     61    148 1.0000000e+00 1.1291000e-06 4.6888000e-07
     61    149 0.0000000e+00 1.5373000e-02 2.5520000e-03
     61    150 0.0000000e+00 1.1564000e-04 5.0840000e-05
     61    151 0.0000000e+00 1.1771000e-02 1.6597000e-03
     61    152 0.0000000e+00 7.9825000e-03 2.3742000e-03
     61    152 1.0000000e+00 3.7357000e-04 1.8439000e-04
     61    152 2.0000000e+00 4.1320000e-04 2.0335000e-04
     61    153 0.0000000e+00 6.0137000e-03 1.8589000e-03
     61    154 0.0000000e+00 3.0465000e-03 1.1521000e-03
     61    154 1.0000000e+00 8.9330000e-04 4.0114000e-04
     61    155 0.0000000e+00 2.2832000e-03 1.0399000e-03
     61    156 0.0000000e+00 1.1020000e-03 4.5881000e-04
     61    157 0.0000000e+00 4.2104000e-04 2.3554000e-04
     61    158 0.0000000e+00 1.2506000e-04 9.6081000e-05
     61    159 0.0000000e+00 2.2932000e-05 1.9184000e-05
     61    160 0.0000000e+00 4.0796000e-06 3.6309000e-06
     61    161 0.0000000e+00 3.5454000e-09 2.7151000e-09
     61    162 0.0000000e+00 3.8279000e-11 3.7205000e-11
     62    147 0.0000000e+00 1.9565000e-02 2.5232000e-03
     62    148 0.0000000e+00 1.6111000e-06 5.0583000e-07
     62    149 0.0000000e+00 1.5373000e-02 2.5520000e-03
     62    150 0.0000000e+00 1.1841000e-04 5.1100000e-05
     62    151 0.0000000e+00 1.1800000e-02 1.6638000e-03
     62    152 0.0000000e+00 8.8440000e-03 2.6267000e-03
     62    153 0.0000000e+00 6.3030000e-03 1.9476000e-03
     62    153 1.0000000e+00 2.0454000e-04 1.0613000e-04
     62    154 0.0000000e+00 4.6549000e-03 1.7223000e-03
     62    155 0.0000000e+00 3.3360000e-03 1.4946000e-03
     62    156 0.0000000e+00 2.6094000e-03 9.7353000e-04
     62    157 0.0000000e+00 1.5525000e-03 7.1144000e-04
     62    158 0.0000000e+00 9.5150000e-04 5.7747000e-04
     62    159 0.0000000e+00 3.5973000e-04 2.4348000e-04
     62    160 0.0000000e+00 1.2833000e-04 9.9932000e-05
     62    161 0.0000000e+00 3.8417000e-05 2.7517000e-05
     62    162 0.0000000e+00 4.2070000e-06 4.0470000e-06
     62    163 0.0000000e+00 7.5069000e-09 8.3256000e-09
     62    164 0.0000000e+00 1.2534000e-10 1.9080000e-10
     62    165 0.0000000e+00 1.7735000e-12 2.3306000e-12
     63    151 0.0000000e+00 1.1800000e-02 1.6638000e-03
     63    152 0.0000000e+00 6.5253000e-09 2.8126000e-09
     63    152 1.0000000e+00 7.3471000e-10 3.9071000e-10
     63    152 2.0000000e+00 3.4405000e-09 1.8296000e-09
     63    153 0.0000000e+00 6.3048000e-03 1.9482000e-03
     63    154 0.0000000e+00 1.1629000e-05 5.7097000e-06
     63    154 1.0000000e+00 5.5110000e-06 3.2380000e-06
     63    155 0.0000000e+00 3.3796000e-03 1.5138000e-03
     63    156 0.0000000e+00 2.7060000e-03 1.0093000e-03
     63    157 0.0000000e+00 1.7896000e-03 8.1784000e-04
     63    158 0.0000000e+00 1.2163000e-03 7.3237000e-04
     63    159 0.0000000e+00 7.0909000e-04 4.5401000e-04
     63    160 0.0000000e+00 3.8516000e-04 2.6504000e-04
     63    161 0.0000000e+00 2.0461000e-04 1.1803000e-04
     63    162 0.0000000e+00 6.9004000e-05 5.7305000e-05
     63    163 0.0000000e+00 1.2570000e-05 1.3390000e-05
     63    164 0.0000000e+00 8.1125000e-07 1.2292000e-06
     63    165 0.0000000e+00 1.1641000e-08 1.5294000e-08
     63    166 0.0000000e+00 2.6639000e-10 3.0712000e-10
     63    167 0.0000000e+00 4.0651000e-12 4.5566000e-12
     64    152 0.0000000e+00 2.3496000e-09 9.2996000e-10
     64    154 0.0000000e+00 1.1628000e-05 5.7088000e-06
     64    155 0.0000000e+00 3.3796000e-03 1.5138000e-03
     64    155 1.0000000e+00 1.6221000e-08 1.0740000e-08
     64    156 0.0000000e+00 2.7105000e-03 1.0110000e-03
     64    157 0.0000000e+00 1.8074000e-03 8.2580000e-04
     64    158 0.0000000e+00 1.2737000e-03 7.6677000e-04
     64    159 0.0000000e+00 8.1848000e-04 5.2301000e-04
     64    160 0.0000000e+00 5.6484000e-04 3.8353000e-04
     64    161 0.0000000e+00 4.1706000e-04 2.2651000e-04
     64    162 0.0000000e+00 2.3820000e-04 1.7217000e-04
     64    163 0.0000000e+00 1.0896000e-04 9.3563000e-05
     64    164 0.0000000e+00 4.6291000e-05 5.7017000e-05
     64    165 0.0000000e+00 9.7876000e-06 1.1812000e-05
     64    166 0.0000000e+00 2.8651000e-06 3.1794000e-06
     64    167 0.0000000e+00 2.2694000e-08 2.5423000e-08
     64    168 0.0000000e+00 9.3336000e-10 1.1169000e-09
     64    169 0.0000000e+00 6.1558000e-12 8.2930000e-12
     65    156 0.0000000e+00 6.5610000e-11 3.1830000e-11
     65    156 1.0000000e+00 3.4865000e-11 2.1038000e-11
     65    156 2.0000000e+00 6.6411000e-12 4.0073000e-12
     65    157 0.0000000e+00 1.8478000e-09 1.2778000e-09
     65    158 0.0000000e+00 3.9539000e-08 3.1612000e-08
     65    158 1.0000000e+00 4.0038000e-09 3.3508000e-09
     65    159 0.0000000e+00 8.2092000e-04 5.2456000e-04
     65    160 0.0000000e+00 4.8836000e-06 4.3463000e-06
     65    161 0.0000000e+00 4.3376000e-04 2.3553000e-04
     65    162 0.0000000e+00 2.6001000e-04 1.8773000e-04
     65    163 0.0000000e+00 1.6159000e-04 1.3528000e-04
     65    164 0.0000000e+00 7.4660000e-05 8.7307000e-05
     65    165 0.0000000e+00 4.2661000e-05 4.2018000e-05
     65    166 0.0000000e+00 2.0057000e-05 1.7894000e-05
     65    167 0.0000000e+00 1.0904000e-05 9.8545000e-06
     65    168 0.0000000e+00 2.0031000e-06 2.2539000e-06
     65    169 0.0000000e+00 1.5267000e-08 2.0534000e-08
     65    170 0.0000000e+00 2.1795000e-10 2.3888000e-10
     65    171 0.0000000e+00 1.2672000e-11 1.9570000e-11
     66    158 0.0000000e+00 6.5874000e-09 5.2585000e-09
     66    159 0.0000000e+00 1.2429000e-10 1.0609000e-10
     66    160 0.0000000e+00 6.5123000e-06 5.3178000e-06
     66    161 0.0000000e+00 4.3385000e-04 2.3555000e-04
     66    162 0.0000000e+00 2.6094000e-04 1.8837000e-04
     66    163 0.0000000e+00 1.6912000e-04 1.4154000e-04
     66    164 0.0000000e+00 8.4414000e-05 9.8511000e-05
     66    165 0.0000000e+00 5.8593000e-05 5.6719000e-05
     66    165 1.0000000e+00 2.1189000e-06 2.6875000e-06
     66    166 0.0000000e+00 4.0100000e-05 3.2949000e-05
     66    167 0.0000000e+00 2.4747000e-05 1.9378000e-05
     66    168 0.0000000e+00 1.5018000e-05 1.2651000e-05
     66    169 0.0000000e+00 4.5988000e-06 4.3914000e-06
     66    170 0.0000000e+00 7.0802000e-07 6.3631000e-07
     66    171 0.0000000e+00 1.6194000e-08 2.4927000e-08
     66    172 0.0000000e+00 2.8226000e-09 4.3747000e-09
     66    173 0.0000000e+00 2.6068000e-11 3.9527000e-11
     67    161 0.0000000e+00 1.2799000e-11 9.2242000e-12
     67    161 1.0000000e+00 1.6972000e-12 1.2997000e-12
     67    162 0.0000000e+00 1.8723000e-10 1.6108000e-10
     67    162 1.0000000e+00 1.7884000e-10 1.7382000e-10
     67    163 0.0000000e+00 7.0929000e-09 7.4668000e-09
     67    163 1.0000000e+00 9.4052000e-10 1.0431000e-09
     67    164 0.0000000e+00 5.8540000e-08 8.1025000e-08
     67    164 1.0000000e+00 4.1025000e-08 6.2435000e-08
     67    165 0.0000000e+00 5.9181000e-05 5.7286000e-05
     67    166 0.0000000e+00 4.0957000e-05 3.3639000e-05
     67    166 1.0000000e+00 2.0070000e-06 2.2493000e-06
     67    167 0.0000000e+00 2.6724000e-05 2.0877000e-05
     67    168 0.0000000e+00 1.8012000e-05 1.4960000e-05
     67    168 1.0000000e+00 1.7615000e-06 1.9887000e-06
     67    169 0.0000000e+00 5.5154000e-06 5.1290000e-06
     67    170 0.0000000e+00 4.7998000e-07 4.5574000e-07
     67    170 1.0000000e+00 9.1294000e-07 7.4714000e-07
     67    171 0.0000000e+00 1.8765000e-06 2.1575000e-06
     67    172 0.0000000e+00 2.8701000e-07 4.2222000e-07
     67    173 0.0000000e+00 1.5519000e-08 2.3316000e-08
     67    174 0.0000000e+00 2.6806000e-09 4.0995000e-09
     67    175 0.0000000e+00 1.2711000e-10 1.9289000e-10
     68    164 0.0000000e+00 3.0284000e-08 4.1912000e-08
     68    165 0.0000000e+00 4.7708000e-10 6.2693000e-10
     68    166 0.0000000e+00 4.0968000e-05 3.3648000e-05
     68    167 0.0000000e+00 2.7713000e-05 2.1641000e-05
     68    167 1.0000000e+00 3.3245000e-06 2.9440000e-06
     68    168 0.0000000e+00 1.9023000e-05 1.5787000e-05
     68    169 0.0000000e+00 6.1996000e-06 5.7409000e-06
     68    170 0.0000000e+00 2.1007000e-06 1.5503000e-06
     68    171 0.0000000e+00 3.0121000e-06 3.2240000e-06
     68    172 0.0000000e+00 2.7574000e-06 2.9931000e-06
     68    173 0.0000000e+00 7.0547000e-07 7.7377000e-07
     68    174 0.0000000e+00 1.2310000e-06 1.4079000e-06
     68    175 0.0000000e+00 4.0120000e-08 5.9495000e-08
     68    176 0.0000000e+00 5.2191000e-09 7.8302000e-09
     68    177 0.0000000e+00 2.5616000e-10 3.8506000e-10
     69    166 0.0000000e+00 1.0529000e-12 1.0677000e-12
     69    167 0.0000000e+00 3.5771000e-11 4.0096000e-11
     69    168 0.0000000e+00 7.2203000e-10 8.6405000e-10
     69    169 0.0000000e+00 6.2045000e-06 5.7454000e-06
     69    170 0.0000000e+00 1.1462000e-08 1.2521000e-08
     69    171 0.0000000e+00 3.1243000e-06 3.3430000e-06
     69    172 0.0000000e+00 3.3189000e-06 3.5612000e-06
     69    173 0.0000000e+00 1.0366000e-06 1.0813000e-06
     69    174 0.0000000e+00 1.9054000e-06 2.0204000e-06
     69    175 0.0000000e+00 7.8177000e-07 8.3969000e-07
     69    176 0.0000000e+00 1.4497000e-07 1.8704000e-07
     69    177 0.0000000e+00 3.8558000e-08 5.4399000e-08
     69    178 0.0000000e+00 4.0483000e-09 6.0136000e-09
     69    179 0.0000000e+00 3.6198000e-10 5.4233000e-10
     70    170 0.0000000e+00 1.1462000e-08 1.2512000e-08
     70    171 0.0000000e+00 3.1247000e-06 3.3435000e-06
     70    171 1.0000000e+00 3.7281000e-10 5.7573000e-10
     70    172 0.0000000e+00 3.3312000e-06 3.5742000e-06
     70    173 0.0000000e+00 1.0555000e-06 1.1009000e-06
     70    174 0.0000000e+00 2.0953000e-06 2.2165000e-06
     70    175 0.0000000e+00 1.0475000e-06 1.0926000e-06
     70    175 1.0000000e+00 6.3720000e-07 7.0547000e-07
     70    176 0.0000000e+00 5.0180000e-07 5.2031000e-07
     70    176 1.0000000e+00 3.2255000e-07 3.5313000e-07
     70    177 0.0000000e+00 2.7743000e-07 2.9027000e-07
     70    177 1.0000000e+00 8.3418000e-08 9.8511000e-08
     70    178 0.0000000e+00 1.2956000e-07 1.4511000e-07
     70    179 0.0000000e+00 2.9732000e-08 3.9609000e-08
     70    180 0.0000000e+00 5.8900000e-09 8.5100000e-09
     70    181 0.0000000e+00 4.6429000e-10 6.9273000e-10
     71    172 0.0000000e+00 3.6140000e-12 5.1306000e-12
     71    173 0.0000000e+00 3.3973000e-11 5.1513000e-11
     71    174 0.0000000e+00 9.6800000e-10 1.3086000e-09
     71    174 1.0000000e+00 6.8114000e-10 1.0423000e-09
     71    175 0.0000000e+00 1.0551000e-06 1.1004000e-06
     71    176 0.0000000e+00 4.9994000e-08 5.9965000e-08
     71    176 1.0000000e+00 9.8622000e-09 1.4709000e-08
     71    177 0.0000000e+00 3.3967000e-07 3.5074000e-07
     71    177 1.0000000e+00 2.2689000e-08 3.2469000e-08
     71    177 2.0000000e+00 7.2157000e-10 1.0743000e-09
     71    178 0.0000000e+00 1.7259000e-07 1.8104000e-07
     71    178 1.0000000e+00 4.8778000e-08 6.4593000e-08
     71    179 0.0000000e+00 1.2662000e-07 1.3090000e-07
     71    179 1.0000000e+00 4.2580000e-08 5.0096000e-08
     71    180 0.0000000e+00 3.1975000e-08 3.5046000e-08
     71    180 1.0000000e+00 1.8868000e-08 2.2802000e-08
     71    180 2.0000000e+00 1.9127000e-08 2.5311000e-08
     71    181 0.0000000e+00 1.8898000e-08 2.3601000e-08
     71    182 0.0000000e+00 3.0392000e-09 4.3582000e-09
     71    183 0.0000000e+00 4.9642000e-10 7.3448000e-10
     71    184 0.0000000e+00 3.1469000e-11 4.7024000e-11
     72    175 0.0000000e+00 7.1791000e-12 1.0895000e-11
     72    176 0.0000000e+00 1.0010000e-08 1.4807000e-08
     72    177 0.0000000e+00 3.5886000e-07 3.7034000e-07
     72    177 1.0000000e+00 1.8286000e-08 2.5836000e-08
     72    177 2.0000000e+00 3.7433000e-10 5.4738000e-10
     72    178 0.0000000e+00 2.2911000e-07 2.3597000e-07
     72    178 1.0000000e+00 5.3756000e-08 6.8107000e-08
     72    178 2.0000000e+00 4.1151000e-10 6.1603000e-10
     72    179 0.0000000e+00 1.4624000e-07 1.5044000e-07
     72    179 1.0000000e+00 3.6567000e-09 5.3856000e-09
     72    179 2.0000000e+00 4.1006000e-09 6.0299000e-09
     72    180 0.0000000e+00 9.2672000e-08 9.5267000e-08
     72    180 1.0000000e+00 3.6226000e-08 4.1456000e-08
     72    181 0.0000000e+00 5.5665000e-08 5.7292000e-08
     72    182 0.0000000e+00 2.0614000e-08 2.2036000e-08
     72    182 1.0000000e+00 1.8008000e-08 2.0919000e-08
     72    183 0.0000000e+00 1.1560000e-08 1.3341000e-08
     72    184 0.0000000e+00 1.3696000e-09 1.9270000e-09
     72    184 1.0000000e+00 2.4511000e-09 3.3348000e-09
     72    185 0.0000000e+00 4.9247000e-10 7.1664000e-10
     72    186 0.0000000e+00 5.2382000e-11 7.8185000e-11
     72    187 0.0000000e+00 2.5039000e-12 3.7501000e-12
     73    178 0.0000000e+00 3.5962000e-12 5.3960000e-12
     73    178 1.0000000e+00 6.4688000e-12 9.1169000e-12
     73    179 0.0000000e+00 1.4871000e-10 1.9997000e-10
     73    179 1.0000000e+00 3.5859000e-11 5.2758000e-11
     73    179 2.0000000e+00 1.3386000e-12 2.0082000e-12
     73    180 0.0000000e+00 3.9870000e-10 5.9549000e-10
     73    180 1.0000000e+00 5.6426000e-10 7.6408000e-10
     73    181 0.0000000e+00 5.9540000e-08 6.1207000e-08
     73    182 0.0000000e+00 1.7185000e-08 1.8754000e-08
     73    182 1.0000000e+00 1.4777000e-08 1.6669000e-08
     73    182 2.0000000e+00 1.2319000e-08 1.4662000e-08
     73    183 0.0000000e+00 2.3505000e-08 2.4145000e-08
     73    184 0.0000000e+00 1.2782000e-08 1.3236000e-08
     73    185 0.0000000e+00 6.0701000e-09 6.4574000e-09
     73    185 1.0000000e+00 1.8200000e-09 2.4254000e-09
     73    186 0.0000000e+00 1.5490000e-09 1.9995000e-09
     73    187 0.0000000e+00 4.0330000e-10 5.6911000e-10
     73    188 0.0000000e+00 4.1383000e-11 6.1378000e-11
     73    189 0.0000000e+00 3.5816000e-12 5.3590000e-12
     74    180 0.0000000e+00 7.3365000e-11 1.0884000e-10
     74    181 0.0000000e+00 1.5836000e-11 2.3729000e-11
     74    182 0.0000000e+00 1.7343000e-08 1.8890000e-08
     74    183 0.0000000e+00 2.4230000e-08 2.4884000e-08
     74    183 1.0000000e+00 1.3538000e-09 1.5990000e-09
     74    184 0.0000000e+00 1.5458000e-08 1.5875000e-08
     74    185 0.0000000e+00 9.7470000e-09 1.0010000e-08
     74    185 1.0000000e+00 2.5999000e-09 3.3514000e-09
     74    186 0.0000000e+00 5.9651000e-09 6.1296000e-09
     74    186 1.0000000e+00 1.0748000e-09 1.4376000e-09
     74    187 0.0000000e+00 3.0545000e-09 3.2063000e-09
     74    188 0.0000000e+00 1.4078000e-09 1.5819000e-09
     74    189 0.0000000e+00 3.1422000e-10 4.2052000e-10
     74    190 0.0000000e+00 6.0452000e-11 7.5925000e-11
     74    190 1.0000000e+00 3.2118000e-11 4.7172000e-11
     74    191 0.0000000e+00 4.6529000e-12 6.9409000e-12
     75    183 0.0000000e+00 1.3994000e-12 1.8537000e-12
     75    184 0.0000000e+00 1.2941000e-11 1.6708000e-11
     75    184 1.0000000e+00 6.9422000e-12 1.0383000e-11
     75    185 0.0000000e+00 9.8587000e-09 1.0125000e-08
     75    186 0.0000000e+00 1.3725000e-10 2.0304000e-10
     75    186 1.0000000e+00 1.9476000e-10 2.8672000e-10
     75    187 0.0000000e+00 3.9963000e-09 4.1042000e-09
     75    188 0.0000000e+00 2.4643000e-09 2.5316000e-09
     75    188 1.0000000e+00 7.4040000e-10 9.4125000e-10
     75    189 0.0000000e+00 1.3993000e-09 1.4468000e-09
     75    190 0.0000000e+00 3.8028000e-10 4.1983000e-10
     75    190 1.0000000e+00 3.1605000e-10 3.9825000e-10
     75    191 0.0000000e+00 2.0179000e-10 2.5365000e-10
     75    192 0.0000000e+00 3.1759000e-11 4.5662000e-11
     75    193 0.0000000e+00 5.0437000e-12 7.4695000e-12
     76    186 0.0000000e+00 1.2981000e-10 1.9061000e-10
     76    187 0.0000000e+00 1.5887000e-11 2.3749000e-11
     76    188 0.0000000e+00 2.5590000e-09 2.6281000e-09
     76    189 0.0000000e+00 1.6323000e-09 1.6761000e-09
     76    189 1.0000000e+00 3.2106000e-10 3.7632000e-10
     76    190 0.0000000e+00 1.0412000e-09 1.0691000e-09
     76    190 1.0000000e+00 4.2881000e-10 4.7937000e-10
     76    191 0.0000000e+00 6.1764000e-10 6.3495000e-10
     76    191 1.0000000e+00 9.7350000e-11 1.3199000e-10
     76    192 0.0000000e+00 3.2572000e-10 3.3815000e-10
     76    192 1.0000000e+00 1.6502000e-10 1.9882000e-10
     76    193 0.0000000e+00 1.2477000e-10 1.4499000e-10
     76    194 0.0000000e+00 4.0040000e-11 5.2625000e-11
     76    195 0.0000000e+00 5.0661000e-12 7.3877000e-12
     77    189 0.0000000e+00 1.8890000e-12 2.3376000e-12
     77    189 1.0000000e+00 1.3357000e-12 1.7945000e-12
     77    190 0.0000000e+00 7.8026000e-12 1.0236000e-11
     77    190 1.0000000e+00 2.0097000e-12 3.0029000e-12
     77    190 2.0000000e+00 2.9084000e-12 4.3437000e-12
     77    191 0.0000000e+00 6.6399000e-10 6.8192000e-10
     77    191 1.0000000e+00 3.2430000e-10 3.4739000e-10
     77    191 2.0000000e+00 6.9056000e-12 1.0257000e-11
     77    192 0.0000000e+00 1.0051000e-10 1.1113000e-10
     77    192 1.0000000e+00 2.6352000e-11 3.7985000e-11
     77    192 2.0000000e+00 4.7804000e-11 5.8582000e-11
     77    193 0.0000000e+00 2.7021000e-10 2.7749000e-10
     77    193 1.0000000e+00 9.7045000e-11 1.1886000e-10
     77    194 0.0000000e+00 1.0688000e-10 1.1252000e-10
     77    194 1.0000000e+00 3.3420000e-11 4.4281000e-11
     77    194 2.0000000e+00 3.3420000e-11 4.4281000e-11
     77    195 0.0000000e+00 2.5087000e-11 2.9856000e-11
     77    195 1.0000000e+00 4.3127000e-11 5.2042000e-11
     77    196 0.0000000e+00 7.9979000e-12 1.1183000e-11
     77    196 1.0000000e+00 7.9740000e-12 1.1167000e-11
     77    197 0.0000000e+00 1.2310000e-12 1.8044000e-12
     77    197 1.0000000e+00 2.9540000e-12 4.2559000e-12
     78    192 0.0000000e+00 9.7664000e-11 1.0782000e-10
     78    193 0.0000000e+00 8.8030000e-12 1.1483000e-11
     78    193 1.0000000e+00 6.2246000e-12 9.1920000e-12
     78    194 0.0000000e+00 1.7186000e-10 1.7650000e-10
     78    195 0.0000000e+00 1.0994000e-10 1.1291000e-10
     78    195 1.0000000e+00 4.3169000e-11 4.9059000e-11
     78    196 0.0000000e+00 6.9299000e-11 7.1173000e-11
     78    197 0.0000000e+00 3.2713000e-11 3.4120000e-11
     78    197 1.0000000e+00 2.3677000e-11 2.6352000e-11
     78    198 0.0000000e+00 1.4832000e-11 1.6954000e-11
     78    199 0.0000000e+00 3.2780000e-12 3.9577000e-12
     78    199 1.0000000e+00 1.9497000e-12 2.7417000e-12
     79    195 0.0000000e+00 1.3776000e-12 1.8125000e-12
     79    196 0.0000000e+00 3.9734000e-12 4.7919000e-12
     79    196 1.0000000e+00 2.7846000e-12 3.6296000e-12
     79    197 0.0000000e+00 4.4515000e-11 4.5672000e-11
     79    197 1.0000000e+00 8.5736000e-12 1.1097000e-11
     79    198 0.0000000e+00 1.2123000e-11 1.3608000e-11
     79    198 1.0000000e+00 3.9679000e-12 5.4357000e-12
     79    199 0.0000000e+00 1.5405000e-11 1.5943000e-11
     79    200 0.0000000e+00 3.7316000e-12 4.5311000e-12
     79    200 1.0000000e+00 1.9782000e-12 2.6635000e-12
     80    198 0.0000000e+00 1.3279000e-11 1.4578000e-11
     80    199 0.0000000e+00 1.8142000e-11 1.8632000e-11
     80    199 1.0000000e+00 1.9356000e-12 2.7258000e-12
     80    200 0.0000000e+00 1.0861000e-11 1.1163000e-11


