    1   9.9194E-06
    2   3.0314E-06
    3   4.3249E-05
    4   7.2052E-04
    6   1.0804E-05
    7   3.1560E-07
    8   3.3830E-07
    9   1.9488E-07
   10   1.8673E-07
   66   1.1269E-08
   67   4.2611E-08
   68   1.3934E-07
   69   3.3626E-07
   70   6.7618E-07
   71   1.6361E-06
   72   4.1386E-06
   73   6.2076E-06
   74   1.1785E-05
   75   2.8551E-05
   76   6.8581E-05
   77   1.1696E-04
   78   3.5317E-04
   79   7.7017E-04
   80   2.0321E-03
   81   4.6757E-03
   82   1.0784E-02
   83   2.2064E-02
   84   4.8733E-02
   85   3.5766E-02
   86   6.5222E-02
   87   7.2219E-02
   88   7.5110E-02
   89   7.0960E-02
   90   7.7521E-02
   91   7.3637E-02
   92   6.9721E-02
   93   6.8067E-02
   94   5.3441E-02
   95   5.6849E-02
   96   4.7532E-02
   97   4.4059E-02
   98   3.6647E-02
   99   2.9040E-02
  100   1.3703E-02
  101   7.1178E-03
  102   3.6756E-03
  103   1.5483E-03
  104   9.0845E-04
  105   5.2358E-04
  106   4.8271E-04
  107   4.9885E-04
  108   6.2154E-04
  109   6.5216E-04
  110   7.1034E-04
  111   7.1371E-04
  112   7.8105E-04
  113   7.7898E-04
  114   7.3392E-04
  115   7.7134E-04
  116   7.4221E-04
  117   7.3332E-04
  118   6.3187E-04
  119   5.7124E-04
  120   5.4325E-04
  121   4.8791E-04
  122   3.6526E-04
  123   2.9328E-04
  124   2.6465E-04
  125   3.2938E-04
  126   4.8240E-04
  127   1.0120E-03
  128   1.8265E-03
  129   2.5243E-03
  130   9.4639E-03
  131   1.6228E-02
  132   2.9653E-02
  133   4.0595E-02
  134   5.4015E-02
  135   5.5642E-02
  136   6.0493E-02
  137   5.5228E-02
  138   6.3169E-02
  139   7.0442E-02
  140   1.5931E-01
  141   7.3530E-02
  142   6.6094E-02
  143   1.0039E-01
  144   7.9785E-02
  145   5.2132E-02
  146   4.5457E-02
  147   3.3974E-02
  148   2.0091E-02
  149   1.0785E-02
  150   5.5906E-03
  151   4.2897E-03
  152   7.5519E-04
  153   3.0998E-04
  154   6.8736E-05
  155   3.6157E-05
  156   2.6891E-05
  157   9.4617E-06
  158   4.6384E-06
  159   9.7666E-07
  160   6.9176E-07
  161   1.4495E-07
  162   7.9772E-08
  163   4.6384E-08
  164   2.0393E-08
  165   3.5288E-09
  166   1.3795E-09
  167   9.7665E-10
  168   5.2982E-10
  169   2.6890E-10
  170   1.0696E-10
  171   4.6384E-11
  172   2.3891E-11
