   66   8.1301E-13
   67   2.4500E-12
   68   8.1301E-12
   69   2.4500E-11
   70   8.1301E-11
   71   2.4500E-10
   72   8.1301E-10
   73   2.5500E-09
   74   8.1301E-09
   75   2.4500E-08
   76   8.1301E-08
   77   2.5500E-07
   78   8.1401E-07
   79   3.3701E-06
   80   8.1801E-06
   81   4.0261E-05
   82   1.2246E-04
   83   2.9089E-04
   84   1.0703E-03
   85   8.1399E-04
   86   9.8528E-03
   87   1.5452E-02
   88   2.5867E-02
   89   3.9551E-02
   90   5.4314E-02
   91   5.8210E-02
   92   5.8611E-02
   93   6.2156E-02
   94   6.5010E-02
   95   6.6067E-02
   96   6.6795E-02
   97   6.5407E-02
   98   6.4974E-02
   99   6.0713E-02
  100   6.1309E-02
  101   6.5380E-02
  102   6.1609E-02
  103   4.5575E-02
  104   3.7449E-02
  105   7.8618E-03
  106   2.6978E-03
  107   1.3903E-03
  108   8.1324E-04
  109   1.1855E-04
  110   9.7922E-05
  111   8.5651E-05
  112   5.8591E-05
  113   5.1031E-05
  114   4.1101E-05
  115   3.8271E-05
  116   3.5541E-05
  117   3.2800E-05
  118   3.1891E-05
  119   3.7931E-05
  120   3.7931E-05
  121   3.8901E-05
  122   4.1891E-05
  123   4.4891E-05
  124   4.9871E-05
  125   5.9891E-05
  126   6.9851E-05
  127   1.3971E-04
  128   1.9952E-04
  129   2.6590E-04
  130   1.3966E-03
  131   4.4890E-03
  132   3.3263E-02
  133   5.5996E-02
  134   4.8374E-02
  135   5.2132E-02
  136   5.7145E-02
  137   5.8095E-02
  138   6.4411E-02
  139   6.8404E-02
  140   6.7990E-02
  141   6.8903E-02
  142   6.3002E-02
  143   7.1610E-02
  144   6.2129E-02
  145   5.9977E-02
  146   5.2435E-02
  147   4.3991E-02
  148   3.0433E-02
  149   2.2011E-02
  150   9.9823E-03
  151   1.9950E-03
  152   4.9875E-04
  153   1.9950E-04
  154   7.9801E-05
  155   2.9920E-05
  156   9.9702E-06
  157   3.9901E-06
  158   9.9702E-07
  159   1.9900E-07
  160   4.9901E-08
  161   1.5000E-08
  162   5.9801E-09
  163   9.9702E-10
  164   2.9900E-10
  165   9.9802E-11
  166   3.9901E-11
  167   9.9702E-12
  168   3.9901E-12
  169   1.9900E-12
  170   9.9702E-13
  171   2.9900E-13
  172   9.9802E-14
