   66   6.9960E-05
   67   8.9953E-05
   68   1.2993E-04
   69   1.7991E-04
   70   2.4987E-04
   71   3.4982E-04
   72   4.6974E-04
   73   6.7972E-04
   74   8.9951E-04
   75   1.2993E-03
   76   1.6991E-03
   77   2.4991E-03
   78   3.4981E-03
   79   4.7982E-03
   80   6.3966E-03
   81   7.9958E-03
   82   1.0994E-02
   83   1.4994E-02
   84   1.8028E-02
   85   2.6730E-02
   86   3.3317E-02
   87   4.3845E-02
   88   6.2090E-02
   89   6.9173E-02
   90   6.5993E-02
   91   7.1589E-02
   92   6.8503E-02
   93   7.2937E-02
   94   6.2279E-02
   95   6.2005E-02
   96   5.8000E-02
   97   5.4326E-02
   98   4.7002E-02
   99   4.2085E-02
  100   2.9990E-02
  101   1.9994E-02
  102   1.4995E-02
  103   1.0611E-02
  104   3.4981E-03
  105   2.4331E-03
  106   9.9945E-04
  107   2.5986E-04
  108   8.1951E-05
  109   8.9973E-05
  110   8.2952E-05
  111   9.1413E-05
  112   1.0994E-04
  113   1.3993E-04
  114   1.5991E-04
  115   1.8783E-04
  116   1.5468E-04
  117   1.4501E-04
  118   1.1435E-04
  119   8.7002E-05
  120   8.1201E-05
  121   8.6372E-05
  122   1.4294E-04
  123   1.9058E-04
  124   3.1445E-04
  125   1.5832E-03
  126   2.2868E-03
  127   3.8294E-03
  128   1.0634E-02
  129   1.7653E-02
  130   2.9969E-02
  131   3.7490E-02
  132   5.1713E-02
  133   5.8046E-02
  134   5.2279E-02
  135   5.3202E-02
  136   6.8140E-02
  137   7.8056E-02
  138   5.6401E-02
  139   7.1213E-02
  140   7.3053E-02
  141   6.9142E-02
  142   6.3518E-02
  143   5.0862E-02
  144   4.3299E-02
  145   3.1159E-02
  146   2.5051E-02
  147   1.2056E-02
  148   9.5208E-03
  149   6.6701E-03
  150   4.9551E-03
  151   3.4303E-03
  152   2.6680E-03
  153   1.9057E-03
  154   1.3341E-03
  155   1.0481E-03
  156   7.6228E-04
  157   5.2407E-04
  158   3.3351E-04
  159   2.0963E-04
  160   1.4293E-04
  161   8.5752E-05
  162   5.7168E-05
  163   3.5255E-05
  164   2.3823E-05
  165   1.7152E-05
  166   1.1432E-05
  167   7.6211E-06
  168   4.7607E-06
  169   3.0504E-06
  170   2.1003E-06
  171   1.4302E-06
  172   9.5313E-07
