   66   1.2200E-08
   67   2.0400E-08
   68   6.1200E-08
   69   2.0400E-07
   70   7.1400E-07
   71   1.8300E-06
   72   4.2800E-06
   73   4.6100E-06
   74   1.2670E-05
   75   2.4330E-05
   76   7.8560E-05
   77   2.1288E-04
   78   3.6494E-04
   79   6.7414E-04
   80   1.1152E-03
   81   1.8247E-03
   82   2.7371E-03
   83   3.7853E-03
   84   6.1332E-03
   85   7.0971E-03
   86   1.0428E-02
   87   1.1853E-02
   88   1.6014E-02
   89   2.0744E-02
   90   2.4347E-02
   91   2.9488E-02
   92   3.4777E-02
   93   4.1127E-02
   94   4.7409E-02
   95   4.4241E-02
   96   5.3336E-02
   97   5.6561E-02
   98   5.6221E-02
   99   6.1125E-02
  100   6.1087E-02
  101   6.0481E-02
  102   6.1392E-02
  103   5.8969E-02
  104   5.7067E-02
  105   4.7626E-02
  106   4.2407E-02
  107   3.0107E-02
  108   2.1406E-02
  109   1.2165E-02
  110   6.0823E-03
  111   3.0582E-03
  112   1.6310E-03
  113   8.2404E-04
  114   8.1552E-04
  115   8.3435E-04
  116   7.5015E-04
  117   7.5015E-04
  118   7.4416E-04
  119   7.2887E-04
  120   7.4884E-04
  121   7.7829E-04
  122   8.1821E-04
  123   9.2797E-04
  124   1.0976E-03
  125   1.4977E-03
  126   2.3036E-03
  127   3.6941E-03
  128   6.5909E-03
  129   1.1183E-02
  130   2.2266E-02
  131   3.9157E-02
  132   5.3042E-02
  133   5.8735E-02
  134   6.6044E-02
  135   6.7452E-02
  136   7.3142E-02
  137   6.5103E-02
  138   6.2962E-02
  139   5.7240E-02
  140   5.6143E-02
  141   4.7852E-02
  142   5.8753E-02
  143   4.5354E-02
  144   3.9259E-02
  145   3.2365E-02
  146   2.7670E-02
  147   2.2365E-02
  148   1.7573E-02
  149   1.5975E-02
  150   9.7786E-03
  151   9.0801E-03
  152   6.7851E-03
  153   4.6897E-03
  154   3.1930E-03
  155   2.3948E-03
  156   1.5965E-03
  157   9.9781E-04
  158   7.9721E-04
  159   3.5921E-04
  160   1.9956E-04
  161   1.0234E-04
  162   3.7440E-05
  163   1.7960E-05
  164   6.9800E-06
  165   3.0000E-06
  166   1.3000E-06
  167   4.4900E-07
  168   6.9800E-08
  169   3.9900E-08
  170   1.7000E-08
  171   6.9800E-09
  172   3.7900E-09
