66    0.0000000e+00
67    0.0000000e+00
68    0.0000000e+00
69    0.0000000e+00
70    0.0000000e+00
71    0.0000000e+00
72    0.0000000e+00
73    0.0000000e+00
74    0.0000000e+00
75    0.0000000e+00
76    4.4198900e-13
77    0.0000000e+00
78    0.0000000e+00
79    0.0000000e+00
80    8.2297900e-14
81    0.0000000e+00
82    2.9599300e-10
83    0.0000000e+00
84    0.0000000e+00
85    0.0000000e+00
86    8.2397900e-11
87    0.0000000e+00
88    0.0000000e+00
89    0.0000000e+00
90    0.0000000e+00
91    0.0000000e+00
92    0.0000000e+00
93    0.0000000e+00
94    2.5199400e-13
95    0.0000000e+00
96    0.0000000e+00
97    0.0000000e+00
98    0.0000000e+00
99    0.0000000e+00
100    3.6599100e-11
101    0.0000000e+00
102    0.0000000e+00
103    0.0000000e+00
104    1.1999700e-12
105    0.0000000e+00
106    0.0000000e+00
107    0.0000000e+00
108    4.8698800e-14
109    0.0000000e+00
110    4.5398900e-10
111    0.0000000e+00
112    0.0000000e+00
113    0.0000000e+00
114    4.8298800e-11
115    0.0000000e+00
116    1.9099500e-10
117    0.0000000e+00
118    0.0000000e+00
119    0.0000000e+00
120    0.0000000e+00
121    0.0000000e+00
122    0.0000000e+00
123    0.0000000e+00
124    0.0000000e+00
125    9.7497600e-12
126    0.0000000e+00
127    0.0000000e+00
128    0.0000000e+00
129    0.0000000e+00
130    1.8499500e-11
131    0.0000000e+00
132    0.0000000e+00
133    0.0000000e+00
134    2.7899300e-10
135    0.0000000e+00
136    4.3848900e-07
137    2.1799500e-13
138    1.9699500e-11
139    2.7799300e-14
140    0.0000000e+00
141    0.0000000e+00
142    2.9699300e-13
143    0.0000000e+00
144    0.0000000e+00
145    0.0000000e+00
146    0.0000000e+00
147    0.0000000e+00
148    2.7899300e-11
149    0.0000000e+00
150    4.1899000e-08
151    0.0000000e+00
152    4.7698800e-13
153    0.0000000e+00
154    1.3599700e-09
155    0.0000000e+00
156    0.0000000e+00
157    2.5999400e-13
158    2.7499300e-11
159    0.0000000e+00
160    1.1299700e-08
161    0.0000000e+00
162    3.6899100e-14
163    1.4599600e-12
164    3.4999100e-11
165    4.6498800e-14
166    0.0000000e+00
167    0.0000000e+00
168    4.4798900e-14
169    0.0000000e+00
170    1.5299600e-11
171    0.0000000e+00
172    0.0000000e+00
