66    0.0000000e+00
67    0.0000000e+00
68    0.0000000e+00
69    0.0000000e+00
70    7.7698100e-13
71    0.0000000e+00
72    0.0000000e+00
73    0.0000000e+00
74    2.0899500e-13
75    0.0000000e+00
76    7.5598100e-10
77    0.0000000e+00
78    0.0000000e+00
79    0.0000000e+00
80    4.8198800e-10
81    0.0000000e+00
82    2.2299400e-07
83    0.0000000e+00
84    5.1898700e-12
85    0.0000000e+00
86    5.5098600e-08
87    0.0000000e+00
88    0.0000000e+00
89    0.0000000e+00
90    0.0000000e+00
91    0.0000000e+00
92    0.0000000e+00
93    0.0000000e+00
94    4.4598900e-09
95    0.0000000e+00
96    0.0000000e+00
97    0.0000000e+00
98    1.6299600e-10
99    0.0000000e+00
100    2.5299400e-07
101    0.0000000e+00
102    4.4498900e-13
103    0.0000000e+00
104    2.1099500e-08
105    0.0000000e+00
106    0.0000000e+00
107    0.0000000e+00
108    1.8499500e-09
109    0.0000000e+00
110    1.7799600e-06
111    0.0000000e+00
112    8.2797900e-11
113    0.0000000e+00
114    3.3199200e-07
115    0.0000000e+00
116    2.4699400e-06
117    0.0000000e+00
118    0.0000000e+00
119    0.0000000e+00
120    0.0000000e+00
121    0.0000000e+00
122    0.0000000e+00
123    0.0000000e+00
124    0.0000000e+00
125    1.9499500e-11
126    7.0598200e-12
127    0.0000000e+00
128    0.0000000e+00
129    0.0000000e+00
130    4.7998800e-07
131    0.0000000e+00
132    1.4599600e-13
133    0.0000000e+00
134    1.0899700e-06
135    0.0000000e+00
136    2.9264300e-04
137    2.1799500e-13
138    5.1898700e-08
139    2.7799300e-14
140    0.0000000e+00
141    0.0000000e+00
142    7.4898100e-09
143    0.0000000e+00
144    0.0000000e+00
145    0.0000000e+00
146    5.5798600e-11
147    0.0000000e+00
148    2.0799500e-07
149    0.0000000e+00
150    1.9279500e-05
151    0.0000000e+00
152    4.5598900e-09
153    0.0000000e+00
154    2.5799400e-06
155    0.0000000e+00
156    0.0000000e+00
157    2.5999400e-13
158    2.1399500e-08
159    0.0000000e+00
160    6.7398300e-06
161    0.0000000e+00
162    3.6899100e-14
163    1.4599600e-12
164    3.8299000e-08
165    4.6498800e-14
166    0.0000000e+00
167    0.0000000e+00
168    4.4798900e-14
169    0.0000000e+00
170    1.3799700e-08
171    0.0000000e+00
172    0.0000000e+00
