    1   9.9194E-06
    2   3.0314E-06
    3   4.3249E-05
    4   7.9007E-04
    6   1.0741E-05
    7   4.9950E-07
    8   2.0079E-07
    9   3.3263E-07
   10   2.9000E-06
   66   1.1329E-08
   67   3.9009E-08
   68   1.4285E-07
   69   3.3029E-07
   70   6.5381E-07
   71   1.6608E-06
   72   4.1409E-06
   73   6.2042E-06
   74   1.1842E-05
   75   2.8254E-05
   76   6.7179E-05
   77   1.1766E-04
   78   3.5284E-04
   79   7.6983E-04
   80   1.9426E-03
   81   4.3581E-03
   82   1.0735E-02
   83   2.1697E-02
   84   4.0246E-02
   85   4.1951E-02
   86   6.5580E-02
   87   7.0893E-02
   88   7.2540E-02
   89   7.4647E-02
   90   7.9189E-02
   91   7.3402E-02
   92   6.9428E-02
   93   6.7022E-02
   94   5.5583E-02
   95   5.6508E-02
   96   4.7753E-02
   97   4.4778E-02
   98   3.6040E-02
   99   2.9730E-02
  100   1.4039E-02
  101   7.1225E-03
  102   3.6691E-03
  103   1.5503E-03
  104   9.1011E-04
  105   5.2219E-04
  106   4.9937E-04
  107   4.9019E-04
  108   6.1360E-04
  109   6.6038E-04
  110   7.2479E-04
  111   7.0272E-04
  112   7.8253E-04
  113   7.8058E-04
  114   7.3499E-04
  115   7.6985E-04
  116   7.4102E-04
  117   7.3430E-04
  118   6.3273E-04
  119   5.7204E-04
  120   5.4378E-04
  121   4.8797E-04
  122   3.7457E-04
  123   2.9354E-04
  124   2.6467E-04
  125   3.2949E-04
  126   4.8032E-04
  127   1.0143E-03
  128   1.8239E-03
  129   2.5193E-03
  130   9.5506E-03
  131   1.6240E-02
  132   2.9717E-02
  133   4.0427E-02
  134   5.3811E-02
  135   5.4856E-02
  136   5.6367E-02
  137   5.8400E-02
  138   6.4424E-02
  139   7.1008E-02
  140   7.8749E-02
  141   7.4619E-02
  142   6.5217E-02
  143   6.6584E-02
  144   7.9240E-02
  145   5.3361E-02
  146   4.5595E-02
  147   2.9745E-02
  148   2.0035E-02
  149   1.0824E-02
  150   5.6299E-03
  151   3.6317E-03
  152   7.5538E-04
  153   3.1005E-04
  154   6.8826E-05
  155   3.6090E-05
  156   2.6906E-05
  157   9.3217E-06
  158   4.6414E-06
  159   9.7706E-07
  160   6.9191E-07
  161   1.4487E-07
  162   7.9761E-08
  163   4.6508E-08
  164   2.0314E-08
  165   3.5363E-09
  166   1.3863E-09
  167   9.7647E-10
  168   5.3011E-10
  169   2.6889E-10
  170   1.0682E-10
  171   4.6400E-11
  172   2.3898E-11
