#  n-Pu239-MT454-E0000.500.endfb8.1.txt  independent fission yields
#   0    94   239  94xx  5.0000E-01        1265
   43    23    66     0       3.597070E-18       2.302120E-18
   42    24    66     0       8.919020E-14       5.708170E-14
   43    24    67     0       0.000000E+00       0.000000E+00
   44    24    68     0       0.000000E+00       0.000000E+00
   45    24    69     0       4.849930E-17       3.103950E-17
   46    24    70     0       0.000000E+00       0.000000E+00
   41    25    66     0       4.039520E-11       2.585360E-11
   42    25    67     0       1.579890E-11       1.011130E-11
   43    25    68     0       3.089790E-12       1.977470E-12
   44    25    69     0       6.299080E-13       4.031410E-13
   45    25    70     0       5.259640E-14       3.366170E-14
   46    25    71     0       0.000000E+00       0.000000E+00
   47    25    72     0       1.834830E-16       1.174290E-16
   39    26    65     0       0.000000E+00       0.000000E+00
   40    26    66     0       2.352303E-09       1.358636E-09
   41    26    67     0       2.330466E-09       1.479436E-09
   42    26    68     0       1.609745E-09       1.029951E-09
   43    26    69     0       8.499260E-10       5.439580E-10
   44    26    70     0       2.609810E-10       1.670280E-10
   45    26    71     0       3.849730E-11       2.463830E-11
   46    26    72     0       4.549510E-12       2.911680E-12
   47    26    73     0       1.509890E-13       9.663320E-14
   48    26    74     0       0.000000E+00       0.000000E+00
   49    26    75     0       3.048520E-16       1.951060E-16
   50    26    76     0       0.000000E+00       0.000000E+00
   38    27    65     0       0.000000E+00       0.000000E+00
   39    27    66     0       4.521675E-09       1.570699E-09
   40    27    67     0       1.412533E-08       5.829596E-09
   41    27    68     0       2.227129E-08       1.323433E-08
   42    27    69     0       3.936544E-08       2.481389E-08
   43    27    70     0       3.009439E-08       1.923466E-08
   44    27    71     0       1.579913E-08       1.011055E-08
   45    27    72     0       4.879648E-09       3.122988E-09
   46    27    73     0       5.959590E-10       3.814130E-10
   47    27    74     0       7.149500E-11       4.575680E-11
   48    27    75     0       3.959430E-12       2.534030E-12
   49    27    76     0       1.989860E-13       1.273510E-13
   50    27    77     0       9.838010E-15       6.296330E-15
   37    28    65     0       0.000000E+00       0.000000E+00
   38    28    66     0       1.705926E-09       1.038084E-09
   39    28    67     0       1.171729E-08       5.794192E-09
   40    28    68     0       5.493035E-08       1.343937E-08
   41    28    69     0       2.090811E-07       4.352749E-08
   42    28    70     0       4.969931E-07       1.436726E-07
   43    28    71     0       6.123608E-07       3.447823E-07
   44    28    72     0       6.397120E-07       4.016593E-07
   45    28    73     0       1.969388E-07       1.259636E-07
   46    28    74     0       8.449058E-08       5.407507E-08
   47    28    75     0       1.269914E-08       8.127438E-09
   48    28    76     0       2.369837E-09       1.516691E-09
   49    28    77     0       2.069760E-10       1.324640E-10
   50    28    78     0       1.169920E-11       7.487490E-12
   51    28    79     0       3.802960E-13       2.433890E-13
   52    28    80     0       0.000000E+00       0.000000E+00
   54    28    82     0       0.000000E+00       0.000000E+00
   36    29    65     0       0.000000E+00       0.000000E+00
   37    29    66     0       2.049800E-11       1.311900E-11
   38    29    67     0       4.789980E-10       3.064360E-10
   39    29    68     0       1.389802E-09       8.892960E-10
   39    29    68     1       3.758964E-09       2.401441E-09
   40    29    69     0       6.002178E-08       3.702464E-08
   41    29    70     0       6.717766E-08       4.269191E-08
   41    29    70     1       2.377619E-07       1.377550E-07
   41    29    70     2       0.000000E+00       0.000000E+00
   42    29    71     0       1.111257E-06       3.620386E-07
   43    29    72     0       2.536021E-06       1.024554E-06
   44    29    73     0       2.462327E-06       1.351269E-06
   45    29    74     0       2.516718E-06       1.580868E-06
   46    29    75     0       1.329836E-06       8.487687E-07
   47    29    76     0       6.329177E-07       4.050349E-07
   48    29    77     0       2.059832E-07       1.318309E-07
   49    29    78     0       3.069789E-08       1.964670E-08
   50    29    79     0       4.939274E-09       3.161136E-09
   51    29    80     0       2.669810E-10       1.708680E-10
   52    29    81     0       1.089920E-11       6.975520E-12
   53    29    82     0       2.019860E-13       1.292710E-13
   54    29    83     0       1.055100E-14       6.752580E-15
   36    30    66     0       3.069790E-14       1.964670E-14
   37    30    67     0       1.919870E-12       1.228720E-12
   38    30    68     0       7.259470E-11       4.646070E-11
   39    30    69     0       3.529730E-10       2.259040E-10
   39    30    69     1       1.719820E-09       1.100690E-09
   40    30    70     0       3.449297E-08       2.203622E-08
   41    30    71     0       4.819924E-08       3.082437E-08
   41    30    71     1       2.350440E-07       1.478733E-07
   42    30    72     0       1.957622E-06       1.004324E-06
   43    30    73     0       4.029631E-06       1.362159E-06
   44    30    74     0       1.227559E-05       1.872047E-06
   45    30    75     0       1.484420E-05       4.818033E-06
   46    30    76     0       2.261045E-05       1.140393E-05
   47    30    77     0       1.826460E-05       1.138591E-05
   48    30    78     0       9.467075E-06       6.048940E-06
   49    30    79     0       4.029447E-06       2.578819E-06
   50    30    80     0       7.949344E-07       5.087645E-07
   51    30    81     0       8.859371E-08       5.670006E-08
   52    30    82     0       6.529552E-09       4.178915E-09
   53    30    83     0       2.219750E-10       1.420640E-10
   54    30    84     0       5.769600E-12       3.692550E-12
   55    30    85     0       1.524260E-13       9.755290E-14
   56    30    86     0       0.000000E+00       0.000000E+00
   35    31    66     0       0.000000E+00       0.000000E+00
   36    31    67     0       0.000000E+00       0.000000E+00
   37    31    68     0       2.439830E-14       1.561490E-14
   38    31    69     0       2.539830E-12       1.625490E-12
   39    31    70     0       1.089920E-10       6.975530E-11
   40    31    71     0       3.109801E-09       1.990250E-09
   41    31    72     0       2.589777E-08       1.657434E-08
   41    31    72     1       2.589777E-08       1.657434E-08
   42    31    73     0       3.458302E-07       2.208391E-07
   43    31    74     0       1.169267E-06       7.455703E-07
   43    31    74     1       1.169267E-06       7.455703E-07
   44    31    75     0       8.618215E-06       4.776273E-06
   45    31    76     0       2.797880E-05       1.156837E-05
   46    31    77     0       6.975445E-05       2.138954E-05
   47    31    78     0       8.155191E-05       4.433964E-05
   48    31    79     0       1.165753E-04       6.959441E-05
   49    31    80     0       5.639994E-05       3.598426E-05
   50    31    81     0       2.275277E-05       1.456173E-05
   51    31    82     0       4.619407E-06       2.956578E-06
   52    31    83     0       6.119534E-07       3.916527E-07
   53    31    84     0       4.509687E-08       2.886200E-08
   54    31    85     0       1.979708E-09       1.267015E-09
   55    31    86     0       4.439690E-11       2.841400E-11
   56    31    87     0       1.221440E-12       7.817170E-13
   34    32    66     0       0.000000E+00       0.000000E+00
   35    32    67     0       0.000000E+00       0.000000E+00
   36    32    68     0       0.000000E+00       0.000000E+00
   37    32    69     0       0.000000E+00       0.000000E+00
   38    32    70     0       4.009720E-14       2.566220E-14
   39    32    71     0       1.509890E-12       9.663320E-13
   39    32    71     1       1.509890E-12       9.663320E-13
   40    32    72     0       1.829880E-10       1.171120E-10
   41    32    73     0       2.579809E-09       1.651085E-09
   41    32    73     1       5.279630E-10       3.378970E-10
   42    32    74     0       7.229250E-08       4.626803E-08
   43    32    75     0       7.819451E-08       5.004401E-08
   43    32    75     1       5.739569E-07       3.671313E-07
   44    32    76     0       6.705815E-06       4.221654E-06
   45    32    77     0       3.301327E-05       1.924228E-05
   45    32    77     1       4.509047E-06       2.881566E-06
   46    32    78     0       1.299666E-04       4.463491E-05
   47    32    79     0       2.039155E-04       1.007680E-04
   47    32    79     1       2.039155E-04       1.007680E-04
   48    32    80     0       6.010927E-04       1.486871E-04
   49    32    81     0       5.703575E-04       2.856546E-04
   49    32    81     1       0.000000E+00       0.000000E+00
   50    32    82     0       4.068512E-04       2.426959E-04
   51    32    83     0       1.425257E-04       9.109357E-05
   52    32    84     0       3.973835E-05       2.542271E-05
   53    32    85     0       4.999424E-06       3.199775E-06
   54    32    86     0       4.529661E-07       2.899000E-07
   55    32    87     0       2.569697E-08       1.644606E-08
   56    32    88     0       7.559480E-10       4.838060E-10
   57    32    89     0       9.853820E-12       6.306450E-12
   58    32    90     0       1.097850E-12       7.026240E-13
   36    33    69     0       0.000000E+00       0.000000E+00
   38    33    71     0       0.000000E+00       0.000000E+00
   39    33    72     0       1.449900E-14       9.279360E-15
   40    33    73     0       9.139370E-13       5.849200E-13
   41    33    74     0       1.509890E-11       9.663320E-12
   41    33    74     1       4.089720E-11       2.617420E-11
   42    33    75     0       1.869874E-09       1.196719E-09
   42    33    75     1       0.000000E+00       0.000000E+00
   43    33    76     0       4.839642E-08       3.097389E-08
   44    33    77     0       9.439110E-07       6.040755E-07
   45    33    78     0       7.648949E-06       4.889629E-06
   46    33    79     0       7.660140E-05       4.760778E-05
   47    33    80     0       2.446537E-04       1.452110E-04
   48    33    81     0       7.040397E-04       2.873428E-04
   49    33    82     0       5.691384E-04       3.120673E-04
   49    33    82     1       5.691384E-04       3.120673E-04
   50    33    83     0       1.296936E-03       6.047426E-04
   51    33    84     0       4.524169E-04       2.829389E-04
   51    33    84     1       4.524224E-04       2.829114E-04
   52    33    85     0       4.166820E-04       2.663190E-04
   53    33    86     0       1.045415E-04       6.694809E-05
   54    33    87     0       2.269501E-05       1.452678E-05
   55    33    88     0       1.929829E-06       1.235116E-06
   56    33    89     0       1.279812E-07       8.190809E-08
   57    33    90     0       1.209838E-08       7.742986E-09
   58    33    91     0       5.227930E-11       3.345880E-11
   59    33    92     0       2.355030E-12       1.507220E-12
   38    34    72     0       0.000000E+00       0.000000E+00
   39    34    73     0       0.000000E+00       0.000000E+00
   39    34    73     1       0.000000E+00       0.000000E+00
   40    34    74     0       0.000000E+00       0.000000E+00
   41    34    75     0       4.449690E-13       2.847800E-13
   42    34    76     0       4.259710E-11       2.726210E-11
   43    34    77     0       3.009790E-10       1.926270E-10
   43    34    77     1       2.209846E-09       1.414308E-09
   44    34    78     0       6.449556E-08       4.127717E-08
   45    34    79     0       1.459905E-06       9.343256E-07
   45    34    79     1       1.979870E-07       1.267116E-07
   46    34    80     0       1.761032E-05       1.126554E-05
   47    34    81     0       1.434986E-05       9.182232E-06
   47    34    81     1       1.053111E-04       6.691993E-05
   48    34    82     0       6.234908E-04       3.284245E-04
   49    34    83     0       1.331487E-03       6.054056E-04
   49    34    83     1       2.726259E-04       1.726445E-04
   50    34    84     0       3.420592E-03       4.557603E-04
   51    34    85     0       1.847285E-03       9.952819E-04
   51    34    85     1       1.843023E-03       9.940709E-04
   52    34    86     0       3.242600E-03       1.308571E-03
   53    34    87     0       1.778712E-03       9.368394E-04
   54    34    88     0       5.765955E-04       3.689804E-04
   55    34    89     0       1.079191E-04       6.912509E-05
   56    34    90     0       1.489468E-05       9.533990E-06
   57    34    91     0       1.099862E-06       7.039180E-07
   58    34    92     0       5.839355E-08       3.737190E-08
   59    34    93     0       3.779870E-10       2.419110E-10
   60    34    94     0       2.459830E-11       1.574290E-11
   61    34    95     0       2.269740E-12       1.452640E-12
   62    34    96     0       0.000000E+00       0.000000E+00
   40    35    75     0       0.000000E+00       0.000000E+00
   42    35    77     0       3.869730E-14       2.476630E-14
   42    35    77     1       1.449900E-13       9.279360E-14
   43    35    78     0       1.269910E-11       8.127440E-12
   44    35    79     0       2.569820E-10       1.644690E-10
   44    35    79     1       9.679330E-10       6.194770E-10
   45    35    80     0       7.449487E-09       4.767671E-09
   45    35    80     1       2.639815E-08       1.689484E-08
   46    35    81     0       8.339488E-07       5.337235E-07
   47    35    82     0       8.229857E-06       5.266691E-06
   47    35    82     1       3.039850E-06       1.945463E-06
   48    35    83     0       1.001105E-04       6.394423E-05
   49    35    84     0       1.633720E-04       1.039161E-04
   49    35    84     1       3.487013E-04       2.190894E-04
   50    35    85     0       1.883792E-03       9.996187E-04
   51    35    86     0       1.765392E-03       1.020609E-03
   51    35    86     1       1.801640E-03       1.036863E-03
   52    35    87     0       6.225024E-03       9.882001E-04
   53    35    88     0       4.816805E-03       1.967286E-03
   54    35    89     0       3.165227E-03       1.543138E-03
   55    35    90     0       1.145588E-03       7.317588E-04
   56    35    91     0       3.258032E-04       2.088605E-04
   57    35    92     0       4.785771E-05       3.064091E-05
   58    35    93     0       4.909059E-06       3.141939E-06
   59    35    94     0       2.309835E-07       1.478294E-07
   60    35    95     0       2.947927E-08       1.886674E-08
   61    35    96     0       2.269840E-10       1.452700E-10
   62    35    97     0       5.798250E-12       3.710880E-12
   41    36    77     0       0.000000E+00       0.000000E+00
   42    36    78     0       0.000000E+00       0.000000E+00
   43    36    79     0       3.624750E-14       2.319840E-14
   43    36    79     1       3.624750E-14       2.319840E-14
   44    36    80     0       7.479480E-12       4.786870E-12
   45    36    81     0       4.439690E-10       2.841400E-10
   45    36    81     1       6.059580E-11       3.878130E-11
   46    36    82     0       2.639815E-08       1.689484E-08
   47    36    83     0       5.289668E-07       3.385367E-07
   47    36    83     1       1.079925E-07       6.911525E-08
   48    36    84     0       1.190340E-05       7.615389E-06
   49    36    85     0       9.468533E-05       6.059157E-05
   49    36    85     1       1.939752E-05       1.241495E-05
   50    36    86     0       7.604535E-04       4.756435E-04
   51    36    87     0       2.184689E-03       6.503454E-04
   52    36    88     0       7.349929E-03       1.827296E-03
   53    36    89     0       1.135727E-02       1.338273E-03
   54    36    90     0       1.317953E-02       2.555704E-03
   55    36    91     0       9.174365E-03       3.553780E-03
   56    36    92     0       4.707207E-03       2.799200E-03
   57    36    93     0       1.345144E-03       8.631858E-04
   58    36    94     0       2.423500E-04       1.554067E-04
   59    36    95     0       3.079161E-05       1.971094E-05
   60    36    96     0       2.469761E-06       1.580687E-06
   61    36    97     0       1.219855E-07       7.807084E-08
   62    36    98     0       3.849732E-09       2.463832E-09
   63    36    99     0       3.580640E-11       2.291600E-11
   64    36   100     0       9.969310E-13       6.380370E-13
   42    37    79     0       0.000000E+00       0.000000E+00
   44    37    81     0       0.000000E+00       0.000000E+00
   46    37    83     0       1.309910E-10       8.383410E-11
   47    37    84     0       6.849529E-09       4.383697E-09
   48    37    85     0       1.139922E-06       3.647749E-07
   49    37    86     0       2.364915E-06       1.513492E-06
   49    37    86     1       2.364915E-06       1.513492E-06
   50    37    87     0       6.543300E-05       4.184315E-05
   51    37    88     0       4.152155E-04       2.641425E-04
   52    37    89     0       2.702280E-03       8.162160E-04
   53    37    90     0       9.898263E-04       6.271207E-04
   53    37    90     1       4.887467E-03       2.508525E-03
   54    37    91     0       1.307439E-02       3.437199E-03
   55    37    92     0       1.533198E-02       3.620808E-03
   56    37    93     0       1.440575E-02       3.361760E-03
   57    37    94     0       6.304735E-03       3.334096E-03
   58    37    95     0       2.869838E-03       1.821726E-03
   59    37    96     0       6.012200E-04       3.862364E-04
   60    37    97     0       1.076606E-04       6.896710E-05
   61    37    98     0       9.268480E-06       5.932390E-06
   62    37    99     0       4.650499E-07       2.976338E-07
   63    37   100     0       2.479831E-08       1.587088E-08
   64    37   101     0       2.219500E-10       1.420480E-10
   65    37   102     0       9.597570E-12       6.142440E-12
   66    37   103     0       1.044070E-12       6.682010E-13
   45    38    83     0       0.000000E+00       0.000000E+00
   46    38    84     0       4.349700E-13       2.783810E-13
   47    38    85     0       2.424830E-11       1.551890E-11
   47    38    85     1       2.424830E-11       1.551890E-11
   48    38    86     0       3.579755E-09       2.291044E-09
   49    38    87     0       1.139923E-07       7.295497E-08
   49    38    87     1       2.339840E-08       1.497493E-08
   50    38    88     0       3.389924E-06       2.169449E-06
   51    38    89     0       5.055096E-05       3.233454E-05
   52    38    90     0       4.544159E-04       2.892678E-04
   53    38    91     0       2.572414E-03       1.570046E-03
   54    38    92     0       9.796763E-03       3.450772E-03
   55    38    93     0       2.047946E-02       3.314556E-03
   56    38    94     0       2.862311E-02       3.168897E-03
   57    38    95     0       2.952898E-02       4.267289E-03
   58    38    96     0       1.951897E-02       4.813559E-03
   59    38    97     0       8.109179E-03       5.046996E-03
   60    38    98     0       2.579959E-03       1.626984E-03
   61    38    99     0       4.845942E-04       3.108342E-04
   62    38   100     0       6.734164E-05       4.313272E-05
   63    38   101     0       4.669142E-06       2.988454E-06
   64    38   102     0       2.379728E-07       1.523031E-07
   65    38   103     0       2.196546E-08       1.405788E-08
   66    38   104     0       8.589410E-11       5.497220E-11
   67    38   105     0       3.636880E-12       2.327600E-12
   46    39    85     0       0.000000E+00       0.000000E+00
   48    39    87     0       8.949380E-12       5.727600E-12
   48    39    87     1       0.000000E+00       0.000000E+00
   49    39    88     0       6.449560E-10       4.127720E-10
   50    39    89     0       6.369563E-09       4.076520E-09
   50    39    89     1       3.109791E-08       1.990255E-08
   51    39    90     0       4.869692E-07       3.116591E-07
   51    39    90     1       4.869692E-07       3.116591E-07
   52    39    91     0       9.845667E-06       6.300363E-06
   52    39    91     1       9.845667E-06       6.300363E-06
   53    39    92     0       2.010935E-04       1.284358E-04
   54    39    93     0       7.576164E-04       4.807366E-04
   54    39    93     1       7.576164E-04       4.807366E-04
   55    39    94     0       7.347670E-03       2.157934E-03
   56    39    95     0       1.439503E-02       4.025156E-03
   57    39    96     0       2.070403E-03       1.309493E-03
   57    39    96     1       2.102406E-02       4.910532E-03
   58    39    97     0       1.466152E-02       7.404961E-03
   58    39    97     1       1.466271E-02       7.407313E-03
   59    39    98     0       1.043059E-02       2.942663E-03
   59    39    98     1       1.043810E-02       2.968780E-03
   60    39    99     0       1.262745E-02       3.851369E-03
   61    39   100     0       4.269323E-03       2.758309E-03
   62    39   101     0       1.120886E-03       7.237513E-04
   63    39   102     0       1.582410E-04       1.014427E-04
   64    39   103     0       1.416464E-05       9.066907E-06
   65    39   104     0       6.519490E-07       4.172514E-07
   66    39   105     0       4.723573E-08       3.023085E-08
   67    39   106     0       1.278330E-10       8.181310E-11
   68    39   107     0       5.680180E-12       3.635310E-12
   69    39   108     0       6.089220E-14       3.897100E-14
   47    40    87     0       0.000000E+00       0.000000E+00
   48    40    88     0       1.319910E-14       8.447410E-15
   49    40    89     0       2.279840E-12       1.459090E-12
   49    40    89     1       0.000000E+00       0.000000E+00
   50    40    90     0       1.174920E-10       7.519480E-11
   50    40    90     1       1.174920E-10       7.519480E-11
   51    40    91     0       1.389908E-08       8.895382E-09
   52    40    92     0       5.439664E-07       3.481361E-07
   53    40    93     0       1.147093E-05       7.340289E-06
   54    40    94     0       1.467252E-04       9.374183E-05
   55    40    95     0       9.416287E-04       5.940616E-04
   56    40    96     0       5.260177E-03       3.050228E-03
   57    40    97     0       1.464950E-02       4.350642E-03
   58    40    98     0       3.112226E-02       3.499038E-03
   59    40    99     0       4.212997E-02       5.156122E-03
   60    40   100     0       4.294003E-02       6.841995E-03
   61    40   101     0       2.629146E-02       6.687223E-03
   62    40   102     0       1.300630E-02       4.086078E-03
   63    40   103     0       3.132641E-03       2.023044E-03
   64    40   104     0       5.541554E-04       3.565570E-04
   65    40   105     0       4.932126E-05       3.158343E-05
   66    40   106     0       3.169520E-06       2.028574E-06
   67    40   107     0       1.195016E-07       7.648120E-08
   68    40   108     0       1.509832E-09       9.662940E-10
   69    40   109     0       0.000000E+00       0.000000E+00
   70    40   110     0       0.000000E+00       0.000000E+00
   71    40   111     0       0.000000E+00       0.000000E+00
   72    40   112     0       0.000000E+00       0.000000E+00
   48    41    89     0       0.000000E+00       0.000000E+00
   49    41    90     0       0.000000E+00       0.000000E+00
   50    41    91     0       2.939800E-13       1.881470E-13
   50    41    91     1       0.000000E+00       0.000000E+00
   51    41    92     0       3.289770E-11       2.105450E-11
   52    41    93     0       2.339839E-09       1.497493E-09
   52    41    93     1       4.789670E-10       3.065390E-10
   53    41    94     0       6.339570E-08       4.057321E-08
   53    41    94     1       3.729740E-08       2.387036E-08
   54    41    95     0       1.919940E-06       1.228718E-06
   54    41    95     1       3.939756E-07       2.521429E-07
   55    41    96     0       3.372150E-05       2.157283E-05
   56    41    97     0       2.600475E-04       1.659745E-04
   56    41    97     1       5.315514E-05       3.400073E-05
   57    41    98     0       1.330521E-03       8.340147E-04
   57    41    98     1       3.719492E-04       2.370273E-04
   58    41    99     0       5.465540E-04       3.476480E-04
   58    41    99     1       6.666908E-03       3.807798E-03
   59    41   100     0       8.487274E-03       4.924036E-03
   59    41   100     1       8.487274E-03       4.924036E-03
   60    41   101     0       3.318527E-02       6.944452E-03
   61    41   102     0       1.748610E-02       8.628802E-03
   61    41   102     1       1.748610E-02       8.628802E-03
   62    41   103     0       2.812964E-02       6.069389E-03
   63    41   104     0       5.945877E-03       3.719561E-03
   63    41   104     1       5.942799E-03       3.716656E-03
   64    41   105     0       3.809737E-03       2.440161E-03
   65    41   106     0       6.672004E-04       4.289369E-04
   66    41   107     0       7.700883E-05       4.932720E-05
   67    41   108     0       3.539597E-06       2.265444E-06
   68    41   109     0       3.979720E-13       2.547030E-13
   69    41   110     0       0.000000E+00       0.000000E+00
   70    41   111     0       1.220000E-16       7.807980E-17
   71    41   112     0       3.395020E-18       2.172820E-18
   72    41   113     0       0.000000E+00       0.000000E+00
   73    41   114     0       2.040490E-13       1.305910E-13
   48    42    90     0       0.000000E+00       0.000000E+00
   49    42    91     0       0.000000E+00       0.000000E+00
   50    42    92     0       0.000000E+00       0.000000E+00
   51    42    93     0       2.689810E-14       1.721480E-14
   51    42    93     1       2.689810E-14       1.721480E-14
   52    42    94     0       7.689460E-12       4.921260E-12
   53    42    95     0       4.939660E-10       3.161380E-10
   54    42    96     0       2.709811E-08       1.734282E-08
   55    42    97     0       6.829601E-07       4.370898E-07
   56    42    98     0       1.302173E-05       8.332205E-06
   57    42    99     0       1.314187E-04       8.392774E-05
   58    42   100     0       1.100750E-03       6.960938E-04
   59    42   101     0       5.920652E-03       3.490711E-03
   60    42   102     0       1.873857E-02       5.454003E-03
   61    42   103     0       3.470706E-02       5.982574E-03
   62    42   104     0       4.613114E-02       5.843367E-03
   63    42   105     0       3.335309E-02       4.862570E-03
   64    42   106     0       1.903225E-02       4.534182E-03
   65    42   107     0       5.420255E-03       3.248779E-03
   66    42   108     0       9.644562E-04       6.185781E-04
   67    42   109     0       1.609861E-06       1.030328E-06
   68    42   110     0       9.539328E-08       6.105176E-08
   69    42   111     0       3.109790E-09       1.990256E-09
   70    42   112     0       1.019930E-10       6.527550E-11
   71    42   113     0       8.451240E-14       5.408810E-14
   72    42   114     0       5.059448E-09       3.238042E-09
   73    42   115     0       2.137960E-12       1.368290E-12
   74    42   116     0       1.189920E-13       7.615480E-14
   50    43    93     0       0.000000E+00       0.000000E+00
   52    43    95     0       0.000000E+00       0.000000E+00
   52    43    95     1       0.000000E+00       0.000000E+00
   54    43    97     0       2.219850E-11       1.420710E-11
   54    43    97     1       2.219850E-11       1.420710E-11
   55    43    98     0       2.329840E-09       1.491093E-09
   56    43    99     0       7.259507E-08       4.646077E-08
   56    43    99     1       1.489893E-08       9.535328E-09
   57    43   100     0       1.919927E-06       1.228718E-06
   58    43   101     0       3.703422E-05       2.369111E-05
   59    43   102     0       1.571751E-04       1.004247E-04
   59    43   102     1       1.571751E-04       1.004247E-04
   60    43   103     0       2.122758E-03       1.325576E-03
   61    43   104     0       6.953002E-03       4.000479E-03
   62    43   105     0       1.544810E-02       4.415738E-03
   63    43   106     0       1.991732E-02       4.571695E-03
   64    43   107     0       1.798685E-02       4.285443E-03
   65    43   108     0       7.400846E-03       2.857506E-03
   66    43   109     0       1.889612E-03       1.161947E-03
   67    43   110     0       4.167235E-04       2.647043E-04
   68    43   111     0       7.845530E-05       5.021949E-05
   69    43   112     0       9.388731E-06       6.009071E-06
   70    43   113     0       1.329892E-06       8.511398E-07
   71    43   114     0       2.909618E-06       1.862255E-06
   72    43   115     0       2.776776E-08       1.777137E-08
   73    43   116     0       1.519892E-09       9.727320E-10
   74    43   117     0       5.845770E-12       3.741300E-12
   75    43   118     0       1.407380E-13       9.007200E-14
   76    43   119     0       2.466630E-15       1.578650E-15
   51    44    95     0       0.000000E+00       0.000000E+00
   52    44    96     0       0.000000E+00       0.000000E+00
   53    44    97     0       0.000000E+00       0.000000E+00
   54    44    98     0       4.509690E-14       2.886200E-14
   55    44    99     0       4.579680E-12       2.931000E-12
   56    44   100     0       3.869730E-10       2.476630E-10
   57    44   101     0       2.039856E-08       1.305514E-08
   58    44   102     0       6.919599E-07       4.428495E-07
   59    44   103     0       1.293141E-05       8.274616E-06
   60    44   104     0       1.523652E-04       9.734568E-05
   61    44   105     0       8.944341E-04       5.666444E-04
   62    44   106     0       3.958728E-03       2.363656E-03
   63    44   107     0       8.500435E-03       4.124769E-03
   64    44   108     0       1.100433E-02       2.831855E-03
   65    44   109     0       8.319252E-03       5.324321E-03
   65    44   109     1       0.000000E+00       0.000000E+00
   66    44   110     0       5.769541E-03       2.863124E-04
   67    44   111     0       2.965723E-03       3.296674E-04
   68    44   112     0       1.384036E-03       2.960147E-04
   69    44   113     0       6.158274E-04       2.870098E-04
   70    44   114     0       2.108482E-04       1.263159E-04
   71    44   115     0       2.900590E-05       1.854023E-05
   72    44   116     0       2.139752E-06       1.369494E-06
   73    44   117     0       1.229855E-07       7.871083E-08
   74    44   118     0       3.489620E-09       2.233354E-09
   75    44   119     0       5.189390E-11       3.321210E-11
   76    44   120     0       5.259640E-13       3.366170E-13
   77    44   121     0       9.083990E-15       5.813760E-15
   78    44   122     0       0.000000E+00       0.000000E+00
   80    44   124     0       0.000000E+00       0.000000E+00
   54    45    99     0       0.000000E+00       0.000000E+00
   54    45    99     1       0.000000E+00       0.000000E+00
   56    45   101     0       5.889600E-14       3.769340E-14
   56    45   101     1       2.879800E-13       1.843080E-13
   57    45   102     0       1.689880E-11       1.081530E-11
   57    45   102     1       1.689880E-11       1.081530E-11
   58    45   103     0       3.049790E-10       1.951870E-10
   58    45   103     1       2.239845E-09       1.433496E-09
   59    45   104     0       1.869875E-08       1.196719E-08
   59    45   104     1       6.629545E-08       4.242911E-08
   60    45   105     0       1.629926E-06       1.043126E-06
   60    45   105     1       2.219854E-07       1.420708E-07
   61    45   106     0       1.102077E-05       7.052317E-06
   61    45   106     1       1.102077E-05       7.052317E-06
   62    45   107     0       1.700314E-04       1.086353E-04
   63    45   108     0       2.897521E-04       1.849041E-04
   63    45   108     1       2.897521E-04       1.849041E-04
   64    45   109     0       1.515377E-04       9.698417E-05
   64    45   109     1       0.000000E+00       0.000000E+00
   65    45   110     0       1.436186E-04       9.173519E-05
   65    45   110     1       1.436186E-04       9.173519E-05
   66    45   111     0       5.182727E-04       3.260278E-04
   67    45   112     0       4.912913E-04       2.959665E-04
   68    45   113     0       6.512167E-04       2.870111E-04
   69    45   114     0       4.936110E-04       1.686972E-04
   70    45   115     0       3.110409E-04       1.633255E-04
   71    45   116     0       7.522274E-05       4.749036E-05
   72    45   117     0       2.052470E-05       1.312313E-05
   73    45   118     0       1.949784E-06       1.247892E-06
   74    45   119     0       1.309908E-07       8.383413E-08
   75    45   120     0       4.369695E-09       2.796605E-09
   76    45   121     0       1.179830E-10       7.550890E-11
   77    45   122     0       1.579890E-12       1.011130E-12
   78    45   123     0       1.299910E-14       8.319420E-15
   79    45   124     0       0.000000E+00       0.000000E+00
   53    46    99     0       0.000000E+00       0.000000E+00
   55    46   101     0       0.000000E+00       0.000000E+00
   56    46   102     0       0.000000E+00       0.000000E+00
   57    46   103     0       3.919730E-14       2.508630E-14
   58    46   104     0       5.239640E-12       3.353370E-12
   59    46   105     0       3.319770E-10       2.124650E-10
   60    46   106     0       1.529891E-08       9.791315E-09
   61    46   107     0       1.009930E-07       6.463562E-08
   61    46   107     1       2.259851E-07       1.446295E-07
   62    46   108     0       4.339954E-06       2.777405E-06
   63    46   109     0       1.179919E-09       7.551480E-10
   63    46   109     1       2.619815E-09       1.676685E-09
   64    46   110     0       3.889731E-08       2.489431E-08
   65    46   111     0       8.759406E-08       5.606015E-08
   65    46   111     1       1.949873E-07       1.247917E-07
   66    46   112     0       1.239929E-06       7.935445E-07
   67    46   113     0       5.459757E-06       3.494097E-06
   68    46   114     0       2.277454E-04       1.344584E-04
   69    46   115     0       4.426363E-04       1.626402E-04
   70    46   116     0       4.264464E-04       6.269786E-05
   71    46   117     0       3.464618E-04       1.160100E-04
   72    46   118     0       1.374756E-04       7.819129E-05
   73    46   119     0       2.793340E-05       1.781176E-05
   74    46   120     0       4.079433E-06       2.610880E-06
   75    46   121     0       3.559726E-07       2.278243E-07
   76    46   122     0       2.119850E-08       1.356711E-08
   77    46   123     0       5.649610E-10       3.615760E-10
   78    46   124     0       0.000000E+00       0.000000E+00
   79    46   125     0       0.000000E+00       0.000000E+00
   80    46   126     0       0.000000E+00       0.000000E+00
   82    46   128     0       0.000000E+00       0.000000E+00
   83    46   129     0       0.000000E+00       0.000000E+00
   84    46   130     0       0.000000E+00       0.000000E+00
   56    47   103     0       0.000000E+00       0.000000E+00
   58    47   105     0       0.000000E+00       0.000000E+00
   58    47   105     1       0.000000E+00       0.000000E+00
   59    47   106     0       6.129570E-14       3.922930E-14
   59    47   106     1       1.659880E-13       1.062330E-13
   60    47   107     0       2.479830E-12       1.587090E-12
   60    47   107     1       1.819880E-11       1.164720E-11
   61    47   108     0       3.774740E-10       2.415830E-10
   61    47   108     1       3.774740E-10       2.415830E-10
   62    47   109     0       0.000000E+00       0.000000E+00
   62    47   109     1       0.000000E+00       0.000000E+00
   63    47   110     0       0.000000E+00       0.000000E+00
   63    47   110     1       0.000000E+00       0.000000E+00
   64    47   111     0       0.000000E+00       0.000000E+00
   64    47   111     1       3.829730E-14       2.451030E-14
   65    47   112     0       7.549480E-13       4.831660E-13
   66    47   113     0       2.159850E-12       1.382310E-12
   66    47   113     1       1.579890E-11       1.011130E-11
   67    47   114     0       3.399752E-06       2.175813E-06
   68    47   115     0       1.611178E-05       1.030509E-05
   68    47   115     1       1.611178E-05       1.030509E-05
   69    47   116     0       4.708484E-05       2.996882E-05
   69    47   116     1       4.708484E-05       2.996882E-05
   70    47   117     0       1.484157E-04       8.842296E-05
   70    47   117     1       1.484157E-04       8.842296E-05
   71    47   118     0       1.574147E-04       8.562892E-05
   71    47   118     1       1.574147E-04       8.562892E-05
   72    47   119     0       2.357176E-04       9.580067E-05
   73    47   120     0       4.878348E-05       3.100637E-05
   73    47   120     1       4.878348E-05       3.100636E-05
   74    47   121     0       3.529451E-05       2.246439E-05
   75    47   122     0       3.179575E-06       2.034962E-06
   75    47   122     1       3.179575E-06       2.034962E-06
   76    47   123     0       7.349380E-07       4.703667E-07
   77    47   124     0       9.409340E-12       6.021980E-12
   78    47   125     0       9.289360E-13       5.945190E-13
   79    47   126     0       6.159570E-14       3.942130E-14
   80    47   127     0       0.000000E+00       0.000000E+00
   81    47   128     0       0.000000E+00       0.000000E+00
   82    47   129     0       7.374900E-17       4.719940E-17
   83    47   130     0       2.269840E-10       1.452700E-10
   84    47   131     0       5.513090E-12       3.528380E-12
   57    48   105     0       0.000000E+00       0.000000E+00
   58    48   106     0       0.000000E+00       0.000000E+00
   59    48   107     0       0.000000E+00       0.000000E+00
   60    48   108     0       1.409910E-14       9.023380E-15
   61    48   109     0       0.000000E+00       0.000000E+00
   62    48   110     0       0.000000E+00       0.000000E+00
   63    48   111     0       0.000000E+00       0.000000E+00
   63    48   111     1       0.000000E+00       0.000000E+00
   64    48   112     0       0.000000E+00       0.000000E+00
   65    48   113     0       0.000000E+00       0.000000E+00
   65    48   113     1       0.000000E+00       0.000000E+00
   66    48   114     0       6.479556E-09       4.146916E-09
   67    48   115     0       5.129650E-08       3.282973E-08
   67    48   115     1       1.929876E-07       1.235117E-07
   68    48   116     0       3.439764E-06       2.201380E-06
   69    48   117     0       7.179865E-06       4.594164E-06
   69    48   117     1       2.701327E-05       1.724708E-05
   70    48   118     0       1.412048E-04       7.962544E-05
   71    48   119     0       1.348267E-04       7.749101E-05
   71    48   119     1       1.348267E-04       7.749101E-05
   72    48   120     0       3.917007E-04       4.872733E-05
   73    48   121     0       1.863663E-04       9.693550E-05
   73    48   121     1       1.863663E-04       9.693550E-05
   74    48   122     0       2.528239E-04       1.064045E-04
   75    48   123     0       8.399661E-05       5.269054E-05
   75    48   123     1       0.000000E+00       0.000000E+00
   76    48   124     0       4.259466E-06       2.726168E-06
   77    48   125     0       1.249895E-06       7.999439E-07
   78    48   126     0       3.439736E-07       2.201447E-07
   79    48   127     0       9.309350E-08       5.957991E-08
   80    48   128     0       1.569889E-08       1.004727E-08
   81    48   129     0       1.879873E-09       1.203119E-09
   82    48   130     0       1.989803E-06       1.273514E-06
   83    48   131     0       1.159858E-07       7.423142E-08
   84    48   132     0       2.989796E-09       1.913472E-09
   85    48   133     0       2.917660E-11       1.867300E-11
   86    48   134     0       1.839880E-13       1.177520E-13
   88    48   136     0       0.000000E+00       0.000000E+00
   58    49   107     0       0.000000E+00       0.000000E+00
   60    49   109     0       0.000000E+00       0.000000E+00
   62    49   111     0       0.000000E+00       0.000000E+00
   62    49   111     1       0.000000E+00       0.000000E+00
   63    49   112     0       0.000000E+00       0.000000E+00
   63    49   112     1       0.000000E+00       0.000000E+00
   64    49   113     0       0.000000E+00       0.000000E+00
   64    49   113     1       0.000000E+00       0.000000E+00
   65    49   114     0       5.979580E-14       3.826930E-14
   65    49   114     1       2.119850E-13       1.356710E-13
   66    49   115     0       4.969650E-11       3.180580E-11
   66    49   115     1       1.019930E-11       6.527560E-12
   67    49   116     0       1.059925E-09       6.783530E-10
   67    49   116     1       1.059925E-09       6.783530E-10
   67    49   116     2       1.059925E-09       6.783530E-10
   68    49   117     0       1.289915E-07       8.255419E-08
   68    49   117     1       2.639815E-08       1.689484E-08
   69    49   118     0       1.599884E-06       1.023911E-06
   69    49   118     1       2.254843E-07       1.443095E-07
   69    49   118     2       2.254843E-07       1.443095E-07
   70    49   119     0       1.291871E-05       8.260819E-06
   70    49   119     1       2.649796E-06       1.695820E-06
   71    49   120     0       2.031816E-05       1.298717E-05
   71    49   120     1       2.031816E-05       1.298717E-05
   71    49   120     2       2.031816E-05       1.298717E-05
   72    49   121     0       1.712934E-04       9.256836E-05
   72    49   121     1       3.511816E-05       2.234504E-05
   73    49   122     0       1.153451E-04       6.939430E-05
   73    49   122     1       1.153451E-04       6.939430E-05
   73    49   122     2       1.153451E-04       6.939430E-05
   74    49   123     0       3.343166E-04       1.243723E-04
   74    49   123     1       6.864911E-05       4.334808E-05
   75    49   124     0       2.628246E-04       1.584249E-04
   75    49   124     1       2.628246E-04       1.584249E-04
   76    49   125     0       2.720344E-04       1.682906E-04
   76    49   125     1       2.720344E-04       1.682906E-04
   77    49   126     0       1.991985E-04       1.212297E-04
   77    49   126     1       1.991985E-04       1.212297E-04
   78    49   127     0       2.065308E-04       1.321099E-04
   78    49   127     1       2.065302E-04       1.321126E-04
   79    49   128     0       1.149470E-04       7.360089E-05
   79    49   128     1       1.149470E-04       7.360089E-05
   80    49   129     0       6.436855E-05       4.121213E-05
   80    49   129     1       6.436963E-05       4.121218E-05
   81    49   130     0       1.322336E-04       8.471333E-05
   81    49   130     1       1.322336E-04       8.471333E-05
   81    49   130     2       1.322336E-04       8.471333E-05
   82    49   131     0       4.687284E-05       3.001679E-05
   82    49   131     1       4.687346E-05       3.001680E-05
   83    49   132     0       7.648707E-06       4.895656E-06
   84    49   133     0       3.789425E-07       2.425245E-07
   85    49   134     0       7.219497E-09       4.620479E-09
   86    49   135     0       5.940820E-11       3.802130E-11
   87    49   136     0       5.209640E-13       3.334170E-13
   61    50   111     0       0.000000E+00       0.000000E+00
   62    50   112     0       0.000000E+00       0.000000E+00
   63    50   113     0       0.000000E+00       0.000000E+00
   63    50   113     1       0.000000E+00       0.000000E+00
   64    50   114     0       0.000000E+00       0.000000E+00
   65    50   115     0       0.000000E+00       0.000000E+00
   66    50   116     0       3.279770E-13       2.099050E-13
   67    50   117     0       2.994800E-11       1.916670E-11
   67    50   117     1       2.994800E-11       1.916670E-11
   68    50   118     0       3.789735E-09       2.425434E-09
   69    50   119     0       1.909872E-08       1.222318E-08
   69    50   119     1       7.189501E-08       4.601280E-08
   70    50   120     0       1.509902E-06       9.663255E-07
   71    50   121     0       3.849699E-06       2.463653E-06
   71    50   121     1       1.095896E-05       7.009782E-06
   72    50   122     0       9.170358E-05       5.647751E-05
   73    50   123     0       1.999115E-04       1.118997E-04
   73    50   123     1       7.028367E-05       4.433379E-05
   74    50   124     0       6.739482E-04       2.087364E-04
   75    50   125     0       9.027387E-04       2.799621E-04
   75    50   125     1       3.176120E-04       1.935635E-04
   76    50   126     0       2.228340E-03       1.617284E-04
   77    50   127     0       3.223315E-03       7.169683E-04
   77    50   127     1       1.134324E-03       6.860013E-04
   78    50   128     0       3.827597E-03       1.748718E-03
   78    50   128     1       3.827597E-03       1.748718E-03
   79    50   129     0       7.901852E-03       2.532140E-03
   79    50   129     1       2.790024E-03       1.705942E-03
   80    50   130     0       5.352442E-03       2.879385E-03
   80    50   130     1       5.352442E-03       2.879385E-03
   81    50   131     0       3.333575E-03       2.065505E-03
   81    50   131     1       3.333575E-03       2.065505E-03
   82    50   132     0       2.252787E-03       1.442955E-03
   83    50   133     0       3.564730E-04       2.291052E-04
   84    50   134     0       3.075575E-05       1.969143E-05
   85    50   135     0       1.249835E-06       7.999063E-07
   86    50   136     0       3.199773E-08       2.047852E-08
   87    50   137     0       4.889660E-10       3.129380E-10
   88    50   138     0       9.689330E-12       6.201170E-12
   62    51   113     0       0.000000E+00       0.000000E+00
   64    51   115     0       0.000000E+00       0.000000E+00
   64    51   115     1       0.000000E+00       0.000000E+00
   66    51   117     0       0.000000E+00       0.000000E+00
   67    51   118     0       5.709610E-14       3.654150E-14
   67    51   118     1       9.719330E-14       6.220370E-14
   68    51   119     0       1.699880E-11       1.087920E-11
   69    51   120     0       3.409760E-10       2.182250E-10
   69    51   120     1       5.799600E-10       3.711740E-10
   70    51   121     0       3.999725E-08       2.559819E-08
   71    51   122     0       3.189778E-07       2.041452E-07
   71    51   122     1       4.219715E-07       2.700610E-07
   72    51   123     0       8.669484E-06       5.547187E-06
   73    51   124     0       5.039657E-07       3.225376E-07
   73    51   124     1       5.039657E-07       3.225376E-07
   73    51   124     2       5.039657E-07       3.225376E-07
   74    51   125     0       9.369629E-06       5.996133E-06
   75    51   126     0       1.433763E-05       9.174555E-06
   75    51   126     1       9.898686E-06       6.334771E-06
   75    51   126     2       9.898686E-06       6.334771E-06
   76    51   127     0       2.295096E-04       1.464031E-04
   77    51   128     0       3.717345E-04       2.369348E-04
   77    51   128     1       5.136946E-04       3.265008E-04
   78    51   129     0       3.658655E-03       2.117413E-03
   78    51   129     1       0.000000E+00       0.000000E+00
   79    51   130     0       4.484077E-03       2.520649E-03
   79    51   130     1       6.888681E-03       2.051671E-03
   80    51   131     0       2.192243E-02       2.999646E-03
   81    51   132     0       1.014960E-02       3.006295E-03
   81    51   132     1       8.866048E-03       4.170566E-03
   82    51   133     0       1.163331E-02       3.394509E-03
   83    51   134     0       1.515694E-03       9.746208E-04
   83    51   134     1       1.515724E-03       9.746415E-04
   84    51   135     0       5.268276E-04       3.385361E-04
   85    51   136     0       4.220680E-05       2.702525E-05
   86    51   137     0       2.609718E-06       1.670285E-06
   87    51   138     0       1.479890E-07       9.471334E-08
   88    51   139     0       2.829804E-09       1.811078E-09
   89    51   140     0       3.274460E-11       2.095650E-11
   90    51   141     0       2.678220E-12       1.714060E-12
   63    52   115     0       0.000000E+00       0.000000E+00
   65    52   117     0       0.000000E+00       0.000000E+00
   66    52   118     0       0.000000E+00       0.000000E+00
   67    52   119     0       0.000000E+00       0.000000E+00
   68    52   120     0       6.219570E-14       3.980520E-14
   69    52   121     0       4.489690E-12       2.873400E-12
   69    52   121     1       4.489690E-12       2.873400E-12
   70    52   122     0       7.339490E-10       4.697270E-10
   71    52   123     0       5.619610E-09       3.596557E-09
   71    52   123     1       2.109851E-08       1.350311E-08
   72    52   124     0       4.359700E-12       2.790210E-12
   73    52   125     0       1.639890E-11       1.049530E-11
   73    52   125     1       6.179570E-11       3.954930E-11
   74    52   126     0       1.179919E-09       7.551480E-10
   75    52   127     0       5.889596E-09       3.769336E-09
   75    52   127     1       1.679883E-08       1.075126E-08
   76    52   128     0       3.939743E-07       2.521429E-07
   77    52   129     0       1.379928E-06       8.831392E-07
   77    52   129     1       3.929878E-06       2.515029E-06
   78    52   130     0       1.985739E-03       1.223648E-03
   79    52   131     0       2.531288E-03       1.560291E-03
   79    52   131     1       7.295168E-03       3.336361E-03
   80    52   132     0       3.014634E-02       3.906571E-03
   81    52   133     0       1.225850E-02       3.524106E-03
   81    52   133     1       3.139344E-02       3.178397E-03
   82    52   134     0       4.448326E-02       3.686917E-03
   83    52   135     0       2.050361E-02       4.729263E-03
   84    52   136     0       6.340179E-03       4.071385E-03
   85    52   137     0       1.138134E-03       7.287996E-04
   86    52   138     0       2.487651E-04       1.597434E-04
   87    52   139     0       1.302703E-05       8.338612E-06
   88    52   140     0       8.119016E-07       5.196231E-07
   89    52   141     0       5.634535E-08       3.606105E-08
   90    52   142     0       4.609680E-10       2.950200E-10
   91    52   143     0       8.699070E-12       5.567410E-12
   68    53   121     0       0.000000E+00       0.000000E+00
   70    53   123     0       2.579820E-12       1.651090E-12
   72    53   125     0       0.000000E+00       0.000000E+00
   73    53   126     0       0.000000E+00       0.000000E+00
   74    53   127     0       0.000000E+00       0.000000E+00
   75    53   128     0       3.469760E-14       2.220650E-14
   76    53   129     0       2.279840E-12       1.459090E-12
   77    53   130     0       2.201501E-05       1.408544E-05
   77    53   130     1       8.140335E-06       5.209239E-06
   78    53   131     0       2.010200E-04       1.284069E-04
   79    53   132     0       8.788640E-04       5.568745E-04
   79    53   132     1       8.788640E-04       5.568745E-04
   80    53   133     0       6.653321E-03       3.651145E-03
   80    53   133     1       6.653321E-03       3.651145E-03
   81    53   134     0       1.200946E-02       3.280165E-03
   81    53   134     1       1.158538E-02       3.203923E-03
   82    53   135     0       3.923161E-02       3.860464E-03
   83    53   136     0       1.578834E-02       4.822114E-03
   83    53   136     1       1.577358E-02       4.818150E-03
   84    53   137     0       1.875089E-02       2.325128E-03
   85    53   138     0       1.020012E-02       1.096815E-03
   86    53   139     0       1.903284E-03       1.228316E-03
   87    53   140     0       3.168301E-04       2.034357E-04
   88    53   141     0       3.632997E-05       2.325823E-05
   89    53   142     0       1.969816E-06       1.260716E-06
   90    53   143     0       1.129830E-07       7.230934E-08
   91    53   144     0       3.657560E-10       2.340840E-10
   92    53   145     0       1.701450E-11       1.088930E-11
   93    53   146     0       3.814830E-13       2.441490E-13
   70    54   124     0       0.000000E+00       0.000000E+00
   71    54   125     0       0.000000E+00       0.000000E+00
   71    54   125     1       0.000000E+00       0.000000E+00
   72    54   126     0       0.000000E+00       0.000000E+00
   73    54   127     0       0.000000E+00       0.000000E+00
   73    54   127     1       0.000000E+00       0.000000E+00
   74    54   128     0       0.000000E+00       0.000000E+00
   75    54   129     0       0.000000E+00       0.000000E+00
   75    54   129     1       0.000000E+00       0.000000E+00
   76    54   130     0       1.969869E-08       1.260716E-08
   77    54   131     0       9.359369E-08       5.989979E-08
   77    54   131     1       2.669822E-07       1.708683E-07
   78    54   132     0       1.366171E-05       8.741786E-06
   79    54   133     0       1.584307E-04       9.505738E-06
   79    54   133     1       4.665156E-04       2.971615E-04
   80    54   134     0       6.597648E-04       4.195786E-04
   80    54   134     1       1.797815E-03       1.121966E-03
   81    54   135     0       6.140546E-03       3.680269E-04
   81    54   135     1       8.875605E-03       4.390184E-03
   82    54   136     0       3.000031E-02       6.886590E-03
   83    54   137     0       3.658317E-02       2.191067E-03
   84    54   138     0       3.699028E-02       1.410080E-03
   85    54   139     0       2.885250E-02       5.772831E-03
   86    54   140     0       1.575406E-02       4.590828E-03
   87    54   141     0       4.648348E-03       2.908082E-03
   88    54   142     0       9.567825E-04       6.153993E-04
   89    54   143     0       5.897919E-05       3.777216E-05
   89    54   143     1       5.897821E-05       3.777215E-05
   90    54   144     0       9.068084E-06       5.804160E-06
   91    54   145     0       3.579569E-07       2.290931E-07
   92    54   146     0       9.458961E-09       6.053736E-09
   93    54   147     0       2.517250E-11       1.611040E-11
   94    54   148     0       1.469890E-12       9.407340E-13
   96    54   150     0       0.000000E+00       0.000000E+00
   72    55   127     0       0.000000E+00       0.000000E+00
   74    55   129     0       0.000000E+00       0.000000E+00
   76    55   131     0       2.139850E-11       1.369510E-11
   77    55   132     0       2.599816E-09       1.663885E-09
   78    55   133     0       2.169855E-07       1.388709E-07
   79    55   134     0       3.314906E-06       2.121452E-06
   79    55   134     1       3.314906E-06       2.121452E-06
   80    55   135     0       6.263444E-05       4.005757E-05
   80    55   135     1       6.263444E-05       4.005757E-05
   81    55   136     0       6.181600E-04       3.937066E-04
   81    55   136     1       6.181600E-04       3.937066E-04
   82    55   137     0       1.007012E-02       1.493905E-03
   83    55   138     0       6.825079E-03       1.064524E-03
   83    55   138     1       6.793592E-03       1.931706E-03
   84    55   139     0       2.295792E-02       5.702055E-03
   85    55   140     0       2.732440E-02       5.853928E-03
   86    55   141     0       2.600423E-02       4.594861E-03
   87    55   142     0       1.254526E-02       3.214429E-03
   88    55   143     0       5.288673E-03       3.316766E-03
   89    55   144     0       1.133002E-03       7.267952E-04
   90    55   145     0       1.748393E-04       1.120466E-04
   91    55   146     0       1.327725E-05       8.498598E-06
   92    55   147     0       3.269392E-07       2.092423E-07
   93    55   148     0       2.319839E-08       1.484693E-08
   94    55   149     0       1.145390E-10       7.330500E-11
   95    55   150     0       5.579610E-12       3.570960E-12
   96    55   151     0       3.082900E-13       1.973060E-13
   73    56   129     0       0.000000E+00       0.000000E+00
   75    56   131     0       0.000000E+00       0.000000E+00
   76    56   132     0       5.339630E-14       3.417370E-14
   77    56   133     0       1.499890E-11       9.599330E-12
   78    56   134     0       2.099852E-09       1.343912E-09
   79    56   135     0       6.349570E-08       4.063720E-08
   79    56   135     1       6.349570E-08       4.063720E-08
   80    56   136     0       2.364909E-06       1.513492E-06
   80    56   136     1       2.364909E-06       1.513492E-06
   81    56   137     0       1.432093E-05       9.164143E-06
   81    56   137     1       4.077316E-05       2.608408E-05
   82    56   138     0       4.901110E-04       3.122887E-04
   83    56   139     0       2.435898E-03       1.512158E-03
   84    56   140     0       9.519253E-03       5.012418E-03
   85    56   141     0       2.000190E-02       4.023000E-03
   86    56   142     0       3.105965E-02       3.315347E-03
   87    56   143     0       2.898332E-02       5.263602E-03
   88    56   144     0       2.037930E-02       3.689240E-03
   89    56   145     0       7.707840E-03       3.925739E-03
   90    56   146     0       2.211275E-03       1.390968E-03
   91    56   147     0       3.410768E-04       2.183650E-04
   92    56   148     0       4.024812E-05       2.577045E-05
   93    56   149     0       2.409643E-06       1.542220E-06
   94    56   150     0       1.109921E-07       7.103517E-08
   95    56   151     0       6.485915E-09       4.150986E-09
   96    56   152     0       4.109720E-11       2.630220E-11
   97    56   153     0       4.857630E-13       3.108880E-13
   98    56   154     0       0.000000E+00       0.000000E+00
   76    57   133     0       0.000000E+00       0.000000E+00
   78    57   135     0       3.859730E-12       2.470230E-12
   80    57   137     0       2.179849E-08       1.395109E-08
   81    57   138     0       5.389661E-07       3.449364E-07
   82    57   139     0       9.510597E-06       6.085975E-06
   83    57   140     0       9.878690E-05       6.316239E-05
   84    57   141     0       6.936044E-04       4.403720E-04
   85    57   142     0       2.769462E-03       1.678724E-03
   86    57   143     0       8.709460E-03       4.680395E-03
   87    57   144     0       1.371317E-02       3.607911E-03
   88    57   145     0       1.690895E-02       4.013718E-03
   89    57   146     0       5.574049E-03       2.830049E-03
   89    57   146     1       5.574049E-03       2.830049E-03
   90    57   147     0       5.794712E-03       2.318550E-03
   91    57   148     0       1.702828E-03       1.061384E-03
   92    57   149     0       3.886763E-04       2.490884E-04
   93    57   150     0       4.879120E-05       3.124172E-05
   94    57   151     0       4.182997E-06       2.677263E-06
   95    57   152     0       1.979862E-07       1.267116E-07
   96    57   153     0       6.309074E-09       4.037814E-09
   97    57   154     0       1.009930E-10       6.463560E-11
   98    57   155     0       1.178660E-12       7.543420E-13
   99    57   156     0       3.169620E-14       2.028550E-14
   77    58   135     0       0.000000E+00       0.000000E+00
   79    58   137     0       6.799530E-13       4.351700E-13
   80    58   138     0       6.689540E-11       4.281300E-11
   81    58   139     0       8.459410E-10       5.414020E-10
   81    58   139     1       2.409836E-09       1.542290E-09
   82    58   140     0       5.539615E-08       1.772677E-08
   83    58   141     0       2.459926E-06       1.574289E-06
   84    58   142     0       3.676333E-05       2.351824E-05
   85    58   143     0       2.893814E-04       1.846459E-04
   86    58   144     0       1.670728E-03       1.041144E-03
   87    58   145     0       5.150189E-03       2.914168E-03
   88    58   146     0       1.081696E-02       2.235400E-03
   89    58   147     0       1.251896E-02       2.275549E-03
   90    58   148     0       1.163323E-02       1.597457E-03
   91    58   149     0       6.344275E-03       2.001797E-03
   92    58   150     0       2.733039E-03       1.586294E-03
   93    58   151     0       6.155013E-04       3.929430E-04
   94    58   152     0       1.089365E-04       6.973965E-05
   95    58   153     0       9.588227E-06       6.137143E-06
   96    58   154     0       5.789555E-07       3.705339E-07
   97    58   155     0       2.479711E-08       1.587018E-08
   98    58   156     0       7.859130E-10       5.029850E-10
   99    58   157     0       1.229920E-11       7.871450E-12
  100    58   158     0       1.299910E-13       8.319420E-14
  101    58   159     0       2.894560E-15       1.852510E-15
  102    58   160     0       0.000000E+00       0.000000E+00
   80    59   139     0       3.289770E-14       2.105450E-14
   81    59   140     0       3.539760E-12       2.265450E-12
   82    59   141     0       2.609820E-10       1.670280E-10
   83    59   142     0       5.799602E-09       3.711739E-09
   83    59   142     1       5.799602E-09       3.711739E-09
   84    59   143     0       3.549776E-07       2.271844E-07
   85    59   144     0       5.099688E-07       3.263775E-07
   85    59   144     1       5.160060E-06       3.302172E-06
   86    59   145     0       6.473508E-05       4.139809E-05
   87    59   146     0       3.641353E-04       2.320338E-04
   88    59   147     0       1.427268E-03       8.813567E-04
   89    59   148     0       1.534112E-03       9.472658E-04
   89    59   148     1       1.534112E-03       9.472658E-04
   90    59   149     0       5.048134E-03       1.974001E-03
   91    59   150     0       5.212156E-03       1.810785E-03
   92    59   151     0       3.700527E-03       1.613135E-03
   93    59   152     0       1.586752E-03       8.125610E-04
   94    59   153     0       4.953417E-04       3.136161E-04
   95    59   154     0       7.704431E-05       4.928531E-05
   96    59   155     0       1.215737E-05       7.781549E-06
   97    59   156     0       1.009912E-06       6.463556E-07
   98    59   157     0       5.809594E-08       3.718138E-08
   99    59   158     0       1.649885E-09       1.055927E-09
  100    59   159     0       3.759450E-11       2.406050E-11
  101    59   160     0       3.269770E-13       2.092650E-13
  102    59   161     0       4.714640E-15       3.017370E-15
   80    60   140     0       0.000000E+00       0.000000E+00
   81    60   141     0       0.000000E+00       0.000000E+00
   82    60   142     0       4.019720E-13       2.572620E-13
   83    60   143     0       3.509760E-11       2.246250E-11
   84    60   144     0       5.679610E-10       1.817470E-10
   85    60   145     0       7.539491E-08       4.825268E-08
   86    60   146     0       1.669926E-06       1.068726E-06
   87    60   147     0       1.718397E-05       1.099440E-05
   88    60   148     0       1.349010E-04       8.620150E-05
   89    60   149     0       6.044918E-04       3.834137E-04
   90    60   150     0       1.933221E-03       1.163841E-03
   91    60   151     0       3.386296E-03       1.607508E-03
   92    60   152     0       4.144321E-03       8.168242E-04
   93    60   153     0       2.781343E-03       6.291753E-04
   94    60   154     0       1.450429E-03       4.168499E-04
   95    60   155     0       5.529838E-04       3.233650E-04
   96    60   156     0       1.561987E-04       9.885664E-05
   97    60   157     0       2.282147E-05       1.460289E-05
   98    60   158     0       2.329752E-06       1.491076E-06
   99    60   159     0       1.399903E-07       8.959378E-08
  100    60   160     0       4.509686E-09       2.886200E-09
  101    60   161     0       9.918840E-11       6.348070E-11
  102    60   162     0       2.089850E-12       1.337510E-12
  103    60   163     0       1.629890E-14       1.043130E-14
  104    60   164     0       0.000000E+00       0.000000E+00
   80    61   141     0       0.000000E+00       0.000000E+00
   82    61   143     0       0.000000E+00       0.000000E+00
   83    61   144     0       1.959870E-14       1.254320E-14
   84    61   145     0       2.669810E-12       1.708680E-12
   85    61   146     0       1.739880E-10       1.113520E-10
   86    61   147     0       7.039518E-09       4.505291E-09
   87    61   148     0       4.129720E-08       2.643015E-08
   87    61   148     1       1.119924E-07       7.167502E-08
   88    61   149     0       2.519922E-06       1.612686E-06
   89    61   150     0       2.225386E-05       1.423887E-05
   90    61   151     0       1.273907E-04       8.142101E-05
   91    61   152     0       1.361495E-04       8.695119E-05
   91    61   152     1       1.361495E-04       8.695119E-05
   91    61   152     2       1.361495E-04       8.695119E-05
   92    61   153     0       9.282313E-04       5.625603E-04
   93    61   154     0       5.043278E-04       3.065712E-04
   93    61   154     1       5.043278E-04       3.065712E-04
   94    61   155     0       1.167510E-03       3.655796E-04
   95    61   156     0       7.217985E-04       3.133721E-04
   96    61   157     0       3.351438E-04       1.905195E-04
   97    61   158     0       8.185189E-05       5.167560E-05
   98    61   159     0       1.696369E-05       1.083655E-05
   99    61   160     0       1.399832E-06       8.958522E-07
  100    61   161     0       1.109915E-07       7.103503E-08
  101    61   162     0       6.219566E-09       3.980525E-09
  102    61   163     0       1.849870E-10       1.183920E-10
  103    61   164     0       3.619750E-12       2.316640E-12
  104    61   165     0       5.049650E-14       3.231780E-14
  105    61   166     0       7.016710E-16       4.490690E-16
  106    61   167     0       9.885540E-18       6.326750E-18
   81    62   143     0       0.000000E+00       0.000000E+00
   81    62   143     1       0.000000E+00       0.000000E+00
   82    62   144     0       0.000000E+00       0.000000E+00
   83    62   145     0       0.000000E+00       0.000000E+00
   84    62   146     0       0.000000E+00       0.000000E+00
   85    62   147     0       2.259840E-13       1.446300E-13
   86    62   148     0       1.959870E-11       1.254320E-11
   87    62   149     0       9.429340E-10       6.034780E-10
   88    62   150     0       3.239775E-08       2.073455E-08
   89    62   151     0       5.349672E-07       3.423765E-07
   90    62   152     0       6.089989E-06       3.897318E-06
   91    62   153     0       3.564973E-05       2.280639E-05
   92    62   154     0       1.299528E-04       8.282036E-05
   93    62   155     0       3.471028E-04       2.142942E-04
   94    62   156     0       6.454288E-04       3.115374E-04
   95    62   157     0       6.371359E-04       1.932501E-04
   96    62   158     0       4.648907E-04       8.086839E-05
   97    62   159     0       2.145597E-04       7.604403E-05
   98    62   160     0       5.707653E-05       3.012829E-05
   99    62   161     0       1.105200E-05       6.936103E-06
  100    62   162     0       2.149530E-06       1.374087E-06
  101    62   163     0       1.699847E-07       1.087894E-07
  102    62   164     0       1.209915E-08       7.743457E-09
  103    62   165     0       4.499690E-10       2.879800E-10
  104    62   166     0       1.739810E-11       1.113480E-11
  105    62   167     0       2.079750E-13       1.331040E-13
  106    62   168     0       0.000000E+00       0.000000E+00
  107    62   169     0       1.093150E-17       6.996210E-18
  108    62   170     0       0.000000E+00       0.000000E+00
   84    63   147     0       0.000000E+00       0.000000E+00
   86    63   149     0       1.049930E-14       6.719540E-15
   88    63   151     0       6.789530E-11       4.345300E-11
   89    63   152     0       7.266170E-10       4.650340E-10
   89    63   152     1       7.266170E-10       4.650340E-10
   89    63   152     2       7.266170E-10       4.650340E-10
   90    63   153     0       4.489692E-08       2.873401E-08
   91    63   154     0       2.359845E-07       1.510291E-07
   91    63   154     1       2.359845E-07       1.510291E-07
   92    63   155     0       4.489876E-06       2.873385E-06
   93    63   156     0       2.009084E-05       1.285406E-05
   94    63   157     0       6.354751E-05       4.050604E-05
   95    63   158     0       1.024733E-04       6.409702E-05
   96    63   159     0       1.408515E-04       7.557668E-05
   97    63   160     0       7.982483E-05       3.110699E-05
   98    63   161     0       4.669913E-05       1.610970E-05
   99    63   162     0       2.060145E-05       1.148065E-05
  100    63   163     0       5.506070E-06       3.417927E-06
  101    63   164     0       9.647446E-07       6.157331E-07
  102    63   165     0       1.259840E-07       8.061526E-08
  103    63   166     0       1.269905E-08       8.127397E-09
  104    63   167     0       5.549610E-10       3.551760E-10
  105    63   168     0       8.919380E-12       5.708400E-12
  106    63   169     0       1.419800E-13       9.086670E-14
  107    63   170     0       0.000000E+00       0.000000E+00
  108    63   171     0       7.081460E-18       4.532140E-18
   83    64   147     0       0.000000E+00       0.000000E+00
   85    64   149     0       0.000000E+00       0.000000E+00
   87    64   151     0       0.000000E+00       0.000000E+00
   88    64   152     0       8.489410E-14       5.433220E-14
   89    64   153     0       5.019650E-12       3.212580E-12
   89    64   153     1       0.000000E+00       0.000000E+00
   90    64   154     0       2.019860E-10       1.292710E-10
   91    64   155     0       5.239640E-09       3.353369E-09
   92    64   156     0       1.319912E-08       4.223718E-09
   93    64   157     0       6.909564E-07       4.422093E-07
   94    64   158     0       3.739814E-06       2.393365E-06
   95    64   159     0       1.216894E-05       7.779597E-06
   96    64   160     0       2.171779E-05       1.357885E-05
   97    64   161     0       2.768100E-05       1.537114E-05
   98    64   162     0       3.615111E-05       1.154767E-05
   99    64   163     0       2.121812E-05       4.288324E-06
  100    64   164     0       1.140344E-05       3.036977E-06
  101    64   165     0       3.434195E-06       1.765984E-06
  102    64   166     0       1.149135E-06       7.041384E-07
  103    64   167     0       1.259722E-07       8.042582E-08
  104    64   168     0       7.199278E-09       4.607297E-09
  105    64   169     0       2.999780E-10       1.919870E-10
  106    64   170     0       8.459410E-12       5.414020E-12
  107    64   171     0       1.489820E-13       9.534880E-14
  108    64   172     0       0.000000E+00       0.000000E+00
   86    65   151     0       0.000000E+00       0.000000E+00
   88    65   153     0       0.000000E+00       0.000000E+00
   90    65   155     0       1.849870E-13       1.183920E-13
   91    65   156     0       7.739460E-12       4.953250E-12
   91    65   156     1       7.659480E-13       4.902060E-13
   92    65   157     0       2.429830E-10       1.555090E-10
   93    65   158     0       3.139778E-09       2.009454E-09
   93    65   158     1       3.109790E-10       1.990260E-10
   94    65   159     0       4.029723E-08       2.579018E-08
   95    65   160     0       1.809871E-07       1.158319E-07
   96    65   161     0       7.769200E-07       4.971967E-07
   97    65   162     0       1.179845E-06       7.548468E-07
   97    65   162     1       1.179845E-06       7.548468E-07
   98    65   163     0       4.407633E-06       2.767025E-06
   99    65   164     0       5.104638E-06       2.987485E-06
  100    65   165     0       4.550014E-06       1.783665E-06
  101    65   166     0       3.293355E-06       1.163495E-06
  102    65   167     0       1.118407E-06       5.513573E-07
  103    65   168     0       1.498936E-07       9.247936E-08
  104    65   169     0       2.118836E-08       1.347250E-08
  105    65   170     0       1.499743E-09       9.593740E-10
  106    65   171     0       9.519230E-11       6.092280E-11
  107    65   172     0       2.819800E-12       1.804680E-12
   89    66   155     0       0.000000E+00       0.000000E+00
   90    66   156     0       0.000000E+00       0.000000E+00
   91    66   157     0       0.000000E+00       0.000000E+00
   92    66   158     0       3.569760E-13       2.284640E-13
   93    66   159     0       1.119920E-11       7.167500E-12
   94    66   160     0       1.839880E-10       1.177520E-10
   95    66   161     0       2.769807E-09       1.772680E-09
   96    66   162     0       2.229843E-08       1.427096E-08
   97    66   163     0       1.059914E-07       6.783459E-08
   98    66   164     0       4.089407E-07       2.616029E-07
   99    66   165     0       7.357001E-07       4.671485E-07
   99    66   165     1       9.998844E-08       6.398600E-08
  100    66   166     0       1.847877E-06       1.046355E-06
  101    66   167     0       1.337753E-06       5.528310E-07
  102    66   168     0       5.327521E-07       1.020181E-07
  103    66   169     0       1.643739E-07       4.198864E-08
  104    66   170     0       3.690601E-08       1.278489E-08
  105    66   171     0       5.565759E-09       3.356446E-09
  106    66   172     0       5.647270E-10       3.592170E-10
   92    67   159     0       0.000000E+00       0.000000E+00
   92    67   159     1       0.000000E+00       0.000000E+00
   94    67   161     0       2.019860E-13       1.292710E-13
   94    67   161     1       2.749810E-14       1.759880E-14
   95    67   162     0       1.329910E-12       8.511410E-13
   95    67   162     1       3.609750E-12       2.310240E-12
   96    67   163     0       7.809460E-11       4.998050E-11
   96    67   163     1       1.069920E-11       6.847530E-12
   97    67   164     0       2.389840E-10       1.529490E-10
   97    67   164     1       6.459560E-10       4.134120E-10
   98    67   165     0       6.349545E-09       4.063718E-09
   99    67   166     0       9.269312E-09       5.932375E-09
   99    67   166     1       2.509795E-08       1.606254E-08
  100    67   167     0       8.158642E-08       5.216380E-08
  101    67   168     0       7.307226E-08       4.637978E-08
  102    67   169     0       6.809032E-08       4.038447E-08
  103    67   170     0       1.628112E-08       9.687633E-09
  103    67   170     1       1.628112E-08       9.687633E-09
  104    67   171     0       1.457247E-08       4.393952E-09
  105    67   172     0       3.291786E-09       1.575375E-09
   93    68   161     0       0.000000E+00       0.000000E+00
   94    68   162     0       0.000000E+00       0.000000E+00
   95    68   163     0       0.000000E+00       0.000000E+00
   96    68   164     0       2.199850E-13       1.407910E-13
   97    68   165     0       4.199710E-12       2.687810E-12
   98    68   166     0       8.279420E-11       5.298840E-11
   99    68   167     0       4.449690E-10       2.847800E-10
   99    68   167     1       6.059580E-11       3.878130E-11
  100    68   168     0       1.569879E-09       1.004723E-09
  101    68   169     0       3.539474E-09       2.265005E-09
  102    68   170     0       5.447636E-09       3.460853E-09
  103    68   171     0       5.425957E-09       3.282448E-09
  104    68   172     0       3.639985E-09       1.579753E-09
   96    69   165     0       0.000000E+00       0.000000E+00
   97    69   166     0       0.000000E+00       0.000000E+00
   98    69   167     0       1.009930E-13       6.463560E-14
   99    69   168     0       8.279420E-13       5.298840E-13
  100    69   169     0       6.739530E-12       4.313300E-12
  101    69   170     0       2.639810E-11       1.689480E-11
  102    69   171     0       9.039270E-11       5.785110E-11
  103    69   172     0       1.449740E-10       9.275380E-11
   96    70   166     0       0.000000E+00       0.000000E+00
   97    70   167     0       0.000000E+00       0.000000E+00
   98    70   168     0       0.000000E+00       0.000000E+00
   99    70   169     0       0.000000E+00       0.000000E+00
   99    70   169     1       0.000000E+00       0.000000E+00
  100    70   170     0       1.529890E-14       9.791320E-15
  101    70   171     0       1.379910E-13       8.831390E-14
  102    70   172     0       7.899450E-13       5.055650E-13
   98    71   169     0       0.000000E+00       0.000000E+00
   98    71   169     1       0.000000E+00       0.000000E+00
  100    71   171     0       0.000000E+00       0.000000E+00
  100    71   171     1       0.000000E+00       0.000000E+00
  101    71   172     0       0.000000E+00       0.000000E+00
  101    71   172     1       0.000000E+00       0.000000E+00
   99    72   171     0       0.000000E+00       0.000000E+00
  100    72   172     0       0.000000E+00       0.000000E+00
