#  n-U237-MT454-E0000.500.jendl4.0  independent fission yields
#   0    92   237  92xx  5.0000E-01        1243
    0     1     1     0       1.614990E-05       2.583980E-06
    1     1     2     0       4.935540E-06       7.057820E-07
    2     1     3     0       7.041460E-05       5.633170E-06
    1     2     3     0       0.000000E+00       0.000000E+00
    2     2     4     0       1.289060E-03       8.250000E-05
    4     2     6     0       1.800120E-05       2.664180E-06
    6     2     8     0       3.365190E-07       8.345660E-08
    3     3     6     0       0.000000E+00       0.000000E+00
    4     3     7     0       7.594790E-07       1.435410E-07
    6     3     9     0       5.405210E-07       1.259410E-07
    5     4     9     0       0.000000E+00       0.000000E+00
    6     4    10     0       5.000000E-06       8.350000E-07
   43    23    66     0       5.501800E-18       3.521150E-18
   42    24    66     0       5.140320E-13       3.289800E-13
   43    24    67     0       7.875150E-14       5.040090E-14
   44    24    68     0       3.628100E-15       2.902480E-15
   45    24    69     0       5.483270E-17       3.509300E-17
   46    24    70     0       0.000000E+00       0.000000E+00
   41    25    66     0       9.821610E-11       6.285830E-11
   42    25    67     0       6.178430E-11       3.954200E-11
   43    25    68     0       8.044940E-12       5.148760E-12
   44    25    69     0       1.756660E-12       1.124260E-12
   45    25    70     0       1.167810E-13       7.474010E-14
   46    25    71     0       9.096420E-15       7.277130E-15
   47    25    72     0       9.134050E-17       5.845800E-17
   48    25    73     0       2.295140E-17       1.468880E-17
   40    26    66     0       2.635070E-09       1.686440E-09
   41    26    67     0       4.022470E-09       2.574380E-09
   42    26    68     0       2.096070E-09       1.341490E-09
   43    26    69     0       1.207730E-09       7.729530E-10
   44    26    70     0       3.443550E-10       2.203880E-10
   45    26    71     0       7.366200E-11       4.714370E-11
   46    26    72     0       8.533930E-12       5.461710E-12
   47    26    73     0       1.587010E-12       1.015690E-12
   48    26    74     0       1.267620E-13       8.112810E-14
   49    26    75     0       3.302430E-15       2.113550E-15
   50    26    76     0       0.000000E+00       0.000000E+00
   39    27    66     0       1.537120E-09       9.837580E-10
   40    27    67     0       7.685610E-09       4.918790E-09
   41    27    68     0       9.142880E-09       5.851450E-09
   42    27    69     0       1.876490E-08       1.200950E-08
   43    27    70     0       1.357460E-08       8.687730E-09
   44    27    71     0       1.147850E-08       7.346240E-09
   45    27    72     0       3.663140E-09       2.344410E-09
   46    27    73     0       2.934500E-09       1.878080E-09
   47    27    74     0       6.547740E-10       4.190560E-10
   48    27    75     0       1.057990E-10       6.771110E-11
   49    27    76     0       6.827220E-12       4.369420E-12
   50    27    77     0       1.037860E-13       6.642320E-14
   51    27    78     0       8.364870E-15       5.353520E-15
   38    28    66     0       1.796640E-10       1.149840E-10
   39    28    67     0       2.056150E-09       1.315930E-09
   40    28    68     0       8.374330E-09       5.359560E-09
   41    28    69     0       3.683100E-08       2.357190E-08
   42    28    70     0       9.033080E-08       5.781180E-08
   43    28    71     0       1.716790E-07       1.098740E-07
   44    28    72     0       2.056150E-07       1.315930E-07
   45    28    73     0       4.262020E-07       2.727690E-07
   46    28    74     0       3.782910E-07       2.421070E-07
   47    28    75     0       1.706800E-07       1.092350E-07
   48    28    76     0       4.611360E-08       2.951270E-08
   49    28    77     0       7.176460E-09       4.592940E-09
   50    28    78     0       7.815290E-10       5.001780E-10
   51    28    79     0       9.112910E-11       5.832260E-11
   52    28    80     0       4.591400E-13       2.938490E-13
   53    28    81     0       1.043690E-14       6.679630E-15
   54    28    82     0       0.000000E+00       0.000000E+00
   37    29    66     0       3.213990E-13       2.056950E-13
   38    29    67     0       1.467260E-11       9.390420E-12
   39    29    68     0       4.143550E-11       2.651870E-11
   39    29    68     1       1.131750E-10       7.243200E-11
   40    29    69     0       2.465390E-09       1.577850E-09
   41    29    70     0       3.136190E-09       2.007160E-09
   41    29    70     1       1.092750E-08       6.993590E-09
   42    29    71     0       8.803520E-08       5.634250E-08
   43    29    72     0       2.305690E-07       1.475640E-07
   44    29    73     0       1.646920E-06       1.054020E-06
   45    29    74     0       3.353720E-06       2.146380E-06
   46    29    75     0       5.779180E-06       3.698670E-06
   47    29    76     0       3.972570E-06       2.542440E-06
   48    29    77     0       2.575180E-06       1.648120E-06
   49    29    78     0       8.134770E-07       5.206250E-07
   50    29    79     0       1.027170E-07       6.573850E-08
   51    29    80     0       6.707440E-09       4.292760E-09
   52    29    81     0       3.343630E-10       2.139930E-10
   53    29    82     0       7.006880E-12       4.484400E-12
   54    29    83     0       1.128800E-13       7.224330E-14
   55    29    84     0       3.333130E-15       2.133200E-15
   36    30    66     0       0.000000E+00       0.000000E+00
   37    30    67     0       1.012180E-14       8.097460E-15
   38    30    68     0       3.742990E-13       2.395520E-13
   39    30    69     0       2.686340E-12       1.719260E-12
   39    30    69     1       1.330380E-11       8.514380E-12
   40    30    70     0       3.683100E-10       2.357190E-10
   41    30    71     0       9.556420E-10       6.116110E-10
   41    30    71     1       4.732700E-09       3.028930E-09
   42    30    72     0       5.469760E-08       3.500650E-08
   43    30    73     0       8.883370E-07       5.685350E-07
   44    30    74     0       5.928900E-06       3.794490E-06
   45    30    75     0       2.253780E-05       1.442420E-05
   46    30    76     0       5.243180E-05       3.355640E-05
   47    30    77     0       8.177690E-05       5.233720E-05
   48    30    78     0       1.035560E-04       6.627590E-05
   49    30    79     0       3.721030E-05       2.381460E-05
   50    30    80     0       1.060010E-05       6.784100E-06
   51    30    81     0       1.597010E-06       1.022080E-06
   52    30    82     0       1.577050E-07       1.009310E-07
   53    30    83     0       7.805280E-09       4.995370E-09
   54    30    84     0       3.114130E-10       1.993050E-10
   55    30    85     0       2.264960E-12       1.449580E-12
   56    30    86     0       4.162210E-14       2.663810E-14
   36    31    67     0       0.000000E+00       0.000000E+00
   37    31    68     0       0.000000E+00       0.000000E+00
   38    31    69     0       1.946890E-15       1.557520E-15
   39    31    70     0       1.297570E-13       8.304450E-14
   40    31    71     0       8.284480E-12       5.302070E-12
   41    31    72     0       2.175920E-10       9.847120E-11
   42    31    73     0       1.407370E-08       9.007130E-09
   43    31    74     0       2.082290E-07       1.332670E-07
   43    31    74     1       2.034290E-08       1.301950E-08
   44    31    75     0       3.114170E-06       1.993070E-06
   45    31    76     0       1.587030E-05       1.015700E-05
   46    31    77     0       8.279490E-05       5.298880E-05
   47    31    78     0       2.397910E-04       1.534660E-04
   48    31    79     0       3.236440E-04       2.071320E-04
   49    31    80     0       2.348710E-04       1.503170E-04
   50    31    81     0       1.501790E-04       9.611440E-05
   51    31    82     0       4.303940E-05       2.754520E-05
   52    31    83     0       9.701830E-06       6.209170E-06
   53    31    84     0       1.147850E-06       7.346240E-07
   54    31    85     0       7.256190E-08       4.643960E-08
   55    31    86     0       2.285720E-09       1.462860E-09
   56    31    87     0       1.260160E-11       8.065010E-12
   57    31    88     0       6.206890E-13       3.972410E-13
   58    31    89     0       7.562010E-14       4.839680E-14
   37    32    69     0       0.000000E+00       0.000000E+00
   38    32    70     0       0.000000E+00       0.000000E+00
   39    32    71     0       0.000000E+00       0.000000E+00
   40    32    72     0       1.008110E-13       6.451920E-14
   41    32    73     0       1.551270E-11       9.928130E-12
   41    32    73     1       3.132380E-12       2.004720E-12
   42    32    74     0       1.237680E-09       7.921170E-10
   43    32    75     0       5.393130E-09       3.451600E-09
   43    32    75     1       4.031130E-08       2.579920E-08
   44    32    76     0       8.873380E-07       5.678960E-07
   45    32    77     0       1.000080E-05       6.400510E-06
   45    32    77     1       1.337970E-06       8.563000E-07
   46    32    78     0       1.190170E-04       7.617100E-05
   47    32    79     0       4.431690E-05       2.836290E-05
   47    32    79     1       3.312500E-04       2.120000E-04
   48    32    80     0       9.375650E-04       6.000420E-04
   49    32    81     0       9.920200E-04       6.348910E-04
   49    32    81     1       3.064930E-04       2.451940E-04
   50    32    82     0       1.590130E-03       1.017680E-03
   51    32    83     0       9.704030E-04       6.210580E-04
   52    32    84     0       4.814780E-04       3.081470E-04
   53    32    85     0       8.990160E-05       5.753710E-05
   54    32    86     0       1.305550E-05       8.355560E-06
   55    32    87     0       8.713560E-07       5.576670E-07
   56    32    88     0       5.799080E-08       3.711410E-08
   57    32    89     0       5.228870E-09       3.346480E-09
   58    32    90     0       4.840200E-12       3.097720E-12
   59    32    91     0       4.625140E-13       2.960080E-13
   39    33    72     0       0.000000E+00       0.000000E+00
   40    33    73     0       0.000000E+00       0.000000E+00
   41    33    74     0       8.274510E-14       4.121150E-14
   42    33    75     0       1.337500E-11       8.559970E-12
   43    33    76     0       7.086730E-10       4.535510E-10
   44    33    77     0       3.802880E-08       2.433850E-08
   45    33    78     0       1.097940E-06       7.026840E-07
   46    33    79     0       1.414360E-05       9.051850E-06
   47    33    80     0       8.668770E-05       5.548010E-05
   48    33    81     0       4.825960E-04       3.088620E-04
   49    33    82     0       2.763590E-04       1.768700E-04
   49    33    82     1       9.629200E-04       6.162700E-04
   50    33    83     0       2.691940E-03       1.722840E-03
   51    33    84     0       2.752610E-03       1.761680E-03
   51    33    84     1       4.480990E-04       2.867850E-04
   52    33    85     0       2.385100E-03       1.526460E-03
   53    33    86     0       9.615000E-04       6.153600E-04
   54    33    87     0       2.834790E-04       1.814260E-04
   55    33    88     0       5.473750E-05       3.503200E-05
   56    33    89     0       5.893730E-06       3.771980E-06
   57    33    90     0       1.147610E-07       7.344710E-08
   58    33    91     0       1.481740E-08       9.483120E-09
   59    33    92     0       3.044680E-11       1.948600E-11
   60    33    93     0       1.585720E-12       1.014860E-12
   61    33    94     0       3.525430E-14       2.256270E-14
   62    33    95     0       0.000000E+00       0.000000E+00
   40    34    74     0       0.000000E+00       0.000000E+00
   41    34    75     0       0.000000E+00       0.000000E+00
   42    34    76     0       6.178430E-14       3.954200E-14
   43    34    77     0       1.135390E-12       7.266540E-13
   43    34    77     1       8.486590E-12       5.431410E-12
   44    34    78     0       1.247660E-09       7.985050E-10
   45    34    79     0       4.242420E-08       2.715140E-08
   45    34    79     1       5.675800E-09       3.632500E-09
   46    34    80     0       1.257640E-06       8.048930E-07
   47    34    81     0       2.288460E-06       1.464610E-06
   47    34    81     1       1.710520E-05       1.094730E-05
   48    34    82     0       1.979490E-04       1.266870E-04
   49    34    83     0       8.790590E-04       5.625980E-04
   49    34    83     1       1.775020E-04       1.136010E-04
   50    34    84     0       4.222260E-03       2.702240E-03
   51    34    85     0       7.474030E-03       3.382410E-03
   52    34    86     0       1.100060E-02       3.520200E-03
   53    34    87     0       8.251340E-03       5.280860E-03
   54    34    88     0       6.351180E-03       4.064750E-03
   55    34    89     0       1.941770E-03       1.242740E-03
   56    34    90     0       3.772380E-04       2.414330E-04
   57    34    91     0       3.604770E-05       2.307050E-05
   58    34    92     0       2.844640E-06       1.820570E-06
   59    34    93     0       1.096470E-07       7.017410E-08
   60    34    94     0       3.293800E-09       2.108030E-09
   61    34    95     0       7.831880E-12       5.012400E-12
   62    34    96     0       3.982550E-13       2.548830E-13
   42    35    77     0       0.000000E+00       0.000000E+00
   42    35    77     1       0.000000E+00       0.000000E+00
   43    35    78     0       1.646920E-14       1.054020E-14
   44    35    79     0       6.335470E-13       4.054710E-13
   44    35    79     1       2.397780E-12       1.534580E-12
   45    35    80     0       5.277450E-11       3.377570E-11
   45    35    80     1       1.838820E-10       1.176840E-10
   46    35    81     0       1.676860E-08       1.073190E-08
   47    35    82     0       3.697000E-07       2.366080E-07
   47    35    82     1       1.353550E-07       8.662670E-08
   48    35    83     0       1.163820E-05       7.448450E-06
   49    35    84     0       4.049950E-05       2.591960E-05
   49    35    84     1       8.488590E-05       5.432690E-05
   50    35    85     0       8.341280E-04       5.338420E-04
   51    35    86     0       2.918620E-03       1.320820E-03
   52    35    87     0       7.607900E-03       4.869060E-03
   53    35    88     0       1.353190E-02       4.330200E-03
   54    35    89     0       1.549120E-02       4.957190E-03
   55    35    90     0       7.871150E-03       5.037540E-03
   56    35    91     0       3.277500E-03       2.097600E-03
   57    35    92     0       7.257910E-04       4.645060E-04
   58    35    93     0       1.235890E-04       7.909680E-05
   59    35    94     0       1.061010E-05       6.790490E-06
   60    35    95     0       2.509060E-07       1.605810E-07
   61    35    96     0       1.716790E-08       1.098740E-08
   62    35    97     0       8.429920E-11       5.395150E-11
   63    35    98     0       3.365180E-12       2.153710E-12
   64    35    99     0       7.129210E-13       4.562700E-13
   65    35   100     0       0.000000E+00       0.000000E+00
   43    36    79     0       0.000000E+00       0.000000E+00
   43    36    79     1       0.000000E+00       0.000000E+00
   44    36    80     0       0.000000E+00       0.000000E+00
   45    36    81     0       9.120440E-13       5.837090E-13
   45    36    81     1       1.220190E-13       7.809270E-14
   46    36    82     0       1.477240E-10       9.454300E-11
   47    36    83     0       8.644940E-09       5.532750E-09
   47    36    83     1       1.745610E-09       1.117190E-09
   48    36    84     0       4.930770E-07       3.155700E-07
   49    36    85     0       7.914140E-06       5.065050E-06
   49    36    85     1       1.598050E-06       1.022750E-06
   50    36    86     0       1.408870E-04       9.016720E-05
   51    36    87     0       9.713810E-04       6.216840E-04
   52    36    88     0       6.140900E-03       3.930180E-03
   53    36    89     0       1.633260E-02       5.226440E-03
   54    36    90     0       2.964180E-02       9.485370E-03
   55    36    91     0       3.038620E-02       9.723580E-03
   56    36    92     0       2.530960E-02       8.099070E-03
   57    36    93     0       1.127730E-02       3.608710E-03
   58    36    94     0       3.919910E-03       2.508740E-03
   59    36    95     0       6.104060E-04       3.906600E-04
   60    36    96     0       7.797400E-05       4.990340E-05
   61    36    97     0       5.829000E-06       3.730560E-06
   62    36    98     0       3.144080E-07       2.012210E-07
   63    36    99     0       4.929600E-08       3.154950E-08
   64    36   100     0       1.407370E-10       9.007130E-11
   65    36   101     0       1.617060E-12       1.034920E-12
   66    36   102     0       1.476160E-13       9.447390E-14
   44    37    81     0       0.000000E+00       0.000000E+00
   44    37    81     1       0.000000E+00       0.000000E+00
   45    37    82     0       0.000000E+00       0.000000E+00
   45    37    82     1       0.000000E+00       0.000000E+00
   46    37    83     0       1.636940E-13       1.047640E-13
   47    37    84     0       2.457570E-12       1.572840E-12
   47    37    84     1       0.000000E+00       0.000000E+00
   48    37    85     0       2.136000E-09       1.367040E-09
   49    37    86     0       3.088550E-08       1.976670E-08
   49    37    86     1       6.473530E-08       4.143060E-08
   50    37    87     0       2.964450E-06       1.897250E-06
   51    37    88     0       5.211240E-05       3.335200E-05
   52    37    89     0       5.737660E-04       3.672100E-04
   53    37    90     0       4.455550E-04       2.851560E-04
   53    37    90     1       2.160030E-03       1.382430E-03
   54    37    91     0       9.972500E-03       3.191200E-03
   55    37    92     0       1.867280E-02       5.975280E-03
   56    37    93     0       2.887220E-02       9.239110E-03
   57    37    94     0       2.327120E-02       7.446770E-03
   58    37    95     0       1.394850E-02       4.463530E-03
   59    37    96     0       4.611740E-03       2.951520E-03
   60    37    97     0       1.419780E-03       9.086540E-04
   61    37    98     0       2.133400E-04       1.365380E-04
   62    37    99     0       5.556410E-05       3.556100E-05
   63    37   100     0       1.197750E-06       7.665650E-07
   64    37   101     0       5.180540E-08       3.315540E-08
   65    37   102     0       3.499970E-09       2.239980E-09
   66    37   103     0       4.061350E-12       2.599260E-12
   67    37   104     0       1.805450E-13       1.155480E-13
   68    37   105     0       0.000000E+00       0.000000E+00
   45    38    83     0       0.000000E+00       0.000000E+00
   46    38    84     0       0.000000E+00       0.000000E+00
   47    38    85     0       2.723860E-14       1.743270E-14
   47    38    85     1       5.500110E-15       3.520060E-15
   48    38    86     0       7.036820E-12       4.503570E-12
   49    38    87     0       5.630410E-10       3.603470E-10
   49    38    87     1       1.136910E-10       7.276240E-11
   50    38    88     0       5.369940E-08       3.436770E-08
   51    38    89     0       1.766690E-06       1.130680E-06
   52    38    90     0       3.558340E-05       2.277340E-05
   53    38    91     0       3.891210E-04       2.490380E-04
   54    38    92     0       2.820470E-03       1.805100E-03
   55    38    93     0       1.037960E-02       3.321470E-03
   56    38    94     0       2.824970E-02       9.039900E-03
   57    38    95     0       3.832950E-02       1.226550E-02
   58    38    96     0       4.350710E-02       1.000670E-02
   59    38    97     0       3.178100E-02       1.016990E-02
   60    38    98     0       1.823010E-02       5.833630E-03
   61    38    99     0       5.501190E-03       3.520760E-03
   62    38   100     0       1.124060E-03       7.194020E-04
   63    38   101     0       1.260330E-04       8.066060E-05
   64    38   102     0       1.150490E-05       7.363170E-06
   65    38   103     0       2.808280E-07       1.797300E-07
   66    38   104     0       1.686820E-08       1.079570E-08
   67    38   105     0       8.530700E-12       5.459650E-12
   68    38   106     0       0.000000E+00       0.000000E+00
   69    38   107     0       0.000000E+00       0.000000E+00
   47    39    86     0       0.000000E+00       0.000000E+00
   47    39    86     1       0.000000E+00       0.000000E+00
   48    39    87     0       0.000000E+00       0.000000E+00
   48    39    87     1       0.000000E+00       0.000000E+00
   49    39    88     0       6.417980E-13       4.107510E-13
   50    39    89     0       1.693630E-11       1.083920E-11
   50    39    89     1       8.387500E-11       5.368000E-11
   51    39    90     0       2.336870E-09       1.495590E-09
   51    39    90     1       3.911440E-09       2.503320E-09
   52    39    91     0       5.483340E-08       3.509330E-08
   52    39    91     1       2.715560E-07       1.737950E-07
   53    39    92     0       6.757350E-06       4.324700E-06
   54    39    93     0       9.252500E-05       5.921600E-05
   54    39    93     1       1.237860E-05       7.922320E-06
   55    39    94     0       7.293640E-04       4.667940E-04
   56    39    95     0       3.717330E-03       2.379090E-03
   57    39    96     0       8.549900E-04       5.471930E-04
   57    39    96     1       8.751630E-03       5.601050E-03
   58    39    97     0       3.948090E-03       2.526770E-03
   58    39    97     1       1.955240E-02       1.251350E-02
   59    39    98     0       4.016030E-03       1.285130E-03
   59    39    98     1       2.573230E-02       8.234370E-03
   60    39    99     0       3.161000E-02       1.011510E-02
   61    39   100     0       2.816850E-04       9.013930E-05
   61    39   100     1       1.884750E-02       1.507800E-02
   62    39   101     0       6.959320E-03       4.453960E-03
   63    39   102     0       1.700740E-03       1.088470E-03
   64    39   103     0       3.165360E-04       2.025830E-04
   65    39   104     0       2.992390E-05       1.915130E-05
   66    39   105     0       2.732950E-07       1.749090E-07
   67    39   106     0       4.242890E-14       2.715440E-14
   68    39   107     0       2.771890E-15       1.774010E-15
   69    39   108     0       2.000930E-17       1.280600E-17
   70    39   109     0       0.000000E+00       0.000000E+00
   48    40    88     0       0.000000E+00       0.000000E+00
   49    40    89     0       0.000000E+00       0.000000E+00
   49    40    89     1       0.000000E+00       0.000000E+00
   50    40    90     0       1.962830E-14       1.256210E-14
   50    40    90     1       9.515690E-14       6.090030E-14
   51    40    91     0       1.946350E-11       1.245660E-11
   52    40    92     0       1.846540E-09       1.181780E-09
   53    40    93     0       8.474140E-08       5.423440E-08
   54    40    94     0       2.525270E-06       1.616180E-06
   55    40    95     0       3.625210E-05       2.320140E-05
   56    40    96     0       3.744190E-04       2.396290E-04
   57    40    97     0       2.284130E-03       1.461840E-03
   58    40    98     0       1.036320E-02       3.316210E-03
   59    40    99     0       2.471500E-02       7.908810E-03
   60    40   100     0       4.044780E-02       1.294330E-02
   61    40   101     0       4.172160E-02       1.335090E-02
   62    40   102     0       3.627330E-02       1.160740E-02
   63    40   103     0       1.670720E-02       5.346300E-03
   64    40   104     0       6.262490E-03       4.008000E-03
   65    40   105     0       6.648720E-04       4.255170E-04
   66    40   106     0       1.686840E-06       1.079580E-06
   67    40   107     0       8.155940E-08       5.219800E-08
   68    40   108     0       7.955100E-10       5.091270E-10
   69    40   109     0       1.837750E-13       1.176160E-13
   70    40   110     0       1.606970E-08       1.028460E-08
   71    40   111     0       4.887810E-10       3.128200E-10
   72    40   112     0       7.438390E-14       4.760570E-14
   49    41    90     0       0.000000E+00       0.000000E+00
   50    41    91     0       0.000000E+00       0.000000E+00
   50    41    91     1       0.000000E+00       0.000000E+00
   51    41    92     0       0.000000E+00       0.000000E+00
   51    41    92     1       0.000000E+00       0.000000E+00
   52    41    93     0       1.001520E-12       6.409700E-13
   52    41    93     1       2.022290E-13       1.294260E-13
   53    41    94     0       6.579460E-11       4.210850E-11
   53    41    94     1       3.930860E-11       2.515750E-11
   54    41    95     0       5.721760E-09       3.661930E-09
   54    41    95     1       1.155360E-09       7.394300E-10
   55    41    96     0       2.016220E-07       1.290380E-07
   56    41    97     0       4.343230E-06       2.779660E-06
   56    41    97     1       8.769980E-07       5.612780E-07
   57    41    98     0       5.044110E-05       3.228230E-05
   57    41    98     1       1.348930E-05       8.633130E-06
   58    41    99     0       4.980590E-04       3.187580E-04
   58    41    99     1       1.005700E-04       6.436460E-05
   59    41   100     0       4.088530E-04       2.616670E-04
   59    41   100     1       1.982100E-03       1.268550E-03
   60    41   101     0       8.910980E-03       5.703030E-03
   61    41   102     0       3.827670E-03       2.449710E-03
   61    41   102     1       1.333680E-02       8.535520E-03
   62    41   103     0       2.648110E-02       8.473950E-03
   63    41   104     0       5.010340E-03       3.206620E-03
   63    41   104     1       1.745750E-02       1.117280E-02
   64    41   105     0       9.188970E-03       5.880940E-03
   65    41   106     0       2.275960E-03       1.456620E-03
   66    41   107     0       4.666350E-04       2.986460E-04
   67    41   108     0       3.709050E-05       2.373800E-05
   68    41   109     0       2.505310E-06       1.603400E-06
   69    41   110     0       7.875260E-06       5.040170E-06
   70    41   111     0       5.509300E-07       3.525950E-07
   71    41   112     0       1.763640E-09       1.128730E-09
   72    41   113     0       2.493820E-10       1.596050E-10
   73    41   114     0       1.006340E-13       6.440630E-14
   74    41   115     0       7.159680E-15       4.582200E-15
   50    42    92     0       0.000000E+00       0.000000E+00
   51    42    93     0       0.000000E+00       0.000000E+00
   51    42    93     1       0.000000E+00       0.000000E+00
   52    42    94     0       0.000000E+00       0.000000E+00
   53    42    95     0       8.923290E-14       5.710910E-14
   54    42    96     0       1.177790E-11       7.537890E-12
   55    42    97     0       8.833460E-10       5.653410E-10
   56    42    98     0       4.731140E-08       3.027930E-08
   57    42    99     0       1.247660E-06       7.985050E-07
   58    42   100     0       2.097070E-05       1.342130E-05
   59    42   101     0       2.139090E-04       1.369020E-04
   60    42   102     0       1.585700E-03       1.014850E-03
   61    42   103     0       5.841130E-03       3.738320E-03
   62    42   104     0       1.708480E-02       5.467150E-03
   63    42   105     0       1.621150E-02       5.187680E-03
   64    42   106     0       1.796440E-02       5.748610E-03
   65    42   107     0       9.891310E-03       4.451090E-03
   66    42   108     0       3.999430E-03       2.559630E-03
   67    42   109     0       9.875010E-04       6.320010E-04
   68    42   110     0       4.974190E-04       3.183480E-04
   69    42   111     0       5.454540E-05       3.490900E-05
   70    42   112     0       5.797380E-06       3.710320E-06
   71    42   113     0       6.066980E-07       3.882870E-07
   72    42   114     0       9.402300E-09       6.017460E-09
   73    42   115     0       4.950670E-10       3.168430E-10
   74    42   116     0       1.816600E-12       1.162620E-12
   75    42   117     0       1.369750E-14       8.766380E-15
   52    43    95     0       0.000000E+00       0.000000E+00
   52    43    95     1       0.000000E+00       0.000000E+00
   53    43    96     0       0.000000E+00       0.000000E+00
   53    43    96     1       0.000000E+00       0.000000E+00
   54    43    97     0       0.000000E+00       0.000000E+00
   54    43    97     1       0.000000E+00       0.000000E+00
   55    43    98     0       4.032450E-13       2.580770E-13
   56    43    99     0       3.952910E-11       2.529870E-11
   56    43    99     1       7.981850E-12       5.108380E-12
   57    43   100     0       2.305690E-09       1.475640E-09
   58    43   101     0       1.058020E-07       6.771320E-08
   59    43   102     0       3.754960E-07       2.403180E-07
   59    43   102     1       1.820390E-06       1.165050E-06
   60    43   103     0       3.353720E-05       2.146380E-05
   61    43   104     0       2.561400E-04       1.639300E-04
   62    43   105     0       9.695950E-04       6.205400E-04
   63    43   106     0       3.486670E-04       2.231470E-04
   64    43   107     0       8.496300E-04       5.437630E-04
   65    43   108     0       9.055940E-04       5.795800E-04
   66    43   109     0       7.867070E-04       5.034930E-04
   67    43   110     0       6.221750E-04       3.981920E-04
   68    43   111     0       3.409720E-04       2.182220E-04
   69    43   112     0       1.174400E-04       7.516170E-05
   70    43   113     0       2.782980E-05       1.781100E-05
   71    43   114     0       3.433570E-06       2.197490E-06
   72    43   115     0       5.580160E-07       3.571300E-07
   73    43   116     0       1.227700E-08       7.857290E-09
   74    43   117     0       4.388200E-10       2.808450E-10
   75    43   118     0       2.895890E-11       1.853370E-11
   76    43   119     0       6.611140E-14       4.231130E-14
   77    43   120     0       1.506320E-15       9.640430E-16
   54    44    98     0       0.000000E+00       0.000000E+00
   55    44    99     0       0.000000E+00       0.000000E+00
   56    44   100     0       2.635070E-14       1.686440E-14
   57    44   101     0       3.683100E-12       2.357190E-12
   58    44   102     0       3.393650E-10       2.171930E-10
   59    44   103     0       1.497200E-08       9.582060E-09
   60    44   104     0       4.930770E-07       3.155700E-07
   61    44   105     0       5.509680E-06       3.526200E-06
   62    44   106     0       1.896450E-08       1.213720E-08
   63    44   107     0       2.136000E-07       1.367040E-07
   64    44   108     0       1.616970E-06       1.034860E-06
   65    44   109     0       1.477920E-06       9.458700E-07
   65    44   109     1       4.141550E-06       2.650590E-06
   66    44   110     0       1.647320E-04       1.054280E-04
   67    44   111     0       2.887390E-04       1.847930E-04
   68    44   112     0       4.329790E-04       2.771070E-04
   69    44   113     0       2.955960E-04       1.891820E-04
   70    44   114     0       1.655600E-04       1.059580E-04
   71    44   115     0       5.524700E-05       3.535810E-05
   72    44   116     0       9.172820E-06       5.870610E-06
   73    44   117     0       1.067560E-06       6.832390E-07
   74    44   118     0       9.519280E-08       6.092330E-08
   75    44   119     0       4.571380E-09       2.925680E-09
   76    44   120     0       1.407350E-10       9.007040E-11
   77    44   121     0       4.642100E-13       2.970930E-13
   78    44   122     0       1.776670E-14       1.137070E-14
   79    44   123     0       3.427040E-16       2.193310E-16
   80    44   124     0       0.000000E+00       0.000000E+00
   55    45   100     0       0.000000E+00       0.000000E+00
   55    45   100     1       0.000000E+00       0.000000E+00
   56    45   101     0       0.000000E+00       0.000000E+00
   56    45   101     1       0.000000E+00       0.000000E+00
   57    45   102     0       0.000000E+00       0.000000E+00
   57    45   102     1       0.000000E+00       0.000000E+00
   58    45   103     0       1.365060E-14       8.736370E-15
   58    45   103     1       1.020330E-13       6.530100E-14
   59    45   104     0       2.497380E-12       1.598330E-12
   59    45   104     1       8.701650E-12       5.569050E-12
   60    45   105     0       5.231930E-10       3.348440E-10
   60    45   105     1       6.999640E-11       4.479770E-11
   61    45   106     0       0.000000E+00       0.000000E+00
   61    45   106     1       0.000000E+00       0.000000E+00
   62    45   107     0       1.147850E-14       7.346240E-15
   63    45   108     0       1.055050E-13       6.752300E-14
   63    45   108     1       3.676100E-13       2.352710E-13
   64    45   109     0       1.229700E-11       5.564970E-12
   65    45   110     0       1.269860E-07       8.127130E-08
   65    45   110     1       6.156230E-07       3.939990E-07
   66    45   111     0       7.635710E-06       4.886850E-06
   67    45   112     0       3.684100E-05       2.357830E-05
   68    45   113     0       1.075380E-04       6.882480E-05
   69    45   114     0       1.632740E-04       1.044950E-04
   70    45   115     0       2.274740E-04       1.455840E-04
   71    45   116     0       1.026280E-04       6.568180E-05
   72    45   117     0       4.915800E-05       3.146110E-05
   73    45   118     0       1.239670E-05       7.933940E-06
   74    45   119     0       2.585160E-06       1.654500E-06
   75    45   120     0       2.405500E-07       1.539520E-07
   76    45   121     0       1.487170E-08       9.517880E-09
   77    45   122     0       4.781040E-10       3.059870E-10
   78    45   123     0       1.097910E-11       7.026620E-12
   79    45   124     0       1.197750E-13       7.665650E-14
   80    45   125     0       0.000000E+00       0.000000E+00
   81    45   126     0       0.000000E+00       0.000000E+00
   82    45   127     0       0.000000E+00       0.000000E+00
   83    45   128     0       0.000000E+00       0.000000E+00
   56    46   102     0       0.000000E+00       0.000000E+00
   57    46   103     0       0.000000E+00       0.000000E+00
   58    46   104     0       0.000000E+00       0.000000E+00
   59    46   105     0       0.000000E+00       0.000000E+00
   60    46   106     0       0.000000E+00       0.000000E+00
   61    46   107     0       0.000000E+00       0.000000E+00
   61    46   107     1       0.000000E+00       0.000000E+00
   62    46   108     0       0.000000E+00       0.000000E+00
   63    46   109     0       0.000000E+00       0.000000E+00
   63    46   109     1       0.000000E+00       0.000000E+00
   64    46   110     0       3.942610E-10       2.523280E-10
   65    46   111     0       5.520360E-09       3.533030E-09
   65    46   111     1       1.211660E-08       7.754630E-09
   66    46   112     0       4.870880E-07       3.117370E-07
   67    46   113     0       4.731140E-06       3.027930E-06
   68    46   114     0       3.362710E-05       2.152130E-05
   69    46   115     0       1.295470E-04       8.291030E-05
   70    46   116     0       2.235120E-04       1.430480E-04
   71    46   117     0       2.505010E-04       1.603210E-04
   72    46   118     0       2.358290E-04       1.509310E-04
   73    46   119     0       1.245860E-04       7.973550E-05
   74    46   120     0       4.870880E-05       3.117370E-05
   75    46   121     0       8.983180E-06       5.749240E-06
   76    46   122     0       1.367440E-06       8.751610E-07
   77    46   123     0       1.058020E-07       6.771320E-08
   78    46   124     0       5.849050E-09       3.743390E-09
   79    46   125     0       0.000000E+00       0.000000E+00
   80    46   126     0       0.000000E+00       0.000000E+00
   81    46   127     0       0.000000E+00       0.000000E+00
   82    46   128     0       0.000000E+00       0.000000E+00
   83    46   129     0       0.000000E+00       0.000000E+00
   84    46   130     0       0.000000E+00       0.000000E+00
   85    46   131     0       7.219970E-14       4.620790E-14
   58    47   105     0       0.000000E+00       0.000000E+00
   58    47   105     1       0.000000E+00       0.000000E+00
   59    47   106     0       0.000000E+00       0.000000E+00
   59    47   106     1       0.000000E+00       0.000000E+00
   60    47   107     0       0.000000E+00       0.000000E+00
   60    47   107     1       0.000000E+00       0.000000E+00
   61    47   108     0       0.000000E+00       0.000000E+00
   61    47   108     1       0.000000E+00       0.000000E+00
   62    47   109     0       0.000000E+00       0.000000E+00
   62    47   109     1       0.000000E+00       0.000000E+00
   63    47   110     0       0.000000E+00       0.000000E+00
   63    47   110     1       0.000000E+00       0.000000E+00
   64    47   111     0       8.739230E-14       5.593100E-14
   64    47   111     1       6.532210E-13       4.180620E-13
   65    47   112     0       8.274500E-11       5.295680E-11
   66    47   113     0       5.327170E-10       3.409390E-10
   66    47   113     1       3.981830E-09       2.548370E-09
   67    47   114     0       1.137870E-07       7.282360E-08
   68    47   115     0       2.591140E-07       1.658340E-07
   68    47   115     1       1.936770E-06       1.239540E-06
   69    47   116     0       2.899690E-06       1.855800E-06
   69    47   116     1       7.920050E-06       5.068830E-06
   70    47   117     0       5.370750E-06       3.437280E-06
   70    47   117     1       4.014410E-05       2.569220E-05
   71    47   118     0       1.718410E-05       1.099780E-05
   71    47   118     1       8.330780E-05       5.331700E-05
   72    47   119     0       1.823980E-04       1.167350E-04
   73    47   120     0       6.358070E-05       4.069160E-05
   73    47   120     1       1.064210E-04       6.810940E-05
   74    47   121     0       1.241470E-04       7.945440E-05
   75    47   122     0       5.236200E-05       2.369630E-05
   76    47   123     0       1.932380E-05       1.236720E-05
   77    47   124     0       3.363700E-06       2.152760E-06
   78    47   125     0       2.375560E-10       1.520360E-10
   79    47   126     0       1.766690E-11       1.130680E-11
   80    47   127     0       1.427330E-12       9.134890E-13
   81    47   128     0       9.462290E-14       6.055860E-14
   82    47   129     0       3.867190E-15       2.475000E-15
   83    47   130     0       0.000000E+00       0.000000E+00
   84    47   131     0       2.313030E-09       1.480340E-09
   85    47   132     0       3.835240E-12       2.454550E-12
   86    47   133     0       2.757390E-13       1.764730E-13
   60    48   108     0       0.000000E+00       0.000000E+00
   61    48   109     0       0.000000E+00       0.000000E+00
   62    48   110     0       0.000000E+00       0.000000E+00
   63    48   111     0       0.000000E+00       0.000000E+00
   63    48   111     1       0.000000E+00       0.000000E+00
   64    48   112     0       0.000000E+00       0.000000E+00
   65    48   113     0       6.441860E-14       4.122800E-14
   65    48   113     1       2.438040E-13       1.560350E-13
   66    48   114     0       4.501570E-11       2.881000E-11
   67    48   115     0       6.466900E-10       4.138820E-10
   67    48   115     1       2.447520E-09       1.566410E-09
   68    48   116     0       7.595780E-08       4.861300E-08
   69    48   117     0       1.898350E-07       1.214940E-07
   69    48   117     1       7.184650E-07       4.598170E-07
   70    48   118     0       8.254540E-06       5.282910E-06
   71    48   119     0       9.733810E-06       6.229620E-06
   71    48   119     1       2.727690E-05       1.745720E-05
   72    48   120     0       1.260140E-04       8.064900E-05
   73    48   121     0       5.761790E-05       3.687550E-05
   73    48   121     1       1.614610E-04       1.033360E-04
   74    48   122     0       3.383170E-04       2.165220E-04
   75    48   123     0       3.340250E-04       2.137750E-04
   76    48   124     0       2.472770E-04       1.582570E-04
   77    48   125     0       2.157950E-05       1.381100E-05
   78    48   126     0       7.965090E-06       5.097660E-06
   79    48   127     0       1.976300E-06       1.264830E-06
   80    48   128     0       6.667520E-07       4.267210E-07
   81    48   129     0       1.137870E-07       7.282360E-08
   82    48   130     0       1.587030E-08       1.015700E-08
   83    48   131     0       5.627150E-06       3.601380E-06
   84    48   132     0       3.583250E-07       2.293280E-07
   85    48   133     0       1.906640E-08       1.220240E-08
   86    48   134     0       8.923290E-11       5.710910E-11
   87    48   135     0       1.149430E-12       7.356380E-13
   88    48   136     0       0.000000E+00       0.000000E+00
   61    49   110     0       0.000000E+00       0.000000E+00
   61    49   110     1       0.000000E+00       0.000000E+00
   62    49   111     0       0.000000E+00       0.000000E+00
   62    49   111     1       0.000000E+00       0.000000E+00
   63    49   112     0       0.000000E+00       0.000000E+00
   63    49   112     1       0.000000E+00       0.000000E+00
   64    49   113     0       0.000000E+00       0.000000E+00
   64    49   113     1       0.000000E+00       0.000000E+00
   65    49   114     0       0.000000E+00       0.000000E+00
   65    49   114     1       0.000000E+00       0.000000E+00
   66    49   115     0       6.510690E-14       4.166850E-14
   66    49   115     1       1.314660E-14       8.413790E-15
   67    49   116     0       1.073670E-12       6.871490E-13
   67    49   116     1       3.751220E-12       2.400780E-12
   67    49   116     2       1.802710E-12       1.153730E-12
   68    49   117     0       3.071810E-10       1.965960E-10
   68    49   117     1       6.202700E-11       3.969730E-11
   69    49   118     0       1.629910E-09       1.043140E-09
   69    49   118     1       5.694610E-09       3.644560E-09
   69    49   118     2       2.736630E-09       1.751450E-09
   70    49   119     0       1.610230E-07       1.030550E-07
   70    49   119     1       3.251440E-08       2.080910E-08
   71    49   120     0       6.846340E-07       4.381660E-07
   71    49   120     1       1.756130E-06       8.308940E-07
   72    49   121     0       1.089540E-05       6.973090E-06
   72    49   121     1       2.200040E-06       1.408020E-06
   73    49   122     0       1.140960E-05       7.302160E-06
   73    49   122     1       5.680940E-05       2.768540E-05
   74    49   123     0       1.622940E-04       1.038680E-04
   74    49   123     1       3.277090E-05       2.097330E-05
   75    49   124     0       1.698890E-04       1.087280E-04
   75    49   124     1       1.833100E-04       1.173180E-04
   76    49   125     0       6.551040E-04       4.192670E-04
   76    49   125     1       1.322810E-04       8.465970E-05
   77    49   126     0       3.595230E-04       2.300950E-04
   77    49   126     1       3.879270E-04       2.482730E-04
   78    49   127     0       6.070220E-04       3.884940E-04
   78    49   127     1       1.225720E-04       7.844600E-05
   79    49   128     0       3.471610E-04       2.221830E-04
   79    49   128     1       3.745870E-04       2.397360E-04
   80    49   129     0       5.148440E-04       3.294990E-04
   80    49   129     1       1.039590E-04       6.653340E-05
   81    49   130     0       4.249000E-04       1.359670E-04
   82    49   131     0       5.893190E-04       3.771640E-04
   82    49   131     1       1.187120E-04       7.597540E-05
   82    49   131     2       4.637470E-04       3.709970E-04
   83    49   132     0       2.132900E-04       1.365060E-04
   84    49   133     0       2.149060E-05       1.375400E-05
   85    49   134     0       9.003140E-07       5.762020E-07
   86    49   135     0       3.682400E-08       2.356740E-08
   87    49   136     0       3.094210E-10       1.980290E-10
   88    49   137     0       2.728180E-12       1.746030E-12
   89    49   138     0       3.963430E-14       2.536590E-14
   63    50   113     0       0.000000E+00       0.000000E+00
   63    50   113     1       0.000000E+00       0.000000E+00
   64    50   114     0       0.000000E+00       0.000000E+00
   65    50   115     0       0.000000E+00       0.000000E+00
   66    50   116     0       0.000000E+00       0.000000E+00
   67    50   117     0       2.190400E-15       1.401860E-15
   67    50   117     1       8.289980E-15       5.305590E-15
   68    50   118     0       1.357460E-12       8.687730E-13
   69    50   119     0       1.629240E-11       1.042710E-11
   69    50   119     1       6.166170E-11       3.946340E-11
   70    50   120     0       3.413610E-09       2.184700E-09
   71    50   121     0       5.487740E-08       3.512150E-08
   71    50   121     1       1.958310E-08       1.253320E-08
   72    50   122     0       1.297570E-06       8.304450E-07
   73    50   123     0       1.076210E-05       6.887790E-06
   73    50   123     1       3.840490E-06       2.457920E-06
   74    50   124     0       1.073790E-04       6.872250E-05
   75    50   125     0       2.799120E-04       1.791430E-04
   75    50   125     1       9.988710E-05       6.392770E-05
   76    50   126     0       1.015940E-03       6.502000E-04
   77    50   127     0       1.279490E-03       8.188800E-04
   77    50   127     1       4.565900E-04       2.922170E-04
   78    50   128     0       4.918690E-03       2.225950E-03
   79    50   129     0       2.357240E-03       1.508630E-03
   79    50   129     1       6.605650E-03       4.227600E-03
   80    50   130     0       4.708050E-03       3.013160E-03
   80    50   130     1       1.285930E-02       8.229970E-03
   81    50   131     0       4.956230E-03       3.171990E-03
   81    50   131     1       1.388870E-02       8.888800E-03
   82    50   132     0       1.614270E-02       5.165660E-03
   83    50   133     0       4.841740E-03       3.098710E-03
   84    50   134     0       9.941480E-04       6.362550E-04
   85    50   135     0       8.958530E-05       5.733460E-05
   86    50   136     0       5.519660E-06       3.532590E-06
   87    50   137     0       1.886440E-07       1.207330E-07
   88    50   138     0       3.703020E-09       2.369940E-09
   89    50   139     0       1.663680E-11       1.064750E-11
   90    50   140     0       8.378110E-13       5.361990E-13
   65    51   116     0       0.000000E+00       0.000000E+00
   65    51   116     1       0.000000E+00       0.000000E+00
   66    51   117     0       0.000000E+00       0.000000E+00
   67    51   118     0       0.000000E+00       0.000000E+00
   67    51   118     1       0.000000E+00       0.000000E+00
   68    51   119     0       0.000000E+00       0.000000E+00
   69    51   120     0       2.803490E-14       1.794230E-14
   69    51   120     1       4.692470E-14       3.003180E-14
   70    51   121     0       8.014990E-12       5.129600E-12
   71    51   122     0       1.892340E-10       1.211090E-10
   71    51   122     1       2.539370E-10       1.625190E-10
   72    51   123     0       2.495330E-08       1.597010E-08
   73    51   124     0       1.354980E-07       8.671910E-08
   73    51   124     1       2.846020E-07       1.821460E-07
   73    51   124     2       1.462700E-07       9.361310E-08
   74    51   125     0       2.235820E-07       1.430920E-07
   75    51   126     0       7.179810E-07       4.595080E-07
   75    51   126     1       1.502860E-06       7.174490E-07
   76    51   127     0       1.129880E-05       7.231260E-06
   77    51   128     0       3.332680E-05       2.132910E-05
   77    51   128     1       4.659360E-05       2.981990E-05
   78    51   129     0       1.755240E-04       1.123350E-04
   78    51   129     1       3.427080E-04       2.741660E-04
   79    51   130     0       9.820370E-04       6.285040E-04
   79    51   130     1       1.372970E-03       8.786970E-04
   80    51   131     0       1.129970E-02       3.615900E-03
   81    51   132     0       1.254990E-02       4.015960E-03
   81    51   132     1       1.112920E-02       3.561340E-03
   82    51   133     0       2.750560E-02       8.801790E-03
   83    51   134     0       4.248260E-03       2.718880E-03
   83    51   134     1       1.160340E-02       7.426210E-03
   84    51   135     0       6.341170E-03       4.058360E-03
   85    51   136     0       1.198500E-03       7.670440E-04
   86    51   137     0       1.930080E-04       1.235250E-04
   87    51   138     0       1.192760E-05       7.633710E-06
   88    51   139     0       5.329850E-07       3.411100E-07
   89    51   140     0       1.986450E-08       1.271330E-08
   90    51   141     0       1.283490E-11       8.214370E-12
   91    51   142     0       1.175150E-12       7.520900E-13
   92    51   143     0       3.199500E-13       2.047680E-13
   67    52   119     0       0.000000E+00       0.000000E+00
   67    52   119     1       0.000000E+00       0.000000E+00
   68    52   120     0       0.000000E+00       0.000000E+00
   69    52   121     0       0.000000E+00       0.000000E+00
   69    52   121     1       0.000000E+00       0.000000E+00
   70    52   122     0       1.597010E-14       1.022080E-14
   71    52   123     0       6.523220E-13       4.174870E-13
   71    52   123     1       2.468840E-12       1.580060E-12
   72    52   124     0       3.553350E-10       2.274150E-10
   73    52   125     0       2.638910E-14       1.688900E-14
   73    52   125     1       9.987450E-14       6.391970E-14
   74    52   126     0       4.950730E-12       3.168470E-12
   75    52   127     0       2.604080E-11       1.666610E-11
   75    52   127     1       7.297370E-11       4.670320E-11
   76    52   128     0       3.463520E-09       2.216650E-09
   77    52   129     0       2.073820E-08       1.327240E-08
   77    52   129     1       5.811420E-08       3.719300E-08
   78    52   130     0       1.906430E-06       1.220110E-06
   79    52   131     0       2.290490E-04       1.465910E-04
   79    52   131     1       6.418600E-04       4.107910E-04
   80    52   132     0       7.399540E-03       4.735710E-03
   81    52   133     0       5.666980E-03       3.626870E-03
   81    52   133     1       1.588050E-02       5.081740E-03
   82    52   134     0       4.699590E-02       1.503870E-02
   83    52   135     0       4.718760E-02       1.510010E-02
   84    52   136     0       3.612240E-02       1.155910E-02
   85    52   137     0       1.604890E-02       5.135640E-03
   86    52   138     0       4.406930E-03       2.820440E-03
   87    52   139     0       5.993080E-04       3.835570E-04
   88    52   140     0       6.529780E-05       4.179060E-05
   89    52   141     0       8.874920E-07       5.679950E-07
   90    52   142     0       1.097930E-07       7.026760E-08
   91    52   143     0       2.212340E-08       1.415900E-08
   92    52   144     0       5.184590E-12       3.318140E-12
   93    52   145     0       3.831450E-13       2.452130E-13
   69    53   122     0       0.000000E+00       0.000000E+00
   70    53   123     0       0.000000E+00       0.000000E+00
   71    53   124     0       0.000000E+00       0.000000E+00
   72    53   125     0       0.000000E+00       0.000000E+00
   73    53   126     0       0.000000E+00       0.000000E+00
   74    53   127     0       0.000000E+00       0.000000E+00
   75    53   128     0       0.000000E+00       0.000000E+00
   76    53   129     0       0.000000E+00       0.000000E+00
   77    53   130     0       1.702370E-13       1.089520E-13
   77    53   130     1       6.232730E-14       3.988950E-14
   78    53   131     0       1.537120E-06       9.837580E-07
   79    53   132     0       2.113360E-05       1.352550E-05
   79    53   132     1       1.912090E-05       1.223740E-05
   80    53   133     0       2.999160E-04       1.919460E-04
   80    53   133     1       2.216770E-04       1.418730E-04
   81    53   134     0       1.706490E-03       1.092150E-03
   81    53   134     1       1.513300E-03       9.685100E-04
   82    53   135     0       1.250180E-02       4.000590E-03
   83    53   136     0       6.218510E-03       1.989930E-03
   83    53   136     1       1.698490E-02       5.435180E-03
   84    53   137     0       3.790230E-02       1.212880E-02
   85    53   138     0       2.616340E-02       8.372290E-03
   86    53   139     0       1.453420E-02       4.650950E-03
   87    53   140     0       4.516690E-03       2.890680E-03
   88    53   141     0       1.000340E-03       6.402160E-04
   89    53   142     0       1.066900E-04       6.828180E-05
   90    53   143     0       2.493640E-05       1.595930E-05
   91    53   144     0       1.229260E-07       7.867320E-08
   92    53   145     0       1.227470E-08       7.855790E-09
   93    53   146     0       1.997740E-11       1.278550E-11
   94    53   147     0       7.248590E-13       4.639090E-13
   95    53   148     0       7.552950E-15       4.833890E-15
   71    54   125     0       0.000000E+00       0.000000E+00
   72    54   126     0       0.000000E+00       0.000000E+00
   73    54   127     0       0.000000E+00       0.000000E+00
   73    54   127     1       0.000000E+00       0.000000E+00
   74    54   128     0       0.000000E+00       0.000000E+00
   75    54   129     0       0.000000E+00       0.000000E+00
   75    54   129     1       0.000000E+00       0.000000E+00
   76    54   130     0       0.000000E+00       0.000000E+00
   77    54   131     0       5.247550E-11       3.358440E-11
   77    54   131     1       1.470510E-10       9.411260E-11
   78    54   132     0       2.615100E-08       1.673670E-08
   79    54   133     0       2.869220E-07       1.836300E-07
   79    54   133     1       8.040350E-07       5.145830E-07
   80    54   134     0       8.867600E-06       5.675270E-06
   80    54   134     1       2.422050E-05       1.550110E-05
   81    54   135     0       1.008240E-04       6.452750E-05
   81    54   135     1       2.825380E-04       1.808240E-04
   82    54   136     0       3.061730E-03       1.959510E-03
   83    54   137     0       1.259010E-02       4.028830E-03
   84    54   138     0       3.175760E-02       1.016250E-02
   85    54   139     0       4.217710E-02       1.349670E-02
   86    54   140     0       4.898170E-02       1.567420E-02
   87    54   141     0       2.748020E-02       8.793650E-03
   88    54   142     0       1.276540E-02       4.084910E-03
   89    54   143     0       6.493130E-04       4.155590E-04
   89    54   143     1       1.819560E-03       1.164510E-03
   90    54   144     0       4.040800E-04       2.586120E-04
   91    54   145     0       2.986170E-05       1.911150E-05
   92    54   146     0       1.866480E-06       1.194550E-06
   93    54   147     0       5.012150E-08       3.207780E-08
   94    54   148     0       7.056710E-10       4.516290E-10
   95    54   149     0       1.535780E-12       9.829000E-13
   96    54   150     0       2.874620E-14       1.839750E-14
   73    55   128     0       0.000000E+00       0.000000E+00
   74    55   129     0       0.000000E+00       0.000000E+00
   75    55   130     0       0.000000E+00       0.000000E+00
   76    55   131     0       0.000000E+00       0.000000E+00
   77    55   132     0       1.936370E-13       1.239280E-13
   78    55   133     0       4.142250E-11       2.651040E-11
   79    55   134     0       2.280030E-09       1.459220E-09
   79    55   134     1       2.021910E-09       1.294030E-09
   80    55   135     0       1.423330E-07       9.109340E-08
   80    55   135     1       1.052030E-07       6.732990E-08
   81    55   136     0       3.642760E-06       2.331360E-06
   81    55   136     1       2.605550E-06       1.667540E-06
   82    55   137     0       1.157230E-04       7.406290E-05
   83    55   138     0       3.066750E-04       1.962710E-04
   83    55   138     1       5.133110E-04       3.285180E-04
   84    55   139     0       4.317940E-03       2.763470E-03
   85    55   140     0       1.233380E-02       3.946800E-03
   86    55   141     0       2.439940E-02       7.807800E-03
   87    55   142     0       2.798400E-02       8.954870E-03
   88    55   143     0       2.107180E-02       6.742980E-03
   89    55   144     0       8.957240E-03       5.732630E-03
   90    55   145     0       2.715100E-03       1.737660E-03
   91    55   146     0       4.765770E-04       3.050090E-04
   92    55   147     0       5.649450E-05       3.615650E-05
   93    55   148     0       2.595140E-06       1.660890E-06
   94    55   149     0       4.920120E-08       3.148880E-08
   95    55   150     0       1.577050E-09       1.009310E-09
   96    55   151     0       1.624870E-12       1.039920E-12
   97    55   152     0       1.356750E-13       8.683220E-14
   75    56   131     0       0.000000E+00       0.000000E+00
   76    56   132     0       0.000000E+00       0.000000E+00
   77    56   133     0       0.000000E+00       0.000000E+00
   77    56   133     1       0.000000E+00       0.000000E+00
   78    56   134     0       5.819110E-14       3.724220E-14
   79    56   135     0       2.966340E-12       1.898460E-12
   79    56   135     1       8.312530E-12       5.320020E-12
   80    56   136     0       3.851990E-10       2.465270E-10
   80    56   136     1       1.052110E-09       6.733500E-10
   81    56   137     0       2.228700E-08       1.426370E-08
   81    56   137     1       6.245440E-08       3.997090E-08
   82    56   138     0       2.834690E-06       1.814200E-06
   83    56   139     0       4.483600E-05       2.869500E-05
   84    56   140     0       5.591330E-04       3.578450E-04
   85    56   141     0       2.900000E-03       1.856000E-03
   86    56   142     0       1.314940E-02       4.207830E-03
   87    56   143     0       2.377980E-02       7.609540E-03
   88    56   144     0       3.565800E-02       1.141050E-02
   89    56   145     0       2.523110E-02       8.073930E-03
   90    56   146     0       1.662590E-02       5.320280E-03
   91    56   147     0       5.593290E-03       3.579710E-03
   92    56   148     0       1.090800E-03       6.981110E-04
   93    56   149     0       1.196970E-04       7.660580E-05
   94    56   150     0       9.013120E-06       5.768400E-06
   95    56   151     0       1.123540E-07       7.190670E-08
   96    56   152     0       1.267610E-08       8.112730E-09
   97    56   153     0       6.467520E-10       4.139210E-10
   98    56   154     0       1.746730E-12       1.117900E-12
   76    57   133     0       0.000000E+00       0.000000E+00
   77    57   134     0       0.000000E+00       0.000000E+00
   78    57   135     0       0.000000E+00       0.000000E+00
   79    57   136     0       0.000000E+00       0.000000E+00
   80    57   137     0       1.087960E-12       6.962960E-13
   81    57   138     0       1.177790E-10       7.537890E-11
   82    57   139     0       9.092970E-09       5.819510E-09
   83    57   140     0       3.553350E-07       2.274150E-07
   84    57   141     0       8.294470E-06       5.308460E-06
   85    57   142     0       1.140060E-04       7.296420E-05
   86    57   143     0       8.717180E-04       5.578990E-04
   87    57   144     0       3.305630E-03       2.115600E-03
   88    57   145     0       8.263500E-03       5.288650E-03
   89    57   146     0       3.966760E-03       2.538730E-03
   89    57   146     1       8.314230E-03       5.321110E-03
   90    57   147     0       1.488670E-02       4.763730E-03
   91    57   148     0       7.259580E-03       4.646140E-03
   92    57   149     0       3.177650E-03       2.033700E-03
   93    57   150     0       6.636480E-04       4.247340E-04
   94    57   151     0       1.266400E-04       8.104980E-05
   95    57   152     0       1.157830E-05       7.410120E-06
   96    57   153     0       7.289870E-07       4.665520E-07
   97    57   154     0       1.956330E-08       1.252050E-08
   98    57   155     0       6.971920E-10       4.462020E-10
   99    57   156     0       2.319140E-11       1.484250E-11
  100    57   157     0       3.810790E-14       2.438910E-14
   77    58   135     0       0.000000E+00       0.000000E+00
   78    58   136     0       0.000000E+00       0.000000E+00
   79    58   137     0       0.000000E+00       0.000000E+00
   79    58   137     1       0.000000E+00       0.000000E+00
   80    58   138     0       0.000000E+00       0.000000E+00
   81    58   139     0       3.320730E-14       2.125260E-14
   81    58   139     1       9.305630E-14       5.955600E-14
   82    58   140     0       2.445420E-11       1.565070E-11
   83    58   141     0       1.776670E-09       1.137070E-09
   84    58   142     0       1.217720E-07       7.793410E-08
   85    58   143     0       2.874610E-06       1.839750E-06
   86    58   144     0       4.803000E-05       3.073920E-05
   87    58   145     0       3.223470E-04       2.063010E-04
   88    58   146     0       1.853040E-03       1.185950E-03
   89    58   147     0       5.521260E-03       3.533600E-03
   90    58   148     0       9.861120E-03       6.311120E-03
   91    58   149     0       1.000930E-02       3.202990E-03
   92    58   150     0       7.617400E-03       4.875140E-03
   93    58   151     0       3.689540E-03       2.361300E-03
   94    58   152     0       1.302210E-03       8.334150E-04
   95    58   153     0       2.183610E-04       1.397510E-04
   96    58   154     0       2.376550E-05       1.520990E-05
   97    58   155     0       1.696120E-06       1.085530E-06
   98    58   156     0       7.623400E-08       4.878980E-08
   99    58   157     0       2.635030E-09       1.686410E-09
  100    58   158     0       2.984380E-11       1.910000E-11
  101    58   159     0       6.822940E-14       4.366680E-14
  102    58   160     0       0.000000E+00       0.000000E+00
   79    59   138     0       0.000000E+00       0.000000E+00
   79    59   138     1       0.000000E+00       0.000000E+00
   80    59   139     0       0.000000E+00       0.000000E+00
   81    59   140     0       0.000000E+00       0.000000E+00
   82    59   141     0       0.000000E+00       0.000000E+00
   83    59   142     0       4.012490E-13       2.567990E-13
   83    59   142     1       1.095950E-12       7.014060E-13
   84    59   143     0       1.746730E-10       1.117900E-10
   85    59   144     0       8.024340E-10       5.135580E-10
   85    59   144     1       8.213680E-09       5.256760E-09
   86    59   145     0       2.704930E-07       1.731160E-07
   87    59   146     0       4.431700E-06       2.836290E-06
   88    59   147     0       5.721290E-05       3.661620E-05
   89    59   148     0       4.857240E-05       3.108620E-05
   89    59   148     1       2.354770E-04       1.507050E-04
   90    59   149     0       1.111100E-03       7.111030E-04
   91    59   150     0       2.020010E-03       1.292810E-03
   92    59   151     0       3.452890E-03       2.209850E-03
   93    59   152     0       2.706100E-03       1.731910E-03
   94    59   153     0       1.600770E-03       1.024490E-03
   95    59   154     0       4.143440E-04       2.651800E-04
   96    59   155     0       1.162520E-04       7.440140E-05
   97    59   156     0       1.366450E-05       8.745230E-06
   98    59   157     0       1.996260E-06       1.277600E-06
   99    59   158     0       6.447920E-08       4.126680E-08
  100    59   159     0       2.185840E-09       1.398930E-09
  101    59   160     0       2.934500E-11       1.878080E-11
  102    59   161     0       1.218040E-12       7.795420E-13
  103    59   162     0       5.929120E-16       3.794640E-16
   81    60   141     0       0.000000E+00       0.000000E+00
   82    60   142     0       0.000000E+00       0.000000E+00
   83    60   143     0       0.000000E+00       0.000000E+00
   84    60   144     0       1.766690E-13       1.130680E-13
   85    60   145     0       1.606990E-11       1.028470E-11
   86    60   146     0       1.207730E-09       7.729530E-10
   87    60   147     0       4.781040E-08       3.059870E-08
   88    60   148     0       1.117900E-06       7.154600E-07
   89    60   149     0       1.267620E-05       8.112810E-06
   90    60   150     0       9.723790E-05       6.223230E-05
   91    60   151     0       4.343470E-04       2.779820E-04
   92    60   152     0       1.205620E-03       7.715980E-04
   93    60   153     0       1.587150E-03       1.015780E-03
   94    60   154     0       1.338500E-03       8.566360E-04
   95    60   155     0       8.436110E-04       5.399110E-04
   96    60   156     0       3.463020E-04       2.216340E-04
   97    60   157     0       1.263330E-04       8.085340E-05
   98    60   158     0       1.629950E-05       1.043160E-05
   99    60   159     0       1.457270E-06       9.326540E-07
  100    60   160     0       8.374330E-08       5.359560E-08
  101    60   161     0       2.963230E-09       1.896470E-09
  102    60   162     0       5.539560E-11       3.545320E-11
  103    60   163     0       3.323730E-13       2.127180E-13
  104    60   164     0       0.000000E+00       0.000000E+00
   83    61   144     0       0.000000E+00       0.000000E+00
   84    61   145     0       0.000000E+00       0.000000E+00
   85    61   146     0       0.000000E+00       0.000000E+00
   86    61   147     0       7.046810E-13       4.509950E-13
   87    61   148     0       1.428450E-11       9.142020E-12
   87    61   148     1       3.901570E-11       2.497010E-11
   88    61   149     0       2.834690E-09       1.814200E-09
   89    61   150     0       6.597650E-08       4.222500E-08
   90    61   151     0       1.327520E-06       8.496100E-07
   91    61   152     0       1.306280E-06       8.360140E-07
   91    61   152     1       6.334940E-06       4.054350E-06
   91    61   152     2       2.180400E-06       1.395450E-06
   92    61   153     0       5.014610E-05       3.209350E-05
   93    61   154     0       8.738380E-05       5.592560E-05
   93    61   154     1       1.169080E-05       7.482120E-06
   94    61   155     0       2.173430E-04       1.391000E-04
   95    61   156     0       1.917610E-04       1.227270E-04
   96    61   157     0       2.348710E-04       1.503170E-04
   97    61   158     0       6.907070E-05       4.420520E-05
   98    61   159     0       2.197890E-05       1.406650E-05
   99    61   160     0       3.213990E-06       2.056950E-06
  100    61   161     0       4.461650E-07       2.855450E-07
  101    61   162     0       2.305690E-08       1.475640E-08
  102    61   163     0       5.749240E-10       3.679510E-10
  103    61   164     0       1.976300E-11       1.264830E-11
  104    61   165     0       3.962460E-13       2.535970E-13
  105    61   166     0       1.211180E-14       7.751530E-15
   84    62   146     0       0.000000E+00       0.000000E+00
   85    62   147     0       0.000000E+00       0.000000E+00
   86    62   148     0       0.000000E+00       0.000000E+00
   87    62   149     0       4.371810E-14       2.797960E-14
   88    62   150     0       4.850920E-12       3.104590E-12
   89    62   151     0       3.024330E-10       1.935570E-10
   90    62   152     0       9.791670E-09       6.266670E-09
   91    62   153     0       1.407370E-07       9.007130E-08
   92    62   154     0       1.117900E-06       7.154600E-07
   93    62   155     0       6.457900E-06       4.133060E-06
   94    62   156     0       2.109050E-05       1.349800E-05
   95    62   157     0       6.112560E-05       3.912030E-05
   96    62   158     0       6.162460E-05       3.943970E-05
   97    62   159     0       4.196150E-05       2.685530E-05
   98    62   160     0       2.074110E-05       1.327440E-05
   99    62   161     0       6.507810E-06       4.165000E-06
  100    62   162     0       1.247660E-06       7.985050E-07
  101    62   163     0       7.835330E-08       5.014610E-08
  102    62   164     0       1.107920E-08       7.090720E-09
  103    62   165     0       5.968830E-10       3.820040E-10
  104    62   166     0       3.981330E-11       2.548050E-11
  105    62   167     0       1.028060E-12       6.579590E-13
  106    62   168     0       2.405470E-14       1.539500E-14
   86    63   149     0       0.000000E+00       0.000000E+00
   87    63   150     0       0.000000E+00       0.000000E+00
   87    63   150     1       0.000000E+00       0.000000E+00
   88    63   151     0       0.000000E+00       0.000000E+00
   89    63   152     0       5.186170E-14       3.319150E-14
   89    63   152     1       5.084490E-15       3.254070E-15
   89    63   152     2       5.592930E-14       3.579470E-14
   90    63   153     0       7.226470E-12       4.624940E-12
   91    63   154     0       7.729630E-11       4.946960E-11
   91    63   154     1       8.340280E-11       5.337780E-11
   92    63   155     0       4.032450E-09       2.580770E-09
   93    63   156     0       3.553350E-08       2.274150E-08
   94    63   157     0       4.232080E-07       2.708530E-07
   95    63   158     0       1.107920E-06       7.090720E-07
   96    63   159     0       2.734880E-06       1.750320E-06
   97    63   160     0       3.134140E-06       2.005840E-06
   98    63   161     0       3.243930E-06       2.076110E-06
   99    63   162     0       1.367440E-06       8.751610E-07
  100    63   163     0       2.864630E-07       1.833370E-07
  101    63   164     0       9.532150E-08       6.100580E-08
  102    63   165     0       1.896450E-08       1.213720E-08
  103    63   166     0       3.323780E-09       2.127210E-09
  104    63   167     0       3.573310E-10       2.286920E-10
  105    63   168     0       2.265760E-11       1.450090E-11
  106    63   169     0       8.137530E-13       5.208020E-13
  107    63   170     0       1.130750E-14       9.046010E-15
   87    64   151     0       0.000000E+00       0.000000E+00
   88    64   152     0       0.000000E+00       0.000000E+00
   89    64   153     0       0.000000E+00       0.000000E+00
   90    64   154     0       0.000000E+00       0.000000E+00
   91    64   155     0       1.776670E-13       1.137070E-13
   92    64   156     0       6.697460E-12       4.286380E-12
   93    64   157     0       2.295710E-10       1.469250E-10
   94    64   158     0       2.585160E-09       1.654500E-09
   95    64   159     0       1.706800E-08       1.092350E-08
   96    64   160     0       7.965090E-08       5.097660E-08
   97    64   161     0       2.036180E-07       1.303160E-07
   98    64   162     0       3.164080E-07       2.025010E-07
   99    64   163     0       1.467260E-07       9.390420E-08
  100    64   164     0       1.636940E-07       1.047640E-07
  101    64   165     0       7.016860E-08       4.490790E-08
  102    64   166     0       4.262020E-08       2.727690E-08
  103    64   167     0       1.097940E-08       7.026840E-09
  104    64   168     0       2.635070E-09       1.686440E-09
  105    64   169     0       2.515290E-10       1.609790E-10
  106    64   170     0       1.008110E-11       6.451920E-12
  107    64   171     0       3.053030E-13       1.953940E-13
  108    64   172     0       1.014280E-14       8.114230E-15
   89    65   154     0       0.000000E+00       0.000000E+00
   89    65   154     1       0.000000E+00       0.000000E+00
   89    65   154     2       0.000000E+00       0.000000E+00
   90    65   155     0       0.000000E+00       0.000000E+00
   91    65   156     0       0.000000E+00       0.000000E+00
   91    65   156     1       0.000000E+00       0.000000E+00
   91    65   156     2       0.000000E+00       0.000000E+00
   92    65   157     0       0.000000E+00       0.000000E+00
   93    65   158     0       5.964990E-14       3.817600E-14
   93    65   158     1       0.000000E+00       0.000000E+00
   94    65   159     0       2.036180E-12       1.303160E-12
   95    65   160     0       2.714920E-11       1.737550E-11
   96    65   161     0       2.874610E-10       1.839750E-10
   97    65   162     0       1.217720E-09       5.510770E-10
   98    65   163     0       2.185900E-09       1.398980E-09
   99    65   164     0       6.138510E-09       3.928640E-09
  100    65   165     0       9.192780E-09       5.883390E-09
  101    65   166     0       1.257640E-08       8.048930E-09
  102    65   167     0       1.087960E-08       6.962960E-09
  103    65   168     0       5.619470E-09       3.596470E-09
  104    65   169     0       1.896450E-09       1.213720E-09
  105    65   170     0       1.816600E-10       1.162620E-10
  106    65   171     0       2.165940E-11       1.386210E-11
  107    65   172     0       1.587030E-12       1.015700E-12
   91    66   157     0       0.000000E+00       0.000000E+00
   92    66   158     0       0.000000E+00       0.000000E+00
   93    66   159     0       0.000000E+00       0.000000E+00
   94    66   160     0       0.000000E+00       0.000000E+00
   95    66   161     0       2.934500E-14       1.878080E-14
   96    66   162     0       5.479740E-13       3.507030E-13
   97    66   163     0       2.714920E-12       1.737550E-12
   98    66   164     0       3.223970E-11       2.063330E-11
   99    66   165     0       1.119810E-10       7.166770E-11
   99    66   165     1       1.498150E-11       9.588150E-12
  100    66   166     0       6.827220E-10       4.369420E-10
  101    66   167     0       1.447290E-09       9.262660E-10
  102    66   168     0       2.575180E-09       1.648120E-09
  103    66   169     0       1.936370E-09       1.239280E-09
  104    66   170     0       6.018730E-10       3.851980E-10
  105    66   171     0       1.616970E-10       1.034860E-10
  106    66   172     0       4.132270E-11       2.644650E-11
   93    67   160     0       0.000000E+00       0.000000E+00
   93    67   160     1       0.000000E+00       0.000000E+00
   94    67   161     0       0.000000E+00       0.000000E+00
   94    67   161     1       0.000000E+00       0.000000E+00
   95    67   162     0       0.000000E+00       0.000000E+00
   95    67   162     1       0.000000E+00       0.000000E+00
   96    67   163     0       0.000000E+00       0.000000E+00
   96    67   163     1       0.000000E+00       0.000000E+00
   97    67   164     0       0.000000E+00       0.000000E+00
   97    67   164     1       0.000000E+00       0.000000E+00
   98    67   165     0       3.453530E-14       2.210270E-14
   99    67   166     0       1.415070E-13       9.056420E-14
   99    67   166     1       3.865040E-13       2.473630E-13
  100    67   167     0       4.701190E-12       3.008760E-12
  101    67   168     0       2.155960E-11       1.379820E-11
  102    67   169     0       6.288220E-11       4.024470E-11
  103    67   170     0       3.346300E-11       2.141630E-11
  103    67   170     1       1.225150E-11       7.840950E-12
  104    67   171     0       4.272000E-11       2.734080E-11
  105    67   172     0       2.355590E-11       1.507580E-11
   95    68   163     0       0.000000E+00       0.000000E+00
   96    68   164     0       0.000000E+00       0.000000E+00
   97    68   165     0       0.000000E+00       0.000000E+00
   98    68   166     0       0.000000E+00       0.000000E+00
   99    68   167     0       8.991680E-16       7.193340E-16
   99    68   167     1       1.202970E-16       9.623750E-17
  100    68   168     0       2.225840E-14       1.424540E-14
  101    68   169     0       1.816600E-13       1.162620E-13
  102    68   170     0       5.340000E-13       3.417600E-13
  103    68   171     0       1.307550E-12       8.368340E-13
  104    68   172     0       2.665010E-12       1.705610E-12
   97    69   166     0       0.000000E+00       0.000000E+00
   98    69   167     0       0.000000E+00       0.000000E+00
   99    69   168     0       0.000000E+00       0.000000E+00
  100    69   169     0       0.000000E+00       0.000000E+00
  101    69   170     0       1.250830E-16       1.000670E-16
  102    69   171     0       1.223500E-15       9.788000E-16
  103    69   172     0       6.586230E-15       5.268980E-15
   98    70   168     0       0.000000E+00       0.000000E+00
   99    70   169     0       0.000000E+00       0.000000E+00
  100    70   170     0       0.000000E+00       0.000000E+00
  101    70   171     0       0.000000E+00       0.000000E+00
  102    70   172     0       0.000000E+00       0.000000E+00
  101    71   172     0       0.000000E+00       0.000000E+00
  101    71   172     1       0.000000E+00       0.000000E+00
