66    0.0000000e+00
67    0.0000000e+00
68    1.8900500e-14
69    0.0000000e+00
70    1.6300400e-11
71    1.8700500e-13
72    0.0000000e+00
73    0.0000000e+00
74    1.6800400e-12
75    0.0000000e+00
76    8.6402200e-10
77    0.0000000e+00
78    1.0400300e-13
79    0.0000000e+00
80    1.6500400e-10
81    1.3900300e-12
82    5.7901500e-08
83    3.8601000e-13
84    1.7500400e-11
85    7.8202000e-14
86    1.5900400e-08
87    1.6000400e-14
88    1.5400400e-12
89    0.0000000e+00
90    0.0000000e+00
91    0.0000000e+00
92    9.2402300e-14
93    0.0000000e+00
94    2.5800600e-10
95    0.0000000e+00
96    0.0000000e+00
97    2.0200500e-13
98    1.6400400e-11
99    0.0000000e+00
100    3.0200800e-08
101    0.0000000e+00
102    5.0501300e-13
103    0.0000000e+00
104    2.9500700e-09
105    0.0000000e+00
106    3.5000900e-14
107    0.0000000e+00
108    3.2000800e-10
109    9.5502400e-13
110    5.0501300e-07
111    2.1800500e-13
112    3.2800800e-11
113    7.2301800e-14
114    8.0002000e-08
115    1.8300500e-14
116    2.5630600e-05
117    1.3600300e-10
118    4.5601100e-09
119    7.8302000e-08
120    7.4601900e-07
121    4.4401100e-09
122    7.0001800e-10
123    0.0000000e+00
124    0.0000000e+00
125    0.0000000e+00
126    0.0000000e+00
127    0.0000000e+00
128    0.0000000e+00
129    0.0000000e+00
130    2.7900700e-07
131    3.6600900e-13
132    5.9201500e-11
133    3.0000800e-13
134    2.1900500e-07
135    9.4102400e-14
136    4.3806100e-05
137    1.0700300e-09
138    3.7900900e-08
139    1.6000400e-10
140    3.5900900e-13
141    0.0000000e+00
142    9.9602500e-10
143    0.0000000e+00
144    0.0000000e+00
145    1.8200500e-13
146    1.0900300e-11
147    0.0000000e+00
148    1.1600300e-08
149    0.0000000e+00
150    2.9900700e-06
151    0.0000000e+00
152    1.8000500e-10
153    4.0001000e-13
154    1.0100300e-07
155    3.1600800e-14
156    2.3900600e-12
157    1.4200400e-10
158    4.6801200e-09
159    3.8601000e-12
160    8.3102100e-07
161    1.7300400e-12
162    4.4801100e-11
163    9.3902400e-10
164    1.0800300e-08
165    6.5401600e-11
166    1.8000500e-13
167    4.2601100e-12
168    5.4001400e-11
169    2.0200500e-14
170    5.8801500e-09
171    0.0000000e+00
172    1.5800400e-13
