66    0.0000000e+00
67    0.0000000e+00
68    1.8900500e-14
69    0.0000000e+00
70    5.6001400e-09
71    1.8700500e-13
72    0.0000000e+00
73    0.0000000e+00
74    6.0501500e-10
75    0.0000000e+00
76    1.4300400e-07
77    0.0000000e+00
78    1.0400300e-13
79    0.0000000e+00
80    8.6002200e-08
81    1.3900300e-12
82    4.8001200e-06
83    3.8601000e-13
84    8.9702200e-10
85    7.8202000e-14
86    3.9701000e-06
87    1.6000400e-14
88    1.5400400e-12
89    0.0000000e+00
90    0.0000000e+00
91    0.0000000e+00
92    9.2402300e-14
93    0.0000000e+00
94    5.2801300e-07
95    0.0000000e+00
96    0.0000000e+00
97    2.0200500e-13
98    9.4602400e-08
99    0.0000000e+00
100    2.3350600e-05
101    0.0000000e+00
102    6.4301600e-10
103    0.0000000e+00
104    5.4401400e-06
105    0.0000000e+00
106    3.5000900e-14
107    0.0000000e+00
108    1.1700300e-06
109    9.5502400e-13
110    2.2130600e-04
111    2.1800500e-13
112    1.0200300e-07
113    7.2301800e-14
114    5.6271400e-05
115    1.8300500e-14
116    2.2294600e-03
117    1.3600300e-10
118    4.5601100e-09
119    7.8302000e-08
120    7.4601900e-07
121    4.4401100e-09
122    4.9921300e-05
123    0.0000000e+00
124    0.0000000e+00
125    0.0000000e+00
126    0.0000000e+00
127    0.0000000e+00
128    7.6401900e-13
129    0.0000000e+00
130    9.1112300e-05
131    3.6600900e-13
132    6.6701700e-09
133    3.0000800e-13
134    1.0856300e-04
135    9.4102400e-14
136    5.1187500e-03
137    1.0700300e-09
138    1.1050300e-05
139    1.6000400e-10
140    3.5900900e-13
141    0.0000000e+00
142    2.6200700e-06
143    0.0000000e+00
144    0.0000000e+00
145    1.8200500e-13
146    3.0600800e-08
147    0.0000000e+00
148    1.3010300e-05
149    0.0000000e+00
150    4.7201200e-04
151    0.0000000e+00
152    2.9000700e-07
153    4.0001000e-13
154    4.1011000e-05
155    3.1600800e-14
156    2.3900600e-12
157    1.4200400e-10
158    6.4401600e-07
159    3.8601000e-12
160    8.7342200e-05
161    1.7300400e-12
162    4.4801100e-11
163    9.3902400e-10
164    1.6200400e-06
165    6.5401600e-11
166    1.8000500e-13
167    4.2601100e-12
168    5.4001400e-11
169    2.0200500e-14
170    7.8402000e-07
171    0.0000000e+00
172    1.5800400e-13
