#  n-U238-MT454-E0014.000.jendl4.0  independent fission yields
#   0    92   238  92xx  1.4000E+01        1241
    0     1     1     0       1.484380E-05       2.375000E-06
    1     1     2     0       4.536380E-06       6.487020E-07
    2     1     3     0       6.471990E-05       5.177590E-06
    1     2     3     0       0.000000E+00       0.000000E+00
    2     2     4     0       1.151910E-03       7.372250E-05
    4     2     6     0       1.608600E-05       2.380730E-06
    6     2     8     0       3.007150E-07       7.457730E-08
    3     3     6     0       0.000000E+00       0.000000E+00
    4     3     7     0       7.010570E-07       1.325000E-07
    6     3     9     0       4.989430E-07       1.162540E-07
    5     4     9     0       0.000000E+00       0.000000E+00
    6     4    10     0       4.400000E-06       7.348000E-07
   43    23    66     0       2.382500E-14       1.524800E-14
   42    24    66     0       1.181050E-10       7.558710E-11
   43    24    67     0       1.651460E-11       1.056940E-11
   44    24    68     0       2.131890E-12       1.364410E-12
   45    24    69     0       7.934960E-14       5.078370E-14
   46    24    70     0       0.000000E+00       0.000000E+00
   41    25    66     0       1.942120E-08       1.242960E-08
   42    25    67     0       6.987610E-09       4.472070E-09
   43    25    68     0       2.292500E-09       1.467200E-09
   44    25    69     0       3.933490E-10       2.517430E-10
   45    25    70     0       5.465950E-11       3.498200E-11
   46    25    71     0       4.885320E-12       3.126600E-12
   47    25    72     0       2.342120E-13       1.498960E-13
   48    25    73     0       2.968040E-14       1.899540E-14
   40    26    66     0       2.773020E-07       1.774730E-07
   41    26    67     0       2.412630E-07       1.544080E-07
   42    26    68     0       1.922090E-07       1.230140E-07
   43    26    69     0       8.349100E-08       5.343420E-08
   44    26    70     0       2.923180E-08       1.870840E-08
   45    26    71     0       6.827440E-09       4.369560E-09
   46    26    72     0       1.161030E-09       7.430590E-10
   47    26    73     0       1.471310E-10       9.416350E-11
   48    26    74     0       1.031120E-11       6.599190E-12
   49    26    75     0       5.936070E-13       3.799080E-13
   50    26    76     0       2.232430E-14       1.428760E-14
   39    27    66     0       4.164540E-07       2.665300E-07
   40    27    67     0       8.188910E-07       5.240900E-07
   41    27    68     0       1.461600E-06       9.354190E-07
   42    27    69     0       1.511650E-06       9.674530E-07
   43    27    70     0       1.261380E-06       8.072790E-07
   44    27    71     0       7.337990E-07       4.696310E-07
   45    27    72     0       3.093370E-07       1.979760E-07
   46    27    73     0       1.021110E-07       6.535120E-08
   47    27    74     0       1.872040E-08       1.198110E-08
   48    27    75     0       2.942610E-09       1.883270E-09
   49    27    76     0       2.783030E-10       1.781140E-10
   50    27    77     0       7.349420E-12       4.703630E-12
   51    27    78     0       9.429070E-13       6.034610E-13
   38    28    66     0       6.877490E-08       4.401590E-08
   39    28    67     0       3.093370E-07       1.979760E-07
   40    28    68     0       1.221330E-06       7.816510E-07
   41    28    69     0       2.823070E-06       1.806770E-06
   42    28    70     0       5.215680E-06       3.338030E-06
   43    28    71     0       7.057680E-06       4.516920E-06
   44    28    72     0       6.927540E-06       4.433630E-06
   45    28    73     0       5.586080E-06       3.575100E-06
   46    28    74     0       2.582810E-06       1.653000E-06
   47    28    75     0       1.011100E-06       6.471050E-07
   48    28    76     0       2.492710E-07       1.595340E-07
   49    28    77     0       3.643230E-08       2.331670E-08
   50    28    78     0       4.674150E-09       2.991450E-09
   51    28    79     0       1.857620E-09       1.188880E-09
   52    28    80     0       2.502720E-11       1.601750E-11
   53    28    81     0       1.623330E-12       1.038940E-12
   54    28    82     0       1.281400E-14       8.200920E-15
   37    29    66     0       9.580430E-10       6.131480E-10
   38    29    67     0       1.171270E-08       7.496160E-09
   39    29    68     0       1.964180E-08       1.257080E-08
   39    29    68     1       8.887640E-08       5.688080E-08
   40    29    69     0       5.856370E-07       3.748090E-07
   41    29    70     0       3.603930E-07       2.306510E-07
   41    29    70     1       2.042230E-06       1.307030E-06
   42    29    71     0       7.307960E-06       4.677090E-06
   43    29    72     0       1.576720E-05       1.009090E-05
   44    29    73     0       2.900160E-05       1.856100E-05
   45    29    74     0       3.136410E-05       2.007310E-05
   46    29    75     0       2.891150E-05       1.850340E-05
   47    29    76     0       1.755910E-05       1.123780E-05
   48    29    77     0       6.637230E-06       4.247830E-06
   49    29    78     0       2.252450E-06       1.441570E-06
   50    29    79     0       6.788830E-07       4.344850E-07
   51    29    80     0       8.989790E-08       5.753460E-08
   52    29    81     0       8.047140E-09       5.150170E-09
   53    29    82     0       3.754090E-10       2.402620E-10
   54    29    83     0       1.621320E-11       1.037650E-11
   55    29    84     0       1.066070E-12       6.822850E-13
   36    30    66     0       1.161260E-12       7.432090E-13
   37    30    67     0       3.724060E-11       2.383400E-11
   38    30    68     0       8.519280E-10       5.452330E-10
   39    30    69     0       1.297250E-09       8.302350E-10
   39    30    69     1       1.028530E-08       6.582640E-09
   40    30    70     0       1.131230E-07       7.239880E-08
   41    30    71     0       9.171590E-08       5.869810E-08
   41    30    71     1       7.271760E-07       4.653930E-07
   42    30    72     0       3.994350E-06       2.556380E-06
   43    30    73     0       1.666820E-05       1.066760E-05
   44    30    74     0       4.041400E-05       2.586500E-05
   45    30    75     0       8.208930E-05       5.253720E-05
   46    30    76     0       1.143540E-04       7.318690E-05
   47    30    77     0       1.042830E-04       6.674150E-05
   48    30    78     0       8.794580E-05       5.628520E-05
   49    30    79     0       6.785390E-05       4.342650E-05
   50    30    80     0       2.401610E-05       1.537040E-05
   51    30    81     0       5.866380E-06       3.754490E-06
   52    30    82     0       7.778470E-07       4.978220E-07
   53    30    83     0       8.037130E-08       5.143770E-08
   54    30    84     0       5.284690E-09       3.382200E-09
   55    30    85     0       1.233650E-10       7.895370E-11
   56    30    86     0       4.524930E-12       2.895950E-12
   36    31    67     0       0.000000E+00       0.000000E+00
   37    31    68     0       5.115570E-13       3.273960E-13
   38    31    69     0       1.811980E-11       1.159660E-11
   39    31    70     0       4.484880E-10       2.870320E-10
   40    31    71     0       8.269010E-09       5.292160E-09
   41    31    72     0       8.919720E-08       4.036600E-08
   42    31    73     0       9.940820E-07       6.362130E-07
   43    31    74     0       5.365820E-06       3.434130E-06
   43    31    74     1       3.303790E-07       2.114430E-07
   44    31    75     0       2.601830E-05       1.665180E-05
   45    31    76     0       8.176900E-05       5.233220E-05
   46    31    77     0       1.708660E-04       1.093550E-04
   47    31    78     0       3.334330E-04       2.133970E-04
   48    31    79     0       6.090740E-04       3.898070E-04
   49    31    80     0       5.384360E-04       3.445990E-04
   50    31    81     0       3.386780E-04       2.167540E-04
   51    31    82     0       1.217930E-04       7.794720E-05
   52    31    83     0       3.406710E-05       2.180290E-05
   53    31    84     0       6.306870E-06       4.036400E-06
   54    31    85     0       6.115420E-07       3.913880E-07
   55    31    86     0       4.324710E-08       2.767810E-08
   56    31    87     0       6.622550E-10       4.238440E-10
   57    31    88     0       6.461030E-11       4.135050E-11
   58    31    89     0       1.193090E-11       7.635790E-12
   37    32    69     0       0.000000E+00       0.000000E+00
   38    32    70     0       1.321440E-13       8.457210E-14
   39    32    71     0       6.447010E-12       2.917590E-12
   40    32    72     0       1.771930E-10       1.134030E-10
   41    32    73     0       4.435060E-09       2.838440E-09
   41    32    73     1       5.593770E-10       3.580010E-10
   42    32    74     0       7.378030E-08       4.721940E-08
   43    32    75     0       6.267690E-08       4.011320E-08
   43    32    75     1       7.513090E-07       4.808380E-07
   44    32    76     0       6.166720E-06       3.946700E-06
   45    32    77     0       2.854250E-05       1.826730E-05
   45    32    77     1       2.381120E-06       1.523920E-06
   46    32    78     0       1.408740E-04       9.015900E-05
   47    32    79     0       4.550950E-05       2.912620E-05
   47    32    79     1       5.455230E-04       3.491360E-04
   48    32    80     0       1.213680E-03       7.767500E-04
   49    32    81     0       1.444620E-03       9.245530E-04
   49    32    81     1       2.040560E-04       1.632440E-04
   50    32    82     0       1.655010E-03       1.059200E-03
   51    32    83     0       1.177400E-03       7.535310E-04
   52    32    84     0       5.835250E-04       3.734560E-04
   53    32    85     0       1.513450E-04       9.686070E-05
   54    32    86     0       2.991250E-05       1.914410E-05
   55    32    87     0       3.282910E-06       2.101070E-06
   56    32    88     0       3.202840E-07       2.049820E-07
   57    32    89     0       5.914360E-08       3.785200E-08
   58    32    90     0       2.825170E-10       1.808110E-10
   59    32    91     0       4.812600E-11       3.080060E-11
   39    33    72     0       2.562790E-14       1.640190E-14
   40    33    73     0       1.922090E-12       1.230140E-12
   41    33    74     0       7.458130E-11       4.007700E-11
   42    33    75     0       2.092280E-09       1.339060E-09
   43    33    76     0       4.064430E-08       2.601230E-08
   44    33    77     0       5.255720E-07       3.363660E-07
   45    33    78     0       6.026570E-06       3.857000E-06
   46    33    79     0       6.178730E-05       3.954390E-05
   47    33    80     0       3.109280E-04       1.989940E-04
   48    33    81     0       1.102770E-03       7.057730E-04
   49    33    82     0       3.579370E-04       2.290790E-04
   49    33    82     1       2.028310E-03       1.298110E-03
   50    33    83     0       3.891420E-03       2.490510E-03
   51    33    84     0       4.442180E-03       2.842990E-03
   51    33    84     1       4.393360E-04       2.811750E-04
   52    33    85     0       3.156890E-03       2.020410E-03
   53    33    86     0       1.644240E-03       1.052310E-03
   54    33    87     0       4.776400E-04       3.056900E-04
   55    33    88     0       1.255470E-04       8.034980E-05
   56    33    89     0       2.161440E-05       1.383320E-05
   57    33    90     0       1.400490E-06       8.963130E-07
   58    33    91     0       2.385690E-07       1.526840E-07
   59    33    92     0       2.000900E-09       1.280580E-09
   60    33    93     0       7.278140E-11       4.658010E-11
   61    33    94     0       8.278200E-12       5.298050E-12
   62    33    95     0       0.000000E+00       0.000000E+00
   40    34    74     0       0.000000E+00       0.000000E+00
   41    34    75     0       3.934290E-13       2.517940E-13
   42    34    76     0       2.032210E-11       1.300620E-11
   43    34    77     0       5.521520E-11       3.533780E-11
   43    34    77     1       6.618660E-10       4.235940E-10
   44    34    78     0       2.162360E-08       1.383910E-08
   45    34    79     0       5.336130E-07       3.415120E-07
   45    34    79     1       4.451600E-08       2.849020E-08
   46    34    80     0       7.628300E-06       4.882120E-06
   47    34    81     0       5.318020E-06       3.403540E-06
   47    34    81     1       6.374720E-05       4.079820E-05
   48    34    82     0       3.770410E-04       2.413060E-04
   49    34    83     0       1.341520E-03       8.585690E-04
   49    34    83     1       1.692010E-04       1.082880E-04
   50    34    84     0       3.709870E-03       2.374320E-03
   51    34    85     0       6.664100E-03       3.015990E-03
   52    34    86     0       8.463310E-03       5.416510E-03
   53    34    87     0       6.073200E-03       3.886850E-03
   54    34    88     0       4.035690E-03       2.582840E-03
   55    34    89     0       1.859870E-03       1.190310E-03
   56    34    90     0       5.118180E-04       3.275630E-04
   57    34    91     0       8.718660E-05       5.579940E-05
   58    34    92     0       9.918800E-06       6.348040E-06
   59    34    93     0       3.607900E-07       2.309050E-07
   60    34    94     0       4.103640E-08       2.626330E-08
   61    34    95     0       4.012810E-10       2.568210E-10
   62    34    96     0       3.093370E-11       1.979760E-11
   42    35    77     0       0.000000E+00       0.000000E+00
   42    35    77     1       5.163020E-14       3.304330E-14
   43    35    78     0       5.736240E-12       3.671200E-12
   44    35    79     0       5.792880E-11       3.707450E-11
   44    35    79     1       3.588250E-10       2.296480E-10
   45    35    80     0       2.277990E-09       1.457920E-09
   45    35    80     1       1.290860E-08       8.261480E-09
   46    35    81     0       3.714050E-07       2.376990E-07
   47    35    82     0       1.419230E-06       9.083100E-07
   47    35    82     1       3.136520E-07       2.007380E-07
   48    35    83     0       5.732240E-05       3.668640E-05
   49    35    84     0       9.619290E-05       6.156350E-05
   49    35    84     1       3.371080E-04       2.157490E-04
   50    35    85     0       1.583860E-03       1.013670E-03
   51    35    86     0       4.824750E-03       2.183650E-03
   52    35    87     0       9.127980E-03       2.920960E-03
   53    35    88     0       1.061490E-02       2.441430E-03
   54    35    89     0       1.322620E-02       3.042050E-03
   55    35    90     0       9.966120E-03       3.189160E-03
   56    35    91     0       4.461630E-03       2.855440E-03
   57    35    92     0       1.336630E-03       8.554400E-04
   58    35    93     0       1.318530E-04       8.438600E-05
   59    35    94     0       4.193570E-05       2.683880E-05
   60    35    95     0       1.989220E-06       1.273100E-06
   61    35    96     0       2.522750E-07       1.614560E-07
   62    35    97     0       3.024570E-09       1.935720E-09
   63    35    98     0       2.483450E-10       1.589410E-10
   64    35    99     0       7.925920E-11       5.072580E-11
   65    35   100     0       0.000000E+00       0.000000E+00
   43    36    79     0       1.649590E-15       1.055740E-15
   43    36    79     1       1.977360E-14       1.265520E-14
   44    36    80     0       2.192390E-12       1.403130E-12
   45    36    81     0       1.390630E-10       8.900020E-11
   45    36    81     1       1.160120E-11       7.424780E-12
   46    36    82     0       6.366940E-09       4.074840E-09
   47    36    83     0       1.548590E-07       9.910920E-08
   47    36    83     1       1.953170E-08       1.250030E-08
   48    36    84     0       3.764100E-06       2.409020E-06
   49    36    85     0       3.234060E-05       2.069800E-05
   49    36    85     1       4.079000E-06       2.610560E-06
   50    36    86     0       2.926280E-04       1.872820E-04
   51    36    87     0       8.285230E-04       2.651280E-04
   52    36    88     0       5.578040E-03       6.135840E-04
   53    36    89     0       1.264270E-02       1.390700E-03
   54    36    90     0       1.879160E-02       1.503330E-03
   55    36    91     0       2.094950E-02       1.675960E-03
   56    36    92     0       1.579860E-02       9.479170E-04
   57    36    93     0       7.213680E-03       1.154190E-03
   58    36    94     0       3.339790E-03       2.137470E-03
   59    36    95     0       7.269740E-04       4.652640E-04
   60    36    96     0       1.494330E-04       9.563690E-05
   61    36    97     0       1.499330E-05       9.595720E-06
   62    36    98     0       1.231100E-06       7.879000E-07
   63    36    99     0       3.929010E-07       2.514570E-07
   64    36   100     0       2.412630E-09       1.544080E-09
   65    36   101     0       1.241590E-10       7.946170E-11
   66    36   102     0       1.382120E-11       8.845530E-12
   44    37    81     0       0.000000E+00       0.000000E+00
   44    37    81     1       0.000000E+00       0.000000E+00
   45    37    82     0       0.000000E+00       0.000000E+00
   45    37    82     1       0.000000E+00       0.000000E+00
   46    37    83     0       4.064430E-11       2.601230E-11
   47    37    84     0       1.233440E-10       7.894050E-11
   47    37    84     1       2.087140E-09       1.669710E-09
   48    37    85     0       6.657250E-08       4.260640E-08
   49    37    86     0       2.866920E-08       1.834830E-08
   49    37    86     1       1.004710E-07       6.430170E-08
   50    37    87     0       1.897070E-05       1.214130E-05
   51    37    88     0       1.503340E-04       9.621360E-05
   52    37    89     0       1.111980E-03       7.116680E-04
   53    37    90     0       4.909500E-04       3.142080E-04
   53    37    90     1       3.853740E-03       2.466390E-03
   54    37    91     0       1.277750E-02       4.088790E-03
   55    37    92     0       1.896710E-02       6.069450E-03
   56    37    93     0       2.662170E-02       8.518940E-03
   57    37    94     0       2.436580E-02       7.797080E-03
   58    37    95     0       1.445160E-02       4.624500E-03
   59    37    96     0       7.089800E-03       4.537470E-03
   60    37    97     0       1.920050E-03       1.228830E-03
   61    37    98     0       4.141010E-04       2.650240E-04
   62    37    99     0       1.435890E-04       9.189650E-05
   63    37   100     0       5.836350E-06       3.735270E-06
   64    37   101     0       6.154770E-07       3.939050E-07
   65    37   102     0       6.851370E-08       4.384880E-08
   66    37   103     0       3.296800E-10       2.109950E-10
   67    37   104     0       2.867080E-11       1.834930E-11
   68    37   105     0       0.000000E+00       0.000000E+00
   45    38    83     0       0.000000E+00       0.000000E+00
   46    38    84     0       1.191300E-13       7.624300E-14
   47    38    85     0       7.902930E-12       5.057870E-12
   47    38    85     1       9.967660E-13       6.379290E-13
   48    38    86     0       5.746250E-10       3.677610E-10
   49    38    87     0       1.797500E-08       1.150390E-08
   49    38    87     1       2.267110E-09       1.450960E-09
   50    38    88     0       4.384780E-07       2.806250E-07
   51    38    89     0       9.210030E-06       5.894420E-06
   52    38    90     0       9.224040E-05       5.903390E-05
   53    38    91     0       6.954270E-04       4.450740E-04
   54    38    92     0       2.637130E-03       1.687760E-03
   55    38    93     0       8.737620E-03       5.592080E-03
   56    38    94     0       1.919960E-02       6.143880E-03
   57    38    95     0       2.803070E-02       8.969820E-03
   58    38    96     0       3.200990E-02       1.024320E-02
   59    38    97     0       2.170860E-02       6.946770E-03
   60    38    98     0       1.151750E-02       3.685590E-03
   61    38    99     0       4.325010E-03       2.768010E-03
   62    38   100     0       1.063720E-03       6.807860E-04
   63    38   101     0       2.249300E-04       1.439550E-04
   64    38   102     0       2.503890E-05       1.602490E-05
   65    38   103     0       1.634270E-06       1.045930E-06
   66    38   104     0       1.421260E-07       9.096080E-08
   67    38   105     0       5.973790E-10       3.823230E-10
   68    38   106     0       1.546890E-10       9.900080E-11
   69    38   107     0       3.494260E-11       2.236330E-11
   47    39    86     0       0.000000E+00       0.000000E+00
   47    39    86     1       0.000000E+00       0.000000E+00
   48    39    87     0       1.946440E-14       1.245720E-14
   48    39    87     1       0.000000E+00       0.000000E+00
   49    39    88     0       9.440280E-11       6.041780E-11
   50    39    89     0       6.110650E-10       3.910820E-10
   50    39    89     1       4.844880E-09       3.100720E-09
   51    39    90     0       3.889230E-08       2.489110E-08
   51    39    90     1       1.112710E-07       7.121350E-08
   52    39    91     0       3.475790E-07       2.224500E-07
   52    39    91     1       2.755810E-06       1.763710E-06
   53    39    92     0       3.191470E-05       2.042550E-05
   54    39    93     0       2.830790E-04       1.811700E-04
   54    39    93     1       2.361550E-05       1.511390E-05
   55    39    94     0       1.649340E-03       1.055570E-03
   56    39    95     0       5.984180E-03       3.829870E-03
   57    39    96     0       9.394610E-04       6.012550E-04
   57    39    96     1       1.525810E-02       4.882600E-03
   58    39    97     0       2.927520E-03       1.873620E-03
   58    39    97     1       2.321100E-02       1.485510E-02
   59    39    98     0       2.878690E-03       9.211830E-04
   59    39    98     1       2.910680E-02       9.314160E-03
   60    39    99     0       2.977740E-02       9.528760E-03
   61    39   100     0       1.353190E-04       4.330210E-05
   61    39   100     1       1.506610E-02       1.205290E-02
   62    39   101     0       8.802500E-03       5.633600E-03
   63    39   102     0       2.440740E-03       1.562070E-03
   64    39   103     0       5.972580E-04       3.822450E-04
   65    39   104     0       9.123940E-05       5.839310E-05
   66    39   105     0       2.961310E-06       1.895240E-06
   67    39   106     0       7.668190E-07       4.907640E-07
   68    39   107     0       1.732170E-07       1.108580E-07
   69    39   108     0       6.925410E-10       4.432270E-10
   70    39   109     0       5.166390E-11       3.306500E-11
   48    40    88     0       0.000000E+00       0.000000E+00
   49    40    89     0       1.886670E-13       1.207470E-13
   49    40    89     1       0.000000E+00       0.000000E+00
   50    40    90     0       2.092780E-12       1.339380E-12
   50    40    90     1       1.642740E-11       1.051350E-11
   51    40    91     0       1.131230E-11       3.619950E-12
   52    40    92     0       6.487070E-10       2.075860E-10
   53    40    93     0       8.799580E-07       5.631730E-07
   54    40    94     0       1.271390E-05       8.136860E-06
   55    40    95     0       1.209520E-04       7.740910E-05
   56    40    96     0       8.383930E-04       5.365710E-04
   57    40    97     0       3.459540E-03       2.214110E-03
   58    40    98     0       9.901450E-03       6.336930E-03
   59    40    99     0       2.172480E-02       6.951910E-03
   60    40   100     0       2.737180E-02       8.758980E-03
   61    40   101     0       3.337230E-02       1.067910E-02
   62    40   102     0       2.140950E-02       6.851050E-03
   63    40   103     0       1.249820E-02       3.999410E-03
   64    40   104     0       4.658860E-03       2.981670E-03
   65    40   105     0       1.082230E-03       6.926270E-04
   66    40   106     0       2.802390E-04       1.793530E-04
   67    40   107     0       6.330310E-05       4.051390E-05
   68    40   108     0       3.433040E-06       2.197150E-06
   69    40   109     0       2.561070E-07       1.639090E-07
   70    40   110     0       1.661470E-08       1.063340E-08
   71    40   111     0       1.420140E-10       9.088890E-11
   72    40   112     0       3.165960E-11       2.026220E-11
   49    41    90     0       0.000000E+00       0.000000E+00
   50    41    91     0       2.265590E-14       1.449980E-14
   50    41    91     1       0.000000E+00       0.000000E+00
   51    41    92     0       1.269760E-12       8.126480E-13
   51    41    92     1       0.000000E+00       0.000000E+00
   52    41    93     0       1.597480E-10       1.022380E-10
   52    41    93     1       2.014840E-11       1.289500E-11
   53    41    94     0       5.363270E-09       3.432490E-09
   53    41    94     1       1.874610E-09       1.199750E-09
   54    41    95     0       1.767270E-07       1.131050E-07
   54    41    95     1       2.228990E-08       1.426560E-08
   55    41    96     0       1.081170E-06       6.919540E-07
   56    41    97     0       3.508750E-05       2.245610E-05
   56    41    97     1       4.425450E-06       2.832290E-06
   57    41    98     0       2.574220E-04       1.647500E-04
   57    41    98     1       4.542750E-05       2.907350E-05
   58    41    99     0       1.492970E-03       9.554990E-04
   58    41    99     1       1.883030E-04       1.205130E-04
   59    41   100     0       5.597560E-04       3.582440E-04
   59    41   100     1       4.393840E-03       2.812050E-03
   60    41   101     0       1.403450E-02       4.491040E-03
   61    41   102     0       3.042930E-03       1.947480E-03
   61    41   102     1       1.724330E-02       1.103570E-02
   62    41   103     0       2.663960E-02       8.524680E-03
   63    41   104     0       3.390320E-03       2.169790E-03
   63    41   104     1       1.921180E-02       1.229550E-02
   64    41   105     0       1.286520E-02       4.116850E-03
   65    41   106     0       6.299110E-03       4.031430E-03
   66    41   107     0       1.906750E-03       1.220320E-03
   67    41   108     0       4.398690E-04       2.815160E-04
   68    41   109     0       9.359600E-05       5.990150E-05
   69    41   110     0       1.379510E-05       8.828820E-06
   70    41   111     0       7.039870E-07       4.505520E-07
   71    41   112     0       1.569420E-07       1.004430E-07
   72    41   113     0       5.307360E-08       3.396700E-08
   73    41   114     0       1.215480E-10       7.779080E-11
   74    41   115     0       2.231990E-11       1.428480E-11
   50    42    92     0       0.000000E+00       0.000000E+00
   51    42    93     0       0.000000E+00       0.000000E+00
   51    42    93     1       0.000000E+00       0.000000E+00
   52    42    94     0       2.923180E-13       1.870840E-13
   53    42    95     0       2.342550E-11       1.499240E-11
   54    42    96     0       1.211320E-09       7.752440E-10
   55    42    97     0       3.694030E-08       2.364170E-08
   56    42    98     0       7.578250E-07       4.850080E-07
   57    42    99     0       1.135230E-05       7.265510E-06
   58    42   100     0       8.420170E-05       5.388900E-05
   59    42   101     0       6.030970E-04       3.859820E-04
   60    42   102     0       2.081200E-03       1.331960E-03
   61    42   103     0       6.313040E-03       4.040340E-03
   62    42   104     0       1.197040E-02       3.830520E-03
   63    42   105     0       1.623170E-02       5.194150E-03
   64    42   106     0       1.434060E-02       4.588990E-03
   65    42   107     0       9.559640E-03       6.118170E-03
   66    42   108     0       4.977420E-03       3.185550E-03
   67    42   109     0       2.487780E-03       1.592180E-03
   68    42   110     0       9.009010E-04       5.765760E-04
   69    42   111     0       2.572770E-04       1.646580E-04
   70    42   112     0       5.735560E-05       3.670760E-05
   71    42   113     0       1.939600E-05       1.241350E-05
   72    42   114     0       6.025350E-07       3.856220E-07
   73    42   115     0       1.106440E-07       7.081190E-08
   74    42   116     0       2.682380E-09       1.716720E-09
   75    42   117     0       4.277500E-11       2.737600E-11
   52    43    95     0       0.000000E+00       0.000000E+00
   52    43    95     1       0.000000E+00       0.000000E+00
   53    43    96     0       0.000000E+00       0.000000E+00
   53    43    96     1       0.000000E+00       0.000000E+00
   54    43    97     0       2.195760E-12       1.405280E-12
   54    43    97     1       2.769430E-13       1.772430E-13
   55    43    98     0       1.391520E-10       8.905700E-11
   56    43    99     0       5.114230E-09       3.273110E-09
   56    43    99     1       6.450380E-10       4.128250E-10
   57    43   100     0       1.131230E-07       7.239880E-08
   58    43   101     0       2.142330E-06       1.371100E-06
   59    43   102     0       2.110880E-06       1.350960E-06
   59    43   102     1       1.656950E-05       1.060450E-05
   60    43   103     0       1.441470E-04       9.225410E-05
   61    43   104     0       6.759060E-04       4.325800E-04
   62    43   105     0       2.244640E-03       1.436570E-03
   63    43   106     0       3.624430E-03       2.319640E-03
   64    43   107     0       5.145090E-03       3.292860E-03
   65    43   108     0       6.005750E-03       3.843680E-03
   66    43   109     0       6.610580E-03       4.230770E-03
   67    43   110     0       5.480620E-03       3.507600E-03
   68    43   111     0       3.602370E-03       2.305510E-03
   69    43   112     0       1.894070E-03       1.212200E-03
   70    43   113     0       5.842280E-04       3.739060E-04
   71    43   114     0       1.248160E-04       7.988210E-05
   72    43   115     0       4.043550E-05       2.587870E-05
   73    43   116     0       3.463770E-06       2.216810E-06
   74    43   117     0       2.120430E-07       1.357070E-07
   75    43   118     0       5.712220E-08       3.655820E-08
   76    43   119     0       5.249580E-10       3.359730E-10
   77    43   120     0       5.835120E-11       3.734470E-11
   54    44    98     0       0.000000E+00       0.000000E+00
   55    44    99     0       2.092280E-13       1.339060E-13
   56    44   100     0       1.101190E-11       7.047670E-12
   57    44   101     0       5.566060E-10       3.562280E-10
   58    44   102     0       1.311430E-08       8.393140E-09
   59    44   103     0       2.642880E-07       1.691440E-07
   60    44   104     0       3.043310E-06       1.947720E-06
   61    44   105     0       2.822070E-05       1.806130E-05
   62    44   106     0       8.929730E-05       5.715020E-05
   63    44   107     0       2.858410E-04       1.829380E-04
   64    44   108     0       7.903600E-04       5.058310E-04
   65    44   109     0       3.513780E-04       2.248820E-04
   65    44   109     1       1.611630E-03       1.031440E-03
   66    44   110     0       3.670190E-03       2.348920E-03
   67    44   111     0       5.205180E-03       3.331310E-03
   68    44   112     0       6.122580E-03       3.918450E-03
   69    44   113     0       4.509000E-03       2.885760E-03
   70    44   114     0       2.205950E-03       1.411810E-03
   71    44   115     0       1.217950E-03       7.794900E-04
   72    44   116     0       3.448050E-04       2.206750E-04
   73    44   117     0       7.749260E-05       4.959520E-05
   74    44   118     0       2.087560E-05       1.336040E-05
   75    44   119     0       2.602310E-06       1.665480E-06
   76    44   120     0       2.892570E-07       1.851240E-07
   77    44   121     0       4.127770E-08       2.641770E-08
   78    44   122     0       1.091180E-09       6.983600E-10
   79    44   123     0       3.674720E-11       2.351810E-11
   80    44   124     0       9.430270E-13       6.035380E-13
   55    45   100     0       0.000000E+00       0.000000E+00
   55    45   100     1       0.000000E+00       0.000000E+00
   56    45   101     0       0.000000E+00       0.000000E+00
   56    45   101     1       0.000000E+00       0.000000E+00
   57    45   102     0       1.188650E-13       7.607390E-14
   57    45   102     1       5.378490E-13       3.442240E-13
   58    45   103     0       2.697930E-12       1.726680E-12
   58    45   103     1       3.234020E-11       2.069770E-11
   59    45   104     0       1.621770E-10       1.037920E-10
   59    45   104     1       9.190010E-10       5.881610E-10
   60    45   105     0       7.872530E-09       2.519210E-09
   60    45   105     1       6.567550E-10       4.203250E-10
   61    45   106     0       3.138340E-08       2.008530E-08
   61    45   106     1       1.420050E-07       9.088340E-08
   62    45   107     0       1.351480E-06       8.649420E-07
   63    45   108     0       1.423550E-06       9.110710E-07
   63    45   108     1       8.066780E-06       5.162740E-06
   64    45   109     0       5.702210E-05       2.580530E-05
   65    45   110     0       2.917680E-05       1.867310E-05
   65    45   110     1       2.290250E-04       1.465760E-04
   66    45   111     0       8.548910E-04       5.471300E-04
   67    45   112     0       2.183360E-03       1.397350E-03
   68    45   113     0       3.719110E-03       2.380230E-03
   69    45   114     0       4.032550E-03       2.580830E-03
   70    45   115     0       4.989400E-03       3.193210E-03
   71    45   116     0       3.095090E-03       1.980860E-03
   72    45   117     0       1.621610E-03       1.037830E-03
   73    45   118     0       1.017670E-03       6.513140E-04
   74    45   119     0       3.014380E-04       1.929200E-04
   75    45   120     0       8.132850E-05       5.205030E-05
   76    45   121     0       1.508520E-05       9.654520E-06
   77    45   122     0       1.992170E-06       1.274990E-06
   78    45   123     0       1.821620E-07       1.165830E-07
   79    45   124     0       1.211320E-08       7.752440E-09
   80    45   125     0       2.644990E-10       1.692790E-10
   81    45   126     0       2.200790E-11       1.408510E-11
   82    45   127     0       4.436210E-12       2.839180E-12
   83    45   128     0       0.000000E+00       0.000000E+00
   56    46   102     0       0.000000E+00       0.000000E+00
   57    46   103     0       0.000000E+00       0.000000E+00
   58    46   104     0       2.702940E-14       1.729890E-14
   59    46   105     0       1.922090E-12       1.230140E-12
   60    46   106     0       2.512740E-11       1.608150E-11
   61    46   107     0       1.025650E-10       6.564170E-11
   61    46   107     1       3.789600E-10       2.425340E-10
   62    46   108     0       8.879670E-09       5.682980E-09
   63    46   109     0       2.887150E-08       1.847780E-08
   63    46   109     1       1.066760E-07       6.827270E-08
   64    46   110     0       1.571710E-06       1.005890E-06
   65    46   111     0       2.735760E-06       1.750890E-06
   65    46   111     1       1.010820E-05       6.469270E-06
   66    46   112     0       8.042750E-05       5.147360E-05
   67    46   113     0       3.190970E-04       2.042230E-04
   68    46   114     0       8.170290E-04       5.228990E-04
   69    46   115     0       2.232660E-03       1.428900E-03
   70    46   116     0       3.003450E-03       1.922200E-03
   71    46   117     0       3.515860E-03       2.250160E-03
   72    46   118     0       4.720460E-03       3.021100E-03
   73    46   119     0       3.108370E-03       1.989360E-03
   74    46   120     0       1.912350E-03       1.223910E-03
   75    46   121     0       8.521380E-04       5.453690E-04
   76    46   122     0       2.744990E-04       1.756800E-04
   77    46   123     0       6.449030E-05       4.127380E-05
   78    46   124     0       1.111210E-05       7.111740E-06
   79    46   125     0       1.311160E-06       8.391440E-07
   80    46   126     0       1.090960E-07       6.982190E-08
   81    46   127     0       2.199110E-08       1.407430E-08
   82    46   128     0       3.423720E-10       2.191190E-10
   83    46   129     0       3.720360E-11       2.381030E-11
   84    46   130     0       1.341470E-12       8.585350E-13
   85    46   131     0       0.000000E+00       0.000000E+00
   58    47   105     0       0.000000E+00       0.000000E+00
   58    47   105     1       0.000000E+00       0.000000E+00
   59    47   106     0       0.000000E+00       0.000000E+00
   59    47   106     1       0.000000E+00       0.000000E+00
   60    47   107     0       0.000000E+00       0.000000E+00
   60    47   107     1       1.025640E-14       6.564140E-15
   61    47   108     0       1.078120E-13       6.900000E-14
   61    47   108     1       4.878360E-13       3.122150E-13
   62    47   109     0       1.903980E-12       1.218540E-12
   62    47   109     1       2.282300E-11       1.460670E-11
   63    47   110     0       1.317310E-10       8.430730E-11
   63    47   110     1       5.960630E-10       3.814800E-10
   64    47   111     0       1.172450E-09       7.503650E-10
   64    47   111     1       1.405420E-08       8.994650E-09
   65    47   112     0       2.392610E-07       1.531270E-07
   66    47   113     0       1.884700E-07       1.206210E-07
   66    47   113     1       2.259200E-06       1.445890E-06
   67    47   114     0       1.570710E-05       1.005250E-05
   68    47   115     0       7.611270E-06       4.871210E-06
   68    47   115     1       9.123630E-05       5.839120E-05
   69    47   116     0       5.682720E-05       3.636940E-05
   69    47   116     1       2.571350E-04       1.645670E-04
   70    47   117     0       6.311480E-05       4.039350E-05
   70    47   117     1       7.565580E-04       4.841970E-04
   71    47   118     0       2.746730E-04       1.757900E-04
   71    47   118     1       2.156060E-03       1.379880E-03
   72    47   119     0       3.437830E-03       2.200220E-03
   73    47   120     0       1.178620E-03       7.543170E-04
   73    47   120     1       3.372040E-03       2.158100E-03
   74    47   121     0       4.525110E-03       2.896070E-03
   75    47   122     0       3.330970E-03       1.507420E-03
   76    47   123     0       1.882250E-03       1.204640E-03
   77    47   124     0       8.016420E-04       5.130510E-04
   78    47   125     0       2.446560E-04       1.565800E-04
   79    47   126     0       5.248710E-05       3.359170E-05
   80    47   127     0       8.036780E-06       5.143540E-06
   81    47   128     0       1.101190E-06       7.047670E-07
   82    47   129     0       1.844240E-07       1.180320E-07
   83    47   130     0       2.062250E-08       1.319840E-08
   84    47   131     0       5.067870E-10       3.243440E-10
   85    47   132     0       3.129560E-11       2.002920E-11
   86    47   133     0       0.000000E+00       0.000000E+00
   60    48   108     0       0.000000E+00       0.000000E+00
   61    48   109     0       0.000000E+00       0.000000E+00
   62    48   110     0       2.372580E-14       1.518460E-14
   63    48   111     0       1.796440E-13       1.149720E-13
   63    48   111     1       1.112760E-12       7.121690E-13
   64    48   112     0       4.985430E-11       3.190670E-11
   65    48   113     0       1.989870E-10       1.273520E-10
   65    48   113     1       1.232580E-09       7.888450E-10
   66    48   114     0       2.402620E-08       1.537680E-08
   67    48   115     0       5.177820E-08       3.313800E-08
   67    48   115     1       3.207270E-07       2.052660E-07
   68    48   116     0       2.943200E-06       1.883650E-06
   69    48   117     0       2.600750E-06       1.664480E-06
   69    48   117     1       1.610970E-05       1.031010E-05
   70    48   118     0       1.288310E-04       8.245140E-05
   71    48   119     0       7.386790E-05       4.727540E-05
   71    48   119     1       3.388020E-04       2.168330E-04
   72    48   120     0       1.206820E-03       7.723610E-04
   73    48   121     0       4.978880E-04       3.186480E-04
   73    48   121     1       2.283610E-03       1.461510E-03
   74    48   122     0       4.287720E-03       2.744140E-03
   75    48   123     0       5.464410E-03       3.497220E-03
   76    48   124     0       5.341390E-03       3.418500E-03
   77    48   125     0       3.934040E-03       2.517780E-03
   78    48   126     0       2.048530E-03       1.311060E-03
   79    48   127     0       7.835230E-04       5.014550E-04
   80    48   128     0       2.667400E-04       1.707140E-04
   81    48   129     0       6.739910E-05       4.313550E-05
   82    48   130     0       2.282490E-05       1.460790E-05
   83    48   131     0       2.512220E-06       1.607820E-06
   84    48   132     0       1.551370E-07       9.928810E-08
   85    48   133     0       2.346160E-09       1.501540E-09
   86    48   134     0       1.081170E-10       6.919540E-11
   87    48   135     0       1.638920E-11       1.048910E-11
   88    48   136     0       1.261380E-14       8.072790E-15
   61    49   110     0       0.000000E+00       0.000000E+00
   61    49   110     1       0.000000E+00       0.000000E+00
   62    49   111     0       0.000000E+00       0.000000E+00
   62    49   111     1       0.000000E+00       0.000000E+00
   63    49   112     0       0.000000E+00       0.000000E+00
   63    49   112     1       0.000000E+00       0.000000E+00
   64    49   113     0       4.684860E-14       2.998310E-14
   64    49   113     1       0.000000E+00       0.000000E+00
   65    49   114     0       4.009370E-13       2.565990E-13
   65    49   114     1       2.271970E-12       1.454070E-12
   66    49   115     0       9.191930E-11       5.882840E-11
   66    49   115     1       1.159340E-11       7.419820E-12
   67    49   116     0       2.228430E-10       1.426190E-10
   67    49   116     1       1.260650E-09       8.068180E-10
   67    49   116     2       6.366940E-10       4.074840E-10
   68    49   117     0       3.456300E-08       2.212040E-08
   68    49   117     1       4.359300E-09       2.789950E-09
   69    49   118     0       5.811780E-08       3.719530E-08
   69    49   118     1       3.287810E-07       2.104190E-07
   69    49   118     2       1.660510E-07       1.062720E-07
   70    49   119     0       3.985250E-06       2.550560E-06
   70    49   119     1       5.026440E-07       3.216920E-07
   71    49   120     0       8.058460E-06       5.157440E-06
   71    49   120     1       3.342650E-05       1.617970E-05
   72    49   121     0       1.441640E-04       9.226490E-05
   72    49   121     1       1.818290E-05       1.163700E-05
   73    49   122     0       9.072300E-05       5.806260E-05
   73    49   122     1       7.157040E-04       3.534160E-04
   74    49   123     0       1.572290E-03       1.006260E-03
   74    49   123     1       1.983060E-04       1.269160E-04
   75    49   124     0       1.338870E-03       8.568790E-04
   75    49   124     1       2.564540E-03       1.641310E-03
   76    49   125     0       5.821210E-03       3.725590E-03
   76    49   125     1       7.342070E-04       4.698940E-04
   77    49   126     0       2.662720E-03       1.704140E-03
   77    49   126     1       5.100320E-03       3.264210E-03
   78    49   127     0       6.103130E-03       3.906000E-03
   78    49   127     1       7.697640E-04       4.926490E-04
   79    49   128     0       1.864450E-03       1.193250E-03
   79    49   128     1       3.571270E-03       2.285610E-03
   80    49   129     0       2.582120E-03       1.652550E-03
   80    49   129     1       3.256730E-04       2.084300E-04
   81    49   130     0       2.612130E-03       8.358810E-04
   82    49   131     0       2.606720E-04       1.668300E-04
   82    49   131     1       3.251010E-05       2.080650E-05
   82    49   131     2       2.795090E-04       2.236070E-04
   83    49   132     0       1.021710E-04       6.538960E-05
   84    49   133     0       1.163030E-05       7.443400E-06
   85    49   134     0       6.557140E-07       4.196570E-07
   86    49   135     0       8.124400E-08       5.199620E-08
   87    49   136     0       6.487070E-10       4.151720E-10
   88    49   137     0       2.604610E-11       1.666950E-11
   89    49   138     0       0.000000E+00       0.000000E+00
   63    50   113     0       0.000000E+00       0.000000E+00
   63    50   113     1       0.000000E+00       0.000000E+00
   64    50   114     0       0.000000E+00       0.000000E+00
   65    50   115     0       0.000000E+00       0.000000E+00
   66    50   116     0       1.091180E-13       6.983600E-14
   67    50   117     0       7.235880E-13       4.630970E-13
   67    50   117     1       4.482080E-12       2.868540E-12
   68    50   118     0       1.862030E-10       1.191700E-10
   69    50   119     0       5.258530E-10       3.365460E-10
   69    50   119     1       3.257260E-09       2.084650E-09
   70    50   120     0       6.497080E-08       4.158130E-08
   71    50   121     0       6.986110E-07       4.471100E-07
   71    50   121     1       1.523160E-07       9.748220E-08
   72    50   122     0       7.828520E-06       5.010250E-06
   73    50   123     0       4.660140E-05       2.982490E-05
   73    50   123     1       1.016040E-05       6.502660E-06
   74    50   124     0       3.016080E-04       1.930290E-04
   75    50   125     0       1.001280E-03       6.408210E-04
   75    50   125     1       2.183060E-04       1.397160E-04
   76    50   126     0       3.276010E-03       2.096650E-03
   77    50   127     0       5.450420E-03       3.488280E-03
   77    50   127     1       1.188340E-03       7.605400E-04
   78    50   128     0       1.131390E-02       5.120070E-03
   79    50   129     0       2.156150E-03       1.379940E-03
   79    50   129     1       9.889380E-03       6.329200E-03
   80    50   130     0       2.772260E-03       1.774250E-03
   80    50   130     1       1.254410E-02       8.028230E-03
   81    50   131     0       2.105100E-03       1.347260E-03
   81    50   131     1       9.655220E-03       6.179340E-03
   82    50   132     0       5.347070E-03       3.422120E-03
   83    50   133     0       1.733510E-03       1.109440E-03
   84    50   134     0       2.924280E-04       1.871540E-04
   85    50   135     0       2.969120E-05       1.900230E-05
   86    50   136     0       2.332540E-06       1.492830E-06
   87    50   137     0       1.291150E-07       8.263330E-08
   88    50   138     0       1.922090E-08       1.230140E-08
   89    50   139     0       1.649580E-10       1.055740E-10
   90    50   140     0       2.603860E-11       1.666480E-11
   65    51   116     0       0.000000E+00       0.000000E+00
   65    51   116     1       0.000000E+00       0.000000E+00
   66    51   117     0       0.000000E+00       0.000000E+00
   67    51   118     0       0.000000E+00       0.000000E+00
   67    51   118     1       0.000000E+00       0.000000E+00
   68    51   119     0       2.282490E-13       1.460790E-13
   69    51   120     0       2.566890E-12       1.642820E-12
   69    51   120     1       7.343890E-12       4.700090E-12
   70    51   121     0       3.353650E-10       2.146340E-10
   71    51   122     0       2.391420E-09       1.530510E-09
   71    51   122     1       5.527200E-09       3.537410E-09
   72    51   123     0       1.491630E-07       9.546390E-08
   73    51   124     0       3.185870E-07       2.038960E-07
   73    51   124     1       1.113010E-06       7.123280E-07
   73    51   124     2       6.106250E-07       3.908000E-07
   74    51   125     0       2.124310E-05       1.359560E-05
   75    51   126     0       5.748240E-05       2.586700E-05
   75    51   126     1       6.080650E-05       2.985140E-05
   76    51   127     0       6.665460E-04       4.265900E-04
   77    51   128     0       1.359020E-03       8.697670E-04
   77    51   128     1       1.021050E-03       6.534720E-04
   78    51   129     0       1.000620E-03       6.403990E-04
   78    51   129     1       3.217990E-03       2.574390E-03
   79    51   130     0       7.447140E-03       4.766170E-03
   79    51   130     1       5.595140E-03       3.580890E-03
   80    51   131     0       2.492530E-02       3.988060E-03
   81    51   132     0       1.024270E-02       3.277660E-03
   81    51   132     1       1.629280E-02       5.213680E-03
   82    51   133     0       2.255070E-02       7.216230E-03
   83    51   134     0       1.920440E-03       1.229080E-03
   83    51   134     1       8.689710E-03       5.561410E-03
   84    51   135     0       2.967650E-03       1.899300E-03
   85    51   136     0       6.222280E-04       3.982260E-04
   86    51   137     0       9.191010E-05       5.882250E-05
   87    51   138     0       3.576900E-05       2.289210E-05
   88    51   139     0       8.177260E-07       5.233450E-07
   89    51   140     0       1.290780E-07       8.260990E-08
   90    51   141     0       4.411300E-10       2.823230E-10
   91    51   142     0       4.966920E-11       3.178830E-11
   92    51   143     0       0.000000E+00       0.000000E+00
   67    52   119     0       0.000000E+00       0.000000E+00
   67    52   119     1       0.000000E+00       0.000000E+00
   68    52   120     0       0.000000E+00       0.000000E+00
   69    52   121     0       0.000000E+00       0.000000E+00
   69    52   121     1       0.000000E+00       0.000000E+00
   70    52   122     0       5.746250E-13       3.677610E-13
   71    52   123     0       4.028440E-12       2.578200E-12
   71    52   123     1       2.495310E-11       1.597000E-11
   72    52   124     0       1.041130E-09       6.663260E-10
   73    52   125     0       3.899030E-09       2.495370E-09
   73    52   125     1       2.415150E-08       1.545700E-08
   74    52   126     0       2.993260E-07       1.915690E-07
   75    52   127     0       1.103840E-06       7.064610E-07
   75    52   127     1       5.062870E-06       3.240230E-06
   76    52   128     0       5.302770E-05       3.393770E-05
   77    52   129     0       4.175610E-05       2.672390E-05
   77    52   129     1       1.915180E-04       1.225720E-04
   78    52   130     0       1.186380E-03       7.592780E-04
   79    52   131     0       4.615070E-04       2.953640E-04
   79    52   131     1       2.116740E-03       4.868510E-04
   80    52   132     0       1.459310E-02       3.356420E-03
   81    52   133     0       5.555550E-03       3.555550E-03
   81    52   133     1       2.548100E-02       8.153930E-03
   82    52   134     0       3.726450E-02       4.099100E-03
   83    52   135     0       2.657970E-02       8.505520E-03
   84    52   136     0       1.394280E-02       4.461720E-03
   85    52   137     0       5.177810E-03       3.313790E-03
   86    52   138     0       5.066310E-03       3.242440E-03
   87    52   139     0       2.970530E-04       1.901140E-04
   88    52   140     0       4.717240E-05       3.019030E-05
   89    52   141     0       2.186760E-06       1.399530E-06
   90    52   142     0       2.462180E-07       1.575800E-07
   91    52   143     0       1.069680E-09       6.845970E-10
   92    52   144     0       2.055700E-10       1.315650E-10
   93    52   145     0       2.360290E-11       1.510580E-11
   69    53   122     0       0.000000E+00       0.000000E+00
   70    53   123     0       0.000000E+00       0.000000E+00
   71    53   124     0       0.000000E+00       0.000000E+00
   72    53   125     0       2.793040E-12       1.787550E-12
   73    53   126     0       7.938640E-11       5.080730E-11
   74    53   127     0       1.611760E-10       5.157610E-11
   75    53   128     0       9.490330E-08       6.073820E-08
   76    53   129     0       9.250070E-07       5.920050E-07
   77    53   130     0       7.829980E-06       5.011180E-06
   77    53   130     1       1.730430E-06       1.107470E-06
   78    53   131     0       1.158460E-04       7.414150E-05
   79    53   132     0       7.076170E-04       4.528750E-04
   79    53   132     1       1.149650E-03       7.357730E-04
   80    53   133     0       1.985380E-03       1.270640E-03
   80    53   133     1       2.697120E-03       1.726150E-03
   81    53   134     0       5.918430E-03       9.469480E-04
   81    53   134     1       9.414290E-03       6.025150E-03
   82    53   135     0       2.571660E-02       5.914820E-03
   83    53   136     0       5.736280E-03       1.835610E-03
   83    53   136     1       2.595590E-02       8.305880E-03
   84    53   137     0       2.578980E-02       4.126380E-03
   85    53   138     0       2.268350E-02       5.217200E-03
   86    53   139     0       8.881140E-03       5.683930E-03
   87    53   140     0       3.497270E-03       2.238260E-03
   88    53   141     0       7.991660E-04       5.114660E-04
   89    53   142     0       1.218030E-04       7.795370E-05
   90    53   143     0       5.302600E-06       3.393670E-06
   91    53   144     0       1.019050E-06       6.521890E-07
   92    53   145     0       1.170030E-07       7.488210E-08
   93    53   146     0       6.945600E-10       4.445190E-10
   94    53   147     0       5.747980E-11       3.678710E-11
   95    53   148     0       0.000000E+00       0.000000E+00
   71    54   125     0       0.000000E+00       0.000000E+00
   72    54   126     0       0.000000E+00       0.000000E+00
   73    54   127     0       2.421830E-14       1.549980E-14
   73    54   127     1       1.920160E-13       1.228910E-13
   74    54   128     0       1.231350E-11       7.880580E-12
   75    54   129     0       3.798850E-11       2.431260E-11
   75    54   129     1       2.353100E-10       1.505980E-10
   76    54   130     0       5.886410E-09       3.767310E-09
   77    54   131     0       2.381500E-09       7.620780E-10
   77    54   131     1       1.092290E-08       6.990710E-09
   78    54   132     0       4.144520E-06       2.652490E-06
   79    54   133     0       3.104560E-05       9.934610E-06
   79    54   133     1       1.423940E-04       9.113170E-05
   80    54   134     0       1.119180E-04       7.162800E-05
   80    54   134     1       5.064140E-04       3.241060E-04
   81    54   135     0       6.001780E-04       6.601950E-05
   81    54   135     1       2.752770E-03       1.761770E-03
   82    54   136     0       8.054560E-03       5.154920E-03
   83    54   137     0       1.675300E-02       1.340240E-03
   84    54   138     0       1.847370E-02       1.108420E-03
   85    54   139     0       2.536810E-02       2.029450E-03
   86    54   140     0       2.401140E-02       1.440680E-03
   87    54   141     0       1.295860E-02       7.775130E-04
   88    54   142     0       4.826870E-03       2.896120E-04
   89    54   143     0       3.468790E-04       2.220030E-04
   89    54   143     1       1.590990E-03       1.018240E-03
   90    54   144     0       3.724170E-04       2.383480E-04
   91    54   145     0       4.275970E-05       2.736620E-05
   92    54   146     0       3.443050E-06       2.203560E-06
   93    54   147     0       2.849370E-07       1.823600E-07
   94    54   148     0       5.305770E-09       3.395690E-09
   95    54   149     0       7.517310E-11       4.811080E-11
   96    54   150     0       1.511650E-12       9.674530E-13
   73    55   128     0       0.000000E+00       0.000000E+00
   74    55   129     0       0.000000E+00       0.000000E+00
   75    55   130     0       0.000000E+00       0.000000E+00
   76    55   131     0       2.532760E-11       1.620970E-11
   77    55   132     0       1.511650E-09       9.674530E-10
   78    55   133     0       7.388040E-08       4.728350E-08
   79    55   134     0       7.921590E-07       5.069840E-07
   79    55   134     1       1.260070E-06       8.064460E-07
   80    55   135     0       1.134170E-05       7.258650E-06
   80    55   135     1       1.540750E-05       9.860800E-06
   81    55   136     0       9.122710E-05       5.838560E-05
   81    55   136     1       1.214240E-04       7.771140E-05
   82    55   137     0       4.216020E-03       1.897210E-03
   83    55   138     0       9.037660E-04       9.941410E-05
   83    55   138     1       2.585680E-03       1.654830E-03
   84    55   139     0       1.387990E-02       4.441540E-03
   85    55   140     0       1.732250E-02       5.543210E-03
   86    55   141     0       2.495440E-02       7.985400E-03
   87    55   142     0       2.384070E-02       7.629020E-03
   88    55   143     0       1.784440E-02       5.710200E-03
   89    55   144     0       8.993620E-03       5.755920E-03
   90    55   145     0       2.732410E-03       1.748750E-03
   91    55   146     0       5.825040E-04       3.728020E-04
   92    55   147     0       1.041320E-04       6.664470E-05
   93    55   148     0       7.408060E-06       4.741160E-06
   94    55   149     0       3.726460E-07       2.384940E-07
   95    55   150     0       1.741900E-08       1.114810E-08
   96    55   151     0       9.733770E-11       6.229610E-11
   97    55   152     0       8.883920E-12       5.685710E-12
   75    56   131     0       0.000000E+00       0.000000E+00
   76    56   132     0       3.874220E-14       2.479500E-14
   77    56   133     0       1.121840E-13       7.179780E-14
   77    56   133     1       0.000000E+00       0.000000E+00
   78    56   134     0       5.035480E-10       3.222710E-10
   79    56   135     0       3.458470E-09       2.213420E-09
   79    56   135     1       1.586260E-08       1.015210E-08
   80    56   136     0       8.008920E-08       5.125720E-08
   80    56   136     1       3.623930E-07       2.319320E-07
   81    56   137     0       1.003490E-06       6.422380E-07
   81    56   137     1       4.602610E-06       2.945670E-06
   82    56   138     0       4.187560E-05       2.680040E-05
   83    56   139     0       2.717730E-03       8.696730E-04
   84    56   140     0       1.376800E-03       8.811520E-04
   85    56   141     0       5.198120E-03       3.326800E-03
   86    56   142     0       1.109420E-02       3.550160E-03
   87    56   143     0       1.750760E-02       5.602420E-03
   88    56   144     0       2.178540E-02       6.971340E-03
   89    56   145     0       1.622670E-02       5.192550E-03
   90    56   146     0       8.524840E-03       5.455900E-03
   91    56   147     0       3.136560E-03       2.007400E-03
   92    56   148     0       7.960760E-04       5.094900E-04
   93    56   149     0       1.361860E-04       8.715900E-05
   94    56   150     0       1.446580E-05       9.258080E-06
   95    56   151     0       4.825190E-07       3.088120E-07
   96    56   152     0       4.403910E-08       2.818500E-08
   97    56   153     0       3.654520E-10       2.338900E-10
   98    56   154     0       2.722960E-11       1.742700E-11
   76    57   133     0       0.000000E+00       0.000000E+00
   77    57   134     0       0.000000E+00       0.000000E+00
   78    57   135     0       9.900780E-13       6.336500E-13
   79    57   136     0       0.000000E+00       0.000000E+00
   80    57   137     0       2.212410E-09       1.415950E-09
   81    57   138     0       4.344730E-08       2.780630E-08
   82    57   139     0       8.669440E-07       5.548440E-07
   83    57   140     0       4.125490E-05       2.640310E-05
   84    57   141     0       7.993700E-05       5.115970E-05
   85    57   142     0       4.629040E-04       2.962580E-04
   86    57   143     0       1.881140E-03       1.203930E-03
   87    57   144     0       5.891880E-03       3.770800E-03
   88    57   145     0       1.063200E-02       3.402260E-03
   89    57   146     0       2.916580E-03       1.866610E-03
   89    57   146     1       1.022120E-02       6.541530E-03
   90    57   147     0       1.228730E-02       3.931920E-03
   91    57   148     0       7.658030E-03       4.901140E-03
   92    57   149     0       3.368040E-03       2.155550E-03
   93    57   150     0       9.447190E-04       6.046200E-04
   94    57   151     0       1.763400E-04       1.128570E-04
   95    57   152     0       2.178370E-05       1.394160E-05
   96    57   153     0       1.811600E-06       1.159430E-06
   97    57   154     0       1.001090E-07       6.406980E-08
   98    57   155     0       7.812970E-09       5.000300E-09
   99    57   156     0       4.765010E-11       3.049610E-11
  100    57   157     0       2.766130E-12       1.770320E-12
   77    58   135     0       0.000000E+00       0.000000E+00
   78    58   136     0       0.000000E+00       0.000000E+00
   79    58   137     0       1.969460E-15       1.260460E-15
   79    58   137     1       0.000000E+00       0.000000E+00
   80    58   138     0       3.243530E-12       2.075860E-12
   81    58   139     0       3.082160E-11       1.972590E-11
   81    58   139     1       1.413660E-10       9.047410E-11
   82    58   140     0       5.926460E-09       1.896470E-09
   83    58   141     0       1.101190E-07       7.047670E-08
   84    58   142     0       1.681830E-06       1.076370E-06
   85    58   143     0       1.817980E-05       1.163500E-05
   86    58   144     0       1.566810E-04       1.002760E-04
   87    58   145     0       7.316170E-04       4.682350E-04
   88    58   146     0       2.189170E-03       1.401070E-03
   89    58   147     0       5.183090E-03       3.317180E-03
   90    58   148     0       7.926710E-03       5.073090E-03
   91    58   149     0       8.592580E-03       3.866660E-03
   92    58   150     0       5.747160E-03       3.678190E-03
   93    58   151     0       2.712370E-03       1.735920E-03
   94    58   152     0       8.713190E-04       5.576440E-04
   95    58   153     0       1.901470E-04       1.216940E-04
   96    58   154     0       2.755000E-05       1.763200E-05
   97    58   155     0       2.855310E-06       1.827390E-06
   98    58   156     0       2.362090E-07       1.511740E-07
   99    58   157     0       1.371220E-08       8.775790E-09
  100    58   158     0       3.893450E-10       2.491810E-10
  101    58   159     0       5.027490E-12       3.217590E-12
  102    58   160     0       1.431560E-13       9.161980E-14
   79    59   138     0       0.000000E+00       0.000000E+00
   79    59   138     1       0.000000E+00       0.000000E+00
   80    59   139     0       0.000000E+00       0.000000E+00
   81    59   140     0       1.842010E-13       1.178890E-13
   82    59   141     0       1.101190E-11       7.047670E-12
   83    59   142     0       8.316960E-11       5.322870E-11
   83    59   142     1       3.763310E-10       2.408520E-10
   84    59   143     0       1.231350E-08       7.880580E-09
   85    59   144     0       1.920730E-08       1.229270E-08
   85    59   144     1       3.119530E-07       1.996500E-07
   86    59   145     0       4.354740E-06       2.787030E-06
   87    59   146     0       3.570890E-05       2.285370E-05
   88    59   147     0       2.220520E-04       1.421130E-04
   89    59   148     0       1.004350E-04       6.427860E-05
   89    59   148     1       7.883730E-04       5.045580E-04
   90    59   149     0       2.469710E-03       1.580610E-03
   91    59   150     0       3.848900E-03       2.463290E-03
   92    59   151     0       4.352240E-03       2.785430E-03
   93    59   152     0       3.377990E-03       2.161910E-03
   94    59   153     0       1.787480E-03       1.143980E-03
   95    59   154     0       6.325190E-04       4.048120E-04
   96    59   155     0       1.612560E-04       1.032040E-04
   97    59   156     0       3.428730E-05       2.194390E-05
   98    59   157     0       5.115570E-06       3.273960E-06
   99    59   158     0       3.874220E-07       2.479500E-07
  100    59   159     0       2.492210E-08       1.595020E-08
  101    59   160     0       1.021110E-09       6.535120E-10
  102    59   161     0       7.773430E-12       4.975000E-12
  103    59   162     0       5.108250E-13       3.269290E-13
   81    60   141     0       0.000000E+00       0.000000E+00
   82    60   142     0       0.000000E+00       0.000000E+00
   83    60   143     0       7.007630E-13       4.484880E-13
   84    60   144     0       5.185640E-11       3.318810E-11
   85    60   145     0       1.942120E-09       1.242960E-09
   86    60   146     0       4.444840E-08       2.844700E-08
   87    60   147     0       7.948650E-07       5.087140E-07
   88    60   148     0       8.969770E-06       5.740650E-06
   89    60   149     0       6.285850E-05       4.022940E-05
   90    60   150     0       2.707650E-04       1.732900E-04
   91    60   151     0       7.692370E-04       4.923120E-04
   92    60   152     0       1.458940E-03       9.337210E-04
   93    60   153     0       1.743740E-03       1.115990E-03
   94    60   154     0       1.472350E-03       9.423000E-04
   95    60   155     0       8.563330E-04       5.480520E-04
   96    60   156     0       4.360250E-04       2.790560E-04
   97    60   157     0       1.567910E-04       1.003460E-04
   98    60   158     0       3.007270E-05       1.924660E-05
   99    60   159     0       4.895330E-06       3.133010E-06
  100    60   160     0       5.335810E-07       3.414910E-07
  101    60   161     0       3.853420E-08       2.466180E-08
  102    60   162     0       2.532250E-09       1.620640E-09
  103    60   163     0       9.528460E-11       6.098210E-11
  104    60   164     0       2.803050E-12       1.793960E-12
   83    61   144     0       0.000000E+00       0.000000E+00
   84    61   145     0       6.156710E-14       3.940290E-14
   85    61   146     0       3.994350E-12       2.556380E-12
   86    61   147     0       6.056600E-10       3.876220E-10
   87    61   148     0       1.266570E-09       8.106010E-10
   87    61   148     1       5.731050E-09       3.667880E-09
   88    61   149     0       1.561700E-07       9.994880E-08
   89    61   150     0       2.522750E-07       1.614560E-07
   90    61   151     0       1.275390E-05       8.162480E-06
   91    61   152     0       5.432320E-06       3.476690E-06
   91    61   152     1       4.281940E-05       2.740450E-05
   91    61   152     2       1.559390E-05       9.980150E-06
   92    61   153     0       1.983460E-04       1.269420E-04
   93    61   154     0       3.570170E-04       2.284910E-04
   93    61   154     1       2.481930E-05       1.588440E-05
   94    61   155     0       5.029270E-04       3.218740E-04
   95    61   156     0       5.868480E-04       3.755830E-04
   96    61   157     0       4.758280E-04       3.045300E-04
   97    61   158     0       2.145540E-04       1.373140E-04
   98    61   159     0       8.257000E-05       5.284470E-05
   99    61   160     0       2.239440E-05       1.433240E-05
  100    61   161     0       4.034400E-06       2.582010E-06
  101    61   162     0       6.777380E-07       4.337520E-07
  102    61   163     0       6.597190E-08       4.222200E-08
  103    61   164     0       4.955390E-09       3.171450E-09
  104    61   165     0       2.332070E-10       1.492530E-10
  105    61   166     0       1.950520E-11       1.248320E-11
   84    62   146     0       0.000000E+00       0.000000E+00
   85    62   147     0       0.000000E+00       0.000000E+00
   86    62   148     0       3.894240E-13       2.492310E-13
   87    62   149     0       2.292500E-11       1.467200E-11
   88    62   150     0       7.628300E-10       4.882120E-10
   89    62   151     0       1.681830E-08       1.076370E-08
   90    62   152     0       2.342550E-07       1.499240E-07
   91    62   153     0       1.952130E-06       1.249370E-06
   92    62   154     0       9.600450E-06       6.144290E-06
   93    62   155     0       3.072340E-05       1.966300E-05
   94    62   156     0       8.656430E-05       5.540110E-05
   95    62   157     0       1.611760E-04       1.031520E-04
   96    62   158     0       1.674030E-04       1.071370E-04
   97    62   159     0       1.444780E-04       9.246550E-05
   98    62   160     0       9.080890E-05       5.811760E-05
   99    62   161     0       3.797140E-05       2.430170E-05
  100    62   162     0       1.518660E-05       9.719380E-06
  101    62   163     0       3.623950E-06       2.319330E-06
  102    62   164     0       6.677270E-07       4.273450E-07
  103    62   165     0       8.028740E-08       5.138390E-08
  104    62   166     0       7.128270E-09       4.562100E-09
  105    62   167     0       4.884340E-10       3.125970E-10
  106    62   168     0       2.051830E-11       1.313160E-11
   86    63   149     0       0.000000E+00       0.000000E+00
   87    63   150     0       0.000000E+00       0.000000E+00
   87    63   150     1       0.000000E+00       0.000000E+00
   88    63   151     0       1.591740E-12       1.018700E-12
   89    63   152     0       2.152740E-11       1.377760E-11
   89    63   152     1       1.345460E-12       8.610980E-13
   89    63   152     2       4.119680E-11       2.636600E-11
   90    63   153     0       1.391520E-09       8.905700E-10
   91    63   154     0       6.695790E-09       4.285310E-09
   91    63   154     1       1.282550E-08       8.208300E-09
   92    63   155     0       1.611760E-07       1.031520E-07
   93    63   156     0       9.700560E-07       6.208360E-07
   94    63   157     0       5.425900E-06       3.472580E-06
   95    63   158     0       1.387510E-05       8.880070E-06
   96    63   159     0       2.798040E-05       1.790750E-05
   97    63   160     0       4.098470E-05       2.623010E-05
   98    63   161     0       3.848190E-05       2.462840E-05
   99    63   162     0       3.457760E-05       2.212970E-05
  100    63   163     0       1.882050E-05       1.204520E-05
  101    63   164     0       7.908610E-06       5.061510E-06
  102    63   165     0       2.282490E-06       1.460790E-06
  103    63   166     0       5.025470E-07       3.216300E-07
  104    63   167     0       8.469230E-08       5.420300E-08
  105    63   168     0       9.149960E-09       5.855970E-09
  106    63   169     0       8.326300E-10       5.328830E-10
  107    63   170     0       4.084450E-11       2.614050E-11
   87    64   151     0       0.000000E+00       0.000000E+00
   88    64   152     0       0.000000E+00       0.000000E+00
   89    64   153     0       7.558230E-14       4.837270E-14
   90    64   154     0       2.903160E-12       1.858030E-12
   91    64   155     0       6.356930E-11       4.068430E-11
   92    64   156     0       1.011100E-09       6.471050E-10
   93    64   157     0       1.531670E-08       9.802670E-09
   94    64   158     0       1.011100E-07       6.471050E-08
   95    64   159     0       5.125580E-07       3.280370E-07
   96    64   160     0       1.882050E-06       1.204520E-06
   97    64   161     0       4.214590E-06       2.697340E-06
   98    64   162     0       8.769550E-06       5.612510E-06
   99    64   163     0       1.081170E-05       6.919540E-06
  100    64   164     0       9.970850E-06       6.381350E-06
  101    64   165     0       6.497080E-06       4.158130E-06
  102    64   166     0       3.273560E-06       2.095080E-06
  103    64   167     0       1.271390E-06       8.136860E-07
  104    64   168     0       3.323620E-07       2.127120E-07
  105    64   169     0       7.528200E-08       4.818050E-08
  106    64   170     0       9.139950E-09       5.849560E-09
  107    64   171     0       9.184890E-10       5.878330E-10
  108    64   172     0       8.087170E-11       5.175790E-11
   89    65   154     0       0.000000E+00       0.000000E+00
   89    65   154     1       0.000000E+00       0.000000E+00
   89    65   154     2       0.000000E+00       0.000000E+00
   90    65   155     0       0.000000E+00       0.000000E+00
   91    65   156     0       2.164520E-14       1.385290E-14
   91    65   156     1       0.000000E+00       0.000000E+00
   91    65   156     2       0.000000E+00       0.000000E+00
   92    65   157     0       3.133410E-12       2.005390E-12
   93    65   158     0       5.277180E-11       3.377390E-11
   93    65   158     1       3.249220E-12       2.079500E-12
   94    65   159     0       7.368020E-10       4.715530E-10
   95    65   160     0       2.112300E-07       1.351880E-07
   96    65   161     0       4.144520E-08       2.652490E-08
   97    65   162     0       2.162350E-07       9.785700E-08
   98    65   163     0       6.447020E-07       4.126100E-07
   99    65   164     0       1.371500E-06       8.777560E-07
  100    65   165     0       2.062250E-06       1.319840E-06
  101    65   166     0       2.342550E-06       1.499240E-06
  102    65   167     0       1.992170E-06       1.274990E-06
  103    65   168     0       1.181290E-06       7.560230E-07
  104    65   169     0       6.166720E-07       3.946700E-07
  105    65   170     0       1.731890E-07       1.108400E-07
  106    65   171     0       4.264650E-08       2.729370E-08
  107    65   172     0       9.139950E-09       5.849560E-09
   91    66   157     0       0.000000E+00       0.000000E+00
   92    66   158     0       0.000000E+00       0.000000E+00
   93    66   159     0       7.758450E-14       4.965410E-14
   94    66   160     0       2.092280E-12       1.339060E-12
   95    66   161     0       3.113390E-11       1.992570E-11
   96    66   162     0       4.274660E-10       2.735780E-10
   97    66   163     0       3.303590E-09       2.114300E-09
   98    66   164     0       1.731890E-08       1.108400E-08
   99    66   165     0       5.941360E-08       3.802470E-08
   99    66   165     1       4.956500E-09       3.172160E-09
  100    66   166     0       1.771930E-07       1.134030E-07
  101    66   167     0       3.443750E-07       2.204000E-07
  102    66   168     0       4.655070E-07       2.979240E-07
  103    66   169     0       5.485970E-07       3.511020E-07
  104    66   170     0       3.383680E-07       2.165560E-07
  105    66   171     0       1.892060E-07       1.210920E-07
  106    66   172     0       9.210030E-08       5.894420E-08
   93    67   160     0       0.000000E+00       0.000000E+00
   93    67   160     1       0.000000E+00       0.000000E+00
   94    67   161     0       0.000000E+00       0.000000E+00
   94    67   161     1       0.000000E+00       0.000000E+00
   95    67   162     0       1.117990E-14       7.155140E-15
   95    67   162     1       5.058730E-14       3.237590E-14
   96    67   163     0       1.172200E-12       7.502040E-13
   96    67   163     1       9.778910E-14       6.258490E-14
   97    67   164     0       3.093040E-12       1.979550E-12
   97    67   164     1       1.399560E-11       8.957160E-12
   98    67   165     0       1.651800E-10       1.057150E-10
   99    67   166     0       2.081960E-10       1.332460E-10
   99    67   166     1       9.420570E-10       6.029170E-10
  100    67   167     0       5.566060E-09       3.562280E-09
  101    67   168     0       1.852020E-08       1.185300E-08
  102    67   169     0       5.225690E-08       3.344440E-08
  103    67   170     0       6.001620E-08       3.841030E-08
  103    67   170     1       1.326370E-08       8.488730E-09
  104    67   171     0       9.310140E-08       5.958490E-08
  105    67   172     0       9.970850E-08       6.381350E-08
   95    68   163     0       0.000000E+00       0.000000E+00
   96    68   164     0       0.000000E+00       0.000000E+00
   97    68   165     0       3.113390E-14       1.992570E-14
   98    68   166     0       5.746250E-13       3.677610E-13
   99    68   167     0       6.566910E-12       4.202830E-12
   99    68   167     1       5.478360E-13       3.506150E-13
  100    68   168     0       6.146700E-11       3.933890E-11
  101    68   169     0       4.424820E-10       2.831880E-10
  102    68   170     0       1.521660E-09       9.738590E-10
  103    68   171     0       4.705120E-09       3.011280E-09
  104    68   172     0       1.171270E-08       7.496160E-09
   97    69   166     0       0.000000E+00       0.000000E+00
   98    69   167     0       0.000000E+00       0.000000E+00
   99    69   168     0       1.511650E-14       9.674530E-15
  100    69   169     0       2.843090E-13       1.819580E-13
  101    69   170     0       2.512740E-12       1.608150E-12
  102    69   171     0       2.012190E-11       1.287810E-11
  103    69   172     0       1.241360E-10       7.944650E-11
   98    70   168     0       0.000000E+00       0.000000E+00
   99    70   169     0       0.000000E+00       0.000000E+00
  100    70   170     0       0.000000E+00       0.000000E+00
  101    70   171     0       9.845450E-15       7.876360E-15
  102    70   172     0       1.021110E-13       6.535120E-14
  101    71   172     0       0.000000E+00       0.000000E+00
  101    71   172     1       0.000000E+00       0.000000E+00
