   66   3.4200E-08
   67   8.5600E-08
   68   2.1200E-07
   69   4.7000E-07
   70   8.5600E-07
   71   1.7000E-06
   72   3.7600E-06
   73   6.7000E-06
   74   1.7120E-05
   75   4.2380E-05
   76   8.5590E-05
   77   1.7785E-04
   78   2.9914E-04
   79   5.1272E-04
   80   8.5604E-04
   81   1.5871E-03
   82   2.4347E-03
   83   3.5563E-03
   84   4.2188E-03
   85   4.0685E-03
   86   5.4995E-03
   87   7.1781E-03
   88   7.7681E-03
   89   1.0585E-02
   90   1.1365E-02
   91   1.1552E-02
   92   1.3776E-02
   93   1.7947E-02
   94   2.2071E-02
   95   2.8935E-02
   96   3.3434E-02
   97   3.9605E-02
   98   4.7395E-02
   99   5.0218E-02
  100   5.4287E-02
  101   5.9465E-02
  102   8.7022E-02
  103   6.4217E-02
  104   6.7143E-02
  105   6.3838E-02
  106   5.9107E-02
  107   5.6669E-02
  108   4.3063E-02
  109   4.1053E-02
  110   2.6237E-02
  111   1.8492E-02
  112   2.3555E-02
  113   4.6698E-03
  114   1.7782E-03
  115   1.6274E-03
  116   6.9466E-04
  117   4.5783E-04
  118   3.2313E-04
  119   2.7294E-04
  120   3.5218E-04
  121   3.7392E-04
  122   5.4109E-04
  123   6.1131E-04
  124   7.2283E-04
  125   1.0231E-03
  126   1.6626E-03
  127   6.5530E-03
  128   7.4580E-03
  129   1.2067E-02
  130   2.1287E-02
  131   3.1935E-02
  132   4.7737E-02
  133   5.7425E-02
  134   7.5237E-02
  135   5.9084E-02
  136   4.3283E-02
  137   6.3172E-02
  138   5.8131E-02
  139   6.8001E-02
  140   5.5404E-02
  141   5.1492E-02
  142   3.7739E-02
  143   4.2859E-02
  144   3.7211E-02
  145   3.2734E-02
  146   2.4574E-02
  147   2.0922E-02
  148   2.3530E-02
  149   1.9848E-02
  150   1.8415E-02
  151   1.2448E-02
  152   1.2379E-02
  153   1.3095E-02
  154   9.0337E-03
  155   7.0838E-03
  156   4.4506E-03
  157   4.5538E-03
  158   3.4490E-03
  159   2.3337E-03
  160   1.8277E-03
  161   1.2185E-03
  162   8.1061E-04
  163   5.5762E-04
  164   2.5403E-04
  165   1.1049E-04
  166   4.5440E-05
  167   2.2720E-05
  168   1.3420E-05
  169   6.0900E-06
  170   2.9900E-06
  171   1.7600E-06
  172   9.5700E-07
