    1   2.2910E-05
    2   7.0014E-06
    3   9.9889E-05
    4   1.5367E-03
    6   2.2384E-05
    7   5.6355E-07
    8   6.4818E-07
    9   3.4502E-07
   10   3.3482E-07
   66   4.8778E-10
   67   1.0200E-09
   68   4.7381E-09
   69   1.9649E-08
   70   5.8691E-08
   71   1.4571E-07
   72   2.9315E-07
   73   8.8541E-07
   74   2.6411E-06
   75   4.4012E-06
   76   1.8560E-05
   77   4.3230E-05
   78   1.2700E-04
   79   2.6355E-04
   80   3.5472E-04
   81   1.1696E-03
   82   1.7552E-03
   83   3.4306E-03
   84   5.6464E-03
   85   9.5525E-03
   86   1.1741E-02
   87   1.9196E-02
   88   2.3067E-02
   89   2.7886E-02
   90   3.3482E-02
   91   3.6357E-02
   92   4.2333E-02
   93   4.9702E-02
   94   4.8785E-02
   95   5.6382E-02
   96   5.6573E-02
   97   5.9220E-02
   98   5.8859E-02
   99   6.5617E-02
  100   5.3453E-02
  101   6.6369E-02
  102   5.0900E-02
  103   5.7763E-02
  104   3.8888E-02
  105   2.6462E-02
  106   3.2926E-02
  107   2.4104E-02
  108   1.7803E-02
  109   1.1001E-02
  110   5.3706E-03
  111   1.3612E-03
  112   5.8402E-04
  113   3.9017E-04
  114   3.4154E-04
  115   1.6281E-04
  116   1.9670E-04
  117   1.7751E-04
  118   1.6705E-04
  119   1.6199E-04
  120   1.4296E-04
  121   1.5867E-04
  122   1.7733E-04
  123   1.9602E-04
  124   2.6132E-04
  125   2.9540E-04
  126   7.1046E-04
  127   1.8330E-03
  128   5.2300E-03
  129   9.7196E-03
  130   1.8384E-02
  131   3.1568E-02
  132   4.5678E-02
  133   6.4775E-02
  134   7.3875E-02
  135   7.6665E-02
  136   7.4518E-02
  137   5.9727E-02
  138   6.1755E-02
  139   6.0817E-02
  140   1.0850E-01
  141   6.0154E-02
  142   4.9977E-02
  143   8.2660E-02
  144   4.8390E-02
  145   3.5971E-02
  146   2.8097E-02
  147   3.2418E-02
  148   1.6596E-02
  149   1.5454E-02
  150   7.3694E-03
  151   7.4184E-03
  152   3.6403E-03
  153   1.9602E-03
  154   1.0482E-03
  155   7.8616E-04
  156   6.1457E-04
  157   2.4532E-04
  158   1.2864E-04
  159   1.0270E-05
  160   3.7298E-06
  161   2.3300E-06
  162   1.4000E-06
  163   5.6000E-07
  164   2.3300E-07
  165   1.0500E-07
  166   2.5200E-08
  167   9.3300E-09
  168   1.8700E-09
  169   7.0000E-10
  170   9.3299E-11
  171   4.6700E-11
  172   9.3300E-12
