1    4.3507600e-05
2    1.3296300e-05
3    1.8969600e-04
4    3.1991800e-03
6    0.0000000e+00
7    1.2401700e-06
8    8.1352400e-07
9    3.9894600e-07
10    9.9000000e-06
66    3.9857900e-07
67    1.0899200e-14
68    5.4496100e-13
69    0.0000000e+00
70    5.8778200e-10
71    1.3259000e-11
72    3.8397200e-14
73    2.7698000e-12
74    3.3895500e-11
75    1.0199200e-12
76    6.3950200e-08
77    2.0305200e-13
78    1.3699000e-11
79    5.3923500e-14
80    3.1048700e-08
81    0.0000000e+00
82    0.0000000e+00
83    0.0000000e+00
84    3.3905900e-10
85    1.8441500e-11
86    0.0000000e+00
87    0.0000000e+00
88    1.5798900e-14
89    0.0000000e+00
90    0.0000000e+00
91    0.0000000e+00
92    0.0000000e+00
93    8.5647500e-15
94    4.7499900e-08
95    0.0000000e+00
96    0.0000000e+00
97    6.7487300e-12
98    2.0398900e-09
99    3.9065600e-02
100    0.0000000e+00
101    3.0472200e-13
102    2.8255500e-12
103    5.5896000e-14
104    1.8585900e-07
105    0.0000000e+00
106    8.2782100e-13
107    1.3654200e-10
108    2.3921100e-09
109    1.2999000e-11
110    0.0000000e+00
111    0.0000000e+00
112    2.1749800e-11
113    0.0000000e+00
114    0.0000000e+00
115    2.5772700e-03
116    0.0000000e+00
117    0.0000000e+00
118    0.0000000e+00
119    0.0000000e+00
120    0.0000000e+00
121    1.0340200e-13
122    0.0000000e+00
123    0.0000000e+00
124    0.0000000e+00
125    0.0000000e+00
126    0.0000000e+00
127    0.0000000e+00
128    0.0000000e+00
129    0.0000000e+00
130    0.0000000e+00
131    0.0000000e+00
132    1.9272500e-11
133    0.0000000e+00
134    0.0000000e+00
135    0.0000000e+00
136    0.0000000e+00
137    0.0000000e+00
138    0.0000000e+00
139    0.0000000e+00
140    6.6095200e-13
141    0.0000000e+00
142    3.1393400e-09
143    3.9957500e-02
144    0.0000000e+00
145    3.2997600e-13
146    1.4414900e-11
147    1.9812000e-02
148    1.0390200e-07
149    0.0000000e+00
150    0.0000000e+00
151    0.0000000e+00
152    4.3760200e-10
153    3.6197400e-12
154    0.0000000e+00
155    1.1999100e-13
156    0.0000000e+00
157    0.0000000e+00
158    6.5495700e-10
159    1.3099000e-11
160    0.0000000e+00
161    5.0749100e-14
162    7.9768000e-12
163    1.1899100e-14
164    1.4621900e-09
165    1.8698700e-11
166    1.4798900e-14
167    6.6695200e-13
168    1.3699000e-15
169    2.6398100e-14
170    2.0781900e-09
171    3.8932300e-06
172    6.0667800e-15
