66    0.0000000e+00
67    0.0000000e+00
68    0.0000000e+00
69    0.0000000e+00
70    2.4300100e-13
71    0.0000000e+00
72    0.0000000e+00
73    0.0000000e+00
74    0.0000000e+00
75    0.0000000e+00
76    6.7600200e-11
77    0.0000000e+00
78    0.0000000e+00
79    0.0000000e+00
80    1.0500000e-11
81    2.0800100e-14
82    4.2600100e-08
83    0.0000000e+00
84    7.8000200e-13
85    0.0000000e+00
86    3.9700100e-09
87    0.0000000e+00
88    1.5800100e-14
89    0.0000000e+00
90    0.0000000e+00
91    0.0000000e+00
92    0.0000000e+00
93    0.0000000e+00
94    3.3000100e-12
95    0.0000000e+00
96    0.0000000e+00
97    0.0000000e+00
98    3.4500100e-14
99    0.0000000e+00
100    4.9400200e-10
101    0.0000000e+00
102    0.0000000e+00
103    0.0000000e+00
104    1.1800000e-11
105    0.0000000e+00
106    0.0000000e+00
107    0.0000000e+00
108    1.4500000e-13
109    0.0000000e+00
110    8.3300300e-10
111    0.0000000e+00
112    0.0000000e+00
113    0.0000000e+00
114    0.0000000e+00
115    0.0000000e+00
116    0.0000000e+00
117    0.0000000e+00
118    0.0000000e+00
119    0.0000000e+00
120    0.0000000e+00
121    0.0000000e+00
122    9.1100300e-11
123    0.0000000e+00
124    0.0000000e+00
125    0.0000000e+00
126    0.0000000e+00
127    0.0000000e+00
128    0.0000000e+00
129    0.0000000e+00
130    4.3000100e-09
131    0.0000000e+00
132    1.3000000e-14
133    0.0000000e+00
134    6.7400200e-10
135    0.0000000e+00
136    9.1000300e-07
137    1.0800000e-13
138    1.5000000e-11
139    0.0000000e+00
140    0.0000000e+00
141    0.0000000e+00
142    5.4800200e-14
143    0.0000000e+00
144    0.0000000e+00
145    0.0000000e+00
146    0.0000000e+00
147    0.0000000e+00
148    9.3200300e-12
149    0.0000000e+00
150    2.6300100e-08
151    0.0000000e+00
152    3.9500100e-14
153    0.0000000e+00
154    2.0700100e-10
155    0.0000000e+00
156    0.0000000e+00
157    0.0000000e+00
158    3.0100100e-13
159    0.0000000e+00
160    4.3100100e-10
161    0.0000000e+00
162    0.0000000e+00
163    1.1900000e-14
164    6.9200200e-13
165    0.0000000e+00
166    0.0000000e+00
167    0.0000000e+00
168    0.0000000e+00
169    0.0000000e+00
170    1.0400000e-12
171    0.0000000e+00
172    0.0000000e+00
