66    0.0000000e+00
67    0.0000000e+00
68    0.0000000e+00
69    0.0000000e+00
70    5.9000200e-10
71    0.0000000e+00
72    0.0000000e+00
73    0.0000000e+00
74    3.2600100e-11
75    0.0000000e+00
76    6.4000200e-08
77    0.0000000e+00
78    0.0000000e+00
79    0.0000000e+00
80    3.3800100e-08
81    2.0800100e-14
82    1.0360000e-05
83    0.0000000e+00
84    2.4600100e-10
85    0.0000000e+00
86    1.2130000e-05
87    0.0000000e+00
88    1.5800100e-14
89    0.0000000e+00
90    0.0000000e+00
91    0.0000000e+00
92    0.0000000e+00
93    0.0000000e+00
94    4.7500200e-08
95    0.0000000e+00
96    0.0000000e+00
97    0.0000000e+00
98    2.0400100e-09
99    0.0000000e+00
100    2.4100100e-06
101    0.0000000e+00
102    3.7500100e-12
103    0.0000000e+00
104    1.8600100e-07
105    0.0000000e+00
106    0.0000000e+00
107    0.0000000e+00
108    6.6800200e-09
109    0.0000000e+00
110    3.2500100e-06
111    0.0000000e+00
112    1.1900000e-11
113    0.0000000e+00
114    0.0000000e+00
115    0.0000000e+00
116    0.0000000e+00
117    0.0000000e+00
118    0.0000000e+00
119    0.0000000e+00
120    0.0000000e+00
121    0.0000000e+00
122    6.3200200e-08
123    0.0000000e+00
124    0.0000000e+00
125    0.0000000e+00
126    0.0000000e+00
127    0.0000000e+00
128    1.2700000e-14
129    0.0000000e+00
130    8.1100300e-06
131    0.0000000e+00
132    2.2700100e-11
133    0.0000000e+00
134    3.2800100e-06
135    0.0000000e+00
136    6.3834200e-04
137    1.0800000e-13
138    6.6700200e-08
139    0.0000000e+00
140    0.0000000e+00
141    0.0000000e+00
142    3.1400100e-09
143    0.0000000e+00
144    0.0000000e+00
145    0.0000000e+00
146    1.4800000e-11
147    0.0000000e+00
148    1.0400000e-07
149    0.0000000e+00
150    2.1310100e-05
151    0.0000000e+00
152    7.5600200e-10
153    0.0000000e+00
154    6.0700200e-07
155    0.0000000e+00
156    0.0000000e+00
157    0.0000000e+00
158    6.3100200e-10
159    0.0000000e+00
160    4.9200200e-07
161    0.0000000e+00
162    0.0000000e+00
163    1.1900000e-14
164    1.8500100e-09
165    0.0000000e+00
166    0.0000000e+00
167    0.0000000e+00
168    0.0000000e+00
169    0.0000000e+00
170    2.0800100e-09
171    0.0000000e+00
172    0.0000000e+00
