#            E 5.0000000e+05  neutron energy
#    Z      A   Level         FPY           delta-FPY   
      1      1 0.0000000e+00 4.0718800e-05 1.4437310e-05
      1      2 0.0000000e+00 1.2444000e-05 4.3219750e-06
      1      3 0.0000000e+00 1.7753700e-04 5.5709480e-05
      2      3 0.0000000e+00 1.7753700e-04 5.5709480e-05
      2      4 0.0000000e+00 2.7323550e-03 8.6448400e-04
      2      6 0.0000000e+00 3.8137200e-05 1.9068600e-05
      2      8 0.0000000e+00 7.1294500e-07 3.5647250e-07
      3      6 0.0000000e+00 4.6814220e-05 1.9555920e-05
      3      7 0.0000000e+00 1.2246390e-06 4.4542030e-07
      3      8 0.0000000e+00 7.6108380e-07 3.1030840e-07
      3      9 0.0000000e+00 1.9158200e-07 9.5791000e-08
      4      7 0.0000000e+00 8.4137900e-07 4.2068950e-07
      4      8 0.0000000e+00 1.3648380e-06 4.0360700e-07
      4      9 0.0000000e+00 6.9364210e-07 3.0314200e-07
      4     10 0.0000000e+00 5.9880900e-07 2.9940450e-07
     23     66 0.0000000e+00 1.6062900e-17 8.0314500e-18
     24     66 0.0000000e+00 2.4722100e-13 2.7243100e-13
     24     67 0.0000000e+00 1.1795900e-14 5.8979700e-15
     24     68 0.0000000e+00 0.0000000e+00 0.0000000e+00
     24     69 0.0000000e+00 1.0855100e-17 5.4275700e-18
     24     70 0.0000000e+00 0.0000000e+00 0.0000000e+00
     25     66 0.0000000e+00 1.7346800e-10 1.9084400e-10
     25     67 0.0000000e+00 2.9899400e-11 3.2824300e-11
     25     68 0.0000000e+00 4.3522600e-12 4.7704700e-12
     25     69 0.0000000e+00 2.6335200e-13 1.3167400e-13
     25     70 0.0000000e+00 1.8505900e-14 9.2529400e-15
     25     71 0.0000000e+00 0.0000000e+00 0.0000000e+00
     25     72 0.0000000e+00 0.0000000e+00 0.0000000e+00
     25     73 0.0000000e+00 0.0000000e+00 0.0000000e+00
     26     66 0.0000000e+00 1.1765530e-08 1.2367200e-08
     26     67 0.0000000e+00 5.0965850e-09 5.5239410e-09
     26     68 0.0000000e+00 2.1982580e-09 2.4020550e-09
     26     69 0.0000000e+00 3.8471500e-10 4.1979100e-10
     26     70 0.0000000e+00 8.5876200e-11 9.4327600e-11
     26     71 0.0000000e+00 3.7584300e-12 3.1735900e-12
     26     72 0.0000000e+00 3.4424600e-13 1.7212300e-13
     26     73 0.0000000e+00 1.1790800e-14 5.8954200e-15
     26     74 0.0000000e+00 0.0000000e+00 0.0000000e+00
     26     75 0.0000000e+00 0.0000000e+00 0.0000000e+00
     26     76 0.0000000e+00 0.0000000e+00 0.0000000e+00
     27     66 0.0000000e+00 6.3002110e-08 3.5032670e-08
     27     67 0.0000000e+00 7.5040550e-08 6.2278250e-08
     27     68 0.0000000e+00 3.0085610e-08 3.1955150e-08
     27     68 1.0000000e+00 3.4659400e-08 3.4504500e-08
     27     69 0.0000000e+00 4.0103160e-08 4.2686530e-08
     27     70 0.0000000e+00 1.0103480e-08 1.0990450e-08
     27     70 1.0000000e+00 9.9430650e-09 1.0908220e-08
     27     71 0.0000000e+00 4.5879610e-09 3.8695300e-09
     27     72 0.0000000e+00 1.0045990e-09 8.4130900e-10
     27     73 0.0000000e+00 1.2639000e-10 7.6665400e-11
     27     74 0.0000000e+00 1.3483000e-11 1.0416900e-11
     27     75 0.0000000e+00 2.1678400e-12 1.0839200e-12
     27     76 0.0000000e+00 5.8673300e-14 2.9336700e-14
     27     77 0.0000000e+00 1.1963900e-15 5.9819500e-16
     27     78 0.0000000e+00 0.0000000e+00 0.0000000e+00
     28     66 0.0000000e+00 9.3814950e-08 2.7525260e-08
     28     67 0.0000000e+00 1.7073090e-07 5.3474390e-08
     28     68 0.0000000e+00 2.8380250e-07 1.0521210e-07
     28     69 0.0000000e+00 2.7507670e-07 2.2424230e-07
     28     69 1.0000000e+00 1.0857390e-07 8.2053960e-08
     28     70 0.0000000e+00 5.0023110e-07 4.4646300e-07
     28     71 0.0000000e+00 3.3744880e-07 2.6356920e-07
     28     72 0.0000000e+00 2.2262920e-07 1.8344410e-07
     28     73 0.0000000e+00 7.3325970e-08 4.4277630e-08
     28     74 0.0000000e+00 2.2129530e-08 1.7086270e-08
     28     75 0.0000000e+00 6.1283160e-09 3.9538980e-09
     28     76 0.0000000e+00 6.1445900e-10 4.1481200e-10
     28     77 0.0000000e+00 3.4791500e-11 2.2052500e-11
     28     78 0.0000000e+00 2.6542600e-12 1.3271300e-12
     28     79 0.0000000e+00 9.2206700e-14 4.6103300e-14
     28     80 0.0000000e+00 0.0000000e+00 0.0000000e+00
     28     81 0.0000000e+00 0.0000000e+00 0.0000000e+00
     28     82 0.0000000e+00 0.0000000e+00 0.0000000e+00
     29     66 0.0000000e+00 9.4986750e-08 2.7505980e-08
     29     67 0.0000000e+00 1.8196750e-07 5.2546620e-08
     29     68 0.0000000e+00 3.3101830e-07 9.8769000e-08
     29     68 1.0000000e+00 3.8508240e-08 4.1569730e-08
     29     69 0.0000000e+00 6.5054730e-07 1.9076830e-07
     29     70 0.0000000e+00 3.9839870e-07 2.3817000e-07
     29     70 1.0000000e+00 7.3574910e-07 5.1935490e-07
     29     70 2.0000000e+00 4.9571210e-07 4.4242960e-07
     29     71 0.0000000e+00 1.9633950e-06 7.7900420e-07
     29     72 0.0000000e+00 2.4690320e-06 1.5002670e-06
     29     73 0.0000000e+00 2.4348910e-06 1.2390600e-06
     29     74 0.0000000e+00 1.5999630e-06 1.1943900e-06
     29     75 0.0000000e+00 1.0553150e-06 6.6446590e-07
     29     76 0.0000000e+00 1.9613860e-07 1.3198170e-07
     29     76 1.0000000e+00 8.5838710e-08 5.7920110e-08
     29     77 0.0000000e+00 5.6070150e-08 3.5523700e-08
     29     78 0.0000000e+00 9.4744190e-09 5.1837180e-09
     29     79 0.0000000e+00 1.1497050e-09 5.1395800e-10
     29     80 0.0000000e+00 4.5916100e-11 2.2958000e-11
     29     81 0.0000000e+00 1.3804200e-12 6.9021100e-13
     29     82 0.0000000e+00 4.3239600e-14 2.1619800e-14
     29     83 0.0000000e+00 0.0000000e+00 0.0000000e+00
     29     84 0.0000000e+00 0.0000000e+00 0.0000000e+00
     30     66 0.0000000e+00 9.4991340e-08 2.7505980e-08
     30     67 0.0000000e+00 1.8208020e-07 5.2546520e-08
     30     68 0.0000000e+00 3.3791990e-07 9.9021180e-08
     30     69 0.0000000e+00 6.7054070e-07 1.9025170e-07
     30     69 1.0000000e+00 1.6639030e-08 1.8150070e-08
     30     70 0.0000000e+00 1.3980710e-06 4.1357130e-07
     30     71 0.0000000e+00 1.8792620e-06 6.2277540e-07
     30     71 1.0000000e+00 7.9498000e-07 3.2133310e-07
     30     72 0.0000000e+00 5.0996490e-06 1.4429840e-06
     30     73 0.0000000e+00 7.0459720e-06 1.8630150e-06
     30     73 1.0000000e+00 1.5092820e-06 7.5533270e-07
     30     74 0.0000000e+00 1.3363140e-05 5.4871990e-06
     30     75 0.0000000e+00 1.5373010e-05 7.4462520e-06
     30     76 0.0000000e+00 1.2779770e-05 7.5442760e-06
     30     77 0.0000000e+00 4.8552390e-06 2.6095740e-06
     30     77 1.0000000e+00 2.1645290e-06 1.3291630e-06
     30     78 0.0000000e+00 2.9598390e-06 1.5964170e-06
     30     79 0.0000000e+00 8.3421590e-07 3.7257750e-07
     30     80 0.0000000e+00 1.3010970e-07 5.6379610e-08
     30     81 0.0000000e+00 1.0549920e-08 4.6621020e-09
     30     82 0.0000000e+00 9.9936000e-10 4.2993800e-10
     30     83 0.0000000e+00 2.8513700e-11 1.4256900e-11
     30     84 0.0000000e+00 1.0563600e-12 5.2817900e-13
     30     85 0.0000000e+00 0.0000000e+00 0.0000000e+00
     30     86 0.0000000e+00 0.0000000e+00 0.0000000e+00
     31     67 0.0000000e+00 7.8144600e-14 3.9072300e-14
     31     68 0.0000000e+00 2.3616300e-12 1.1808100e-12
     31     69 0.0000000e+00 6.7066560e-07 1.9025180e-07
     31     70 0.0000000e+00 2.0749310e-09 2.2793260e-09
     31     71 0.0000000e+00 2.6992670e-06 7.3599190e-07
     31     72 0.0000000e+00 5.2992940e-06 1.4408590e-06
     31     72 1.0000000e+00 2.7690010e-07 9.5675300e-08
     31     73 0.0000000e+00 9.9756890e-06 1.8109950e-06
     31     74 0.0000000e+00 1.9632510e-05 5.5118260e-06
     31     74 1.0000000e+00 1.0862500e-05 3.7469300e-06
     31     75 0.0000000e+00 3.4419630e-05 9.1072800e-06
     31     76 0.0000000e+00 5.0580240e-05 1.7177360e-05
     31     77 0.0000000e+00 6.3203800e-05 2.6572990e-05
     31     78 0.0000000e+00 5.6714020e-05 2.6487830e-05
     31     79 0.0000000e+00 4.4321870e-05 1.7914630e-05
     31     80 0.0000000e+00 1.7542650e-05 7.4250730e-06
     31     81 0.0000000e+00 5.2511150e-06 2.3037980e-06
     31     82 0.0000000e+00 1.1162500e-06 4.8003470e-07
     31     83 0.0000000e+00 1.1543910e-07 4.9602080e-08
     31     84 0.0000000e+00 1.0347400e-08 4.7233240e-09
     31     85 0.0000000e+00 9.5286900e-10 4.7643400e-10
     31     86 0.0000000e+00 2.0976300e-11 1.0488100e-11
     31     87 0.0000000e+00 3.0828100e-13 1.5414100e-13
     31     88 0.0000000e+00 0.0000000e+00 0.0000000e+00
     31     89 0.0000000e+00 0.0000000e+00 0.0000000e+00
     32     69 0.0000000e+00 4.8814300e-14 2.4407100e-14
     32     70 0.0000000e+00 2.0690750e-09 2.2699810e-09
     32     71 0.0000000e+00 5.5166400e-11 2.3412400e-11
     32     71 1.0000000e+00 4.5898400e-11 2.2949200e-11
     32     72 0.0000000e+00 5.3006630e-06 1.4408590e-06
     32     73 0.0000000e+00 1.0000470e-05 1.8109880e-06
     32     73 1.0000000e+00 9.8311670e-06 1.7839990e-06
     32     74 0.0000000e+00 2.0027450e-05 5.5084530e-06
     32     75 0.0000000e+00 3.6955800e-05 9.0963840e-06
     32     75 1.0000000e+00 4.0035190e-06 1.1179180e-06
     32     76 0.0000000e+00 6.6034250e-05 1.6723220e-05
     32     77 0.0000000e+00 5.3642100e-05 1.9935440e-05
     32     77 1.0000000e+00 7.6078760e-05 2.6899620e-05
     32     78 0.0000000e+00 1.7814400e-04 4.5025200e-05
     32     79 0.0000000e+00 1.9675290e-04 4.4644460e-05
     32     79 1.0000000e+00 4.7497690e-05 1.3357760e-05
     32     80 0.0000000e+00 2.6039200e-04 6.2404610e-05
     32     81 0.0000000e+00 1.2270500e-04 4.2897840e-05
     32     81 1.0000000e+00 5.5888480e-05 1.9197640e-05
     32     82 0.0000000e+00 1.1409220e-04 4.3837700e-05
     32     83 0.0000000e+00 3.1106510e-05 1.3222510e-05
     32     84 0.0000000e+00 8.3820510e-06 3.8165040e-06
     32     85 0.0000000e+00 1.6785240e-06 6.9571740e-07
     32     86 0.0000000e+00 1.3854430e-07 5.5796590e-08
     32     87 0.0000000e+00 5.8574910e-09 2.3219260e-09
     32     88 0.0000000e+00 2.7529500e-10 1.3764700e-10
     32     89 0.0000000e+00 5.8438900e-12 2.9219500e-12
     32     90 0.0000000e+00 0.0000000e+00 0.0000000e+00
     32     91 0.0000000e+00 0.0000000e+00 0.0000000e+00
     33     72 0.0000000e+00 3.9407000e-13 1.9703500e-13
     33     73 0.0000000e+00 2.5610600e-11 1.2805300e-11
     33     74 0.0000000e+00 1.3252790e-09 1.0239260e-09
     33     75 0.0000000e+00 3.6985110e-05 9.0965950e-06
     33     76 0.0000000e+00 4.3722810e-07 2.9517370e-07
     33     77 0.0000000e+00 1.1995430e-04 2.8062010e-05
     33     78 0.0000000e+00 1.9962830e-04 4.5063560e-05
     33     79 0.0000000e+00 3.3589380e-04 5.5480250e-05
     33     80 0.0000000e+00 5.1508600e-04 9.8811100e-05
     33     81 0.0000000e+00 7.0055950e-04 1.5377160e-04
     33     82 0.0000000e+00 5.3028250e-04 1.3799800e-04
     33     82 1.0000000e+00 2.4900110e-04 8.1141170e-05
     33     83 0.0000000e+00 6.6948490e-04 1.9109710e-04
     33     84 0.0000000e+00 3.8225760e-04 1.6083390e-04
     33     85 0.0000000e+00 2.0221050e-04 8.1865310e-05
     33     86 0.0000000e+00 4.6203860e-05 1.8544170e-05
     33     87 0.0000000e+00 7.0708680e-06 2.8002740e-06
     33     88 0.0000000e+00 8.0781850e-07 3.1905880e-07
     33     89 0.0000000e+00 5.9525370e-08 2.3232590e-08
     33     90 0.0000000e+00 1.8871180e-09 9.4355900e-10
     33     91 0.0000000e+00 5.2632200e-11 2.6316100e-11
     33     92 0.0000000e+00 6.9546000e-13 3.4773000e-13
     33     93 0.0000000e+00 0.0000000e+00 0.0000000e+00
     33     94 0.0000000e+00 0.0000000e+00 0.0000000e+00
     33     95 0.0000000e+00 0.0000000e+00 0.0000000e+00
     34     74 0.0000000e+00 4.5095000e-10 3.4914200e-10
     34     75 0.0000000e+00 2.1477100e-11 1.0738500e-11
     34     76 0.0000000e+00 4.3842640e-07 2.9517480e-07
     34     77 0.0000000e+00 1.1998790e-04 2.8063060e-05
     34     77 1.0000000e+00 4.2712820e-07 9.7687570e-08
     34     78 0.0000000e+00 2.0005770e-04 4.5063560e-05
     34     79 0.0000000e+00 3.3985020e-04 5.5458890e-05
     34     79 1.0000000e+00 3.2902920e-04 5.4163410e-05
     34     80 0.0000000e+00 5.5067180e-04 9.9246900e-05
     34     81 0.0000000e+00 8.6487330e-04 1.5721540e-04
     34     81 1.0000000e+00 1.1883310e-04 3.8694070e-05
     34     82 0.0000000e+00 1.3008980e-03 2.0856220e-04
     34     83 0.0000000e+00 1.0878450e-03 2.0258830e-04
     34     83 1.0000000e+00 7.0544140e-04 1.3514930e-04
     34     84 0.0000000e+00 2.4059190e-03 4.3109000e-04
     34     85 0.0000000e+00 2.0384400e-03 4.6453550e-04
     34     86 0.0000000e+00 1.4996010e-03 4.3677070e-04
     34     87 0.0000000e+00 5.9884800e-04 2.2115460e-04
     34     88 0.0000000e+00 2.0650310e-04 8.0245380e-05
     34     89 0.0000000e+00 3.9007240e-05 1.5200560e-05
     34     90 0.0000000e+00 4.4822770e-06 1.6908730e-06
     34     91 0.0000000e+00 3.2853460e-07 1.2262250e-07
     34     92 0.0000000e+00 1.5651510e-08 7.8256750e-09
     34     93 0.0000000e+00 3.2509000e-10 1.6254500e-10
     34     94 0.0000000e+00 6.7083800e-12 3.3541900e-12
     34     95 0.0000000e+00 0.0000000e+00 0.0000000e+00
     34     96 0.0000000e+00 0.0000000e+00 0.0000000e+00
     35     77 0.0000000e+00 1.6296600e-11 6.6664900e-12
     35     77 1.0000000e+00 1.2890600e-11 6.4453000e-12
     35     78 0.0000000e+00 4.6016000e-10 2.3008000e-10
     35     79 0.0000000e+00 3.4004820e-04 5.5489290e-05
     35     79 1.0000000e+00 1.0832260e-08 4.8428600e-09
     35     80 0.0000000e+00 3.1041380e-07 1.0875050e-07
     35     80 1.0000000e+00 2.4119150e-07 1.0453020e-07
     35     81 0.0000000e+00 8.6963660e-04 1.5722670e-04
     35     82 0.0000000e+00 3.0443330e-05 9.4638930e-06
     35     82 1.0000000e+00 1.9046100e-05 8.1760460e-06
     35     83 0.0000000e+00 1.9986230e-03 2.6369880e-04
     35     84 0.0000000e+00 2.6811100e-03 4.4094950e-04
     35     84 1.0000000e+00 4.2035080e-04 1.8002980e-04
     35     85 0.0000000e+00 3.9246020e-03 6.0369590e-04
     35     86 0.0000000e+00 4.8211020e-03 8.1989100e-04
     35     87 0.0000000e+00 4.7201210e-03 9.6316050e-04
     35     88 0.0000000e+00 3.3338090e-03 9.1107240e-04
     35     89 0.0000000e+00 1.8879110e-03 6.3784210e-04
     35     90 0.0000000e+00 5.6568960e-04 2.0730060e-04
     35     91 0.0000000e+00 1.3477010e-04 4.9961340e-05
     35     92 0.0000000e+00 1.7396360e-05 6.5279980e-06
     35     93 0.0000000e+00 1.3348090e-06 4.9627340e-07
     35     94 0.0000000e+00 7.2753240e-08 2.6995850e-08
     35     95 0.0000000e+00 3.7179460e-09 1.8589730e-09
     35     96 0.0000000e+00 5.3730700e-11 2.6865400e-11
     35     97 0.0000000e+00 5.5778900e-13 2.7889500e-13
     35     98 0.0000000e+00 0.0000000e+00 0.0000000e+00
     35     99 0.0000000e+00 0.0000000e+00 0.0000000e+00
     35    100 0.0000000e+00 0.0000000e+00 0.0000000e+00
     36     79 0.0000000e+00 2.9594600e-12 1.3167500e-12
     36     79 1.0000000e+00 2.6102500e-12 1.3051200e-12
     36     80 0.0000000e+00 2.8489040e-07 9.9725550e-08
     36     81 0.0000000e+00 9.6580890e-09 3.7974870e-09
     36     81 1.0000000e+00 1.1407240e-09 5.0355600e-10
     36     82 0.0000000e+00 3.1085230e-05 9.6307430e-06
     36     83 0.0000000e+00 2.0018700e-03 2.6369980e-04
     36     83 1.0000000e+00 1.9956730e-03 2.6323740e-04
     36     84 0.0000000e+00 3.1326540e-03 4.6181510e-04
     36     85 0.0000000e+00 9.6599560e-04 1.3652310e-04
     36     85 1.0000000e+00 3.9633570e-03 6.0277260e-04
     36     86 0.0000000e+00 5.9473640e-03 8.3825910e-04
     36     87 0.0000000e+00 7.7315950e-03 1.1444020e-03
     36     88 0.0000000e+00 9.1989960e-03 1.1904620e-03
     36     89 0.0000000e+00 9.4939410e-03 1.3074850e-03
     36     90 0.0000000e+00 7.7738730e-03 1.3440550e-03
     36     91 0.0000000e+00 4.1981590e-03 1.1673300e-03
     36     92 0.0000000e+00 1.7475990e-03 6.0513620e-04
     36     93 0.0000000e+00 3.6321060e-04 1.3350660e-04
     36     94 0.0000000e+00 6.4892000e-05 2.4016140e-05
     36     95 0.0000000e+00 7.9688240e-06 2.8101360e-06
     36     96 0.0000000e+00 4.4547560e-07 1.5564920e-07
     36     97 0.0000000e+00 1.3711930e-08 6.8559300e-09
     36     98 0.0000000e+00 4.7797300e-10 2.3898700e-10
     36     99 0.0000000e+00 9.9461700e-12 4.9730900e-12
     36    100 0.0000000e+00 1.0646700e-13 5.3233700e-14
     36    101 0.0000000e+00 0.0000000e+00 0.0000000e+00
     36    102 0.0000000e+00 0.0000000e+00 0.0000000e+00
     37     81 0.0000000e+00 1.2755300e-12 6.3776700e-13
     37     81 1.0000000e+00 0.0000000e+00 0.0000000e+00
     37     82 0.0000000e+00 1.2472400e-11 6.2361900e-12
     37     82 1.0000000e+00 4.3457500e-11 2.1728800e-11
     37     83 0.0000000e+00 3.5712130e-09 1.7854820e-09
     37     84 0.0000000e+00 7.9790830e-08 3.2354180e-08
     37     84 1.0000000e+00 7.0225780e-08 3.2058170e-08
     37     85 0.0000000e+00 4.0902730e-03 6.0461480e-04
     37     86 0.0000000e+00 1.8847820e-05 5.4360800e-06
     37     86 1.0000000e+00 7.8244850e-06 3.1464220e-06
     37     87 0.0000000e+00 7.9304380e-03 1.1458750e-03
     37     88 0.0000000e+00 1.0056590e-02 1.2100770e-03
     37     89 0.0000000e+00 1.2767160e-02 1.5407110e-03
     37     90 0.0000000e+00 9.4852910e-03 1.3191660e-03
     37     90 1.0000000e+00 5.6446040e-03 1.1962080e-03
     37     91 0.0000000e+00 1.5644290e-02 2.2096680e-03
     37     92 0.0000000e+00 1.3030050e-02 2.4798670e-03
     37     93 0.0000000e+00 8.0062280e-03 1.9359670e-03
     37     94 0.0000000e+00 3.2882460e-03 1.0960580e-03
     37     95 0.0000000e+00 1.1652220e-03 3.9676940e-04
     37     96 0.0000000e+00 1.8904940e-04 6.5760190e-05
     37     97 0.0000000e+00 2.1203990e-05 7.4620760e-06
     37     98 0.0000000e+00 1.2292150e-06 4.4597510e-07
     37     98 1.0000000e+00 6.3463970e-07 2.3033900e-07
     37     99 0.0000000e+00 1.2635000e-07 4.4059190e-08
     37    100 0.0000000e+00 3.8220070e-09 1.9109500e-09
     37    101 0.0000000e+00 8.7649300e-11 4.3824600e-11
     37    102 0.0000000e+00 1.2762300e-12 6.3811400e-13
     37    103 0.0000000e+00 0.0000000e+00 0.0000000e+00
     37    104 0.0000000e+00 0.0000000e+00 0.0000000e+00
     37    105 0.0000000e+00 0.0000000e+00 0.0000000e+00
     38     83 0.0000000e+00 2.4809200e-13 1.2404600e-13
     38     83 1.0000000e+00 0.0000000e+00 0.0000000e+00
     38     84 0.0000000e+00 3.1291270e-09 1.2618430e-09
     38     85 0.0000000e+00 5.2968500e-10 2.2884400e-10
     38     85 1.0000000e+00 9.1036100e-11 4.5518100e-11
     38     86 0.0000000e+00 1.8879360e-05 5.4358130e-06
     38     87 0.0000000e+00 7.9313870e-03 1.1458750e-03
     38     87 1.0000000e+00 1.5962040e-07 6.3146470e-08
     38     88 0.0000000e+00 1.0070390e-02 1.2100820e-03
     38     89 0.0000000e+00 1.2895900e-02 1.5410600e-03
     38     90 0.0000000e+00 1.5891590e-02 1.7810020e-03
     38     91 0.0000000e+00 1.8888150e-02 2.3042350e-03
     38     92 0.0000000e+00 2.2578540e-02 2.8390880e-03
     38     93 0.0000000e+00 2.3273220e-02 2.5476630e-03
     38     94 0.0000000e+00 2.1380730e-02 2.4123060e-03
     38     95 0.0000000e+00 1.4666060e-02 2.3333300e-03
     38     96 0.0000000e+00 7.6075240e-03 1.9812070e-03
     38     97 0.0000000e+00 2.2627410e-03 7.5710700e-04
     38     98 0.0000000e+00 6.0695400e-04 2.1829020e-04
     38     99 0.0000000e+00 1.0202180e-04 3.5524090e-05
     38    100 0.0000000e+00 1.0800910e-05 3.6304550e-06
     38    101 0.0000000e+00 6.7324630e-07 2.2639740e-07
     38    102 0.0000000e+00 3.2903800e-08 1.6451370e-08
     38    103 0.0000000e+00 6.6733100e-10 3.3366600e-10
     38    104 0.0000000e+00 1.2206100e-11 6.1030400e-12
     38    105 0.0000000e+00 0.0000000e+00 0.0000000e+00
     38    106 0.0000000e+00 0.0000000e+00 0.0000000e+00
     38    107 0.0000000e+00 0.0000000e+00 0.0000000e+00
     39     86 0.0000000e+00 0.0000000e+00 0.0000000e+00
     39     86 1.0000000e+00 0.0000000e+00 0.0000000e+00
     39     87 0.0000000e+00 2.9289800e-10 1.4294400e-10
     39     87 1.0000000e+00 2.9035900e-10 1.4517900e-10
     39     88 0.0000000e+00 1.0509670e-08 3.0245030e-09
     39     88 1.0000000e+00 1.9526840e-09 7.7149600e-10
     39     88 2.0000000e+00 5.2216210e-09 2.6108100e-09
     39     89 0.0000000e+00 1.2896270e-02 1.5410600e-03
     39     89 1.0000000e+00 1.5510830e-06 1.9110500e-07
     39     90 0.0000000e+00 1.5898720e-02 1.7810020e-03
     39     90 1.0000000e+00 3.0909510e-06 1.1662540e-06
     39     91 0.0000000e+00 1.8968980e-02 2.3079860e-03
     39     91 1.0000000e+00 1.1163210e-02 1.3569210e-03
     39     92 0.0000000e+00 2.3163400e-02 2.8418730e-03
     39     93 0.0000000e+00 2.6240750e-02 2.9656860e-03
     39     93 1.0000000e+00 9.5964030e-03 1.2465720e-03
     39     94 0.0000000e+00 2.9362290e-02 3.1118060e-03
     39     95 0.0000000e+00 3.0423770e-02 2.6704030e-03
     39     96 0.0000000e+00 2.0482520e-02 2.9015080e-03
     39     96 1.0000000e+00 7.8402610e-03 1.5331200e-03
     39     97 0.0000000e+00 6.7860230e-03 1.1449440e-03
     39     97 1.0000000e+00 1.5029450e-02 2.7349060e-03
     39     97 2.0000000e+00 0.0000000e+00 0.0000000e+00
     39     98 0.0000000e+00 5.2215040e-03 1.3570190e-03
     39     98 1.0000000e+00 7.0080450e-03 1.9970480e-03
     39     99 0.0000000e+00 5.8901850e-03 1.8056430e-03
     39    100 0.0000000e+00 1.4508310e-03 4.7725420e-04
     39    100 1.0000000e+00 1.4608600e-04 4.8493630e-05
     39    101 0.0000000e+00 3.2844780e-04 1.1000490e-04
     39    102 0.0000000e+00 3.0511030e-05 1.0123350e-05
     39    102 1.0000000e+00 1.0825230e-05 3.5808590e-06
     39    103 0.0000000e+00 3.0366890e-06 1.0196000e-06
     39    104 0.0000000e+00 1.4725290e-07 5.0528430e-08
     39    105 0.0000000e+00 4.6783920e-09 2.3391960e-09
     39    106 0.0000000e+00 4.1833300e-11 2.0916600e-11
     39    107 0.0000000e+00 0.0000000e+00 0.0000000e+00
     39    108 0.0000000e+00 0.0000000e+00 0.0000000e+00
     39    109 0.0000000e+00 0.0000000e+00 0.0000000e+00
     40     88 0.0000000e+00 6.5443700e-13 3.2721900e-13
     40     89 0.0000000e+00 6.1618200e-11 3.0809100e-11
     40     89 1.0000000e+00 0.0000000e+00 0.0000000e+00
     40     90 0.0000000e+00 1.5898720e-02 1.7810020e-03
     40     90 1.0000000e+00 4.0915240e-09 2.0179910e-09
     40     91 0.0000000e+00 1.8969130e-02 2.3079860e-03
     40     92 0.0000000e+00 2.3166990e-02 2.8418730e-03
     40     93 0.0000000e+00 2.6290460e-02 2.9656900e-03
     40     94 0.0000000e+00 2.9775510e-02 3.1136630e-03
     40     95 0.0000000e+00 3.2191780e-02 2.6601530e-03
     40     96 0.0000000e+00 3.6013190e-02 3.3258250e-03
     40     97 0.0000000e+00 3.8808380e-02 3.7430370e-03
     40     98 0.0000000e+00 3.8831470e-02 3.6700390e-03
     40     99 0.0000000e+00 3.4031110e-02 3.7160250e-03
     40    100 0.0000000e+00 2.4905320e-02 3.7484590e-03
     40    101 0.0000000e+00 1.1903280e-02 3.1450440e-03
     40    102 0.0000000e+00 4.5260980e-03 1.4130670e-03
     40    103 0.0000000e+00 8.9513230e-04 2.9764120e-04
     40    104 0.0000000e+00 1.4068650e-04 4.8201940e-05
     40    105 0.0000000e+00 1.1970390e-05 3.9230110e-06
     40    106 0.0000000e+00 4.3817070e-07 1.4102250e-07
     40    107 0.0000000e+00 6.1311420e-09 3.0655710e-09
     40    108 0.0000000e+00 8.9654200e-11 4.4827100e-11
     40    109 0.0000000e+00 6.6459100e-13 3.3229500e-13
     40    110 0.0000000e+00 0.0000000e+00 0.0000000e+00
     40    111 0.0000000e+00 0.0000000e+00 0.0000000e+00
     40    112 0.0000000e+00 0.0000000e+00 0.0000000e+00
     41     90 0.0000000e+00 1.4372000e-13 7.1859800e-14
     41     90 1.0000000e+00 0.0000000e+00 0.0000000e+00
     41     91 0.0000000e+00 1.6227000e-11 8.1135100e-12
     41     91 1.0000000e+00 0.0000000e+00 0.0000000e+00
     41     92 0.0000000e+00 5.0417700e-10 2.5208800e-10
     41     92 1.0000000e+00 6.3129600e-10 3.1564800e-10
     41     93 0.0000000e+00 2.6290510e-02 3.0170430e-03
     41     93 1.0000000e+00 1.9192040e-02 2.1795820e-03
     41     94 0.0000000e+00 1.2589360e-06 3.4082770e-07
     41     94 1.0000000e+00 4.7172400e-07 1.7503000e-07
     41     95 0.0000000e+00 3.2188380e-02 2.6586290e-03
     41     95 1.0000000e+00 3.4904490e-04 3.0776530e-05
     41     96 0.0000000e+00 1.9609490e-04 6.8248590e-05
     41     97 0.0000000e+00 4.0241440e-02 3.7489280e-03
     41     97 1.0000000e+00 3.7061590e-02 3.5577610e-03
     41     98 0.0000000e+00 4.2017620e-02 3.7312960e-03
     41     98 1.0000000e+00 1.7616750e-03 5.9217720e-04
     41     99 0.0000000e+00 3.4399450e-02 3.1064960e-03
     41     99 1.0000000e+00 1.4362770e-02 1.5044780e-03
     41    100 0.0000000e+00 4.2556620e-02 4.2367550e-03
     41    100 1.0000000e+00 8.6523080e-03 1.8312670e-03
     41    101 0.0000000e+00 4.8624830e-02 5.4635560e-03
     41    102 0.0000000e+00 2.8565050e-02 5.2327810e-03
     41    102 1.0000000e+00 7.3886840e-03 1.5324910e-03
     41    103 0.0000000e+00 2.0412580e-02 4.4907670e-03
     41    104 0.0000000e+00 4.4268590e-03 1.3527670e-03
     41    104 1.0000000e+00 3.0547110e-03 9.6656390e-04
     41    105 0.0000000e+00 2.0295300e-03 6.4247360e-04
     41    106 0.0000000e+00 2.2823250e-04 7.2981800e-05
     41    107 0.0000000e+00 1.3519890e-05 4.4975940e-06
     41    108 0.0000000e+00 5.7204210e-07 1.9315110e-07
     41    109 0.0000000e+00 1.5569330e-08 5.1337210e-09
     41    110 0.0000000e+00 1.4682900e-10 7.3414500e-11
     41    111 0.0000000e+00 8.8459500e-13 4.4229700e-13
     41    112 0.0000000e+00 0.0000000e+00 0.0000000e+00
     41    113 0.0000000e+00 0.0000000e+00 0.0000000e+00
     41    114 0.0000000e+00 0.0000000e+00 0.0000000e+00
     41    115 0.0000000e+00 0.0000000e+00 0.0000000e+00
     42     92 0.0000000e+00 2.8549800e-14 1.4274900e-14
     42     93 0.0000000e+00 4.3036200e-12 1.5387100e-12
     42     93 1.0000000e+00 1.8299500e-12 9.1497600e-13
     42     94 0.0000000e+00 1.2616150e-06 3.4127610e-07
     42     95 0.0000000e+00 3.2207940e-02 2.6602490e-03
     42     96 0.0000000e+00 1.9656130e-04 6.8248780e-05
     42     97 0.0000000e+00 4.0251050e-02 3.7489280e-03
     42     98 0.0000000e+00 4.3879670e-02 3.7487550e-03
     42     99 0.0000000e+00 4.8893150e-02 3.9374630e-03
     42    100 0.0000000e+00 5.5002000e-02 4.2351130e-03
     42    101 0.0000000e+00 6.0640390e-02 5.6861940e-03
     42    102 0.0000000e+00 6.4055710e-02 6.0895290e-03
     42    103 0.0000000e+00 6.0405220e-02 6.2186870e-03
     42    104 0.0000000e+00 4.8951650e-02 5.1019490e-03
     42    105 0.0000000e+00 2.8294060e-02 4.7524780e-03
     42    106 0.0000000e+00 1.0816380e-02 2.6194300e-03
     42    107 0.0000000e+00 1.9718690e-03 6.1771290e-04
     42    108 0.0000000e+00 2.8443990e-04 9.4287360e-05
     42    109 0.0000000e+00 2.2139970e-05 7.2765860e-06
     42    110 0.0000000e+00 8.3883670e-07 2.7843050e-07
     42    111 0.0000000e+00 1.6145880e-08 5.4505280e-09
     42    112 0.0000000e+00 2.7612600e-10 1.3806300e-10
     42    113 0.0000000e+00 0.0000000e+00 0.0000000e+00
     42    114 0.0000000e+00 0.0000000e+00 0.0000000e+00
     42    115 0.0000000e+00 0.0000000e+00 0.0000000e+00
     42    116 0.0000000e+00 0.0000000e+00 0.0000000e+00
     42    117 0.0000000e+00 0.0000000e+00 0.0000000e+00
     43     95 0.0000000e+00 3.2607500e-13 1.6177500e-13
     43     95 1.0000000e+00 6.5330300e-14 3.2665200e-14
     43     96 0.0000000e+00 0.0000000e+00 0.0000000e+00
     43     96 1.0000000e+00 0.0000000e+00 0.0000000e+00
     43     97 0.0000000e+00 4.2583990e-09 1.8165350e-09
     43     97 1.0000000e+00 7.2017800e-10 3.6008900e-10
     43     98 0.0000000e+00 1.1199150e-07 4.0645710e-08
     43     99 0.0000000e+00 4.8893920e-02 3.9375180e-03
     43     99 1.0000000e+00 4.3068970e-02 3.4684220e-03
     43    100 0.0000000e+00 3.5401570e-05 1.1890360e-05
     43    101 0.0000000e+00 6.0995450e-02 5.6863950e-03
     43    102 0.0000000e+00 6.5593490e-02 6.0923150e-03
     43    102 1.0000000e+00 4.0629090e-04 1.3150140e-04
     43    103 0.0000000e+00 6.8848080e-02 6.3077070e-03
     43    104 0.0000000e+00 6.7996450e-02 6.0226790e-03
     43    105 0.0000000e+00 6.1637700e-02 5.3020270e-03
     43    106 0.0000000e+00 4.5080090e-02 5.3934590e-03
     43    107 0.0000000e+00 2.4303700e-02 3.5715570e-03
     43    108 0.0000000e+00 8.4200540e-03 1.9712040e-03
     43    109 0.0000000e+00 2.1227620e-03 5.9096890e-04
     43    110 0.0000000e+00 2.3990430e-04 7.6070310e-05
     43    111 0.0000000e+00 1.7597040e-05 5.8531120e-06
     43    112 0.0000000e+00 8.4512600e-07 2.8383400e-07
     43    113 0.0000000e+00 7.4016600e-14 2.5615100e-14
     43    114 0.0000000e+00 0.0000000e+00 0.0000000e+00
     43    115 0.0000000e+00 1.0257500e-17 5.1287500e-18
     43    116 0.0000000e+00 0.0000000e+00 0.0000000e+00
     43    117 0.0000000e+00 0.0000000e+00 0.0000000e+00
     43    118 0.0000000e+00 0.0000000e+00 0.0000000e+00
     43    119 0.0000000e+00 1.9826800e-14 9.9133800e-15
     43    120 0.0000000e+00 0.0000000e+00 0.0000000e+00
     44     98 0.0000000e+00 1.1200160e-07 4.0645710e-08
     44     99 0.0000000e+00 4.8895520e-02 3.9376680e-03
     44    100 0.0000000e+00 3.5429550e-05 1.1890150e-05
     44    101 0.0000000e+00 6.0996210e-02 5.6863950e-03
     44    102 0.0000000e+00 6.6005130e-02 6.0925900e-03
     44    103 0.0000000e+00 6.9001890e-02 6.3077200e-03
     44    103 1.0000000e+00 8.1828070e-05 2.7352440e-05
     44    104 0.0000000e+00 6.9037880e-02 6.0242960e-03
     44    105 0.0000000e+00 6.5931280e-02 5.2664580e-03
     44    106 0.0000000e+00 5.9546440e-02 5.6154800e-03
     44    107 0.0000000e+00 4.9173520e-02 4.9875250e-03
     44    108 0.0000000e+00 3.4817870e-02 3.7711390e-03
     44    109 0.0000000e+00 1.8416870e-02 2.5353490e-03
     44    110 0.0000000e+00 6.5697290e-03 1.1515900e-03
     44    111 0.0000000e+00 1.3343460e-03 3.5537120e-04
     44    112 0.0000000e+00 2.0827940e-04 6.3552980e-05
     44    113 0.0000000e+00 2.2496560e-07 6.2066250e-08
     44    113 1.0000000e+00 3.5437980e-07 1.1985230e-07
     44    114 0.0000000e+00 2.6547850e-08 9.7301720e-09
     44    115 0.0000000e+00 1.1142020e-09 4.3549900e-10
     44    116 0.0000000e+00 8.3188200e-11 3.7919800e-11
     44    117 0.0000000e+00 3.0874000e-12 1.5437000e-12
     44    118 0.0000000e+00 2.9216200e-13 1.4608100e-13
     44    119 0.0000000e+00 4.0905600e-10 2.0451800e-10
     44    120 0.0000000e+00 1.8425200e-12 9.2125900e-13
     44    121 0.0000000e+00 0.0000000e+00 0.0000000e+00
     44    122 0.0000000e+00 0.0000000e+00 0.0000000e+00
     44    123 0.0000000e+00 0.0000000e+00 0.0000000e+00
     44    124 0.0000000e+00 0.0000000e+00 0.0000000e+00
     45    100 0.0000000e+00 0.0000000e+00 0.0000000e+00
     45    100 1.0000000e+00 0.0000000e+00 0.0000000e+00
     45    101 0.0000000e+00 2.3820200e-11 9.3346800e-12
     45    101 1.0000000e+00 8.7141000e-11 4.3570500e-11
     45    102 0.0000000e+00 1.2938700e-09 6.4286700e-10
     45    102 1.0000000e+00 3.5117130e-09 1.7558560e-09
     45    103 0.0000000e+00 6.9002090e-02 6.3077300e-03
     45    103 1.0000000e+00 6.8187880e-02 6.2332940e-03
     45    104 0.0000000e+00 3.3905720e-06 9.4031380e-07
     45    104 1.0000000e+00 2.6371390e-06 9.0491260e-07
     45    105 0.0000000e+00 6.5976550e-02 5.2938520e-03
     45    105 1.0000000e+00 1.8728200e-02 1.5192840e-03
     45    106 0.0000000e+00 5.9629490e-02 5.6154830e-03
     45    106 1.0000000e+00 3.6079630e-04 1.1526120e-04
     45    107 0.0000000e+00 5.1974140e-02 4.9915190e-03
     45    108 0.0000000e+00 3.8958000e-02 3.8259770e-03
     45    108 1.0000000e+00 2.8340110e-03 8.6778290e-04
     45    109 0.0000000e+00 3.1031820e-02 3.1907910e-03
     45    110 0.0000000e+00 4.2536170e-03 9.2890140e-04
     45    110 1.0000000e+00 1.4637940e-02 1.9667460e-03
     45    111 0.0000000e+00 9.5221000e-03 1.3201470e-03
     45    112 0.0000000e+00 2.4121220e-03 4.3454120e-04
     45    112 1.0000000e+00 8.9048610e-04 1.7593510e-04
     45    113 0.0000000e+00 1.0006000e-03 2.3155650e-04
     45    114 0.0000000e+00 8.5082410e-05 2.6426930e-05
     45    114 1.0000000e+00 1.3953190e-04 4.3336990e-05
     45    115 0.0000000e+00 4.5523360e-05 1.5991000e-05
     45    116 0.0000000e+00 3.9828680e-06 1.7584470e-06
     45    116 1.0000000e+00 5.1369830e-06 2.2679730e-06
     45    117 0.0000000e+00 1.5048910e-06 6.7159520e-07
     45    118 0.0000000e+00 3.4351310e-07 1.7116070e-07
     45    119 0.0000000e+00 5.4058680e-07 3.4074380e-07
     45    120 0.0000000e+00 1.0590770e-08 5.2944650e-09
     45    121 0.0000000e+00 7.5623400e-11 3.7811700e-11
     45    122 0.0000000e+00 9.9012600e-14 4.9506300e-14
     45    123 0.0000000e+00 0.0000000e+00 0.0000000e+00
     45    124 0.0000000e+00 0.0000000e+00 0.0000000e+00
     45    125 0.0000000e+00 0.0000000e+00 0.0000000e+00
     45    126 0.0000000e+00 0.0000000e+00 0.0000000e+00
     45    127 0.0000000e+00 0.0000000e+00 0.0000000e+00
     45    128 0.0000000e+00 0.0000000e+00 0.0000000e+00
     46    102 0.0000000e+00 2.8478700e-10 1.5535600e-10
     46    103 0.0000000e+00 1.6076700e-11 8.0383300e-12
     46    104 0.0000000e+00 3.3796610e-06 9.3721330e-07
     46    105 0.0000000e+00 6.5976580e-02 5.2938520e-03
     46    106 0.0000000e+00 5.9991560e-02 5.6155410e-03
     46    107 0.0000000e+00 5.1999740e-02 4.9915190e-03
     46    107 1.0000000e+00 1.6715870e-05 5.5636460e-06
     46    108 0.0000000e+00 4.2003190e-02 3.8474140e-03
     46    109 0.0000000e+00 3.1992980e-02 3.1916570e-03
     46    109 1.0000000e+00 6.7298830e-04 2.1706300e-04
     46    110 0.0000000e+00 2.1980570e-02 2.2293060e-03
     46    111 0.0000000e+00 1.3790590e-02 1.4758500e-03
     46    111 1.0000000e+00 3.3104350e-03 9.1353730e-04
     46    112 0.0000000e+00 8.7945060e-03 1.1510250e-03
     46    113 0.0000000e+00 5.7300080e-03 7.6525770e-04
     46    113 1.0000000e+00 3.2491030e-03 6.8478510e-04
     46    114 0.0000000e+00 3.2356140e-03 5.4161100e-04
     46    115 0.0000000e+00 3.7197700e-04 7.2381640e-05
     46    115 1.0000000e+00 1.4188550e-03 2.8722910e-04
     46    116 0.0000000e+00 8.9745040e-04 2.4142220e-04
     46    117 0.0000000e+00 4.1662990e-04 1.1032310e-04
     46    117 1.0000000e+00 2.9920580e-04 1.0500980e-04
     46    118 0.0000000e+00 2.4766100e-04 9.9646020e-05
     46    119 0.0000000e+00 4.6355840e-05 2.8269290e-05
     46    120 0.0000000e+00 4.7911110e-06 5.8403490e-06
     46    121 0.0000000e+00 1.6654020e-07 6.7364750e-08
     46    122 0.0000000e+00 1.5643780e-09 7.8213900e-10
     46    123 0.0000000e+00 0.0000000e+00 0.0000000e+00
     46    124 0.0000000e+00 0.0000000e+00 0.0000000e+00
     46    125 0.0000000e+00 0.0000000e+00 0.0000000e+00
     46    126 0.0000000e+00 0.0000000e+00 0.0000000e+00
     46    127 0.0000000e+00 0.0000000e+00 0.0000000e+00
     46    128 0.0000000e+00 0.0000000e+00 0.0000000e+00
     46    129 0.0000000e+00 0.0000000e+00 0.0000000e+00
     46    130 0.0000000e+00 0.0000000e+00 0.0000000e+00
     46    131 0.0000000e+00 0.0000000e+00 0.0000000e+00
     47    105 0.0000000e+00 1.4888200e-12 6.6219400e-13
     47    105 1.0000000e+00 1.3170900e-12 6.5854500e-13
     47    106 0.0000000e+00 4.9848300e-11 2.4924100e-11
     47    106 1.0000000e+00 1.3615300e-10 6.8076300e-11
     47    107 0.0000000e+00 5.1999760e-02 4.9915190e-03
     47    107 1.0000000e+00 1.4107610e-08 7.0538050e-09
     47    108 0.0000000e+00 1.2179430e-07 3.4201370e-08
     47    108 1.0000000e+00 2.6879140e-07 9.0788250e-08
     47    109 0.0000000e+00 3.1998780e-02 3.1916570e-03
     47    109 1.0000000e+00 3.1981670e-02 3.1900190e-03
     47    110 0.0000000e+00 1.8329070e-05 5.9173650e-06
     47    110 1.0000000e+00 3.6593300e-05 1.2131430e-05
     47    111 0.0000000e+00 1.4896590e-02 1.5811370e-03
     47    111 1.0000000e+00 1.4582510e-02 1.5416540e-03
     47    112 0.0000000e+00 9.5878490e-03 1.1632880e-03
     47    113 0.0000000e+00 3.8720140e-03 5.5637500e-04
     47    113 1.0000000e+00 5.6337230e-03 7.3371630e-04
     47    114 0.0000000e+00 3.5000590e-03 5.4366010e-04
     47    114 1.0000000e+00 2.1345750e-04 6.3155010e-05
     47    115 0.0000000e+00 6.5702930e-04 8.6255980e-05
     47    115 1.0000000e+00 1.8263530e-03 2.7827810e-04
     47    116 0.0000000e+00 1.0814930e-03 2.4253690e-04
     47    116 1.0000000e+00 2.3424740e-04 7.2573620e-05
     47    116 2.0000000e+00 0.0000000e+00 0.0000000e+00
     47    117 0.0000000e+00 5.6903720e-04 1.1188810e-04
     47    117 1.0000000e+00 3.2704920e-04 8.2371410e-05
     47    118 0.0000000e+00 5.9751220e-04 1.0818970e-04
     47    118 1.0000000e+00 1.3051170e-04 3.3652480e-05
     47    119 0.0000000e+00 2.9971240e-04 1.0981810e-04
     47    119 1.0000000e+00 6.2320580e-05 2.9300570e-05
     47    120 0.0000000e+00 8.3715860e-05 6.9370870e-05
     47    120 1.0000000e+00 5.7981550e-05 6.2123830e-05
     47    121 0.0000000e+00 2.3085180e-05 8.5515600e-06
     47    122 0.0000000e+00 6.4958130e-07 2.5061670e-07
     47    122 1.0000000e+00 5.4063420e-07 2.0909530e-07
     47    123 0.0000000e+00 2.7301700e-12 9.7756500e-13
     47    124 0.0000000e+00 3.2249700e-13 1.2104500e-13
     47    125 0.0000000e+00 2.9862200e-14 1.0096200e-14
     47    126 0.0000000e+00 0.0000000e+00 0.0000000e+00
     47    127 0.0000000e+00 0.0000000e+00 0.0000000e+00
     47    128 0.0000000e+00 0.0000000e+00 0.0000000e+00
     47    129 0.0000000e+00 3.1531380e-09 1.5765690e-09
     47    130 0.0000000e+00 3.0041300e-11 1.5020700e-11
     47    131 0.0000000e+00 2.9748200e-13 1.4874100e-13
     47    132 0.0000000e+00 0.0000000e+00 0.0000000e+00
     47    133 0.0000000e+00 0.0000000e+00 0.0000000e+00
     48    108 0.0000000e+00 1.1837540e-07 3.3227260e-08
     48    109 0.0000000e+00 2.3611250e-09 1.1805620e-09
     48    110 0.0000000e+00 5.4467430e-05 1.3488640e-05
     48    111 0.0000000e+00 1.5000160e-02 1.5927820e-03
     48    111 1.0000000e+00 1.1861340e-06 4.0070450e-07
     48    112 0.0000000e+00 9.6001720e-03 1.1632910e-03
     48    113 0.0000000e+00 5.8330160e-03 8.9436120e-04
     48    113 1.0000000e+00 6.7239080e-05 9.7053200e-06
     48    114 0.0000000e+00 3.5001000e-03 5.4366010e-04
     48    115 0.0000000e+00 2.0620520e-03 2.9248700e-04
     48    115 1.0000000e+00 3.8035980e-05 9.6320010e-06
     48    116 0.0000000e+00 1.3000490e-03 2.4730960e-04
     48    117 0.0000000e+00 7.1322520e-04 1.1081440e-04
     48    117 1.0000000e+00 1.6674840e-04 5.0770600e-05
     48    118 0.0000000e+00 6.8003390e-04 1.1458800e-04
     48    119 0.0000000e+00 3.8662590e-04 8.6247790e-05
     48    119 1.0000000e+00 1.9778720e-04 5.9116270e-05
     48    120 0.0000000e+00 4.8033580e-04 1.4069910e-04
     48    121 0.0000000e+00 2.0973160e-04 5.8960650e-05
     48    121 1.0000000e+00 6.7247300e-05 2.0829980e-05
     48    122 0.0000000e+00 7.8695360e-05 2.3409680e-05
     48    123 0.0000000e+00 3.1851310e-07 9.1368880e-08
     48    123 1.0000000e+00 9.6954720e-07 2.7811870e-07
     48    124 0.0000000e+00 4.9186620e-07 1.3862450e-07
     48    125 0.0000000e+00 1.2576530e-08 3.5969010e-09
     48    125 1.0000000e+00 1.4114560e-07 4.0366040e-08
     48    126 0.0000000e+00 3.5244250e-08 1.5035300e-08
     48    127 0.0000000e+00 7.1005530e-09 2.9577810e-09
     48    128 0.0000000e+00 9.9154600e-10 4.4299500e-10
     48    129 0.0000000e+00 5.0389670e-06 2.0575410e-06
     48    130 0.0000000e+00 2.4603690e-07 1.0568640e-07
     48    131 0.0000000e+00 7.5663700e-09 3.7830360e-09
     48    132 0.0000000e+00 1.9721000e-10 9.8605000e-11
     48    133 0.0000000e+00 2.9819300e-12 1.4909600e-12
     48    134 0.0000000e+00 1.3976700e-14 6.9883400e-15
     48    135 0.0000000e+00 0.0000000e+00 0.0000000e+00
     48    136 0.0000000e+00 0.0000000e+00 0.0000000e+00
     49    110 0.0000000e+00 0.0000000e+00 0.0000000e+00
     49    110 1.0000000e+00 0.0000000e+00 0.0000000e+00
     49    111 0.0000000e+00 4.7828800e-10 1.9553100e-10
     49    111 1.0000000e+00 1.0031000e-10 5.0154900e-11
     49    112 0.0000000e+00 1.0837690e-08 4.5867940e-09
     49    112 1.0000000e+00 8.9844430e-09 4.4922210e-09
     49    113 0.0000000e+00 5.9001610e-03 9.0399950e-04
     49    113 1.0000000e+00 0.0000000e+00 0.0000000e+00
     49    114 0.0000000e+00 0.0000000e+00 0.0000000e+00
     49    114 1.0000000e+00 0.0000000e+00 0.0000000e+00
     49    114 2.0000000e+00 0.0000000e+00 0.0000000e+00
     49    115 0.0000000e+00 1.9969850e-03 2.8403630e-04
     49    115 1.0000000e+00 2.0620540e-03 2.9248730e-04
     49    116 0.0000000e+00 6.5965900e-14 3.0298100e-14
     49    116 1.0000000e+00 4.7425100e-13 2.1781300e-13
     49    116 2.0000000e+00 0.0000000e+00 0.0000000e+00
     49    117 0.0000000e+00 5.2900290e-04 9.9540720e-05
     49    117 1.0000000e+00 6.6346060e-04 1.0381070e-04
     49    118 0.0000000e+00 6.8003390e-04 1.1458800e-04
     49    118 1.0000000e+00 3.5034500e-11 1.7827200e-11
     49    118 2.0000000e+00 0.0000000e+00 0.0000000e+00
     49    119 0.0000000e+00 2.6405250e-04 6.1473190e-05
     49    119 1.0000000e+00 3.5129560e-04 7.7868060e-05
     49    120 0.0000000e+00 5.3115000e-04 1.2957530e-04
     49    120 1.0000000e+00 3.6465430e-05 4.6634130e-05
     49    120 2.0000000e+00 0.0000000e+00 0.0000000e+00
     49    121 0.0000000e+00 3.8352870e-04 8.3119780e-05
     49    121 1.0000000e+00 1.7664440e-04 4.1592660e-05
     49    122 0.0000000e+00 1.4497230e-04 3.3178510e-05
     49    122 1.0000000e+00 2.8901920e-04 9.4559640e-05
     49    122 2.0000000e+00 0.0000000e+00 0.0000000e+00
     49    123 0.0000000e+00 3.3250070e-04 9.3073560e-05
     49    123 1.0000000e+00 3.3225650e-05 9.7920130e-06
     49    124 0.0000000e+00 1.5678810e-04 4.8556940e-05
     49    124 1.0000000e+00 1.6423250e-04 5.0988420e-05
     49    125 0.0000000e+00 2.8167930e-04 5.4298680e-05
     49    125 1.0000000e+00 8.0294750e-05 1.5620770e-05
     49    126 0.0000000e+00 1.3360570e-04 5.1658470e-05
     49    126 1.0000000e+00 9.4458900e-05 3.6549160e-05
     49    127 0.0000000e+00 1.0206950e-04 3.7215200e-05
     49    127 1.0000000e+00 6.7060680e-05 2.4457870e-05
     49    127 2.0000000e+00 0.0000000e+00 0.0000000e+00
     49    128 0.0000000e+00 3.9082020e-05 1.5244070e-05
     49    128 1.0000000e+00 2.7463080e-05 1.0711560e-05
     49    129 0.0000000e+00 5.6335580e-04 2.2848960e-04
     49    129 1.0000000e+00 3.9860780e-05 1.6353340e-05
     49    129 2.0000000e+00 0.0000000e+00 0.0000000e+00
     49    130 0.0000000e+00 4.5411180e-05 1.9556570e-05
     49    130 1.0000000e+00 5.7640590e-05 2.4720630e-05
     49    130 2.0000000e+00 0.0000000e+00 0.0000000e+00
     49    131 0.0000000e+00 9.7816210e-06 3.9607210e-06
     49    131 1.0000000e+00 3.5396100e-06 1.4343270e-06
     49    131 2.0000000e+00 0.0000000e+00 0.0000000e+00
     49    132 0.0000000e+00 9.6318120e-07 3.8659420e-07
     49    133 0.0000000e+00 4.9280250e-08 2.4638630e-08
     49    134 0.0000000e+00 7.5207100e-10 3.7602800e-10
     49    135 0.0000000e+00 7.6335700e-12 3.8167800e-12
     49    136 0.0000000e+00 1.2450600e-13 6.2253100e-14
     49    137 0.0000000e+00 0.0000000e+00 0.0000000e+00
     49    138 0.0000000e+00 0.0000000e+00 0.0000000e+00
     50    113 0.0000000e+00 0.0000000e+00 0.0000000e+00
     50    113 1.0000000e+00 0.0000000e+00 0.0000000e+00
     50    114 0.0000000e+00 0.0000000e+00 0.0000000e+00
     50    115 0.0000000e+00 2.1000880e-03 3.0013420e-04
     50    116 0.0000000e+00 5.4020200e-13 2.1991000e-13
     50    117 0.0000000e+00 8.7997350e-04 1.5293630e-04
     50    117 1.0000000e+00 1.8038740e-06 3.4017880e-07
     50    118 0.0000000e+00 6.8003390e-04 1.1458800e-04
     50    119 0.0000000e+00 5.9997640e-04 1.0850740e-04
     50    119 1.0000000e+00 1.9635390e-05 4.5634590e-06
     50    120 0.0000000e+00 5.7002750e-04 1.2302490e-04
     50    121 0.0000000e+00 5.7419410e-04 9.4274130e-05
     50    121 1.0000000e+00 6.9420190e-05 1.3948380e-05
     50    122 0.0000000e+00 6.4611460e-04 1.1496380e-04
     50    123 0.0000000e+00 3.7712060e-04 1.1764360e-04
     50    123 1.0000000e+00 4.1459850e-04 9.2444960e-05
     50    124 0.0000000e+00 1.0920260e-03 2.1167060e-04
     50    125 0.0000000e+00 1.4302150e-03 1.9383430e-04
     50    125 1.0000000e+00 6.2772350e-04 8.4088200e-05
     50    126 0.0000000e+00 2.8038750e-03 5.7740400e-04
     50    127 0.0000000e+00 3.2646280e-03 6.3189010e-04
     50    127 1.0000000e+00 1.0128390e-03 2.0019820e-04
     50    128 0.0000000e+00 5.9755870e-03 7.6968920e-04
     50    128 1.0000000e+00 2.6229670e-03 4.9505510e-04
     50    129 0.0000000e+00 3.8798180e-03 1.0229120e-03
     50    129 1.0000000e+00 2.7543760e-03 8.1649040e-04
     50    130 0.0000000e+00 2.3017930e-03 8.6573170e-04
     50    130 1.0000000e+00 1.9348660e-03 7.1525280e-04
     50    131 0.0000000e+00 7.0592380e-04 2.8234620e-04
     50    131 1.0000000e+00 8.4230050e-04 3.3145950e-04
     50    132 0.0000000e+00 4.1703340e-04 1.6693820e-04
     50    133 0.0000000e+00 5.6690110e-05 2.2766620e-05
     50    134 0.0000000e+00 3.4048210e-06 1.4270760e-06
     50    135 0.0000000e+00 1.0718860e-07 4.3301230e-08
     50    136 0.0000000e+00 5.2357430e-09 2.6178090e-09
     50    137 0.0000000e+00 9.7489600e-11 4.8744800e-11
     50    138 0.0000000e+00 1.3381100e-12 6.6905300e-13
     50    139 0.0000000e+00 0.0000000e+00 0.0000000e+00
     50    140 0.0000000e+00 0.0000000e+00 0.0000000e+00
     51    116 0.0000000e+00 0.0000000e+00 0.0000000e+00
     51    116 1.0000000e+00 0.0000000e+00 0.0000000e+00
     51    117 0.0000000e+00 0.0000000e+00 0.0000000e+00
     51    118 0.0000000e+00 0.0000000e+00 0.0000000e+00
     51    118 1.0000000e+00 0.0000000e+00 0.0000000e+00
     51    119 0.0000000e+00 2.8077500e-11 1.7824800e-11
     51    120 0.0000000e+00 1.2849510e-09 1.5910060e-09
     51    120 1.0000000e+00 2.1507410e-09 2.6630800e-09
     51    121 0.0000000e+00 5.9000270e-04 9.6364900e-05
     51    122 0.0000000e+00 1.2387450e-05 3.6360510e-06
     51    122 1.0000000e+00 3.8575590e-06 1.5551020e-06
     51    122 2.0000000e+00 0.0000000e+00 0.0000000e+00
     51    123 0.0000000e+00 7.9378010e-04 1.3864570e-04
     51    124 0.0000000e+00 6.6564510e-06 1.8726530e-06
     51    124 1.0000000e+00 5.8699520e-06 2.1950700e-06
     51    124 2.0000000e+00 0.0000000e+00 0.0000000e+00
     51    125 0.0000000e+00 2.1120980e-03 1.8926630e-04
     51    126 0.0000000e+00 1.2957570e-03 2.7382500e-04
     51    126 1.0000000e+00 1.9551270e-03 3.9025790e-04
     51    126 2.0000000e+00 1.8767130e-03 3.8949540e-04
     51    127 0.0000000e+00 4.9718010e-03 6.6146940e-04
     51    128 0.0000000e+00 1.7260820e-03 4.0464200e-04
     51    128 1.0000000e+00 6.7720940e-03 7.9101930e-04
     51    129 0.0000000e+00 1.0994890e-02 1.3629480e-03
     51    129 1.0000000e+00 1.5868320e-03 2.4897630e-04
     51    130 0.0000000e+00 8.3150690e-03 1.5992520e-03
     51    130 1.0000000e+00 7.2987190e-03 1.3703570e-03
     51    131 0.0000000e+00 1.5053680e-02 2.6763820e-03
     51    132 0.0000000e+00 6.2353080e-03 1.8948400e-03
     51    132 1.0000000e+00 3.1993610e-03 1.0701780e-03
     51    133 0.0000000e+00 4.3824430e-03 1.6344240e-03
     51    134 0.0000000e+00 2.8624860e-04 1.1862190e-04
     51    134 1.0000000e+00 5.1513500e-04 2.1556580e-04
     51    135 0.0000000e+00 9.3770550e-05 3.7854110e-05
     51    136 0.0000000e+00 1.0966890e-05 4.5172890e-06
     51    137 0.0000000e+00 6.5596810e-07 2.3337190e-07
     51    138 0.0000000e+00 2.4013410e-08 1.2006030e-08
     51    139 0.0000000e+00 6.5511400e-10 3.2755700e-10
     51    140 0.0000000e+00 8.8666700e-12 4.4333300e-12
     51    141 0.0000000e+00 0.0000000e+00 0.0000000e+00
     51    142 0.0000000e+00 0.0000000e+00 0.0000000e+00
     51    143 0.0000000e+00 0.0000000e+00 0.0000000e+00
     52    119 0.0000000e+00 0.0000000e+00 0.0000000e+00
     52    119 1.0000000e+00 0.0000000e+00 0.0000000e+00
     52    120 0.0000000e+00 4.0288300e-13 2.0144200e-13
     52    121 0.0000000e+00 1.3381000e-10 4.3546600e-11
     52    121 1.0000000e+00 1.1633400e-10 4.7079500e-11
     52    122 0.0000000e+00 1.2121850e-05 3.5484630e-06
     52    123 0.0000000e+00 6.3340800e-12 2.5911000e-12
     52    123 1.0000000e+00 5.0102600e-12 2.5051300e-12
     52    124 0.0000000e+00 8.1240190e-06 2.4234810e-06
     52    125 0.0000000e+00 2.1121000e-03 1.9013840e-04
     52    125 1.0000000e+00 4.8775290e-04 4.4638590e-05
     52    126 0.0000000e+00 2.9771850e-03 6.1099950e-04
     52    127 0.0000000e+00 4.9559300e-03 6.6120650e-04
     52    127 1.0000000e+00 6.7032550e-04 9.2649380e-05
     52    128 0.0000000e+00 8.2576180e-03 8.5955020e-04
     52    129 0.0000000e+00 1.1628440e-02 1.3395430e-03
     52    129 1.0000000e+00 3.5568070e-03 3.6084280e-04
     52    130 0.0000000e+00 1.9877170e-02 2.2239360e-03
     52    131 0.0000000e+00 2.0091850e-02 2.5177060e-03
     52    131 1.0000000e+00 1.0171240e-02 1.8749930e-03
     52    132 0.0000000e+00 3.3130960e-02 3.2556740e-03
     52    133 0.0000000e+00 1.3996820e-02 1.9644350e-03
     52    133 1.0000000e+00 1.9818220e-02 3.3742320e-03
     52    134 0.0000000e+00 1.9438230e-02 4.3586650e-03
     52    135 0.0000000e+00 6.2109120e-03 2.3371190e-03
     52    136 0.0000000e+00 2.0519280e-03 8.3603350e-04
     52    137 0.0000000e+00 3.1390950e-04 1.1147620e-04
     52    138 0.0000000e+00 3.6788650e-05 1.5076720e-05
     52    139 0.0000000e+00 2.5754420e-06 1.0238780e-06
     52    140 0.0000000e+00 1.1605520e-07 4.5850350e-08
     52    141 0.0000000e+00 2.6010880e-09 1.3005440e-09
     52    142 0.0000000e+00 8.0873100e-11 4.0436500e-11
     52    143 0.0000000e+00 1.2022100e-12 6.0110700e-13
     52    144 0.0000000e+00 0.0000000e+00 0.0000000e+00
     52    145 0.0000000e+00 0.0000000e+00 0.0000000e+00
     53    122 0.0000000e+00 6.8782700e-12 3.4391400e-12
     53    123 0.0000000e+00 0.0000000e+00 0.0000000e+00
     53    124 0.0000000e+00 0.0000000e+00 0.0000000e+00
     53    125 0.0000000e+00 0.0000000e+00 0.0000000e+00
     53    126 0.0000000e+00 0.0000000e+00 0.0000000e+00
     53    127 0.0000000e+00 4.9720180e-03 6.6342110e-04
     53    128 0.0000000e+00 1.9529800e-12 7.7747500e-13
     53    129 0.0000000e+00 1.2927020e-02 1.4655170e-03
     53    130 0.0000000e+00 1.2517930e-04 4.7616320e-05
     53    130 1.0000000e+00 1.7013450e-05 7.2457930e-06
     53    131 0.0000000e+00 2.8876230e-02 2.9222180e-03
     53    132 0.0000000e+00 3.8335620e-02 3.3447740e-03
     53    132 1.0000000e+00 2.5543000e-03 9.0352880e-04
     53    133 0.0000000e+00 4.7639200e-02 4.4101960e-03
     53    133 1.0000000e+00 6.1165130e-03 1.0905190e-03
     53    134 0.0000000e+00 5.0431190e-02 4.6341500e-03
     53    134 1.0000000e+00 1.3722870e-02 2.7052270e-03
     53    135 0.0000000e+00 4.2731180e-02 5.4241390e-03
     53    136 0.0000000e+00 2.3726190e-02 5.8901710e-03
     53    136 1.0000000e+00 4.1745430e-03 1.3113510e-03
     53    137 0.0000000e+00 1.1799090e-02 3.4045740e-03
     53    138 0.0000000e+00 3.3980980e-03 1.3531630e-03
     53    139 0.0000000e+00 7.2705570e-04 2.8688330e-04
     53    140 0.0000000e+00 8.7648290e-05 3.4573020e-05
     53    141 0.0000000e+00 6.5741010e-06 2.3329920e-06
     53    142 0.0000000e+00 4.8124360e-07 1.8850070e-07
     53    143 0.0000000e+00 2.2042920e-08 1.1020950e-08
     53    144 0.0000000e+00 3.8839200e-10 1.9419600e-10
     53    145 0.0000000e+00 4.1802400e-12 2.0901200e-12
     53    146 0.0000000e+00 0.0000000e+00 0.0000000e+00
     53    147 0.0000000e+00 0.0000000e+00 0.0000000e+00
     53    148 0.0000000e+00 0.0000000e+00 0.0000000e+00
     54    125 0.0000000e+00 0.0000000e+00 0.0000000e+00
     54    125 1.0000000e+00 0.0000000e+00 0.0000000e+00
     54    126 0.0000000e+00 0.0000000e+00 0.0000000e+00
     54    127 0.0000000e+00 0.0000000e+00 0.0000000e+00
     54    127 1.0000000e+00 0.0000000e+00 0.0000000e+00
     54    128 0.0000000e+00 1.8182200e-12 7.2399800e-13
     54    129 0.0000000e+00 1.2927030e-02 1.4655170e-03
     54    129 1.0000000e+00 2.7698160e-09 1.1316620e-09
     54    130 0.0000000e+00 1.2828380e-04 4.7782250e-05
     54    131 0.0000000e+00 2.8887140e-02 2.9230950e-03
     54    131 1.0000000e+00 3.2529790e-04 3.4881590e-05
     54    132 0.0000000e+00 3.8848330e-02 3.3662950e-03
     54    132 1.0000000e+00 3.5974840e-05 1.4358830e-05
     54    133 0.0000000e+00 4.8803700e-02 4.4157290e-03
     54    133 1.0000000e+00 2.2641330e-03 3.6453450e-04
     54    134 0.0000000e+00 5.7849310e-02 4.6075090e-03
     54    134 1.0000000e+00 3.7320900e-03 1.2356340e-03
     54    135 0.0000000e+00 6.3471730e-02 5.8734030e-03
     54    135 1.0000000e+00 2.1802850e-02 3.6266630e-03
     54    136 0.0000000e+00 7.0314960e-02 6.7235210e-03
     54    137 0.0000000e+00 5.1390090e-02 4.6996650e-03
     54    138 0.0000000e+00 3.6036880e-02 5.7927530e-03
     54    139 0.0000000e+00 1.6840840e-02 4.9575480e-03
     54    140 0.0000000e+00 5.9874320e-03 2.1685630e-03
     54    141 0.0000000e+00 1.1707740e-03 4.0815550e-04
     54    142 0.0000000e+00 2.4472730e-04 9.5551280e-05
     54    143 0.0000000e+00 2.7986690e-05 1.0700790e-05
     54    144 0.0000000e+00 1.7169970e-06 5.9864720e-07
     54    145 0.0000000e+00 5.4517390e-08 2.0278900e-08
     54    146 0.0000000e+00 1.6923860e-09 8.4619300e-10
     54    147 0.0000000e+00 3.2436300e-11 1.6218100e-11
     54    148 0.0000000e+00 3.5219600e-13 1.7609800e-13
     54    149 0.0000000e+00 0.0000000e+00 0.0000000e+00
     54    150 0.0000000e+00 0.0000000e+00 0.0000000e+00
     55    128 0.0000000e+00 0.0000000e+00 0.0000000e+00
     55    129 0.0000000e+00 1.6430300e-13 8.2151400e-14
     55    130 0.0000000e+00 0.0000000e+00 0.0000000e+00
     55    130 1.0000000e+00 0.0000000e+00 0.0000000e+00
     55    131 0.0000000e+00 7.1545450e-09 3.5771080e-09
     55    132 0.0000000e+00 2.7786940e-07 1.1153590e-07
     55    133 0.0000000e+00 4.8810460e-02 4.4157300e-03
     55    134 0.0000000e+00 1.2335570e-04 3.6578390e-05
     55    134 1.0000000e+00 5.7887120e-05 2.4229430e-05
     55    135 0.0000000e+00 6.4758050e-02 5.8829330e-03
     55    135 1.0000000e+00 3.3504400e-04 1.3375540e-04
     55    136 0.0000000e+00 5.1824680e-03 1.4974540e-03
     55    136 1.0000000e+00 1.7143090e-03 6.6731420e-04
     55    137 0.0000000e+00 6.6889400e-02 4.3616410e-03
     55    138 0.0000000e+00 6.0403830e-02 5.4212050e-03
     55    138 1.0000000e+00 1.7266150e-02 3.9654310e-03
     55    139 0.0000000e+00 5.2768200e-02 6.3545330e-03
     55    140 0.0000000e+00 3.5746450e-02 6.1842430e-03
     55    141 0.0000000e+00 1.8318890e-02 3.5256790e-03
     55    142 0.0000000e+00 7.8865230e-03 2.6097010e-03
     55    143 0.0000000e+00 2.5479420e-03 9.3553740e-04
     55    144 0.0000000e+00 4.3240440e-04 1.4927830e-04
     55    145 0.0000000e+00 4.8771140e-05 1.8108770e-05
     55    146 0.0000000e+00 3.9741430e-06 1.4923730e-06
     55    147 0.0000000e+00 2.3619780e-07 8.7673330e-08
     55    148 0.0000000e+00 7.1330210e-09 3.5663540e-09
     55    149 0.0000000e+00 1.4287000e-10 7.1434800e-11
     55    150 0.0000000e+00 1.3982500e-12 6.9912500e-13
     55    151 0.0000000e+00 0.0000000e+00 0.0000000e+00
     55    152 0.0000000e+00 0.0000000e+00 0.0000000e+00
     56    131 0.0000000e+00 3.2781400e-13 1.6390700e-13
     56    131 1.0000000e+00 0.0000000e+00 0.0000000e+00
     56    132 0.0000000e+00 5.2399940e-09 2.1007750e-09
     56    133 0.0000000e+00 1.5139470e-09 6.9363900e-10
     56    133 1.0000000e+00 2.7619270e-09 1.3809630e-09
     56    134 0.0000000e+00 1.2356140e-04 3.6578380e-05
     56    135 0.0000000e+00 6.4764110e-02 5.8829330e-03
     56    135 1.0000000e+00 4.6734330e-06 1.8879750e-06
     56    136 0.0000000e+00 5.2545840e-03 1.4982820e-03
     56    136 1.0000000e+00 8.4450420e-04 2.3487510e-04
     56    137 0.0000000e+00 6.7408070e-02 4.3608980e-03
     56    137 1.0000000e+00 6.3665040e-02 4.1299880e-03
     56    138 0.0000000e+00 6.6715240e-02 5.5976510e-03
     56    139 0.0000000e+00 6.1495880e-02 6.3580020e-03
     56    140 0.0000000e+00 5.5666270e-02 6.3473760e-03
     56    141 0.0000000e+00 4.4211050e-02 4.2280970e-03
     56    142 0.0000000e+00 3.6159900e-02 4.0246640e-03
     56    143 0.0000000e+00 2.2419690e-02 3.8176270e-03
     56    144 0.0000000e+00 1.0854560e-02 2.3148390e-03
     56    145 0.0000000e+00 3.1747070e-03 1.0802750e-03
     56    146 0.0000000e+00 7.7795240e-04 2.8523500e-04
     56    147 0.0000000e+00 1.1837610e-04 4.3719700e-05
     56    148 0.0000000e+00 1.1877230e-05 4.4167300e-06
     56    149 0.0000000e+00 6.4975820e-07 2.3806330e-07
     56    150 0.0000000e+00 2.2117560e-08 8.1110670e-09
     56    151 0.0000000e+00 3.8227900e-10 1.9113900e-10
     56    152 0.0000000e+00 7.6416400e-12 3.8208200e-12
     56    153 0.0000000e+00 0.0000000e+00 0.0000000e+00
     56    154 0.0000000e+00 0.0000000e+00 0.0000000e+00
     57    133 0.0000000e+00 8.5399700e-14 4.2699800e-14
     57    134 0.0000000e+00 0.0000000e+00 0.0000000e+00
     57    135 0.0000000e+00 2.2138850e-09 1.1069140e-09
     57    136 0.0000000e+00 6.2428030e-08 2.2761670e-08
     57    136 1.0000000e+00 3.9079960e-08 1.9539980e-08
     57    137 0.0000000e+00 1.3981060e-06 4.9727330e-07
     57    138 0.0000000e+00 2.0579250e-05 8.4303860e-06
     57    139 0.0000000e+00 6.1695650e-02 6.3579790e-03
     57    140 0.0000000e+00 5.6775910e-02 6.3472700e-03
     57    141 0.0000000e+00 4.8439230e-02 4.2158470e-03
     57    142 0.0000000e+00 4.5491210e-02 4.3670650e-03
     57    143 0.0000000e+00 3.9306250e-02 4.4575350e-03
     57    144 0.0000000e+00 3.1440600e-02 3.0515490e-03
     57    145 0.0000000e+00 2.1497670e-02 3.1156270e-03
     57    146 0.0000000e+00 4.9844080e-03 1.1924770e-03
     57    146 1.0000000e+00 6.1243890e-03 1.6502830e-03
     57    147 0.0000000e+00 4.5489180e-03 1.3480910e-03
     57    148 0.0000000e+00 1.1512230e-03 4.0672590e-04
     57    149 0.0000000e+00 2.0077240e-04 7.2396350e-05
     57    150 0.0000000e+00 1.9705530e-05 7.2057990e-06
     57    151 0.0000000e+00 1.1904870e-06 4.4051450e-07
     57    152 0.0000000e+00 5.8641080e-08 2.2174760e-08
     57    153 0.0000000e+00 2.0997970e-09 1.0498980e-09
     57    154 0.0000000e+00 2.4297600e-11 1.2148800e-11
     57    155 0.0000000e+00 1.9523500e-13 9.7617300e-14
     57    156 0.0000000e+00 0.0000000e+00 0.0000000e+00
     57    157 0.0000000e+00 0.0000000e+00 0.0000000e+00
     58    135 0.0000000e+00 5.5526700e-14 2.7763300e-14
     58    135 1.0000000e+00 0.0000000e+00 0.0000000e+00
     58    136 0.0000000e+00 0.0000000e+00 0.0000000e+00
     58    137 0.0000000e+00 2.7202500e-10 1.3601300e-10
     58    137 1.0000000e+00 0.0000000e+00 0.0000000e+00
     58    138 0.0000000e+00 7.1127180e-06 2.9096540e-06
     58    138 1.0000000e+00 1.1849740e-08 5.9248700e-09
     58    139 0.0000000e+00 3.1473530e-07 9.7899460e-08
     58    139 1.0000000e+00 2.3193390e-07 9.2204470e-08
     58    140 0.0000000e+00 9.3777510e-02 6.1357990e-03
     58    141 0.0000000e+00 4.8501760e-02 4.2158410e-03
     58    142 0.0000000e+00 4.5860160e-02 4.3674070e-03
     58    143 0.0000000e+00 4.0803230e-02 4.4610840e-03
     58    144 0.0000000e+00 3.6875110e-02 2.9756390e-03
     58    145 0.0000000e+00 3.3103400e-02 3.4445760e-03
     58    146 0.0000000e+00 2.8298470e-02 2.8258120e-03
     58    147 0.0000000e+00 2.0438050e-02 2.3489330e-03
     58    148 0.0000000e+00 1.2623190e-02 1.8241130e-03
     58    149 0.0000000e+00 5.0851870e-03 1.2544070e-03
     58    150 0.0000000e+00 1.5472090e-03 4.8687720e-04
     58    151 0.0000000e+00 3.1411010e-05 1.0823210e-05
     58    151 1.0000000e+00 2.2290890e-04 1.1138050e-04
     58    152 0.0000000e+00 3.7574540e-05 1.4087250e-05
     58    153 0.0000000e+00 3.3896780e-06 1.2736560e-06
     58    154 0.0000000e+00 1.4270490e-07 5.5020270e-08
     58    155 0.0000000e+00 3.2980890e-09 1.2811360e-09
     58    156 0.0000000e+00 8.4451500e-11 4.2225700e-11
     58    157 0.0000000e+00 1.5504100e-12 7.7520300e-13
     58    158 0.0000000e+00 0.0000000e+00 0.0000000e+00
     58    159 0.0000000e+00 0.0000000e+00 0.0000000e+00
     58    160 0.0000000e+00 0.0000000e+00 0.0000000e+00
     59    138 0.0000000e+00 0.0000000e+00 0.0000000e+00
     59    138 1.0000000e+00 0.0000000e+00 0.0000000e+00
     59    139 0.0000000e+00 3.5250400e-11 1.7625200e-11
     59    140 0.0000000e+00 1.8976750e-09 9.4883800e-10
     59    141 0.0000000e+00 4.8501830e-02 4.2158410e-03
     59    142 0.0000000e+00 9.5593950e-07 2.9191030e-07
     59    142 1.0000000e+00 6.9974740e-07 2.7411610e-07
     59    143 0.0000000e+00 4.0814650e-02 4.4610840e-03
     59    144 0.0000000e+00 3.6985290e-02 2.9756710e-03
     59    144 1.0000000e+00 4.4357970e-04 4.2668490e-05
     59    145 0.0000000e+00 3.3857660e-02 3.4452780e-03
     59    146 0.0000000e+00 3.0839310e-02 2.8635450e-03
     59    147 0.0000000e+00 2.6654320e-02 2.4794790e-03
     59    148 0.0000000e+00 2.2059570e-02 2.4867300e-03
     59    148 1.0000000e+00 1.0800060e-03 3.0356710e-04
     59    149 0.0000000e+00 1.6746510e-02 2.3080270e-03
     59    150 0.0000000e+00 1.0317440e-02 1.8397540e-03
     59    151 0.0000000e+00 4.6716620e-03 1.0322070e-03
     59    152 0.0000000e+00 1.5147790e-03 4.7792420e-04
     59    153 0.0000000e+00 3.8830550e-04 1.3687890e-04
     59    154 0.0000000e+00 4.6888050e-05 1.7826370e-05
     59    155 0.0000000e+00 3.7930930e-06 1.4671950e-06
     59    156 0.0000000e+00 2.4399150e-07 9.5906930e-08
     59    157 0.0000000e+00 1.3076210e-08 5.3576450e-09
     59    158 0.0000000e+00 3.0799100e-10 1.5399500e-10
     59    159 0.0000000e+00 6.4364500e-12 3.2182200e-12
     59    160 0.0000000e+00 5.7425200e-14 2.8712600e-14
     59    161 0.0000000e+00 0.0000000e+00 0.0000000e+00
     59    162 0.0000000e+00 0.0000000e+00 0.0000000e+00
     60    141 0.0000000e+00 4.9143100e-12 2.4571500e-12
     60    141 1.0000000e+00 0.0000000e+00 0.0000000e+00
     60    142 0.0000000e+00 9.7082340e-07 2.9195510e-07
     60    143 0.0000000e+00 8.1632790e-02 4.3921390e-03
     60    144 0.0000000e+00 3.6995270e-02 2.9756910e-03
     60    145 0.0000000e+00 3.3861790e-02 3.4452780e-03
     60    146 0.0000000e+00 3.0880960e-02 2.8635540e-03
     60    147 0.0000000e+00 2.6894380e-02 2.4794690e-03
     60    148 0.0000000e+00 2.3898210e-02 2.5043070e-03
     60    149 0.0000000e+00 1.9811360e-02 2.3912460e-03
     60    150 0.0000000e+00 1.6869590e-02 2.1474370e-03
     60    151 0.0000000e+00 1.2416990e-02 1.4995270e-03
     60    152 0.0000000e+00 8.1531860e-03 1.0482970e-03
     60    153 0.0000000e+00 4.1436340e-03 7.5508830e-04
     60    154 0.0000000e+00 1.5115330e-03 4.0344890e-04
     60    155 0.0000000e+00 3.1693770e-04 1.0904800e-04
     60    156 0.0000000e+00 5.9109860e-05 2.2323440e-05
     60    157 0.0000000e+00 7.5314870e-06 3.0613800e-06
     60    158 0.0000000e+00 5.6711630e-07 2.3707650e-07
     60    159 0.0000000e+00 2.9762200e-08 1.3150760e-08
     60    160 0.0000000e+00 8.7558700e-10 4.0659500e-10
     60    161 0.0000000e+00 9.4546900e-12 4.7273400e-12
     60    162 0.0000000e+00 1.7289400e-13 8.6446800e-14
     60    163 0.0000000e+00 0.0000000e+00 0.0000000e+00
     60    164 0.0000000e+00 0.0000000e+00 0.0000000e+00
     61    144 0.0000000e+00 2.3865400e-11 1.1932700e-11
     61    145 0.0000000e+00 1.6406600e-09 8.2033000e-10
     61    146 0.0000000e+00 4.2728880e-08 2.1364440e-08
     61    147 0.0000000e+00 4.0818140e-02 2.3981990e-03
     61    148 0.0000000e+00 2.7837930e-06 9.3653050e-07
     61    148 1.0000000e+00 6.8210090e-06 2.5389540e-06
     61    149 0.0000000e+00 1.9887550e-02 2.3913030e-03
     61    150 0.0000000e+00 4.1919000e-04 1.5245800e-04
     61    151 0.0000000e+00 1.3897090e-02 1.5136640e-03
     61    152 0.0000000e+00 9.1688870e-03 1.0839840e-03
     61    152 1.0000000e+00 1.6411850e-03 5.4610060e-04
     61    152 2.0000000e+00 0.0000000e+00 0.0000000e+00
     61    153 0.0000000e+00 8.0107120e-03 1.1838520e-03
     61    154 0.0000000e+00 2.3734630e-03 4.5854120e-04
     61    154 1.0000000e+00 2.7722970e-03 6.8937050e-04
     61    155 0.0000000e+00 2.6239300e-03 5.4833930e-04
     61    156 0.0000000e+00 1.0218760e-03 2.8993360e-04
     61    157 0.0000000e+00 3.3534360e-04 1.1794220e-04
     61    158 0.0000000e+00 6.1654670e-05 2.4542890e-05
     61    159 0.0000000e+00 9.4677300e-06 4.1249580e-06
     61    160 0.0000000e+00 7.5603150e-07 3.4981350e-07
     61    161 0.0000000e+00 3.3663230e-08 1.6124320e-08
     61    162 0.0000000e+00 1.4988230e-09 8.6102500e-10
     61    163 0.0000000e+00 5.0360200e-11 2.5180100e-11
     61    164 0.0000000e+00 6.5141400e-13 3.2570700e-13
     61    165 0.0000000e+00 0.0000000e+00 0.0000000e+00
     61    166 0.0000000e+00 0.0000000e+00 0.0000000e+00
     62    146 0.0000000e+00 1.4823820e-08 7.3564370e-09
     62    147 0.0000000e+00 4.0818140e-02 2.3981990e-03
     62    148 0.0000000e+00 9.4501760e-06 2.7051720e-06
     62    149 0.0000000e+00 1.9887700e-02 2.3913030e-03
     62    150 0.0000000e+00 4.2193170e-04 1.5246130e-04
     62    151 0.0000000e+00 1.3922970e-02 1.5136680e-03
     62    152 0.0000000e+00 1.0939330e-02 1.1650580e-03
     62    153 0.0000000e+00 8.4299040e-03 1.1867690e-03
     62    153 1.0000000e+00 2.4410770e-04 8.8940580e-05
     62    154 0.0000000e+00 6.3479440e-03 8.6454970e-04
     62    155 0.0000000e+00 4.4176500e-03 6.9171850e-04
     62    156 0.0000000e+00 2.9294930e-03 4.6853760e-04
     62    157 0.0000000e+00 1.6700810e-03 3.1988710e-04
     62    158 0.0000000e+00 7.4595130e-04 1.6742840e-04
     62    159 0.0000000e+00 2.4752470e-04 8.2392900e-05
     62    160 0.0000000e+00 5.8349320e-05 2.4001630e-05
     62    161 0.0000000e+00 7.6683070e-06 3.5569030e-06
     62    162 0.0000000e+00 9.7331690e-07 5.5277190e-07
     62    163 0.0000000e+00 7.9244560e-08 4.8609120e-08
     62    164 0.0000000e+00 3.4109010e-09 2.7418030e-09
     62    165 0.0000000e+00 6.7725400e-11 5.0961000e-11
     62    166 0.0000000e+00 1.6491200e-12 8.2456100e-13
     62    167 0.0000000e+00 2.1745900e-14 1.0872900e-14
     62    168 0.0000000e+00 0.0000000e+00 0.0000000e+00
     63    149 0.0000000e+00 2.0562900e-11 1.0281500e-11
     63    150 0.0000000e+00 8.9383200e-10 4.4691600e-10
     63    150 1.0000000e+00 1.8437300e-10 9.2186300e-11
     63    151 0.0000000e+00 1.3923000e-02 1.5136680e-03
     63    152 0.0000000e+00 3.9817230e-07 1.0655820e-07
     63    152 1.0000000e+00 1.8781670e-08 7.1033890e-09
     63    152 2.0000000e+00 2.0659910e-07 7.8135550e-08
     63    153 0.0000000e+00 8.4338900e-03 1.1867700e-03
     63    154 0.0000000e+00 3.1383620e-05 8.6648820e-06
     63    154 1.0000000e+00 1.8311090e-05 7.0521470e-06
     63    155 0.0000000e+00 4.5632140e-03 6.9293530e-04
     63    156 0.0000000e+00 3.2676690e-03 4.7869860e-04
     63    157 0.0000000e+00 2.2564230e-03 3.5789510e-04
     63    158 0.0000000e+00 1.4064160e-03 2.4683580e-04
     63    159 0.0000000e+00 8.3213230e-04 1.7267480e-04
     63    160 0.0000000e+00 3.8538480e-04 1.0358480e-04
     63    161 0.0000000e+00 1.3888960e-04 4.8396660e-05
     63    162 0.0000000e+00 3.8008300e-05 1.9168630e-05
     63    163 0.0000000e+00 8.2865740e-06 4.8672370e-06
     63    164 0.0000000e+00 9.4677610e-07 7.5405550e-07
     63    165 0.0000000e+00 6.6228010e-08 4.9779970e-08
     63    166 0.0000000e+00 3.9436860e-09 2.8103450e-09
     63    167 0.0000000e+00 1.6148700e-10 1.3694000e-10
     63    168 0.0000000e+00 1.1452300e-11 5.7261700e-12
     63    169 0.0000000e+00 1.1859500e-13 5.9297700e-14
     63    170 0.0000000e+00 0.0000000e+00 0.0000000e+00
     64    151 0.0000000e+00 3.2922600e-12 1.6461300e-12
     64    152 0.0000000e+00 1.2499810e-07 3.0207100e-08
     64    153 0.0000000e+00 2.8010430e-09 1.4005210e-09
     64    154 0.0000000e+00 3.1456140e-05 8.6633750e-06
     64    155 0.0000000e+00 4.5642200e-03 6.9293530e-04
     64    155 1.0000000e+00 9.2493730e-07 3.5932490e-07
     64    156 0.0000000e+00 3.2743300e-03 4.7870270e-04
     64    157 0.0000000e+00 2.6690900e-03 3.6556370e-04
     64    158 0.0000000e+00 1.4883790e-03 2.4789320e-04
     64    159 0.0000000e+00 9.8828480e-04 1.7759030e-04
     64    160 0.0000000e+00 6.2397600e-04 1.2064450e-04
     64    161 0.0000000e+00 3.5171840e-04 7.3774470e-05
     64    162 0.0000000e+00 1.8625000e-04 5.1970230e-05
     64    163 0.0000000e+00 7.7261910e-05 2.9429260e-05
     64    164 0.0000000e+00 2.4328420e-05 1.5890400e-05
     64    165 0.0000000e+00 4.4711150e-06 3.1564300e-06
     64    166 0.0000000e+00 7.4846730e-07 5.2042280e-07
     64    167 0.0000000e+00 7.6130480e-08 6.4418530e-08
     64    168 0.0000000e+00 1.0460410e-08 1.0929100e-08
     64    169 0.0000000e+00 3.3264500e-10 2.9824400e-10
     64    170 0.0000000e+00 9.8059200e-12 4.9029600e-12
     64    171 0.0000000e+00 1.5905100e-13 7.9525300e-14
     64    172 0.0000000e+00 0.0000000e+00 0.0000000e+00
     65    154 0.0000000e+00 0.0000000e+00 0.0000000e+00
     65    154 1.0000000e+00 0.0000000e+00 0.0000000e+00
     65    154 2.0000000e+00 0.0000000e+00 0.0000000e+00
     65    155 0.0000000e+00 5.0677600e-10 2.5338800e-10
     65    156 0.0000000e+00 7.9534150e-09 2.1558900e-09
     65    156 1.0000000e+00 3.1260700e-10 1.2294700e-10
     65    156 2.0000000e+00 4.7705320e-09 1.8762140e-09
     65    157 0.0000000e+00 9.0424410e-08 3.7044300e-08
     65    158 0.0000000e+00 7.2522180e-07 2.3875630e-07
     65    158 1.0000000e+00 2.7739080e-08 1.1623770e-08
     65    158 2.0000000e+00 4.1315720e-07 2.0657860e-07
     65    159 0.0000000e+00 9.9222000e-04 1.7759350e-04
     65    160 0.0000000e+00 1.4721960e-05 6.8261200e-06
     65    161 0.0000000e+00 3.8649410e-04 7.4293610e-05
     65    162 0.0000000e+00 2.3627650e-04 5.2783270e-05
     65    163 0.0000000e+00 1.3430800e-04 3.2448880e-05
     65    164 0.0000000e+00 6.8217410e-05 2.1470570e-05
     65    165 0.0000000e+00 2.9142530e-05 1.1949820e-05
     65    166 0.0000000e+00 9.7659260e-06 5.2809040e-06
     65    167 0.0000000e+00 2.6699200e-06 2.0354290e-06
     65    168 0.0000000e+00 6.0523020e-07 6.1522630e-07
     65    169 0.0000000e+00 6.6667090e-08 5.9455370e-08
     65    170 0.0000000e+00 5.1963640e-09 4.0552480e-09
     65    171 0.0000000e+00 2.7107500e-10 3.0180800e-10
     65    172 0.0000000e+00 1.1846600e-11 5.9233100e-12
     66    157 0.0000000e+00 2.2863200e-11 1.1431600e-11
     66    157 1.0000000e+00 0.0000000e+00 0.0000000e+00
     66    158 0.0000000e+00 1.2096610e-07 3.9790270e-08
     66    159 0.0000000e+00 7.7410060e-09 3.4211730e-09
     66    160 0.0000000e+00 1.4814020e-05 6.8262540e-06
     66    161 0.0000000e+00 3.8697000e-04 7.4293700e-05
     66    162 0.0000000e+00 2.3813000e-04 5.2783700e-05
     66    163 0.0000000e+00 1.3891000e-04 3.2441260e-05
     66    164 0.0000000e+00 7.8423910e-05 2.0936480e-05
     66    165 0.0000000e+00 4.2910720e-05 1.1341780e-05
     66    165 1.0000000e+00 1.0571050e-06 7.4721300e-07
     66    166 0.0000000e+00 2.2352360e-05 6.0704840e-06
     66    167 0.0000000e+00 1.0479510e-05 3.7183540e-06
     66    168 0.0000000e+00 4.3130230e-06 2.1428810e-06
     66    169 0.0000000e+00 1.1646810e-06 8.2122750e-07
     66    170 0.0000000e+00 2.5810180e-07 1.7675250e-07
     66    171 0.0000000e+00 3.3882780e-08 3.7362420e-08
     66    172 0.0000000e+00 4.1198790e-09 4.5505980e-09
     67    160 0.0000000e+00 2.8018800e-11 1.0216200e-11
     67    160 1.0000000e+00 6.4446800e-12 3.2223400e-12
     67    160 2.0000000e+00 1.0476900e-11 5.2384600e-12
     67    161 0.0000000e+00 4.5238800e-10 1.9289000e-10
     67    161 1.0000000e+00 5.3381800e-11 2.5577200e-11
     67    162 0.0000000e+00 2.9917140e-09 1.2550730e-09
     67    162 1.0000000e+00 3.0338250e-09 1.7430820e-09
     67    163 0.0000000e+00 2.8806910e-08 1.5727660e-08
     67    163 1.0000000e+00 3.3977860e-09 2.0855820e-09
     67    164 0.0000000e+00 1.6462900e-07 1.0316200e-07
     67    164 1.0000000e+00 1.2050850e-07 9.6873910e-08
     67    165 0.0000000e+00 4.3660000e-05 1.1338070e-05
     67    166 0.0000000e+00 2.2666780e-05 6.0694430e-06
     67    166 1.0000000e+00 1.1270390e-06 7.9625710e-07
     67    167 0.0000000e+00 1.2836620e-05 3.5119070e-06
     67    168 0.0000000e+00 6.3185070e-06 1.8368740e-06
     67    168 1.0000000e+00 4.7201060e-07 4.8620710e-07
     67    169 0.0000000e+00 2.9542100e-06 9.2755400e-07
     67    170 0.0000000e+00 1.0291270e-06 4.6771880e-07
     67    170 1.0000000e+00 1.9085970e-07 9.9321330e-08
     67    171 0.0000000e+00 3.9120710e-07 3.0641430e-07
     67    172 0.0000000e+00 9.8869760e-08 9.6190250e-08
     68    163 0.0000000e+00 1.2112900e-11 6.0564400e-12
     68    164 0.0000000e+00 6.6079840e-08 4.1761110e-08
     68    165 0.0000000e+00 2.8709450e-09 2.1602360e-09
     68    166 0.0000000e+00 2.3810000e-05 6.0558210e-06
     68    167 0.0000000e+00 1.2900000e-05 3.5398240e-06
     68    167 1.0000000e+00 1.7487410e-06 5.2614140e-07
     68    168 0.0000000e+00 6.4500010e-06 1.8339370e-06
     68    169 0.0000000e+00 3.2651240e-06 9.0744820e-07
     68    170 0.0000000e+00 1.6819650e-06 4.4676190e-07
     68    171 0.0000000e+00 7.7969330e-07 2.4244290e-07
     68    172 0.0000000e+00 3.5497040e-07 1.3289020e-07
     69    166 0.0000000e+00 1.0330100e-11 4.6184800e-12
     69    166 1.0000000e+00 9.0567700e-12 4.5283900e-12
     69    167 0.0000000e+00 1.2250900e-10 1.0389900e-10
     69    168 0.0000000e+00 5.8754100e-10 6.1454300e-10
     69    169 0.0000000e+00 3.2700000e-06 9.0744290e-07
     69    170 0.0000000e+00 1.7990960e-08 1.4049580e-08
     69    171 0.0000000e+00 8.2357140e-07 2.3928320e-07
     69    172 0.0000000e+00 4.1539590e-07 1.2196750e-07
     70    168 0.0000000e+00 2.8824900e-13 1.3651000e-13
     70    169 0.0000000e+00 5.7874100e-12 4.5909400e-12
     70    169 1.0000000e+00 6.8291300e-13 3.4145700e-13
     70    170 0.0000000e+00 1.8035460e-08 1.4031280e-08
     70    171 0.0000000e+00 8.2399970e-07 2.3928290e-07
     70    171 1.0000000e+00 4.2209900e-10 4.7022000e-10
     70    172 0.0000000e+00 4.1700000e-07 1.2195890e-07
     71    172 0.0000000e+00 2.7496600e-12 9.7215000e-13
     71    172 1.0000000e+00 1.3748300e-12 6.8741400e-13


