#            E  2.530000e-02  neutron energy
#    Z      A   Level         FPY           delta-FPY   
      1      1 0.0000000e+00 3.8177200e-05 1.3536160e-05
      1      2 0.0000000e+00 1.1667300e-05 4.0522160e-06
      1      3 0.0000000e+00 1.6645600e-04 5.2232360e-05
      2      3 0.0000000e+00 0.0000000e+00 0.0000000e+00
      2      4 0.0000000e+00 2.5603000e-03 8.1045280e-04
      2      6 0.0000000e+00 3.5753500e-05 1.7876750e-05
      2      8 0.0000000e+00 6.6838300e-07 3.3419150e-07
      3      6 0.0000000e+00 1.5861200e-06 7.9306000e-07
      3      7 0.0000000e+00 4.9206500e-08 2.4603250e-08
      3      8 0.0000000e+00 2.9651300e-08 1.4825650e-08
      3      9 0.0000000e+00 3.5020300e-08 1.7510150e-08
      4      7 0.0000000e+00 7.8709600e-07 3.9354800e-07
      4      8 0.0000000e+00 4.7429500e-07 2.3714750e-07
      4      9 0.0000000e+00 5.6017700e-07 2.8008850e-07
      4     10 0.0000000e+00 5.6017700e-07 2.8008850e-07
     23     66 0.0000000e+00 4.3493700e-17 2.1746800e-17
     24     66 0.0000000e+00 4.8557800e-13 5.2793900e-13
     24     67 0.0000000e+00 3.2138000e-14 1.6069000e-14
     24     68 0.0000000e+00 0.0000000e+00 0.0000000e+00
     24     69 0.0000000e+00 6.1052300e-17 3.0526100e-17
     24     70 0.0000000e+00 0.0000000e+00 0.0000000e+00
     25     66 0.0000000e+00 1.5288300e-10 1.6617300e-10
     25     67 0.0000000e+00 4.6078900e-11 4.9979300e-11
     25     68 0.0000000e+00 1.3262500e-11 1.4444000e-11
     25     69 0.0000000e+00 8.8092500e-13 4.4046300e-13
     25     70 0.0000000e+00 4.8026100e-14 2.4013000e-14
     25     71 0.0000000e+00 0.0000000e+00 0.0000000e+00
     25     72 0.0000000e+00 1.2081500e-16 6.0407400e-17
     25     73 0.0000000e+00 0.0000000e+00 0.0000000e+00
     26     66 0.0000000e+00 7.5666110e-09 7.6252420e-09
     26     67 0.0000000e+00 4.5597960e-09 4.9116990e-09
     26     68 0.0000000e+00 3.6943390e-09 4.0176550e-09
     26     69 0.0000000e+00 7.7379700e-10 8.3343000e-10
     26     70 0.0000000e+00 1.5104000e-10 1.2204200e-10
     26     71 0.0000000e+00 2.4924600e-11 2.7027300e-11
     26     72 0.0000000e+00 3.0363500e-12 1.5181800e-12
     26     73 0.0000000e+00 1.2923200e-13 6.4615900e-14
     26     74 0.0000000e+00 7.8813900e-15 3.9406900e-15
     26     75 0.0000000e+00 4.3923500e-16 2.1961700e-16
     26     76 0.0000000e+00 0.0000000e+00 0.0000000e+00
     27     66 0.0000000e+00 1.7614770e-08 1.2226230e-08
     27     67 0.0000000e+00 4.1136300e-08 3.2253580e-08
     27     68 0.0000000e+00 3.3314530e-08 3.4711290e-08
     27     68 1.0000000e+00 2.7258450e-08 2.8622420e-08
     27     69 0.0000000e+00 4.9289030e-08 5.1699970e-08
     27     70 0.0000000e+00 9.6386200e-09 7.7540880e-09
     27     70 1.0000000e+00 1.2476510e-08 1.0036050e-08
     27     71 0.0000000e+00 1.1105870e-08 1.2039140e-08
     27     72 0.0000000e+00 3.1219830e-09 2.2333070e-09
     27     73 0.0000000e+00 4.9184800e-10 3.2939000e-10
     27     74 0.0000000e+00 7.2586600e-11 6.3469600e-11
     27     75 0.0000000e+00 1.2604000e-11 6.3020200e-12
     27     76 0.0000000e+00 4.6504900e-13 2.3252400e-13
     27     77 0.0000000e+00 1.2826900e-14 6.4134600e-15
     27     78 0.0000000e+00 0.0000000e+00 0.0000000e+00
     28     66 0.0000000e+00 8.7184420e-09 8.7095330e-09
     28     67 0.0000000e+00 3.7328620e-08 3.0862540e-08
     28     68 0.0000000e+00 1.2910380e-07 7.0445090e-08
     28     69 0.0000000e+00 2.0924670e-07 1.5569320e-07
     28     69 1.0000000e+00 6.4425910e-08 6.4258930e-08
     28     70 0.0000000e+00 3.8430570e-07 2.3053050e-07
     28     71 0.0000000e+00 3.7490080e-07 3.7968570e-07
     28     72 0.0000000e+00 3.3680110e-07 2.2878770e-07
     28     73 0.0000000e+00 1.2658950e-07 8.4511590e-08
     28     74 0.0000000e+00 6.1483740e-08 5.3752080e-08
     28     75 0.0000000e+00 2.2091620e-08 1.5993790e-08
     28     76 0.0000000e+00 3.1575630e-09 1.9689390e-09
     28     77 0.0000000e+00 2.3490400e-10 1.4298700e-10
     28     78 0.0000000e+00 2.3874600e-11 1.1937300e-11
     28     79 0.0000000e+00 7.4236300e-13 3.7118200e-13
     28     80 0.0000000e+00 1.6620200e-14 8.3101100e-15
     28     81 0.0000000e+00 0.0000000e+00 0.0000000e+00
     28     82 0.0000000e+00 0.0000000e+00 0.0000000e+00
     29     66 0.0000000e+00 1.4643800e-10 1.5920100e-10
     29     67 0.0000000e+00 2.5151860e-09 2.7251370e-09
     29     68 0.0000000e+00 5.4770090e-09 5.9513830e-09
     29     68 1.0000000e+00 1.2840760e-08 1.3906820e-08
     29     69 0.0000000e+00 1.3961850e-07 1.3069580e-07
     29     70 0.0000000e+00 4.9408930e-08 3.7126870e-08
     29     70 1.0000000e+00 3.4142260e-07 2.1693550e-07
     29     70 2.0000000e+00 0.0000000e+00 0.0000000e+00
     29     71 0.0000000e+00 1.0214840e-06 5.8726020e-07
     29     72 0.0000000e+00 1.8364960e-06 9.8024290e-07
     29     73 0.0000000e+00 2.1959650e-06 1.1818880e-06
     29     74 0.0000000e+00 2.2621830e-06 1.9384780e-06
     29     75 0.0000000e+00 2.3235600e-06 1.6629550e-06
     29     76 0.0000000e+00 5.8168040e-07 3.6243080e-07
     29     76 1.0000000e+00 2.5653620e-07 1.5984600e-07
     29     77 0.0000000e+00 2.3148620e-07 1.4089730e-07
     29     78 0.0000000e+00 4.8316790e-08 2.3852420e-08
     29     79 0.0000000e+00 6.0545640e-09 2.8447700e-09
     29     80 0.0000000e+00 3.4179200e-10 1.7089600e-10
     29     81 0.0000000e+00 1.4340600e-11 7.1702900e-12
     29     82 0.0000000e+00 5.2137400e-13 2.6068700e-13
     29     83 0.0000000e+00 0.0000000e+00 0.0000000e+00
     29     84 0.0000000e+00 0.0000000e+00 0.0000000e+00
     30     66 0.0000000e+00 3.9406100e-13 1.9703100e-13
     30     67 0.0000000e+00 1.4046200e-11 1.5235600e-11
     30     68 0.0000000e+00 2.9776000e-10 3.2429000e-10
     30     69 0.0000000e+00 1.2448310e-09 1.3407870e-09
     30     69 1.0000000e+00 5.3766140e-09 5.7899930e-09
     30     70 0.0000000e+00 5.8109640e-08 4.6616650e-08
     30     71 0.0000000e+00 1.3308710e-07 1.4271270e-07
     30     71 1.0000000e+00 1.5225040e-07 1.6293160e-07
     30     72 0.0000000e+00 1.5023570e-06 8.5411450e-07
     30     73 0.0000000e+00 2.8318070e-06 1.3224580e-06
     30     73 1.0000000e+00 8.9793550e-07 5.1925370e-07
     30     74 0.0000000e+00 1.0906280e-05 5.1059790e-06
     30     75 0.0000000e+00 2.0414160e-05 1.1065780e-05
     30     76 0.0000000e+00 2.4578830e-05 1.3382360e-05
     30     77 0.0000000e+00 1.0662190e-05 6.3344400e-06
     30     77 1.0000000e+00 5.5641870e-06 3.3149660e-06
     30     78 0.0000000e+00 9.5876360e-06 4.7055510e-06
     30     79 0.0000000e+00 2.8227910e-06 1.3257540e-06
     30     80 0.0000000e+00 6.2783010e-07 2.5764580e-07
     30     81 0.0000000e+00 6.8383770e-08 2.6839250e-08
     30     82 0.0000000e+00 7.8347890e-09 2.8903980e-09
     30     83 0.0000000e+00 2.4456900e-10 1.2228400e-10
     30     84 0.0000000e+00 1.6237400e-11 8.1186800e-12
     30     85 0.0000000e+00 7.1820800e-13 3.5910400e-13
     30     86 0.0000000e+00 0.0000000e+00 0.0000000e+00
     31     67 0.0000000e+00 5.4187200e-15 2.7093600e-15
     31     68 0.0000000e+00 2.5568600e-13 1.2784300e-13
     31     69 0.0000000e+00 2.4101500e-11 1.2050700e-11
     31     70 0.0000000e+00 4.8705400e-10 3.9354300e-10
     31     71 0.0000000e+00 7.1345840e-09 7.7363460e-09
     31     72 0.0000000e+00 7.0380640e-08 5.0294760e-08
     31     72 1.0000000e+00 1.0344060e-08 7.3944580e-09
     31     73 0.0000000e+00 6.3787540e-07 4.1894630e-07
     31     74 0.0000000e+00 2.5798120e-06 2.1927770e-06
     31     74 1.0000000e+00 1.1399080e-06 9.8655260e-07
     31     75 0.0000000e+00 1.8046820e-05 1.0172180e-05
     31     76 0.0000000e+00 4.6907190e-05 2.0335240e-05
     31     77 0.0000000e+00 9.7499080e-05 3.6422800e-05
     31     78 0.0000000e+00 1.0574230e-04 4.5127340e-05
     31     79 0.0000000e+00 9.7694310e-05 4.2619650e-05
     31     80 0.0000000e+00 4.9569940e-05 2.0109270e-05
     31     81 0.0000000e+00 2.1592350e-05 8.4351860e-06
     31     82 0.0000000e+00 5.2729960e-06 1.9449390e-06
     31     83 0.0000000e+00 6.2358430e-07 2.2788310e-07
     31     84 0.0000000e+00 8.0256660e-08 2.9696040e-08
     31     85 0.0000000e+00 8.1784890e-09 4.0892440e-09
     31     86 0.0000000e+00 2.7046600e-10 1.3523300e-10
     31     87 0.0000000e+00 9.7631200e-12 4.8815600e-12
     31     88 0.0000000e+00 8.9695000e-14 4.4847500e-14
     31     89 0.0000000e+00 0.0000000e+00 0.0000000e+00
     32     69 0.0000000e+00 0.0000000e+00 0.0000000e+00
     32     70 0.0000000e+00 4.2358500e-13 2.1179300e-13
     32     71 0.0000000e+00 2.4734600e-12 1.2367300e-12
     32     71 1.0000000e+00 1.0683200e-11 5.3416100e-12
     32     72 0.0000000e+00 4.9871500e-10 3.5677000e-10
     32     73 0.0000000e+00 7.5763030e-09 5.0739310e-09
     32     73 1.0000000e+00 1.7541170e-09 1.1747420e-09
     32     74 0.0000000e+00 1.6987510e-07 1.4849530e-07
     32     75 0.0000000e+00 6.3966690e-07 4.6098020e-07
     32     75 1.0000000e+00 9.2285900e-07 6.6490980e-07
     32     76 0.0000000e+00 1.3263920e-05 7.8729840e-06
     32     77 0.0000000e+00 4.5261900e-05 2.3975420e-05
     32     77 1.0000000e+00 1.5040670e-05 8.4479310e-06
     32     78 0.0000000e+00 1.6524980e-04 5.4948170e-05
     32     79 0.0000000e+00 2.4110010e-04 7.8865090e-05
     32     79 1.0000000e+00 6.6327510e-05 2.4040130e-05
     32     80 0.0000000e+00 4.6469340e-04 1.1826120e-04
     32     81 0.0000000e+00 3.1333220e-04 1.0567110e-04
     32     81 1.0000000e+00 1.4316070e-04 4.8935950e-05
     32     82 0.0000000e+00 3.6225550e-04 1.2036870e-04
     32     83 0.0000000e+00 1.0804260e-04 3.9008650e-05
     32     84 0.0000000e+00 3.6427080e-05 1.3437930e-05
     32     85 0.0000000e+00 6.5032770e-06 2.3773830e-06
     32     86 0.0000000e+00 7.8278630e-07 2.7466960e-07
     32     87 0.0000000e+00 6.5257660e-08 2.2636210e-08
     32     88 0.0000000e+00 2.6830370e-09 1.3415180e-09
     32     89 0.0000000e+00 7.0910000e-11 3.5455000e-11
     32     90 0.0000000e+00 1.6444500e-12 8.2222600e-13
     32     91 0.0000000e+00 0.0000000e+00 0.0000000e+00
     33     72 0.0000000e+00 1.4148300e-13 7.0741500e-14
     33     73 0.0000000e+00 9.6488800e-12 4.8244400e-12
     33     74 0.0000000e+00 4.0186000e-10 3.5137400e-10
     33     75 0.0000000e+00 1.0860030e-08 7.8622740e-09
     33     76 0.0000000e+00 2.2834900e-07 1.4238120e-07
     33     77 0.0000000e+00 3.5740720e-06 2.1710640e-06
     33     78 0.0000000e+00 1.8271750e-05 8.8543690e-06
     33     79 0.0000000e+00 1.0170130e-04 4.4254730e-05
     33     80 0.0000000e+00 3.1139830e-04 1.0569940e-04
     33     81 0.0000000e+00 9.1313130e-04 2.3984830e-04
     33     82 0.0000000e+00 8.4203240e-04 2.1489680e-04
     33     82 1.0000000e+00 4.9285300e-04 1.2871200e-04
     33     83 0.0000000e+00 1.4823030e-03 3.6802580e-04
     33     84 0.0000000e+00 8.7357040e-04 2.9427590e-04
     33     85 0.0000000e+00 3.9584190e-04 1.3922220e-04
     33     86 0.0000000e+00 1.1770750e-04 4.0870210e-05
     33     87 0.0000000e+00 3.1088260e-05 1.0759910e-05
     33     88 0.0000000e+00 3.5298710e-06 1.2437120e-06
     33     89 0.0000000e+00 3.4584930e-07 1.2269990e-07
     33     90 0.0000000e+00 1.9189810e-08 9.5949050e-09
     33     91 0.0000000e+00 2.0670260e-09 1.0335130e-09
     33     92 0.0000000e+00 1.8898100e-11 9.4490700e-12
     33     93 0.0000000e+00 5.5279000e-13 2.7639500e-13
     33     94 0.0000000e+00 0.0000000e+00 0.0000000e+00
     33     95 0.0000000e+00 0.0000000e+00 0.0000000e+00
     34     74 0.0000000e+00 9.0514900e-14 4.5257400e-14
     34     75 0.0000000e+00 5.1192200e-12 2.5596100e-12
     34     76 0.0000000e+00 4.0654500e-10 2.5351500e-10
     34     77 0.0000000e+00 2.1701830e-09 1.3209880e-09
     34     77 1.0000000e+00 1.4146980e-08 8.6111720e-09
     34     78 0.0000000e+00 2.4025660e-07 1.1836550e-07
     34     79 0.0000000e+00 2.2971890e-06 1.0757630e-06
     34     79 1.0000000e+00 7.6434190e-07 3.5792210e-07
     34     80 0.0000000e+00 2.9744000e-05 1.2040580e-05
     34     81 0.0000000e+00 8.4896390e-05 3.1779690e-05
     34     81 1.0000000e+00 1.0740310e-04 4.0169190e-05
     34     82 0.0000000e+00 7.3282500e-04 2.1245200e-04
     34     83 0.0000000e+00 1.2528120e-03 2.9385260e-04
     34     83 1.0000000e+00 4.9805020e-04 1.2227420e-04
     34     84 0.0000000e+00 2.7396780e-03 5.5191440e-04
     34     85 0.0000000e+00 2.2238920e-03 4.7011440e-04
     34     86 0.0000000e+00 2.0983040e-03 5.2533400e-04
     34     87 0.0000000e+00 1.1765280e-03 3.8123150e-04
     34     88 0.0000000e+00 4.5569260e-04 1.5765330e-04
     34     89 0.0000000e+00 1.1125660e-04 3.9389190e-05
     34     90 0.0000000e+00 2.0045510e-05 7.1027100e-06
     34     91 0.0000000e+00 3.8417670e-06 1.3312900e-06
     34     92 0.0000000e+00 1.6457540e-07 5.5411560e-08
     34     93 0.0000000e+00 9.5394190e-09 4.7697090e-09
     34     94 0.0000000e+00 3.0014300e-10 1.5007200e-10
     34     95 0.0000000e+00 2.7113900e-12 1.3556900e-12
     34     96 0.0000000e+00 3.1674600e-14 1.5837300e-14
     35     77 0.0000000e+00 1.1606800e-12 5.8034200e-13
     35     77 1.0000000e+00 3.7995000e-12 1.8997500e-12
     35     78 0.0000000e+00 1.5145600e-10 7.5728000e-11
     35     79 0.0000000e+00 1.5686680e-09 7.3704500e-10
     35     79 1.0000000e+00 5.1350360e-09 2.4127200e-09
     35     80 0.0000000e+00 7.1193450e-08 2.9218520e-08
     35     80 1.0000000e+00 8.5527110e-08 3.5101750e-08
     35     81 0.0000000e+00 3.5520630e-06 1.3935670e-06
     35     82 0.0000000e+00 1.0038180e-05 3.6942720e-06
     35     82 1.0000000e+00 1.7119920e-05 6.3005140e-06
     35     83 0.0000000e+00 2.1302930e-04 7.6440250e-05
     35     84 0.0000000e+00 2.1524700e-04 7.6232640e-05
     35     84 1.0000000e+00 3.3979940e-04 1.2011090e-04
     35     85 0.0000000e+00 1.3662040e-03 3.6394700e-04
     35     86 0.0000000e+00 2.7331240e-03 5.8133490e-04
     35     87 0.0000000e+00 4.2320990e-03 8.8265670e-04
     35     88 0.0000000e+00 3.4298520e-03 9.1082590e-04
     35     89 0.0000000e+00 2.7302190e-03 8.2453000e-04
     35     90 0.0000000e+00 1.0610650e-03 3.6313150e-04
     35     91 0.0000000e+00 4.9180650e-04 1.6824070e-04
     35     92 0.0000000e+00 6.6935390e-05 2.2509530e-05
     35     93 0.0000000e+00 1.1423500e-05 4.0211270e-06
     35     94 0.0000000e+00 9.1359130e-07 3.3132000e-07
     35     95 0.0000000e+00 4.1100130e-08 2.0550060e-08
     35     96 0.0000000e+00 1.2828340e-09 6.4141700e-10
     35     97 0.0000000e+00 1.9666000e-11 9.8330000e-12
     35     98 0.0000000e+00 0.0000000e+00 0.0000000e+00
     35     99 0.0000000e+00 0.0000000e+00 0.0000000e+00
     35    100 0.0000000e+00 0.0000000e+00 0.0000000e+00
     36     79 0.0000000e+00 1.2602900e-13 6.3014700e-14
     36     79 1.0000000e+00 8.2156200e-13 4.1078100e-13
     36     80 0.0000000e+00 7.8599700e-11 3.9299800e-11
     36     81 0.0000000e+00 3.9857200e-09 1.5643200e-09
     36     81 1.0000000e+00 6.1141900e-10 2.3996600e-10
     36     82 0.0000000e+00 1.0743650e-07 3.9634240e-08
     36     83 0.0000000e+00 1.6182390e-06 5.9110500e-07
     36     83 1.0000000e+00 5.5176770e-07 2.0154880e-07
     36     84 0.0000000e+00 1.4342660e-05 5.2949220e-06
     36     85 0.0000000e+00 5.4643460e-05 1.9545140e-05
     36     85 1.0000000e+00 2.1086160e-05 7.5430740e-06
     36     86 0.0000000e+00 5.4907620e-04 1.6536560e-04
     36     87 0.0000000e+00 1.6726170e-03 4.2786910e-04
     36     88 0.0000000e+00 3.6105020e-03 5.9194070e-04
     36     89 0.0000000e+00 6.2587680e-03 9.2060350e-04
     36     90 0.0000000e+00 6.8754780e-03 1.0900090e-03
     36     91 0.0000000e+00 5.1363810e-03 8.9939590e-04
     36     92 0.0000000e+00 2.8217120e-03 8.1351500e-04
     36     93 0.0000000e+00 1.0367210e-03 3.5276900e-04
     36     94 0.0000000e+00 2.8104760e-04 1.0132550e-04
     36     95 0.0000000e+00 3.9634650e-05 1.4025440e-05
     36     96 0.0000000e+00 4.3880960e-06 1.5448910e-06
     36     97 0.0000000e+00 1.9575360e-07 9.7876800e-08
     36     98 0.0000000e+00 7.9525900e-09 3.9762950e-09
     36     99 0.0000000e+00 1.1542100e-10 5.7710600e-11
     36    100 0.0000000e+00 1.2763300e-12 6.3816600e-13
     36    101 0.0000000e+00 0.0000000e+00 0.0000000e+00
     36    102 0.0000000e+00 0.0000000e+00 0.0000000e+00
     37     81 0.0000000e+00 3.7712900e-13 1.8856500e-13
     37     81 1.0000000e+00 0.0000000e+00 0.0000000e+00
     37     82 0.0000000e+00 0.0000000e+00 0.0000000e+00
     37     82 1.0000000e+00 0.0000000e+00 0.0000000e+00
     37     83 0.0000000e+00 1.5054270e-09 7.5271300e-10
     37     84 0.0000000e+00 2.7852920e-09 1.0305950e-09
     37     84 1.0000000e+00 1.5970420e-08 5.9092510e-09
     37     85 0.0000000e+00 3.5326840e-07 1.2911800e-07
     37     86 0.0000000e+00 3.6291910e-06 1.2728490e-06
     37     86 1.0000000e+00 2.6122160e-06 9.1622960e-07
     37     87 0.0000000e+00 6.5556400e-05 2.2571950e-05
     37     88 0.0000000e+00 2.6629200e-04 9.1792170e-05
     37     89 0.0000000e+00 1.4546340e-03 4.6619700e-04
     37     90 0.0000000e+00 1.1855140e-03 3.2332820e-04
     37     90 1.0000000e+00 2.0249120e-03 5.4539140e-04
     37     91 0.0000000e+00 5.3697350e-03 8.3554590e-04
     37     92 0.0000000e+00 7.7658310e-03 1.3941340e-03
     37     93 0.0000000e+00 8.6282770e-03 1.6003190e-03
     37     94 0.0000000e+00 5.1597900e-03 1.5217600e-03
     37     95 0.0000000e+00 2.6978180e-03 8.8469640e-04
     37     96 0.0000000e+00 7.3206280e-04 2.5507660e-04
     37     97 0.0000000e+00 1.2536540e-04 4.4735520e-05
     37     98 0.0000000e+00 8.7445040e-06 3.2378710e-06
     37     98 1.0000000e+00 4.6625820e-06 1.7264370e-06
     37     99 0.0000000e+00 7.7095020e-07 2.8244900e-07
     37    100 0.0000000e+00 2.4279500e-08 1.2139750e-08
     37    101 0.0000000e+00 6.3977200e-10 3.1988600e-10
     37    102 0.0000000e+00 4.6723100e-12 2.3361500e-12
     37    103 0.0000000e+00 0.0000000e+00 0.0000000e+00
     37    104 0.0000000e+00 0.0000000e+00 0.0000000e+00
     37    105 0.0000000e+00 0.0000000e+00 0.0000000e+00
     38     83 0.0000000e+00 6.5211500e-14 3.2605700e-14
     38     83 1.0000000e+00 0.0000000e+00 0.0000000e+00
     38     84 0.0000000e+00 2.2204700e-12 1.1102300e-12
     38     85 0.0000000e+00 9.6555200e-11 4.8277600e-11
     38     85 1.0000000e+00 2.2355100e-11 1.1177500e-11
     38     86 0.0000000e+00 7.5581470e-09 2.6520470e-09
     38     87 0.0000000e+00 1.3681120e-07 4.7455070e-08
     38     87 1.0000000e+00 4.3262780e-08 1.5006580e-08
     38     88 0.0000000e+00 2.2136790e-06 7.7935240e-07
     38     89 0.0000000e+00 2.9712310e-05 1.0502850e-05
     38     90 0.0000000e+00 1.9752140e-04 6.7881150e-05
     38     91 0.0000000e+00 5.4583210e-04 1.6859650e-04
     38     92 0.0000000e+00 3.0451050e-03 7.2423830e-04
     38     93 0.0000000e+00 7.5862340e-03 1.2501400e-03
     38     94 0.0000000e+00 1.3818760e-02 1.8563520e-03
     38     95 0.0000000e+00 1.5944230e-02 2.0306350e-03
     38     96 0.0000000e+00 1.3164360e-02 2.9508490e-03
     38     97 0.0000000e+00 5.7796820e-03 1.7847810e-03
     38     98 0.0000000e+00 2.1045040e-03 7.6579660e-04
     38     99 0.0000000e+00 3.3301620e-04 1.2184710e-04
     38    100 0.0000000e+00 3.9842620e-05 1.4127020e-05
     38    101 0.0000000e+00 2.8250130e-06 1.0427730e-06
     38    102 0.0000000e+00 9.7229440e-08 4.8614720e-08
     38    103 0.0000000e+00 8.8369700e-10 4.4184900e-10
     38    104 0.0000000e+00 2.7330000e-11 1.3665000e-11
     38    105 0.0000000e+00 0.0000000e+00 0.0000000e+00
     38    106 0.0000000e+00 0.0000000e+00 0.0000000e+00
     38    107 0.0000000e+00 0.0000000e+00 0.0000000e+00
     39     86 0.0000000e+00 0.0000000e+00 0.0000000e+00
     39     86 1.0000000e+00 0.0000000e+00 0.0000000e+00
     39     87 0.0000000e+00 3.4777300e-11 1.7388700e-11
     39     87 1.0000000e+00 0.0000000e+00 0.0000000e+00
     39     88 0.0000000e+00 2.6549300e-10 9.3545300e-11
     39     88 1.0000000e+00 1.6383500e-10 5.7727100e-11
     39     88 2.0000000e+00 3.1351100e-10 1.5675600e-10
     39     89 0.0000000e+00 1.5332670e-08 5.4392940e-09
     39     89 1.0000000e+00 2.7018080e-08 9.5846790e-09
     39     90 0.0000000e+00 3.8810360e-07 1.3755070e-07
     39     90 1.0000000e+00 2.6365660e-07 9.3447870e-08
     39     91 0.0000000e+00 1.4554160e-06 5.0331710e-07
     39     91 1.0000000e+00 2.9727830e-06 1.0280890e-06
     39     92 0.0000000e+00 7.5702410e-05 2.5328430e-05
     39     93 0.0000000e+00 2.4961230e-04 8.4055530e-05
     39     93 1.0000000e+00 4.2947560e-04 1.4452280e-04
     39     94 0.0000000e+00 2.7401000e-03 8.6908260e-04
     39     95 0.0000000e+00 9.7115930e-03 1.8549280e-03
     39     96 0.0000000e+00 1.0428620e-02 1.9895680e-03
     39     96 1.0000000e+00 6.1318400e-03 1.2119330e-03
     39     97 0.0000000e+00 5.7695370e-03 1.1217760e-03
     39     97 1.0000000e+00 1.7709630e-02 2.4764960e-03
     39     97 2.0000000e+00 0.0000000e+00 0.0000000e+00
     39     98 0.0000000e+00 7.9769960e-03 2.2517870e-03
     39     98 1.0000000e+00 1.1171780e-02 3.0345290e-03
     39     99 0.0000000e+00 1.0517580e-02 3.0317740e-03
     39    100 0.0000000e+00 2.9211850e-03 1.0152580e-03
     39    100 1.0000000e+00 2.8872500e-04 1.0093250e-04
     39    101 0.0000000e+00 8.0120000e-04 2.9537460e-04
     39    102 0.0000000e+00 6.2798210e-05 2.4988870e-05
     39    102 1.0000000e+00 2.8348180e-05 1.1280420e-05
     39    103 0.0000000e+00 3.6449190e-06 1.3441900e-06
     39    104 0.0000000e+00 2.5747590e-07 9.6050150e-08
     39    105 0.0000000e+00 8.4069990e-09 4.2034990e-09
     39    106 0.0000000e+00 1.1259400e-10 5.6296900e-11
     39    107 0.0000000e+00 7.5594200e-13 3.7797100e-13
     39    108 0.0000000e+00 0.0000000e+00 0.0000000e+00
     39    109 0.0000000e+00 0.0000000e+00 0.0000000e+00
     40     88 0.0000000e+00 2.1900300e-14 1.0950200e-14
     40     89 0.0000000e+00 3.3024800e-12 1.6512400e-12
     40     89 1.0000000e+00 0.0000000e+00 0.0000000e+00
     40     90 0.0000000e+00 3.7829900e-11 1.8915000e-11
     40     90 1.0000000e+00 1.5920000e-10 7.9600200e-11
     40     91 0.0000000e+00 2.4045290e-09 8.3328000e-10
     40     92 0.0000000e+00 1.8935980e-07 6.3741920e-08
     40     93 0.0000000e+00 5.1882010e-06 1.8227400e-06
     40     94 0.0000000e+00 7.0223190e-05 2.5159480e-05
     40     95 0.0000000e+00 5.3987810e-04 1.7956280e-04
     40     96 0.0000000e+00 2.9732620e-03 7.9922290e-04
     40     97 0.0000000e+00 9.8384080e-03 1.8957370e-03
     40     98 0.0000000e+00 2.3946710e-02 2.8773770e-03
     40     99 0.0000000e+00 3.0144640e-02 3.3970440e-03
     40    100 0.0000000e+00 2.9435830e-02 4.6222000e-03
     40    101 0.0000000e+00 1.7107090e-02 4.4352650e-03
     40    102 0.0000000e+00 8.0998140e-03 3.0673570e-03
     40    103 0.0000000e+00 9.7147510e-04 3.5589040e-04
     40    104 0.0000000e+00 2.0800280e-04 7.7561530e-05
     40    105 0.0000000e+00 1.7892150e-05 6.3937600e-06
     40    106 0.0000000e+00 9.3781770e-07 3.7327010e-07
     40    107 0.0000000e+00 1.9708210e-08 9.8541050e-09
     40    108 0.0000000e+00 4.5277400e-10 2.2638700e-10
     40    109 0.0000000e+00 6.3791000e-12 3.1895500e-12
     40    110 0.0000000e+00 2.5214300e-14 1.2607200e-14
     40    111 0.0000000e+00 0.0000000e+00 0.0000000e+00
     40    112 0.0000000e+00 0.0000000e+00 0.0000000e+00
     41     90 0.0000000e+00 0.0000000e+00 0.0000000e+00
     41     90 1.0000000e+00 0.0000000e+00 0.0000000e+00
     41     91 0.0000000e+00 8.0942500e-14 4.0471200e-14
     41     91 1.0000000e+00 0.0000000e+00 0.0000000e+00
     41     92 0.0000000e+00 2.1737400e-11 1.0868700e-11
     41     92 1.0000000e+00 0.0000000e+00 0.0000000e+00
     41     93 0.0000000e+00 2.3659610e-09 8.3280100e-10
     41     93 1.0000000e+00 5.4778400e-10 1.9282000e-10
     41     94 0.0000000e+00 5.9491420e-08 2.1572510e-08
     41     94 1.0000000e+00 4.1856910e-08 1.5177900e-08
     41     95 0.0000000e+00 2.1217390e-06 7.5108400e-07
     41     95 1.0000000e+00 1.8740810e-07 6.6343910e-08
     41     96 0.0000000e+00 3.1285450e-05 1.0968430e-05
     41     97 0.0000000e+00 3.3243340e-04 1.1569860e-04
     41     97 1.0000000e+00 4.8858780e-05 1.7008750e-05
     41     98 0.0000000e+00 1.3676170e-03 4.7015400e-04
     41     98 1.0000000e+00 7.9189210e-04 2.7252090e-04
     41     99 0.0000000e+00 7.6845990e-03 2.0522610e-03
     41     99 1.0000000e+00 1.2979830e-03 3.6555150e-04
     41    100 0.0000000e+00 1.2895110e-02 2.7228290e-03
     41    100 1.0000000e+00 6.9142660e-03 1.5045560e-03
     41    101 0.0000000e+00 3.4339470e-02 4.7464120e-03
     41    102 0.0000000e+00 3.9608350e-02 7.9431860e-03
     41    102 1.0000000e+00 4.2220020e-03 1.1496360e-03
     41    103 0.0000000e+00 1.9384500e-02 4.2854390e-03
     41    104 0.0000000e+00 4.9833470e-03 1.6934760e-03
     41    104 1.0000000e+00 3.5780760e-03 1.2262270e-03
     41    105 0.0000000e+00 2.5201800e-03 8.7130010e-04
     41    106 0.0000000e+00 3.5933100e-04 1.4256090e-04
     41    107 0.0000000e+00 3.1239410e-05 1.2417320e-05
     41    108 0.0000000e+00 1.8127130e-06 7.5314600e-07
     41    109 0.0000000e+00 9.1302370e-08 4.3283870e-08
     41    110 0.0000000e+00 1.0834550e-09 5.4172700e-10
     41    111 0.0000000e+00 8.4681900e-12 4.2340900e-12
     41    112 0.0000000e+00 0.0000000e+00 0.0000000e+00
     41    113 0.0000000e+00 0.0000000e+00 0.0000000e+00
     41    114 0.0000000e+00 0.0000000e+00 0.0000000e+00
     41    115 0.0000000e+00 0.0000000e+00 0.0000000e+00
     42     92 0.0000000e+00 0.0000000e+00 0.0000000e+00
     42     93 0.0000000e+00 6.8640600e-14 3.4320300e-14
     42     93 1.0000000e+00 4.1891800e-14 2.0945900e-14
     42     94 0.0000000e+00 1.4142300e-11 7.0711500e-12
     42     95 0.0000000e+00 6.5463300e-10 3.2731600e-10
     42     96 0.0000000e+00 3.1776060e-08 1.1187130e-08
     42     97 0.0000000e+00 1.0966750e-06 3.9187350e-07
     42     98 0.0000000e+00 2.1764410e-05 8.0253850e-06
     42     99 0.0000000e+00 2.3860200e-04 8.5517880e-05
     42    100 0.0000000e+00 1.7923680e-03 5.7050700e-04
     42    101 0.0000000e+00 7.0878460e-03 2.0211920e-03
     42    102 0.0000000e+00 3.3221620e-02 6.8363820e-03
     42    103 0.0000000e+00 3.6599540e-02 4.5295780e-03
     42    104 0.0000000e+00 4.1989350e-02 4.7842400e-03
     42    105 0.0000000e+00 2.7760920e-02 4.3951100e-03
     42    106 0.0000000e+00 1.3492990e-02 4.0480640e-03
     42    107 0.0000000e+00 3.2839430e-03 1.2388920e-03
     42    108 0.0000000e+00 6.0975960e-04 2.4905950e-04
     42    109 0.0000000e+00 7.9387610e-05 3.7524220e-05
     42    110 0.0000000e+00 3.8155760e-06 1.5499430e-06
     42    111 0.0000000e+00 9.2720010e-08 3.7614440e-08
     42    112 0.0000000e+00 0.0000000e+00 0.0000000e+00
     42    113 0.0000000e+00 0.0000000e+00 0.0000000e+00
     42    114 0.0000000e+00 0.0000000e+00 0.0000000e+00
     42    115 0.0000000e+00 0.0000000e+00 0.0000000e+00
     42    116 0.0000000e+00 0.0000000e+00 0.0000000e+00
     42    117 0.0000000e+00 0.0000000e+00 0.0000000e+00
     43     95 0.0000000e+00 0.0000000e+00 0.0000000e+00
     43     95 1.0000000e+00 0.0000000e+00 0.0000000e+00
     43     96 0.0000000e+00 0.0000000e+00 0.0000000e+00
     43     96 1.0000000e+00 0.0000000e+00 0.0000000e+00
     43     97 0.0000000e+00 1.6487500e-10 8.2437700e-11
     43     97 1.0000000e+00 3.8173100e-11 1.9086500e-11
     43     98 0.0000000e+00 1.0712940e-08 3.9669850e-09
     43     99 0.0000000e+00 3.7351170e-07 1.3682220e-07
     43     99 1.0000000e+00 8.6478000e-08 3.1678910e-08
     43    100 0.0000000e+00 9.2915210e-06 3.2918280e-06
     43    101 0.0000000e+00 1.2676360e-04 4.6421750e-05
     43    102 0.0000000e+00 1.3961900e-03 5.4191810e-04
     43    102 1.0000000e+00 3.7297540e-04 1.4487150e-04
     43    103 0.0000000e+00 7.1384700e-03 2.2610030e-03
     43    104 0.0000000e+00 1.5643810e-02 3.9741010e-03
     43    105 0.0000000e+00 3.0186730e-02 4.3298130e-03
     43    106 0.0000000e+00 3.3316380e-02 5.5698070e-03
     43    107 0.0000000e+00 2.7846830e-02 4.6880720e-03
     43    108 0.0000000e+00 1.1281290e-02 3.2814740e-03
     43    109 0.0000000e+00 4.6910660e-03 1.8075950e-03
     43    110 0.0000000e+00 6.2534470e-04 2.3544960e-04
     43    111 0.0000000e+00 6.0283220e-05 2.3806030e-05
     43    112 0.0000000e+00 7.2618800e-11 3.5052900e-11
     43    113 0.0000000e+00 6.5324600e-13 2.8952400e-13
     43    114 0.0000000e+00 0.0000000e+00 0.0000000e+00
     43    115 0.0000000e+00 8.1766800e-17 4.0883400e-17
     43    116 0.0000000e+00 0.0000000e+00 0.0000000e+00
     43    117 0.0000000e+00 4.7793300e-21 2.3896600e-21
     43    118 0.0000000e+00 6.6384000e-13 3.3192000e-13
     43    119 0.0000000e+00 0.0000000e+00 0.0000000e+00
     43    120 0.0000000e+00 0.0000000e+00 0.0000000e+00
     44     98 0.0000000e+00 4.5457100e-13 2.2728600e-13
     44     99 0.0000000e+00 5.6533100e-11 2.8266500e-11
     44    100 0.0000000e+00 4.4078580e-09 2.2039290e-09
     44    101 0.0000000e+00 1.5929550e-07 5.8793720e-08
     44    102 0.0000000e+00 1.0032790e-05 3.9889370e-06
     44    103 0.0000000e+00 5.6390870e-05 2.0702730e-05
     44    103 1.0000000e+00 6.3157290e-05 2.3186850e-05
     44    104 0.0000000e+00 7.4050030e-04 2.6899880e-04
     44    105 0.0000000e+00 3.3229710e-03 1.0839700e-03
     44    106 0.0000000e+00 1.1666740e-02 3.4441830e-03
     44    107 0.0000000e+00 2.3509340e-02 4.8715120e-03
     44    108 0.0000000e+00 2.6425330e-02 4.4681400e-03
     44    109 0.0000000e+00 2.3613110e-02 4.2769210e-03
     44    110 0.0000000e+00 1.0644420e-02 1.8551700e-03
     44    111 0.0000000e+00 2.7665570e-03 7.5027110e-04
     44    112 0.0000000e+00 4.1377750e-05 1.6459820e-05
     44    113 0.0000000e+00 1.8626830e-07 7.8095280e-08
     44    113 1.0000000e+00 1.1178110e-06 4.6865600e-07
     44    114 0.0000000e+00 3.7572490e-08 1.8076330e-08
     44    115 0.0000000e+00 3.8579330e-09 1.6679570e-09
     44    116 0.0000000e+00 1.1904900e-10 5.5175200e-11
     44    117 0.0000000e+00 4.3293300e-12 2.1646600e-12
     44    118 0.0000000e+00 5.5077560e-09 2.7538780e-09
     44    119 0.0000000e+00 8.3826500e-12 4.1913200e-12
     44    120 0.0000000e+00 4.6677300e-14 2.3338700e-14
     44    121 0.0000000e+00 0.0000000e+00 0.0000000e+00
     44    122 0.0000000e+00 0.0000000e+00 0.0000000e+00
     44    123 0.0000000e+00 0.0000000e+00 0.0000000e+00
     44    124 0.0000000e+00 0.0000000e+00 0.0000000e+00
     45    100 0.0000000e+00 0.0000000e+00 0.0000000e+00
     45    100 1.0000000e+00 0.0000000e+00 0.0000000e+00
     45    101 0.0000000e+00 2.3889400e-12 1.1944700e-12
     45    101 1.0000000e+00 1.0318200e-11 5.1591100e-12
     45    102 0.0000000e+00 8.1464800e-10 4.0732400e-10
     45    102 1.0000000e+00 1.9099220e-09 9.5496100e-10
     45    103 0.0000000e+00 1.8689980e-08 6.8923390e-09
     45    103 1.0000000e+00 1.2183580e-07 4.4927460e-08
     45    104 0.0000000e+00 4.7515300e-07 1.7725830e-07
     45    104 1.0000000e+00 1.4330880e-06 5.3461310e-07
     45    105 0.0000000e+00 2.3925590e-05 8.5491570e-06
     45    105 1.0000000e+00 5.6344360e-06 2.0131990e-06
     45    106 0.0000000e+00 5.0355490e-05 2.0046580e-05
     45    106 1.0000000e+00 2.1961820e-04 8.7428230e-05
     45    107 0.0000000e+00 1.9844550e-03 7.8658200e-04
     45    108 0.0000000e+00 2.7819860e-03 1.1200860e-03
     45    108 1.0000000e+00 1.8648020e-03 7.5434060e-04
     45    109 0.0000000e+00 1.2076240e-02 4.1324220e-03
     45    110 0.0000000e+00 4.4465400e-03 1.2793670e-03
     45    110 1.0000000e+00 8.3932280e-03 2.2778360e-03
     45    111 0.0000000e+00 1.0994740e-02 1.7798890e-03
     45    112 0.0000000e+00 7.1783200e-03 1.7594780e-03
     45    112 1.0000000e+00 2.9371190e-03 7.4896450e-04
     45    113 0.0000000e+00 1.2936760e-03 3.1233240e-04
     45    114 0.0000000e+00 6.4151910e-05 2.4914610e-05
     45    114 1.0000000e+00 1.0403160e-04 4.0362610e-05
     45    115 0.0000000e+00 7.0275940e-05 2.6918250e-05
     45    116 0.0000000e+00 3.3728580e-06 1.5025190e-06
     45    116 1.0000000e+00 4.3205300e-06 1.9247380e-06
     45    117 0.0000000e+00 1.3393420e-06 6.3224420e-07
     45    118 0.0000000e+00 2.1651830e-06 1.0830570e-06
     45    119 0.0000000e+00 3.2616830e-08 1.7062330e-08
     45    120 0.0000000e+00 7.0159700e-10 3.5079900e-10
     45    121 0.0000000e+00 8.0136300e-12 4.0068200e-12
     45    122 0.0000000e+00 0.0000000e+00 0.0000000e+00
     45    123 0.0000000e+00 0.0000000e+00 0.0000000e+00
     45    124 0.0000000e+00 0.0000000e+00 0.0000000e+00
     45    125 0.0000000e+00 0.0000000e+00 0.0000000e+00
     45    126 0.0000000e+00 0.0000000e+00 0.0000000e+00
     45    127 0.0000000e+00 0.0000000e+00 0.0000000e+00
     45    128 0.0000000e+00 0.0000000e+00 0.0000000e+00
     46    102 0.0000000e+00 6.2891600e-14 3.1445800e-14
     46    103 0.0000000e+00 1.0457500e-11 5.2287600e-12
     46    104 0.0000000e+00 4.3937700e-10 2.1968800e-10
     46    105 0.0000000e+00 1.8022040e-08 6.4406010e-09
     46    106 0.0000000e+00 6.2156540e-07 2.4743310e-07
     46    107 0.0000000e+00 4.6113680e-06 1.8355140e-06
     46    107 1.0000000e+00 8.6778850e-06 3.4541540e-06
     46    108 0.0000000e+00 9.8315360e-05 4.1028480e-05
     46    109 0.0000000e+00 1.7368530e-04 8.4736140e-05
     46    109 1.0000000e+00 4.1744290e-04 2.0358990e-04
     46    110 0.0000000e+00 2.1244080e-03 8.8340260e-04
     46    111 0.0000000e+00 1.6209590e-03 6.3161360e-04
     46    111 1.0000000e+00 2.8773310e-03 1.0862440e-03
     46    112 0.0000000e+00 1.3336810e-02 2.7309220e-03
     46    113 0.0000000e+00 1.0551960e-03 3.2524580e-04
     46    113 1.0000000e+00 2.2641780e-03 6.4654250e-04
     46    114 0.0000000e+00 1.5264190e-03 3.4403430e-04
     46    115 0.0000000e+00 2.1368840e-04 5.8759000e-05
     46    115 1.0000000e+00 1.1368040e-03 2.4365880e-04
     46    116 0.0000000e+00 5.1880980e-04 1.3840180e-04
     46    117 0.0000000e+00 6.7368860e-05 2.8231940e-05
     46    117 1.0000000e+00 1.7948490e-04 6.4863850e-05
     46    118 0.0000000e+00 7.6665710e-05 3.3894430e-05
     46    119 0.0000000e+00 6.9973420e-06 3.6252180e-06
     46    120 0.0000000e+00 7.8688870e-07 4.0378040e-07
     46    121 0.0000000e+00 3.0302990e-08 1.3447990e-08
     46    122 0.0000000e+00 0.0000000e+00 0.0000000e+00
     46    123 0.0000000e+00 0.0000000e+00 0.0000000e+00
     46    124 0.0000000e+00 0.0000000e+00 0.0000000e+00
     46    125 0.0000000e+00 0.0000000e+00 0.0000000e+00
     46    126 0.0000000e+00 0.0000000e+00 0.0000000e+00
     46    127 0.0000000e+00 0.0000000e+00 0.0000000e+00
     46    128 0.0000000e+00 0.0000000e+00 0.0000000e+00
     46    129 0.0000000e+00 5.8347000e-13 2.9173500e-13
     46    130 0.0000000e+00 0.0000000e+00 0.0000000e+00
     46    131 0.0000000e+00 0.0000000e+00 0.0000000e+00
     47    105 0.0000000e+00 9.1035100e-14 4.5517500e-14
     47    105 1.0000000e+00 5.9343700e-13 2.9671900e-13
     47    106 0.0000000e+00 2.0103200e-11 1.0051600e-11
     47    106 1.0000000e+00 4.7131500e-11 2.3565800e-11
     47    107 0.0000000e+00 7.9963100e-10 3.9981500e-10
     47    107 1.0000000e+00 5.2126260e-09 2.6063130e-09
     47    108 0.0000000e+00 3.2434780e-08 1.3478010e-08
     47    108 1.0000000e+00 7.6042810e-08 3.1598410e-08
     47    109 0.0000000e+00 2.9526730e-07 1.4005460e-07
     47    109 1.0000000e+00 1.9247820e-06 9.1304100e-07
     47    110 0.0000000e+00 7.3044430e-06 2.9756810e-06
     47    110 1.0000000e+00 1.4803440e-05 6.0306380e-06
     47    111 0.0000000e+00 3.2472370e-05 1.3305860e-05
     47    111 1.0000000e+00 1.3947560e-04 5.7144610e-05
     47    112 0.0000000e+00 6.1079940e-05 3.0243640e-05
     47    113 0.0000000e+00 7.7177220e-06 3.3401930e-06
     47    113 1.0000000e+00 4.7761550e-05 2.0668600e-05
     47    114 0.0000000e+00 1.6146490e-05 7.1619240e-06
     47    114 1.0000000e+00 6.7397200e-05 2.9870080e-05
     47    115 0.0000000e+00 1.8713620e-05 6.1803710e-06
     47    115 1.0000000e+00 1.8786130e-04 6.1560970e-05
     47    116 0.0000000e+00 7.0511640e-05 2.5087960e-05
     47    116 1.0000000e+00 9.7449200e-05 3.4548030e-05
     47    116 2.0000000e+00 0.0000000e+00 0.0000000e+00
     47    117 0.0000000e+00 6.1624690e-05 2.0142920e-05
     47    117 1.0000000e+00 1.4727960e-04 4.5752650e-05
     47    118 0.0000000e+00 1.4508300e-04 4.9273980e-05
     47    118 1.0000000e+00 3.6727540e-05 1.4927160e-05
     47    119 0.0000000e+00 9.8812040e-05 3.7798820e-05
     47    119 1.0000000e+00 5.2881880e-06 2.3213660e-06
     47    120 0.0000000e+00 2.0818260e-05 1.0238490e-05
     47    120 1.0000000e+00 1.8883960e-05 9.2929960e-06
     47    121 0.0000000e+00 6.8646400e-06 2.9516240e-06
     47    122 0.0000000e+00 5.9728000e-11 2.8063200e-11
     47    122 1.0000000e+00 4.9159400e-11 2.3098400e-11
     47    123 0.0000000e+00 1.2474500e-11 5.5214200e-12
     47    124 0.0000000e+00 1.7560800e-12 7.0390900e-13
     47    125 0.0000000e+00 1.5176900e-13 5.7906000e-14
     47    126 0.0000000e+00 2.1029800e-14 7.3972100e-15
     47    127 0.0000000e+00 0.0000000e+00 0.0000000e+00
     47    128 0.0000000e+00 0.0000000e+00 0.0000000e+00
     47    129 0.0000000e+00 1.0505480e-08 5.2527400e-09
     47    130 0.0000000e+00 5.4565900e-12 2.7282900e-12
     47    131 0.0000000e+00 8.1882700e-14 4.0941300e-14
     47    132 0.0000000e+00 0.0000000e+00 0.0000000e+00
     47    133 0.0000000e+00 0.0000000e+00 0.0000000e+00
     48    108 0.0000000e+00 1.0476000e-11 5.2380000e-12
     48    109 0.0000000e+00 5.5694400e-10 2.7847200e-10
     48    110 0.0000000e+00 2.1992460e-08 1.0996230e-08
     48    111 0.0000000e+00 1.1735680e-07 4.7617570e-08
     48    111 1.0000000e+00 3.8416730e-07 1.5587390e-07
     48    112 0.0000000e+00 2.4397900e-10 1.1849600e-10
     48    113 0.0000000e+00 2.1856600e-10 9.7081600e-11
     48    113 1.0000000e+00 5.3711600e-10 2.3858100e-10
     48    114 0.0000000e+00 7.4008070e-09 3.6092030e-09
     48    115 0.0000000e+00 1.2010400e-08 5.1203440e-09
     48    115 1.0000000e+00 4.2175940e-08 1.7980670e-08
     48    116 0.0000000e+00 1.9630560e-07 8.6408090e-08
     48    117 0.0000000e+00 1.0042330e-07 4.4645300e-08
     48    117 1.0000000e+00 6.3243320e-07 2.8114660e-07
     48    118 0.0000000e+00 6.1074240e-05 2.4455720e-05
     48    119 0.0000000e+00 7.0299010e-05 2.8509380e-05
     48    119 1.0000000e+00 7.2237500e-05 2.9185810e-05
     48    120 0.0000000e+00 2.1845500e-04 5.9475800e-05
     48    121 0.0000000e+00 9.0401990e-05 2.9717230e-05
     48    121 1.0000000e+00 3.0726720e-05 1.0315150e-05
     48    122 0.0000000e+00 8.0915190e-06 3.0871370e-06
     48    123 0.0000000e+00 6.4435340e-07 2.5541770e-07
     48    123 1.0000000e+00 1.8958710e-06 7.5145770e-07
     48    124 0.0000000e+00 1.0765180e-06 3.8304580e-07
     48    125 0.0000000e+00 2.9099960e-08 1.0744170e-08
     48    125 1.0000000e+00 2.6435400e-07 9.7599870e-08
     48    126 0.0000000e+00 1.2784950e-07 4.4325080e-08
     48    127 0.0000000e+00 6.1616560e-08 2.1449450e-08
     48    128 0.0000000e+00 1.3692780e-09 4.8931600e-10
     48    129 0.0000000e+00 1.1287370e-05 3.8550000e-06
     48    130 0.0000000e+00 9.9813840e-08 3.4456630e-08
     48    131 0.0000000e+00 3.8107950e-09 1.9053970e-09
     48    132 0.0000000e+00 2.6039300e-12 1.3019700e-12
     48    133 0.0000000e+00 8.6963900e-12 4.3481900e-12
     48    134 0.0000000e+00 6.1381200e-14 3.0690600e-14
     48    135 0.0000000e+00 0.0000000e+00 0.0000000e+00
     48    136 0.0000000e+00 0.0000000e+00 0.0000000e+00
     49    110 0.0000000e+00 0.0000000e+00 0.0000000e+00
     49    110 1.0000000e+00 0.0000000e+00 0.0000000e+00
     49    111 0.0000000e+00 9.6536200e-11 4.8268100e-11
     49    111 1.0000000e+00 0.0000000e+00 0.0000000e+00
     49    112 0.0000000e+00 0.0000000e+00 0.0000000e+00
     49    112 1.0000000e+00 0.0000000e+00 0.0000000e+00
     49    113 0.0000000e+00 0.0000000e+00 0.0000000e+00
     49    113 1.0000000e+00 0.0000000e+00 0.0000000e+00
     49    114 0.0000000e+00 0.0000000e+00 0.0000000e+00
     49    114 1.0000000e+00 0.0000000e+00 0.0000000e+00
     49    114 2.0000000e+00 0.0000000e+00 0.0000000e+00
     49    115 0.0000000e+00 0.0000000e+00 0.0000000e+00
     49    115 1.0000000e+00 0.0000000e+00 0.0000000e+00
     49    116 0.0000000e+00 1.6462200e-14 7.6334700e-15
     49    116 1.0000000e+00 4.9655200e-14 2.3026000e-14
     49    116 2.0000000e+00 2.3351300e-14 1.0828100e-14
     49    117 0.0000000e+00 1.3613600e-12 6.5086300e-13
     49    117 1.0000000e+00 2.0744200e-13 9.9179800e-14
     49    118 0.0000000e+00 2.5267660e-07 1.2475230e-07
     49    118 1.0000000e+00 1.1531910e-06 5.6936660e-07
     49    118 2.0000000e+00 0.0000000e+00 0.0000000e+00
     49    119 0.0000000e+00 1.6658500e-05 8.4117730e-06
     49    119 1.0000000e+00 2.4157540e-06 1.2253950e-06
     49    120 0.0000000e+00 5.1975440e-05 2.4385610e-05
     49    120 1.0000000e+00 3.6939870e-05 1.7525980e-05
     49    120 2.0000000e+00 0.0000000e+00 0.0000000e+00
     49    121 0.0000000e+00 1.8132610e-04 5.8513990e-05
     49    121 1.0000000e+00 2.6566610e-05 9.6778110e-06
     49    122 0.0000000e+00 7.1450870e-05 2.9789550e-05
     49    122 1.0000000e+00 3.0246130e-04 1.0575710e-04
     49    122 2.0000000e+00 0.0000000e+00 0.0000000e+00
     49    123 0.0000000e+00 3.2008960e-04 9.8266460e-05
     49    123 1.0000000e+00 3.1613540e-05 1.0871670e-05
     49    124 0.0000000e+00 1.4360060e-04 4.3950070e-05
     49    124 1.0000000e+00 1.5024750e-04 4.5927080e-05
     49    125 0.0000000e+00 2.1876530e-04 5.6422300e-05
     49    125 1.0000000e+00 6.2124370e-05 1.6284730e-05
     49    126 0.0000000e+00 1.5132730e-04 4.1932720e-05
     49    126 1.0000000e+00 1.0401710e-04 2.8859320e-05
     49    127 0.0000000e+00 3.0558750e-04 8.3173190e-05
     49    127 1.0000000e+00 1.9919040e-04 5.4375400e-05
     49    127 2.0000000e+00 0.0000000e+00 0.0000000e+00
     49    128 0.0000000e+00 5.3982090e-05 1.8277650e-05
     49    128 1.0000000e+00 3.7655870e-05 1.2750550e-05
     49    129 0.0000000e+00 8.5855960e-04 2.8465850e-04
     49    129 1.0000000e+00 6.2125030e-05 2.0831290e-05
     49    129 2.0000000e+00 0.0000000e+00 0.0000000e+00
     49    130 0.0000000e+00 3.4255200e-05 1.1763680e-05
     49    130 1.0000000e+00 4.2880520e-05 1.4726040e-05
     49    130 2.0000000e+00 0.0000000e+00 0.0000000e+00
     49    131 0.0000000e+00 7.4478950e-06 2.5919540e-06
     49    131 1.0000000e+00 2.6251320e-06 9.1357660e-07
     49    131 2.0000000e+00 0.0000000e+00 0.0000000e+00
     49    132 0.0000000e+00 6.2427670e-08 2.1401090e-08
     49    133 0.0000000e+00 1.3455430e-07 6.7277150e-08
     49    134 0.0000000e+00 2.9404980e-09 1.4702490e-09
     49    135 0.0000000e+00 4.8951300e-12 2.4475700e-12
     49    136 0.0000000e+00 2.1810500e-14 1.0905200e-14
     49    137 0.0000000e+00 0.0000000e+00 0.0000000e+00
     49    138 0.0000000e+00 0.0000000e+00 0.0000000e+00
     50    113 0.0000000e+00 0.0000000e+00 0.0000000e+00
     50    113 1.0000000e+00 0.0000000e+00 0.0000000e+00
     50    114 0.0000000e+00 0.0000000e+00 0.0000000e+00
     50    115 0.0000000e+00 0.0000000e+00 0.0000000e+00
     50    116 0.0000000e+00 0.0000000e+00 0.0000000e+00
     50    117 0.0000000e+00 0.0000000e+00 0.0000000e+00
     50    117 1.0000000e+00 0.0000000e+00 0.0000000e+00
     50    118 0.0000000e+00 3.2144850e-09 1.6150820e-09
     50    119 0.0000000e+00 4.6604760e-08 2.4452380e-08
     50    119 1.0000000e+00 1.5256070e-07 8.0044750e-08
     50    120 0.0000000e+00 4.3108810e-06 2.2260500e-06
     50    121 0.0000000e+00 7.0372940e-06 3.0947010e-06
     50    121 1.0000000e+00 3.0472940e-05 1.3344160e-05
     50    122 0.0000000e+00 1.5909680e-04 6.9204720e-05
     50    123 0.0000000e+00 2.1996030e-04 8.5685410e-05
     50    123 1.0000000e+00 3.6520260e-05 1.5352100e-05
     50    124 0.0000000e+00 4.2815500e-04 1.2474490e-04
     50    125 0.0000000e+00 5.9100230e-04 1.4846800e-04
     50    125 1.0000000e+00 1.4015570e-04 4.3638380e-05
     50    126 0.0000000e+00 1.3707880e-03 2.6860050e-04
     50    127 0.0000000e+00 4.4082560e-03 3.3338030e-04
     50    127 1.0000000e+00 1.1967890e-03 1.9773880e-04
     50    128 0.0000000e+00 3.1630400e-03 4.8661970e-04
     50    128 1.0000000e+00 2.4103040e-03 3.9461450e-04
     50    129 0.0000000e+00 3.6509500e-03 8.2243870e-04
     50    129 1.0000000e+00 2.8933780e-03 6.8913120e-04
     50    130 0.0000000e+00 2.2361850e-03 6.1976210e-04
     50    130 1.0000000e+00 1.8098170e-03 5.0391880e-04
     50    131 0.0000000e+00 6.9717750e-04 2.2738990e-04
     50    131 1.0000000e+00 8.0730560e-04 2.6315380e-04
     50    132 0.0000000e+00 5.0677320e-04 1.7079600e-04
     50    133 0.0000000e+00 1.3363610e-04 4.5215480e-05
     50    134 0.0000000e+00 1.0387980e-05 3.5958270e-06
     50    135 0.0000000e+00 8.3563460e-08 2.9140580e-08
     50    136 0.0000000e+00 1.5326100e-09 7.6630500e-10
     50    137 0.0000000e+00 2.5869300e-10 1.2934700e-10
     50    138 0.0000000e+00 1.8149100e-12 9.0745600e-13
     50    139 0.0000000e+00 0.0000000e+00 0.0000000e+00
     50    140 0.0000000e+00 0.0000000e+00 0.0000000e+00
     51    116 0.0000000e+00 0.0000000e+00 0.0000000e+00
     51    116 1.0000000e+00 0.0000000e+00 0.0000000e+00
     51    117 0.0000000e+00 0.0000000e+00 0.0000000e+00
     51    118 0.0000000e+00 1.2730000e-13 6.3980700e-14
     51    118 1.0000000e+00 1.8093300e-13 9.0940100e-14
     51    119 0.0000000e+00 1.1308400e-10 5.9464500e-11
     51    120 0.0000000e+00 3.8091010e-09 1.9725300e-09
     51    120 1.0000000e+00 5.4139070e-09 2.8035500e-09
     51    121 0.0000000e+00 4.9318730e-07 2.1900850e-07
     51    122 0.0000000e+00 6.6140060e-08 3.1427720e-08
     51    122 1.0000000e+00 4.3672420e-08 2.0751170e-08
     51    122 2.0000000e+00 0.0000000e+00 0.0000000e+00
     51    123 0.0000000e+00 5.8650020e-07 2.6168200e-07
     51    124 0.0000000e+00 5.4557360e-07 2.1700520e-07
     51    124 1.0000000e+00 1.4052720e-06 5.5897780e-07
     51    124 2.0000000e+00 0.0000000e+00 0.0000000e+00
     51    125 0.0000000e+00 1.0719480e-05 4.0376780e-06
     51    126 0.0000000e+00 1.9763020e-05 6.7938530e-06
     51    126 1.0000000e+00 1.6586780e-05 5.7021230e-06
     51    126 2.0000000e+00 0.0000000e+00 0.0000000e+00
     51    127 0.0000000e+00 4.4318280e-04 1.3349680e-04
     51    128 0.0000000e+00 1.1643900e-03 3.1214120e-04
     51    128 1.0000000e+00 6.2686900e-04 1.7326670e-04
     51    129 0.0000000e+00 3.2742950e-03 5.9589860e-04
     51    129 1.0000000e+00 1.0181740e-03 1.9507850e-04
     51    130 0.0000000e+00 7.4441430e-03 1.2576560e-03
     51    130 1.0000000e+00 5.4003300e-03 9.4043030e-04
     51    131 0.0000000e+00 1.5117640e-02 1.8900750e-03
     51    132 0.0000000e+00 4.1211450e-03 1.0313730e-03
     51    132 1.0000000e+00 2.2308050e-03 5.6648460e-04
     51    133 0.0000000e+00 7.8738020e-03 2.1836720e-03
     51    134 0.0000000e+00 6.7032890e-04 2.2855140e-04
     51    134 1.0000000e+00 1.2074480e-03 4.1145790e-04
     51    135 0.0000000e+00 8.3836000e-05 2.9186630e-05
     51    136 0.0000000e+00 4.3970850e-06 1.6156100e-06
     51    137 0.0000000e+00 1.4817010e-06 5.2456390e-07
     51    138 0.0000000e+00 3.2632790e-08 1.6316390e-08
     51    139 0.0000000e+00 6.5045600e-10 3.2522800e-10
     51    140 0.0000000e+00 6.4345700e-13 3.2172800e-13
     51    141 0.0000000e+00 2.8034200e-13 1.4017100e-13
     51    142 0.0000000e+00 0.0000000e+00 0.0000000e+00
     51    143 0.0000000e+00 0.0000000e+00 0.0000000e+00
     52    119 0.0000000e+00 0.0000000e+00 0.0000000e+00
     52    119 1.0000000e+00 0.0000000e+00 0.0000000e+00
     52    120 0.0000000e+00 1.6317500e-12 8.4504700e-13
     52    121 0.0000000e+00 1.0983300e-10 4.8822900e-11
     52    121 1.0000000e+00 3.5954000e-10 1.5983200e-10
     52    122 0.0000000e+00 5.1781400e-14 2.4672400e-14
     52    123 0.0000000e+00 1.8055100e-13 9.0275500e-14
     52    123 1.0000000e+00 5.9103400e-13 2.9551700e-13
     52    124 0.0000000e+00 7.7306500e-12 3.1067800e-12
     52    125 0.0000000e+00 2.4848500e-11 9.4851900e-12
     52    125 1.0000000e+00 1.0116500e-10 3.8615600e-11
     52    126 0.0000000e+00 1.2527010e-09 4.4027900e-10
     52    127 0.0000000e+00 8.9254910e-09 3.1138920e-09
     52    127 1.0000000e+00 3.8697450e-08 1.3501150e-08
     52    128 0.0000000e+00 1.7137780e-06 6.0099150e-07
     52    129 0.0000000e+00 7.7987100e-05 2.5364190e-05
     52    129 1.0000000e+00 2.1854180e-04 7.1032670e-05
     52    130 0.0000000e+00 4.2720410e-03 1.1002970e-03
     52    131 0.0000000e+00 3.8538630e-03 8.4265870e-04
     52    131 1.0000000e+00 1.0224180e-02 1.8245130e-03
     52    132 0.0000000e+00 3.6432250e-02 2.1630460e-03
     52    133 0.0000000e+00 9.2839820e-03 1.5251390e-03
     52    133 1.0000000e+00 2.4505440e-02 3.0817070e-03
     52    134 0.0000000e+00 3.0705420e-02 5.3565890e-03
     52    135 0.0000000e+00 5.7954510e-03 1.8853070e-03
     52    136 0.0000000e+00 1.0918500e-03 3.9759280e-04
     52    137 0.0000000e+00 5.5859550e-04 1.9755380e-04
     52    138 0.0000000e+00 4.9363980e-05 1.7179170e-05
     52    139 0.0000000e+00 2.9637910e-06 1.0374190e-06
     52    140 0.0000000e+00 1.8950820e-08 6.7447900e-09
     52    141 0.0000000e+00 8.7846770e-09 4.3923380e-09
     52    142 0.0000000e+00 3.5668900e-11 1.7834500e-11
     52    143 0.0000000e+00 5.0783500e-12 2.5391700e-12
     52    144 0.0000000e+00 0.0000000e+00 0.0000000e+00
     52    145 0.0000000e+00 0.0000000e+00 0.0000000e+00
     53    122 0.0000000e+00 0.0000000e+00 0.0000000e+00
     53    123 0.0000000e+00 0.0000000e+00 0.0000000e+00
     53    124 0.0000000e+00 0.0000000e+00 0.0000000e+00
     53    125 0.0000000e+00 0.0000000e+00 0.0000000e+00
     53    126 0.0000000e+00 0.0000000e+00 0.0000000e+00
     53    127 0.0000000e+00 0.0000000e+00 0.0000000e+00
     53    128 0.0000000e+00 7.1356300e-13 2.5517100e-13
     53    129 0.0000000e+00 1.7799330e-06 6.0734520e-07
     53    130 0.0000000e+00 8.3290860e-05 2.8631050e-05
     53    130 1.0000000e+00 1.2872420e-05 4.4249320e-06
     53    131 0.0000000e+00 1.2169420e-03 4.1062220e-04
     53    132 0.0000000e+00 2.2575270e-03 7.0831830e-04
     53    132 1.0000000e+00 1.9318460e-03 6.0764570e-04
     53    133 0.0000000e+00 1.1423330e-02 2.4008130e-03
     53    133 1.0000000e+00 3.5689020e-03 8.2414530e-04
     53    134 0.0000000e+00 2.1083050e-02 3.5126900e-03
     53    134 1.0000000e+00 1.6143140e-02 2.7591190e-03
     53    135 0.0000000e+00 3.3777290e-02 4.2287980e-03
     53    136 0.0000000e+00 1.3132490e-02 3.3869160e-03
     53    136 1.0000000e+00 2.5346270e-03 7.2196210e-04
     53    137 0.0000000e+00 1.5078210e-02 4.3795790e-03
     53    138 0.0000000e+00 3.8323010e-03 1.3053300e-03
     53    139 0.0000000e+00 8.8507790e-04 3.0843020e-04
     53    140 0.0000000e+00 2.7278890e-05 9.7031560e-06
     53    141 0.0000000e+00 1.7595790e-05 6.3390610e-06
     53    142 0.0000000e+00 2.7776950e-07 1.0317120e-07
     53    143 0.0000000e+00 7.6191740e-08 3.8095870e-08
     53    144 0.0000000e+00 1.4266190e-09 7.1331000e-10
     53    145 0.0000000e+00 2.4285800e-11 1.2142900e-11
     53    146 0.0000000e+00 2.2278500e-13 1.1139300e-13
     53    147 0.0000000e+00 0.0000000e+00 0.0000000e+00
     53    148 0.0000000e+00 0.0000000e+00 0.0000000e+00
     54    125 0.0000000e+00 0.0000000e+00 0.0000000e+00
     54    125 1.0000000e+00 0.0000000e+00 0.0000000e+00
     54    126 0.0000000e+00 0.0000000e+00 0.0000000e+00
     54    127 0.0000000e+00 0.0000000e+00 0.0000000e+00
     54    127 1.0000000e+00 0.0000000e+00 0.0000000e+00
     54    128 0.0000000e+00 0.0000000e+00 0.0000000e+00
     54    129 0.0000000e+00 1.8486000e-10 6.3133600e-11
     54    129 1.0000000e+00 6.0514300e-10 2.0667000e-10
     54    130 0.0000000e+00 1.5091700e-07 5.2094480e-08
     54    131 0.0000000e+00 1.6514160e-06 5.7494330e-07
     54    131 1.0000000e+00 6.1068100e-06 2.1260920e-06
     54    132 0.0000000e+00 1.9877200e-04 6.7883440e-05
     54    132 1.0000000e+00 5.7473240e-05 1.9631130e-05
     54    133 0.0000000e+00 1.5621430e-04 5.1936650e-05
     54    133 1.0000000e+00 4.7766940e-04 1.5876580e-04
     54    134 0.0000000e+00 2.8573020e-03 8.7464670e-04
     54    134 1.0000000e+00 2.5497480e-03 7.8103910e-04
     54    135 0.0000000e+00 5.3851980e-03 1.3301210e-03
     54    135 1.0000000e+00 1.3077490e-02 3.0375150e-03
     54    136 0.0000000e+00 2.8465280e-02 3.3182040e-03
     54    137 0.0000000e+00 3.7626880e-02 4.9858350e-03
     54    138 0.0000000e+00 3.1950530e-02 4.9351830e-03
     54    139 0.0000000e+00 1.9272870e-02 4.8707540e-03
     54    140 0.0000000e+00 3.3143410e-03 1.0822930e-03
     54    141 0.0000000e+00 2.2759430e-03 8.0691770e-04
     54    142 0.0000000e+00 1.7926590e-04 6.6439040e-05
     54    143 0.0000000e+00 7.3092840e-05 2.6641480e-05
     54    144 0.0000000e+00 5.0595510e-06 1.8645420e-06
     54    145 0.0000000e+00 2.3008420e-07 8.7449490e-08
     54    146 0.0000000e+00 7.1840690e-09 3.5920340e-09
     54    147 0.0000000e+00 1.1863200e-10 5.9315800e-11
     54    148 0.0000000e+00 3.0408900e-12 1.5204400e-12
     54    149 0.0000000e+00 0.0000000e+00 0.0000000e+00
     54    150 0.0000000e+00 0.0000000e+00 0.0000000e+00
     55    128 0.0000000e+00 0.0000000e+00 0.0000000e+00
     55    129 0.0000000e+00 2.4401900e-14 1.2200900e-14
     55    130 0.0000000e+00 0.0000000e+00 0.0000000e+00
     55    130 1.0000000e+00 0.0000000e+00 0.0000000e+00
     55    131 0.0000000e+00 3.0506570e-09 1.5253280e-09
     55    132 0.0000000e+00 2.3064700e-07 7.9074630e-08
     55    133 0.0000000e+00 2.0449950e-06 6.9246030e-07
     55    134 0.0000000e+00 3.0198460e-05 1.0443510e-05
     55    134 1.0000000e+00 2.5437170e-05 8.7970270e-06
     55    135 0.0000000e+00 7.0238250e-04 2.4285390e-04
     55    135 1.0000000e+00 2.5836390e-04 8.9360430e-05
     55    136 0.0000000e+00 2.2885070e-03 8.0033620e-04
     55    136 1.0000000e+00 1.1266140e-03 3.9530910e-04
     55    137 0.0000000e+00 9.7187290e-03 2.5025500e-03
     55    138 0.0000000e+00 7.7878040e-03 1.6555950e-03
     55    138 1.0000000e+00 1.2807770e-02 2.6612070e-03
     55    139 0.0000000e+00 3.9387840e-02 5.3733390e-03
     55    140 0.0000000e+00 2.5115580e-02 4.2944800e-03
     55    141 0.0000000e+00 2.3240370e-02 4.6159520e-03
     55    142 0.0000000e+00 6.0192440e-03 1.9430430e-03
     55    143 0.0000000e+00 4.5837830e-03 1.5698850e-03
     55    144 0.0000000e+00 8.7610530e-04 3.2048750e-04
     55    145 0.0000000e+00 1.3775900e-04 5.2302000e-05
     55    146 0.0000000e+00 1.1173400e-05 4.3456430e-06
     55    147 0.0000000e+00 6.4879300e-07 2.5451940e-07
     55    148 0.0000000e+00 4.0697360e-08 2.0348680e-08
     55    149 0.0000000e+00 1.5193670e-09 7.5968300e-10
     55    150 0.0000000e+00 1.8623200e-11 9.3115900e-12
     55    151 0.0000000e+00 1.0445200e-13 5.2225800e-14
     55    152 0.0000000e+00 0.0000000e+00 0.0000000e+00
     56    131 0.0000000e+00 6.8502900e-14 3.4251400e-14
     56    131 1.0000000e+00 0.0000000e+00 0.0000000e+00
     56    132 0.0000000e+00 7.5167400e-11 3.7583700e-11
     56    133 0.0000000e+00 4.3990400e-10 2.1995200e-10
     56    133 1.0000000e+00 0.0000000e+00 0.0000000e+00
     56    134 0.0000000e+00 4.6984230e-08 1.6265350e-08
     56    135 0.0000000e+00 1.1953980e-06 4.1685140e-07
     56    135 1.0000000e+00 2.6389550e-06 9.2020590e-07
     56    136 0.0000000e+00 2.2707150e-05 8.3357090e-06
     56    136 1.0000000e+00 2.2982200e-05 8.4368000e-06
     56    137 0.0000000e+00 7.1637980e-05 2.5063690e-05
     56    137 1.0000000e+00 1.1664020e-04 4.0809260e-05
     56    138 0.0000000e+00 1.6983760e-03 5.3663490e-04
     56    139 0.0000000e+00 8.3002580e-03 2.2466140e-03
     56    140 0.0000000e+00 2.5053240e-02 4.0182740e-03
     56    141 0.0000000e+00 2.3556420e-02 4.0348500e-03
     56    142 0.0000000e+00 2.3818930e-02 2.6073490e-03
     56    143 0.0000000e+00 2.4240740e-02 3.2756870e-03
     56    144 0.0000000e+00 1.4769360e-02 3.2842260e-03
     56    145 0.0000000e+00 5.5118500e-03 1.8398120e-03
     56    146 0.0000000e+00 1.4134540e-03 5.3254170e-04
     56    147 0.0000000e+00 2.2448430e-04 8.7515130e-05
     56    148 0.0000000e+00 4.3998720e-05 1.7500180e-05
     56    149 0.0000000e+00 3.9690270e-06 1.5621420e-06
     56    150 0.0000000e+00 1.8292700e-07 7.2140810e-08
     56    151 0.0000000e+00 3.0603890e-09 1.5301940e-09
     56    152 0.0000000e+00 1.0441500e-10 5.2207600e-11
     56    153 0.0000000e+00 2.0082200e-12 1.0041100e-12
     56    154 0.0000000e+00 9.0063700e-15 4.5031800e-15
     57    133 0.0000000e+00 0.0000000e+00 0.0000000e+00
     57    134 0.0000000e+00 0.0000000e+00 0.0000000e+00
     57    135 0.0000000e+00 1.0188590e-09 5.0943000e-10
     57    136 0.0000000e+00 1.3544350e-08 6.7721750e-09
     57    136 1.0000000e+00 1.9250680e-08 9.6253400e-09
     57    137 0.0000000e+00 2.6454140e-07 9.3653820e-08
     57    138 0.0000000e+00 7.0892020e-06 2.4662910e-06
     57    139 0.0000000e+00 1.5141260e-04 5.2691560e-05
     57    140 0.0000000e+00 1.8790110e-03 6.5278740e-04
     57    141 0.0000000e+00 2.3825030e-03 7.8970930e-04
     57    142 0.0000000e+00 7.4426220e-03 2.2504190e-03
     57    143 0.0000000e+00 1.3270570e-02 2.7294420e-03
     57    144 0.0000000e+00 1.8457360e-02 3.3205810e-03
     57    145 0.0000000e+00 1.9612420e-02 2.9259280e-03
     57    146 0.0000000e+00 4.5239940e-03 1.2607100e-03
     57    146 1.0000000e+00 6.5295480e-03 1.7439250e-03
     57    147 0.0000000e+00 5.4399790e-03 1.4764260e-03
     57    148 0.0000000e+00 2.3819550e-03 8.7913500e-04
     57    149 0.0000000e+00 6.4854970e-04 2.4894030e-04
     57    150 0.0000000e+00 8.7777430e-05 3.4443090e-05
     57    151 0.0000000e+00 5.5839240e-06 2.1284910e-06
     57    152 0.0000000e+00 4.5301990e-07 1.9984060e-07
     57    153 0.0000000e+00 2.8652290e-08 1.4326140e-08
     57    154 0.0000000e+00 3.8533500e-10 1.9266700e-10
     57    155 0.0000000e+00 4.5290400e-12 2.2645200e-12
     57    156 0.0000000e+00 2.4883700e-14 1.2441800e-14
     57    157 0.0000000e+00 0.0000000e+00 0.0000000e+00
     58    135 0.0000000e+00 0.0000000e+00 0.0000000e+00
     58    135 1.0000000e+00 0.0000000e+00 0.0000000e+00
     58    136 0.0000000e+00 0.0000000e+00 0.0000000e+00
     58    137 0.0000000e+00 2.4208700e-11 1.2104300e-11
     58    137 1.0000000e+00 0.0000000e+00 0.0000000e+00
     58    138 0.0000000e+00 3.3170700e-10 1.6585300e-10
     58    138 1.0000000e+00 2.3031330e-09 1.1515660e-09
     58    139 0.0000000e+00 4.8834680e-08 1.7093080e-08
     58    139 1.0000000e+00 1.1783640e-07 4.1246790e-08
     58    140 0.0000000e+00 1.4686260e-05 5.2247730e-06
     58    141 0.0000000e+00 1.9418540e-05 6.9795400e-06
     58    142 0.0000000e+00 2.7793120e-04 1.0198400e-04
     58    143 0.0000000e+00 6.8807190e-04 2.4214930e-04
     58    144 0.0000000e+00 3.0699030e-03 9.6541600e-04
     58    145 0.0000000e+00 7.2273080e-03 1.8459250e-03
     58    146 0.0000000e+00 1.1221200e-02 1.9090050e-03
     58    147 0.0000000e+00 1.2327510e-02 1.6211500e-03
     58    148 0.0000000e+00 1.4077180e-02 2.0310500e-03
     58    149 0.0000000e+00 8.1271420e-03 1.8341560e-03
     58    150 0.0000000e+00 3.6812810e-03 1.1072780e-03
     58    151 0.0000000e+00 9.4597370e-05 3.3643750e-05
     58    151 1.0000000e+00 5.4878940e-04 2.7165840e-04
     58    152 0.0000000e+00 1.6223050e-04 7.0376950e-05
     58    153 0.0000000e+00 2.5638350e-05 1.1290370e-05
     58    154 0.0000000e+00 1.3320200e-06 6.0668490e-07
     58    155 0.0000000e+00 4.4412810e-08 2.1655760e-08
     58    156 0.0000000e+00 8.9861400e-10 4.4930700e-10
     58    157 0.0000000e+00 1.6516300e-11 8.2581600e-12
     58    158 0.0000000e+00 2.0781400e-13 1.0390700e-13
     58    159 0.0000000e+00 0.0000000e+00 0.0000000e+00
     58    160 0.0000000e+00 0.0000000e+00 0.0000000e+00
     59    138 0.0000000e+00 0.0000000e+00 0.0000000e+00
     59    138 1.0000000e+00 0.0000000e+00 0.0000000e+00
     59    139 0.0000000e+00 1.1890600e-11 5.9453100e-12
     59    140 0.0000000e+00 5.0459070e-09 2.5229530e-09
     59    141 0.0000000e+00 1.0817000e-08 5.4085000e-09
     59    142 0.0000000e+00 1.7456310e-07 6.4834750e-08
     59    142 1.0000000e+00 4.0926090e-07 1.5201030e-07
     59    143 0.0000000e+00 2.7239610e-06 9.9314000e-07
     59    144 0.0000000e+00 7.9372890e-06 2.9251050e-06
     59    144 1.0000000e+00 2.4792450e-05 9.1366790e-06
     59    145 0.0000000e+00 2.4435430e-04 9.2911810e-05
     59    146 0.0000000e+00 8.6721800e-04 3.3394850e-04
     59    147 0.0000000e+00 2.8706180e-03 9.9534260e-04
     59    148 0.0000000e+00 5.9281550e-03 1.8345510e-03
     59    148 1.0000000e+00 7.1344010e-04 2.3489160e-04
     59    149 0.0000000e+00 9.8426820e-03 2.0215310e-03
     59    150 0.0000000e+00 1.0591300e-02 2.0690650e-03
     59    151 0.0000000e+00 5.9231710e-03 9.6994540e-04
     59    152 0.0000000e+00 3.1874480e-03 1.0865910e-03
     59    153 0.0000000e+00 1.5101980e-03 6.0407120e-04
     59    154 0.0000000e+00 2.2243240e-04 9.9061960e-05
     59    155 0.0000000e+00 2.7435920e-05 1.3315680e-05
     59    156 0.0000000e+00 1.5466760e-06 7.3303280e-07
     59    157 0.0000000e+00 1.0174870e-07 5.2805450e-08
     59    158 0.0000000e+00 3.3293580e-09 1.6646790e-09
     59    159 0.0000000e+00 8.6083500e-11 4.3041700e-11
     59    160 0.0000000e+00 8.7794700e-13 4.3897300e-13
     59    161 0.0000000e+00 5.3851700e-15 2.6925800e-15
     59    162 0.0000000e+00 0.0000000e+00 0.0000000e+00
     60    141 0.0000000e+00 3.2274400e-13 1.6137200e-13
     60    141 1.0000000e+00 0.0000000e+00 0.0000000e+00
     60    142 0.0000000e+00 1.0501000e-10 5.2505100e-11
     60    143 0.0000000e+00 7.1461500e-10 3.5730800e-10
     60    144 0.0000000e+00 3.1672290e-08 1.1672180e-08
     60    145 0.0000000e+00 6.1302280e-07 2.3305410e-07
     60    146 0.0000000e+00 6.9851120e-06 2.7211060e-06
     60    147 0.0000000e+00 5.8799640e-05 2.3146410e-05
     60    148 0.0000000e+00 3.8533970e-04 1.5462990e-04
     60    149 0.0000000e+00 1.2128720e-03 4.6333470e-04
     60    150 0.0000000e+00 4.0548490e-03 1.1999960e-03
     60    151 0.0000000e+00 5.3859070e-03 9.4974760e-04
     60    152 0.0000000e+00 7.5832800e-03 1.3166190e-03
     60    153 0.0000000e+00 7.5210440e-03 1.5243550e-03
     60    154 0.0000000e+00 3.6652990e-03 1.0119440e-03
     60    155 0.0000000e+00 1.1477770e-03 4.8655470e-04
     60    156 0.0000000e+00 2.1943250e-04 9.9248390e-05
     60    157 0.0000000e+00 3.9285740e-05 2.0208330e-05
     60    158 0.0000000e+00 4.2953890e-06 2.4919950e-06
     60    159 0.0000000e+00 2.7508610e-07 1.5565510e-07
     60    160 0.0000000e+00 1.0366820e-08 6.0346470e-09
     60    161 0.0000000e+00 1.8214100e-10 9.1070600e-11
     60    162 0.0000000e+00 4.1195700e-12 2.0597800e-12
     60    163 0.0000000e+00 6.7835400e-14 3.3917700e-14
     60    164 0.0000000e+00 0.0000000e+00 0.0000000e+00
     61    144 0.0000000e+00 1.4904900e-12 7.4524600e-13
     61    145 0.0000000e+00 1.0032200e-10 5.0161000e-11
     61    146 0.0000000e+00 2.9369360e-09 1.4684680e-09
     61    147 0.0000000e+00 8.6447480e-08 3.3914360e-08
     61    148 0.0000000e+00 3.9321300e-07 1.5657060e-07
     61    148 1.0000000e+00 9.2188030e-07 3.6707020e-07
     61    149 0.0000000e+00 1.2259970e-05 4.8288100e-06
     61    150 0.0000000e+00 1.1021450e-04 4.3472960e-05
     61    151 0.0000000e+00 4.8699130e-04 1.8172810e-04
     61    152 0.0000000e+00 5.5141300e-04 2.2643140e-04
     61    152 1.0000000e+00 8.6431790e-04 3.5367230e-04
     61    152 2.0000000e+00 0.0000000e+00 0.0000000e+00
     61    153 0.0000000e+00 3.8528790e-03 1.2230550e-03
     61    154 0.0000000e+00 1.0538720e-03 3.2890050e-04
     61    154 1.0000000e+00 3.3827370e-03 9.6932460e-04
     61    155 0.0000000e+00 4.2543870e-03 1.1485750e-03
     61    156 0.0000000e+00 1.9204540e-03 6.3589960e-04
     61    157 0.0000000e+00 1.0833520e-03 4.6236570e-04
     61    158 0.0000000e+00 2.8231450e-04 1.5333750e-04
     61    159 0.0000000e+00 5.5523990e-05 3.0825960e-05
     61    160 0.0000000e+00 5.9869820e-06 3.4696760e-06
     61    161 0.0000000e+00 3.8105880e-07 2.0578080e-07
     61    162 0.0000000e+00 2.0667950e-08 1.3448560e-08
     61    163 0.0000000e+00 1.0147640e-09 5.0738200e-10
     61    164 0.0000000e+00 1.2188900e-11 6.0944500e-12
     61    165 0.0000000e+00 1.1564600e-13 5.7822800e-14
     61    166 0.0000000e+00 6.4465300e-16 3.2232600e-16
     62    146 0.0000000e+00 1.0094200e-13 5.0470800e-14
     62    147 0.0000000e+00 8.1869400e-12 4.0934700e-12
     62    148 0.0000000e+00 3.8658400e-10 1.9329200e-10
     62    149 0.0000000e+00 8.5760800e-09 3.3758560e-09
     62    150 0.0000000e+00 2.8425660e-07 1.1210390e-07
     62    151 0.0000000e+00 3.4937070e-06 1.3320750e-06
     62    152 0.0000000e+00 2.9901840e-05 1.3163560e-05
     62    153 0.0000000e+00 7.8223430e-05 3.3697680e-05
     62    153 1.0000000e+00 1.0654470e-04 4.5897230e-05
     62    154 0.0000000e+00 7.0847720e-04 2.8437880e-04
     62    155 0.0000000e+00 1.5986100e-03 5.7633550e-04
     62    156 0.0000000e+00 2.1268880e-03 5.3745840e-04
     62    157 0.0000000e+00 2.7207400e-03 7.0019530e-04
     62    158 0.0000000e+00 1.9910440e-03 5.9707250e-04
     62    159 0.0000000e+00 8.5153300e-04 3.3548360e-04
     62    160 0.0000000e+00 3.0376760e-04 1.5128980e-04
     62    161 0.0000000e+00 5.1331200e-05 2.6275660e-05
     62    162 0.0000000e+00 8.3033880e-06 5.3643990e-06
     62    163 0.0000000e+00 9.5279730e-07 6.9331420e-07
     62    164 0.0000000e+00 3.9675110e-08 3.8779300e-08
     62    165 0.0000000e+00 9.8355500e-10 8.7413500e-10
     62    166 0.0000000e+00 1.8253400e-11 9.1266800e-12
     62    167 0.0000000e+00 2.2076100e-13 1.1038100e-13
     62    168 0.0000000e+00 0.0000000e+00 0.0000000e+00
     63    149 0.0000000e+00 3.7855300e-13 1.8927700e-13
     63    150 0.0000000e+00 0.0000000e+00 0.0000000e+00
     63    150 1.0000000e+00 0.0000000e+00 0.0000000e+00
     63    151 0.0000000e+00 1.7040370e-09 8.5201800e-10
     63    152 0.0000000e+00 1.7082300e-08 7.5349730e-09
     63    152 1.0000000e+00 1.9247600e-09 8.4903600e-10
     63    152 2.0000000e+00 1.5363670e-08 6.7773410e-09
     63    153 0.0000000e+00 6.7434090e-07 2.9775010e-07
     63    154 0.0000000e+00 3.8186810e-06 1.7449960e-06
     63    154 1.0000000e+00 3.4411640e-06 1.5724700e-06
     63    155 0.0000000e+00 5.5369100e-05 2.7302280e-05
     63    156 0.0000000e+00 1.8067940e-04 8.6857260e-05
     63    157 0.0000000e+00 6.9466850e-04 3.5044310e-04
     63    158 0.0000000e+00 1.0968400e-03 5.4742410e-04
     63    159 0.0000000e+00 1.2414830e-03 4.5715710e-04
     63    160 0.0000000e+00 1.0473060e-03 3.8274270e-04
     63    161 0.0000000e+00 5.4468450e-04 2.1110530e-04
     63    162 0.0000000e+00 1.8969570e-04 1.0740480e-04
     63    163 0.0000000e+00 5.9858430e-05 4.2162820e-05
     63    164 0.0000000e+00 6.4806100e-06 6.3196050e-06
     63    165 0.0000000e+00 5.3027780e-07 4.7121890e-07
     63    166 0.0000000e+00 2.4939930e-08 2.0186740e-08
     63    167 0.0000000e+00 1.0137600e-09 8.1510300e-10
     63    168 0.0000000e+00 5.9542400e-11 2.9771200e-11
     63    169 0.0000000e+00 8.7578000e-13 4.3789000e-13
     63    170 0.0000000e+00 8.5272100e-15 4.2636100e-15
     64    151 0.0000000e+00 5.2409200e-14 2.6204600e-14
     64    152 0.0000000e+00 3.2854500e-12 1.6427300e-12
     64    153 0.0000000e+00 1.6084400e-10 8.0422000e-11
     64    154 0.0000000e+00 6.6214110e-09 3.0158030e-09
     64    155 0.0000000e+00 1.4505900e-08 7.0727890e-09
     64    155 1.0000000e+00 1.2701270e-07 6.1927790e-08
     64    156 0.0000000e+00 1.5805750e-06 7.5035800e-07
     64    157 0.0000000e+00 1.5680490e-05 8.1474130e-06
     64    158 0.0000000e+00 7.4234580e-05 4.2981520e-05
     64    159 0.0000000e+00 1.8268010e-04 9.7831350e-05
     64    160 0.0000000e+00 4.7082000e-04 2.2478980e-04
     64    161 0.0000000e+00 5.6414250e-04 2.0494530e-04
     64    162 0.0000000e+00 5.0425300e-04 1.8777310e-04
     64    163 0.0000000e+00 3.1860890e-04 1.4330230e-04
     64    164 0.0000000e+00 1.0457880e-04 7.7631130e-05
     64    165 0.0000000e+00 2.0017820e-05 1.6671520e-05
     64    166 0.0000000e+00 2.9161950e-06 2.3238120e-06
     64    167 0.0000000e+00 2.9805870e-07 2.3957700e-07
     64    168 0.0000000e+00 4.4707850e-08 3.8542710e-08
     64    169 0.0000000e+00 1.8228240e-09 1.7836180e-09
     64    170 0.0000000e+00 6.1378000e-11 3.0689000e-11
     64    171 0.0000000e+00 1.1603700e-12 5.8018300e-13
     64    172 0.0000000e+00 2.6219200e-14 1.3109600e-14
     65    154 0.0000000e+00 0.0000000e+00 0.0000000e+00
     65    154 1.0000000e+00 0.0000000e+00 0.0000000e+00
     65    154 2.0000000e+00 0.0000000e+00 0.0000000e+00
     65    155 0.0000000e+00 2.3358300e-11 1.1679200e-11
     65    156 0.0000000e+00 3.1415800e-10 1.4901600e-10
     65    156 1.0000000e+00 3.5298600e-11 1.6742700e-11
     65    156 2.0000000e+00 3.7549500e-10 1.7809900e-10
     65    157 0.0000000e+00 2.5251000e-08 1.3104610e-08
     65    158 0.0000000e+00 1.2737880e-07 7.4058020e-08
     65    158 1.0000000e+00 1.4312280e-08 8.3211260e-09
     65    158 2.0000000e+00 1.5836080e-07 7.9180400e-08
     65    159 0.0000000e+00 2.2243900e-06 1.2575050e-06
     65    160 0.0000000e+00 1.5044600e-05 8.7297020e-06
     65    161 0.0000000e+00 5.7481890e-05 3.0490310e-05
     65    162 0.0000000e+00 1.0584930e-04 6.5933350e-05
     65    163 0.0000000e+00 1.6971510e-04 1.0367790e-04
     65    164 0.0000000e+00 1.2397100e-04 8.4376410e-05
     65    165 0.0000000e+00 6.6856670e-05 2.9617980e-05
     65    166 0.0000000e+00 2.1381620e-05 1.2721220e-05
     65    167 0.0000000e+00 6.5656360e-06 4.5798870e-06
     65    168 0.0000000e+00 1.8353490e-06 1.5310160e-06
     65    169 0.0000000e+00 2.5023990e-07 2.4437450e-07
     65    170 0.0000000e+00 2.2026300e-08 1.7849490e-08
     65    171 0.0000000e+00 1.4914510e-09 1.6609330e-09
     65    172 0.0000000e+00 7.9910600e-11 3.9955300e-11
     66    157 0.0000000e+00 2.6110800e-12 1.3055400e-12
     66    157 1.0000000e+00 0.0000000e+00 0.0000000e+00
     66    158 0.0000000e+00 1.0296500e-10 5.1482400e-11
     66    159 0.0000000e+00 1.8787370e-09 1.0631060e-09
     66    160 0.0000000e+00 4.5763890e-08 2.6613700e-08
     66    161 0.0000000e+00 4.6925860e-07 2.5340130e-07
     66    162 0.0000000e+00 2.4853330e-06 1.6153680e-06
     66    163 0.0000000e+00 8.4523430e-06 6.0768950e-06
     66    164 0.0000000e+00 1.8886870e-05 1.8021350e-05
     66    165 0.0000000e+00 2.0693260e-05 1.6921280e-05
     66    165 1.0000000e+00 1.7183430e-06 1.4601640e-06
     66    166 0.0000000e+00 1.9745560e-05 1.2170440e-05
     66    167 0.0000000e+00 1.3188420e-05 6.6162700e-06
     66    168 0.0000000e+00 8.4385080e-06 3.9623840e-06
     66    169 0.0000000e+00 2.7316190e-06 1.9905650e-06
     66    170 0.0000000e+00 7.3088200e-07 5.3307680e-07
     66    171 0.0000000e+00 1.2997960e-07 1.4386150e-07
     66    172 0.0000000e+00 2.0251490e-08 2.2657520e-08
     67    160 0.0000000e+00 0.0000000e+00 0.0000000e+00
     67    160 1.0000000e+00 0.0000000e+00 0.0000000e+00
     67    160 2.0000000e+00 0.0000000e+00 0.0000000e+00
     67    161 0.0000000e+00 2.2586800e-10 1.2197500e-10
     67    161 1.0000000e+00 3.4648700e-11 1.8711000e-11
     67    162 0.0000000e+00 9.6313400e-10 6.2670000e-10
     67    162 1.0000000e+00 2.2580420e-09 1.4692930e-09
     67    163 0.0000000e+00 2.7613040e-08 2.0092660e-08
     67    163 1.0000000e+00 4.2359150e-09 3.0823110e-09
     67    164 0.0000000e+00 5.4723850e-08 5.3483460e-08
     67    164 1.0000000e+00 1.2829880e-07 1.2538720e-07
     67    165 0.0000000e+00 6.7126050e-07 5.9569500e-07
     67    166 0.0000000e+00 4.0733250e-07 3.2595310e-07
     67    166 1.0000000e+00 9.5498410e-07 7.6394970e-07
     67    167 0.0000000e+00 2.6222710e-06 2.0583370e-06
     67    168 0.0000000e+00 2.1802070e-06 1.7923200e-06
     67    168 1.0000000e+00 7.9927610e-07 6.7186770e-07
     67    169 0.0000000e+00 2.8198250e-06 2.0626930e-06
     67    170 0.0000000e+00 1.6177060e-06 8.6143160e-07
     67    170 1.0000000e+00 1.1428180e-07 8.8233290e-08
     67    171 0.0000000e+00 9.3179550e-07 6.7271990e-07
     67    172 0.0000000e+00 3.0494590e-07 3.0222460e-07
     68    163 0.0000000e+00 7.8647200e-12 3.9323600e-12
     68    164 0.0000000e+00 1.5681100e-10 1.5327200e-10
     68    165 0.0000000e+00 1.4651590e-09 1.3021450e-09
     68    166 0.0000000e+00 9.3805450e-09 7.5919730e-09
     68    167 0.0000000e+00 3.8633000e-08 3.0886230e-08
     68    167 1.0000000e+00 5.9263990e-09 4.7381360e-09
     68    168 0.0000000e+00 1.2161600e-07 1.0408940e-07
     68    169 0.0000000e+00 2.8421850e-07 2.7445660e-07
     68    170 0.0000000e+00 5.1468710e-07 3.8656300e-07
     68    171 0.0000000e+00 6.5342570e-07 6.0242960e-07
     68    172 0.0000000e+00 5.5449810e-07 3.6411610e-07
     69    166 0.0000000e+00 5.2727500e-13 4.2678100e-13
     69    166 1.0000000e+00 2.8591100e-12 1.4295500e-12
     69    167 0.0000000e+00 5.3172900e-11 4.2752600e-11
     69    168 0.0000000e+00 2.8558800e-10 2.4620900e-10
     69    169 0.0000000e+00 2.2773490e-09 2.2282040e-09
     69    170 0.0000000e+00 1.0338060e-08 8.3718180e-09
     69    171 0.0000000e+00 4.3091230e-08 4.7826850e-08
     69    172 0.0000000e+00 7.6120470e-08 8.3586240e-08
     70    168 0.0000000e+00 5.5780100e-14 2.7890000e-14
     70    169 0.0000000e+00 1.0670400e-12 5.3351800e-13
     70    169 1.0000000e+00 1.6368600e-13 8.1842800e-14
     70    170 0.0000000e+00 1.8970400e-11 1.5373700e-11
     70    171 0.0000000e+00 4.0510000e-12 4.5114600e-12
     70    171 1.0000000e+00 2.1252500e-10 2.3668500e-10
     70    172 0.0000000e+00 1.1038860e-09 1.2353140e-09
     71    172 0.0000000e+00 4.3330200e-13 4.8503700e-13
     71    172 1.0000000e+00 4.3330200e-13 2.1665100e-13


