# header:
#   title: "Cm246 spontaneous fission product yield"
#   source: "ENDF"
#   creator: "Shin Okumura"
#   date: 2023-07-14
#   format: "YANDF-0.1"
# endf:
#   library: "jendl4.0"
#   author: "J. KATAKURA"
#   year: 2010
# target:
#   Z: 96
#   A: 246
#   nuclide: "Cm246"
# reaction:
#   type: "(n,f)"
#   Incident energy [MeV]:  0.000000e+00
# datablock:
#   quantity: "cumulative fission product yield"
#   columns: 4
#   entries: 1241
##   A      Z  ISO           Yield         dYield
##                           %/fission     %/fission
      1      1 0.0000000e+00 3.6888800e-05 5.9022000e-06
      1      2 0.0000000e+00 1.1273500e-05 1.6121100e-06
      1      3 0.0000000e+00 1.6083800e-04 1.2867000e-05
      2      3 0.0000000e+00 1.6083800e-04 1.2867000e-05
      2      4 0.0000000e+00 2.7126200e-03 1.6936200e-04
      2      6 0.0000000e+00 3.6898800e-05 5.4610300e-06
      2      8 0.0000000e+00 6.8979400e-07 1.7106900e-07
      3      6 0.0000000e+00 0.0000000e+00 0.0000000e+00
      3      7 0.0000000e+00 1.0451100e-06 1.7877400e-07
      3      9 0.0000000e+00 6.6525700e-07 1.5500500e-07
      4      9 0.0000000e+00 3.3595500e-07 7.8277400e-08
      4     10 0.0000000e+00 8.4000000e-06 1.4028000e-06
     23     66 0.0000000e+00 3.2020000e-17 2.0492800e-17
     24     66 0.0000000e+00 1.3797400e-12 8.8303300e-13
     24     67 0.0000000e+00 8.9080200e-13 5.7011400e-13
     24     68 0.0000000e+00 1.8896400e-14 1.2093700e-14
     24     69 0.0000000e+00 7.9844200e-16 5.1100300e-16
     24     70 0.0000000e+00 0.0000000e+00 0.0000000e+00
     25     66 0.0000000e+00 8.7121400e-10 5.5757700e-10
     25     67 0.0000000e+00 2.0405000e-09 1.3056000e-09
     25     68 0.0000000e+00 1.2399500e-10 7.9357000e-11
     25     69 0.0000000e+00 1.1797700e-11 7.5505600e-12
     25     70 0.0000000e+00 3.1993900e-13 2.0476100e-13
     25     71 0.0000000e+00 1.0098100e-14 6.4627700e-15
     25     72 0.0000000e+00 2.1021800e-16 1.3453900e-16
     25     73 0.0000000e+00 0.0000000e+00 0.0000000e+00
     26     66 0.0000000e+00 5.3561200e-08 3.4279200e-08
     26     67 0.0000000e+00 3.2897900e-07 2.1054600e-07
     26     68 0.0000000e+00 6.9710800e-08 4.4608100e-08
     26     69 0.0000000e+00 1.8408300e-08 1.1781300e-08
     26     70 0.0000000e+00 1.8299700e-09 1.1711800e-09
     26     71 0.0000000e+00 1.5997900e-10 1.0238700e-10
     26     72 0.0000000e+00 9.0582700e-12 5.7973000e-12
     26     73 0.0000000e+00 2.8794500e-13 1.8428500e-13
     26     74 0.0000000e+00 0.0000000e+00 0.0000000e+00
     26     75 0.0000000e+00 3.4847300e-16 2.2302200e-16
     26     76 0.0000000e+00 0.0000000e+00 0.0000000e+00
     27     66 0.0000000e+00 1.7353800e-07 1.1106400e-07
     27     67 0.0000000e+00 2.5685500e-06 1.6438700e-06
     27     68 0.0000000e+00 1.2494800e-06 7.9967100e-07
     27     69 0.0000000e+00 1.0482100e-06 6.7085600e-07
     27     70 0.0000000e+00 2.7477800e-07 1.7585800e-07
     27     71 0.0000000e+00 8.2244400e-08 5.2608100e-08
     27     72 0.0000000e+00 1.3106500e-08 8.3840100e-09
     27     73 0.0000000e+00 1.5200000e-09 9.7279900e-10
     27     74 0.0000000e+00 9.7281500e-11 6.2260200e-11
     27     75 0.0000000e+00 5.1490200e-12 3.2953800e-12
     27     76 0.0000000e+00 1.4497200e-13 9.2782300e-14
     27     77 0.0000000e+00 3.2605200e-15 2.0867300e-15
     27     78 0.0000000e+00 0.0000000e+00 0.0000000e+00
     28     66 0.0000000e+00 2.1483000e-07 9.6750200e-08
     28     67 0.0000000e+00 4.3382100e-06 2.7764500e-06
     28     68 0.0000000e+00 3.9389700e-06 2.5209300e-06
     28     69 0.0000000e+00 6.4671800e-06 4.1344200e-06
     28     70 0.0000000e+00 4.6739500e-06 2.9913200e-06
     28     71 0.0000000e+00 3.3116300e-06 2.1184000e-06
     28     72 0.0000000e+00 1.7327800e-06 1.1072000e-06
     28     73 0.0000000e+00 5.4241700e-07 3.4688100e-07
     28     74 0.0000000e+00 1.2307400e-07 7.8720100e-08
     28     75 0.0000000e+00 1.8501600e-08 1.1840000e-08
     28     76 0.0000000e+00 1.9097800e-09 1.2222600e-09
     28     77 0.0000000e+00 1.0398000e-10 6.6547500e-11
     28     78 0.0000000e+00 4.7691000e-12 3.0522200e-12
     28     79 0.0000000e+00 9.7437000e-14 6.2359800e-14
     28     80 0.0000000e+00 0.0000000e+00 0.0000000e+00
     28     81 0.0000000e+00 0.0000000e+00 0.0000000e+00
     28     82 0.0000000e+00 0.0000000e+00 0.0000000e+00
     29     66 0.0000000e+00 2.1534800e-07 9.7202300e-08
     29     67 0.0000000e+00 4.4110000e-06 1.9845000e-06
     29     68 0.0000000e+00 4.1799700e-06 2.6372800e-06
     29     68 1.0000000e+00 1.9028500e-07 1.2178200e-07
     29     69 0.0000000e+00 8.1068700e-06 5.1840100e-06
     29     70 0.0000000e+00 5.4302600e-06 3.0609900e-06
     29     70 1.0000000e+00 2.2811000e-06 1.4599000e-06
     29     71 0.0000000e+00 9.6104300e-06 6.1504100e-06
     29     72 0.0000000e+00 9.5512900e-06 6.1120100e-06
     29     73 0.0000000e+00 8.1809600e-06 5.2352100e-06
     29     74 0.0000000e+00 4.5622300e-06 2.9198200e-06
     29     75 0.0000000e+00 2.2780700e-06 1.4579600e-06
     29     76 0.0000000e+00 6.4278800e-07 4.1138500e-07
     29     77 0.0000000e+00 1.2508000e-07 8.0000100e-08
     29     78 0.0000000e+00 1.6301600e-08 1.0432000e-08
     29     79 0.0000000e+00 1.4397200e-09 9.2142300e-10
     29     80 0.0000000e+00 7.4285900e-11 4.7543000e-11
     29     81 0.0000000e+00 3.0294200e-12 1.9388300e-12
     29     82 0.0000000e+00 6.4187800e-14 4.1080200e-14
     29     83 0.0000000e+00 2.6773900e-15 1.7135300e-15
     29     84 0.0000000e+00 0.0000000e+00 0.0000000e+00
     30     66 0.0000000e+00 2.1534900e-07 9.7202300e-08
     30     67 0.0000000e+00 4.4112400e-06 1.9845000e-06
     30     68 0.0000000e+00 4.2135400e-06 1.8945000e-06
     30     69 0.0000000e+00 8.1564700e-06 3.6674800e-06
     30     69 1.0000000e+00 4.0283800e-08 2.5781600e-08
     30     70 0.0000000e+00 8.0073100e-06 3.6045100e-06
     30     71 0.0000000e+00 8.2880900e-06 5.3043800e-06
     30     71 1.0000000e+00 2.7684500e-06 1.7630300e-06
     30     72 0.0000000e+00 1.4850300e-05 9.5040100e-06
     30     73 0.0000000e+00 1.9948700e-05 1.2767200e-05
     30     74 0.0000000e+00 2.4628100e-05 1.5718500e-05
     30     75 0.0000000e+00 2.6283000e-05 1.6821100e-05
     30     76 0.0000000e+00 2.2179400e-05 1.4194800e-05
     30     77 0.0000000e+00 1.1013000e-05 7.0464100e-06
     30     78 0.0000000e+00 4.8953800e-06 3.1330300e-06
     30     79 0.0000000e+00 1.1912100e-06 7.6160200e-07
     30     80 0.0000000e+00 2.2203200e-07 1.4208000e-07
     30     81 0.0000000e+00 2.5898100e-08 1.6574800e-08
     30     82 0.0000000e+00 2.0296800e-09 1.2989900e-09
     30     83 0.0000000e+00 8.5383800e-11 5.4645700e-11
     30     84 0.0000000e+00 1.9196300e-12 1.2285600e-12
     30     85 0.0000000e+00 8.1197500e-14 5.1966400e-14
     30     86 0.0000000e+00 0.0000000e+00 0.0000000e+00
     31     67 0.0000000e+00 2.5795100e-14 1.6508800e-14
     31     68 0.0000000e+00 9.6281600e-13 6.1620300e-13
     31     69 0.0000000e+00 8.1565400e-06 3.6675200e-06
     31     70 0.0000000e+00 9.1482600e-10 5.8548900e-10
     31     71 0.0000000e+00 1.1070100e-05 4.9815100e-06
     31     72 0.0000000e+00 1.4993300e-05 9.5936100e-06
     31     73 0.0000000e+00 2.0948500e-05 1.3407100e-05
     31     74 0.0000000e+00 2.3095400e-05 1.4781000e-05
     31     74 1.0000000e+00 2.2328000e-05 1.2548300e-05
     31     75 0.0000000e+00 4.0560300e-05 2.5958500e-05
     31     76 0.0000000e+00 5.1193800e-05 3.2764100e-05
     31     77 0.0000000e+00 5.4225300e-05 3.4704200e-05
     31     78 0.0000000e+00 5.1500400e-05 3.2960300e-05
     31     79 0.0000000e+00 3.7747500e-05 2.4158300e-05
     31     80 0.0000000e+00 1.8111100e-05 1.1591100e-05
     31     81 0.0000000e+00 7.2745200e-06 4.6557000e-06
     31     82 0.0000000e+00 1.5917300e-06 1.0176000e-06
     31     83 0.0000000e+00 2.4203900e-07 1.5488000e-07
     31     84 0.0000000e+00 1.5698900e-08 1.0047300e-08
     31     85 0.0000000e+00 1.1997700e-09 7.6785500e-10
     31     86 0.0000000e+00 3.2193800e-11 2.0604100e-11
     31     87 0.0000000e+00 5.7999600e-13 3.7119800e-13
     31     88 0.0000000e+00 1.7680600e-14 1.1315600e-14
     31     89 0.0000000e+00 0.0000000e+00 0.0000000e+00
     32     69 0.0000000e+00 0.0000000e+00 0.0000000e+00
     32     70 0.0000000e+00 9.1132200e-10 5.8324600e-10
     32     71 0.0000000e+00 1.1137900e-11 7.1041100e-12
     32     72 0.0000000e+00 1.4993600e-05 6.7455100e-06
     32     73 0.0000000e+00 2.0955900e-05 9.4365300e-06
     32     73 1.0000000e+00 2.0866100e-05 9.4324700e-06
     32     74 0.0000000e+00 2.8778400e-05 1.2919700e-05
     32     75 0.0000000e+00 4.1474000e-05 1.8694300e-05
     32     75 1.0000000e+00 3.6729300e-06 1.6612900e-06
     32     76 0.0000000e+00 5.6992700e-05 2.5663500e-05
     32     77 0.0000000e+00 2.8341000e-05 1.8138200e-05
     32     77 1.0000000e+00 5.6914000e-05 3.2915400e-05
     32     78 0.0000000e+00 1.1486600e-04 7.3514400e-05
     32     79 0.0000000e+00 5.6698800e-05 3.4286200e-05
     32     79 1.0000000e+00 9.8307500e-05 6.2916800e-05
     32     80 0.0000000e+00 1.8438100e-04 1.1800500e-04
     32     81 0.0000000e+00 1.1488000e-04 7.3523400e-05
     32     81 1.0000000e+00 3.4758100e-05 2.7806500e-05
     32     82 0.0000000e+00 1.1868700e-04 7.5959900e-05
     32     83 0.0000000e+00 4.7872600e-05 3.0617600e-05
     32     84 0.0000000e+00 1.0837500e-05 6.9360100e-06
     32     85 0.0000000e+00 2.4007400e-06 1.5360000e-06
     32     86 0.0000000e+00 2.3498700e-07 1.5039200e-07
     32     87 0.0000000e+00 1.8496400e-08 1.1837700e-08
     32     88 0.0000000e+00 7.6185500e-10 4.8758700e-10
     32     89 0.0000000e+00 1.0758600e-11 6.8855500e-12
     32     90 0.0000000e+00 6.0213600e-13 3.8536700e-13
     32     91 0.0000000e+00 0.0000000e+00 0.0000000e+00
     33     72 0.0000000e+00 2.5795100e-14 1.6508800e-14
     33     73 0.0000000e+00 1.8396500e-12 1.1773700e-12
     33     74 0.0000000e+00 7.1586400e-11 4.5815300e-11
     33     75 0.0000000e+00 4.1477400e-05 1.8697600e-05
     33     76 0.0000000e+00 3.9692500e-08 2.5403100e-08
     33     77 0.0000000e+00 7.4905300e-05 3.3714100e-05
     33     78 0.0000000e+00 1.1852500e-04 7.5856400e-05
     33     79 0.0000000e+00 1.7114000e-04 1.0953000e-04
     33     80 0.0000000e+00 2.5217800e-04 1.6139400e-04
     33     81 0.0000000e+00 3.4418100e-04 2.2027500e-04
     33     82 0.0000000e+00 1.9821200e-04 1.2685600e-04
     33     82 1.0000000e+00 2.3985400e-04 1.5350700e-04
     33     83 0.0000000e+00 4.4224800e-04 2.8303900e-04
     33     84 0.0000000e+00 1.9754800e-04 1.2643100e-04
     33     84 1.0000000e+00 3.5423700e-05 2.2492900e-05
     33     85 0.0000000e+00 1.7042100e-04 1.0902400e-04
     33     86 0.0000000e+00 4.4810400e-05 2.8678400e-05
     33     87 0.0000000e+00 1.2851600e-05 8.2250300e-06
     33     88 0.0000000e+00 1.5404700e-06 9.8560200e-07
     33     89 0.0000000e+00 1.5896900e-07 1.0174000e-07
     33     90 0.0000000e+00 6.5848500e-09 4.2143000e-09
     33     91 0.0000000e+00 3.3859200e-11 2.1669900e-11
     33     92 0.0000000e+00 1.8214300e-12 1.1657200e-12
     33     93 0.0000000e+00 2.7907400e-13 1.7860700e-13
     33     94 0.0000000e+00 0.0000000e+00 0.0000000e+00
     33     95 0.0000000e+00 0.0000000e+00 0.0000000e+00
     34     74 0.0000000e+00 2.4339400e-11 9.3937200e-13
     34     75 0.0000000e+00 3.8992600e-13 2.4955200e-13
     34     76 0.0000000e+00 3.9709200e-08 2.5408000e-08
     34     77 0.0000000e+00 7.4906100e-05 2.3974400e-05
     34     77 1.0000000e+00 5.9182200e-06 1.8938300e-06
     34     78 0.0000000e+00 1.1854800e-04 5.3356600e-05
     34     79 0.0000000e+00 1.7147400e-04 7.7174700e-05
     34     79 1.0000000e+00 1.6759100e-04 7.7130000e-05
     34     80 0.0000000e+00 2.5590800e-04 1.1517300e-04
     34     81 0.0000000e+00 3.7061900e-04 1.7765200e-04
     34     81 1.0000000e+00 5.3577200e-05 3.3967400e-05
     34     82 0.0000000e+00 5.6916200e-04 2.5619900e-04
     34     83 0.0000000e+00 4.6229400e-04 2.9423800e-04
     34     83 1.0000000e+00 3.5011100e-04 2.2407100e-04
     34     84 0.0000000e+00 9.2345000e-04 5.9100800e-04
     34     85 0.0000000e+00 1.1810000e-03 6.8255700e-04
     34     86 0.0000000e+00 9.3662100e-04 5.9943700e-04
     34     87 0.0000000e+00 6.7702900e-04 4.3289000e-04
     34     88 0.0000000e+00 2.8029500e-04 1.7938900e-04
     34     89 0.0000000e+00 8.3893000e-05 5.3691600e-05
     34     90 0.0000000e+00 1.2887500e-05 8.2480200e-06
     34     91 0.0000000e+00 1.0798000e-06 6.9107100e-07
     34     92 0.0000000e+00 7.8485100e-08 5.0230500e-08
     34     93 0.0000000e+00 8.8998300e-09 5.6958900e-09
     34     94 0.0000000e+00 6.0188600e-11 3.8520700e-11
     34     95 0.0000000e+00 1.7733900e-12 1.1349700e-12
     34     96 0.0000000e+00 0.0000000e+00 0.0000000e+00
     35     77 0.0000000e+00 4.5491400e-14 2.9114400e-14
     35     77 1.0000000e+00 3.4846400e-14 2.2301600e-14
     35     78 0.0000000e+00 3.6593100e-12 2.3419500e-12
     35     79 0.0000000e+00 1.7147400e-04 7.7175100e-05
     35     79 1.0000000e+00 1.5026000e-10 9.6166800e-11
     35     80 0.0000000e+00 6.1488300e-09 3.9304800e-09
     35     80 1.0000000e+00 4.6177700e-09 2.9553700e-09
     35     81 0.0000000e+00 3.7079900e-04 1.7767000e-04
     35     82 0.0000000e+00 1.9981700e-06 1.2743300e-06
     35     82 1.0000000e+00 6.0177200e-07 3.8513400e-07
     35     83 0.0000000e+00 8.3083200e-04 3.7386500e-04
     35     84 0.0000000e+00 9.4963800e-04 6.0776800e-04
     35     84 1.0000000e+00 4.7167900e-05 3.0187400e-05
     35     85 0.0000000e+00 1.5839100e-03 7.1217200e-04
     35     86 0.0000000e+00 1.6871800e-03 9.1993700e-04
     35     87 0.0000000e+00 2.3573600e-03 1.5085300e-03
     35     88 0.0000000e+00 1.9772100e-03 1.2654200e-03
     35     89 0.0000000e+00 1.7688600e-03 1.1320700e-03
     35     90 0.0000000e+00 7.0521500e-04 4.5128400e-04
     35     91 0.0000000e+00 2.1309200e-04 1.3637900e-04
     35     92 0.0000000e+00 4.5349900e-05 2.9023900e-05
     35     93 0.0000000e+00 5.9788700e-06 3.8264800e-06
     35     94 0.0000000e+00 4.0798300e-07 2.6110900e-07
     35     95 0.0000000e+00 2.6203600e-08 1.6770300e-08
     35     96 0.0000000e+00 5.5789400e-10 3.5705300e-10
     35     97 0.0000000e+00 5.6432100e-12 3.6116500e-12
     35     98 0.0000000e+00 2.0000900e-13 1.2800500e-13
     35     99 0.0000000e+00 0.0000000e+00 0.0000000e+00
     35    100 0.0000000e+00 0.0000000e+00 0.0000000e+00
     36     79 0.0000000e+00 0.0000000e+00 0.0000000e+00
     36     79 1.0000000e+00 0.0000000e+00 0.0000000e+00
     36     80 0.0000000e+00 5.6393400e-09 2.8142200e-09
     36     81 0.0000000e+00 6.1598100e-11 3.9306700e-11
     36     81 1.0000000e+00 8.1925800e-12 5.2432500e-12
     36     82 0.0000000e+00 2.0155400e-06 1.2864100e-06
     36     83 0.0000000e+00 8.3090700e-04 2.6588500e-04
     36     83 1.0000000e+00 8.3068000e-04 3.7387400e-04
     36     84 0.0000000e+00 9.9783600e-04 4.4906500e-04
     36     85 0.0000000e+00 3.5421000e-04 1.5022800e-04
     36     85 1.0000000e+00 1.5839300e-03 7.1346400e-04
     36     86 0.0000000e+00 1.8386500e-03 5.8878900e-04
     36     87 0.0000000e+00 2.9200700e-03 1.3136000e-03
     36     88 0.0000000e+00 3.5922700e-03 1.6162800e-03
     36     89 0.0000000e+00 5.2533800e-03 3.3621700e-03
     36     90 0.0000000e+00 5.0155200e-03 3.2099300e-03
     36     91 0.0000000e+00 3.6470900e-03 2.3341300e-03
     36     92 0.0000000e+00 2.5516400e-03 1.6299200e-03
     36     93 0.0000000e+00 9.3580900e-04 5.9891800e-04
     36     94 0.0000000e+00 2.3565300e-04 1.5081800e-04
     36     95 0.0000000e+00 3.7962700e-05 2.4296100e-05
     36     96 0.0000000e+00 3.7198600e-06 2.3807000e-06
     36     97 0.0000000e+00 1.7996600e-07 1.1517800e-07
     36     98 0.0000000e+00 8.6183600e-09 5.5157500e-09
     36     99 0.0000000e+00 3.1382500e-11 2.0084900e-11
     36    100 0.0000000e+00 2.2895600e-12 1.4653200e-12
     36    101 0.0000000e+00 0.0000000e+00 0.0000000e+00
     36    102 0.0000000e+00 0.0000000e+00 0.0000000e+00
     37     81 0.0000000e+00 0.0000000e+00 0.0000000e+00
     37     81 1.0000000e+00 0.0000000e+00 0.0000000e+00
     37     82 0.0000000e+00 0.0000000e+00 0.0000000e+00
     37     82 1.0000000e+00 0.0000000e+00 0.0000000e+00
     37     83 0.0000000e+00 9.9980800e-12 6.3987800e-12
     37     84 0.0000000e+00 3.9464300e-10 2.5257100e-10
     37     84 1.0000000e+00 3.4418300e-10 2.7534700e-10
     37     85 0.0000000e+00 1.5992000e-03 5.1132800e-04
     37     86 0.0000000e+00 3.5493200e-07 2.0120200e-07
     37     86 1.0000000e+00 2.2822100e-07 1.4606200e-07
     37     87 0.0000000e+00 2.9269300e-03 1.3166800e-03
     37     88 0.0000000e+00 3.6473400e-03 1.6410600e-03
     37     89 0.0000000e+00 5.6856000e-03 2.5596600e-03
     37     90 0.0000000e+00 4.6935600e-03 3.0038800e-03
     37     90 1.0000000e+00 1.6513500e-03 1.0203900e-03
     37     91 0.0000000e+00 6.7001000e-03 4.2880600e-03
     37     92 0.0000000e+00 7.8878300e-03 3.5481100e-03
     37     93 0.0000000e+00 7.1518700e-03 3.2188900e-03
     37     94 0.0000000e+00 4.3154500e-03 2.7612800e-03
     37     95 0.0000000e+00 2.3398200e-03 1.4974900e-03
     37     96 0.0000000e+00 6.4783800e-04 4.1461600e-04
     37     97 0.0000000e+00 1.1763700e-04 7.5288100e-05
     37     98 0.0000000e+00 1.6395500e-05 1.0493100e-05
     37     99 0.0000000e+00 4.6370700e-07 2.9677200e-07
     37    100 0.0000000e+00 5.2592300e-08 3.3659100e-08
     37    101 0.0000000e+00 2.6429000e-10 1.6914600e-10
     37    102 0.0000000e+00 1.1647900e-11 7.4546200e-12
     37    103 0.0000000e+00 1.5708400e-12 1.0053400e-12
     37    104 0.0000000e+00 0.0000000e+00 0.0000000e+00
     37    105 0.0000000e+00 0.0000000e+00 0.0000000e+00
     38     83 0.0000000e+00 0.0000000e+00 0.0000000e+00
     38     84 0.0000000e+00 1.5798100e-11 8.5556500e-12
     38     85 0.0000000e+00 1.9882300e-12 1.2724700e-12
     38     85 1.0000000e+00 3.8344700e-13 2.4540600e-13
     38     86 0.0000000e+00 3.5503700e-07 2.2720000e-07
     38     87 0.0000000e+00 2.9269400e-03 9.3631300e-04
     38     87 1.0000000e+00 1.3063600e-09 8.3607100e-10
     38     88 0.0000000e+00 3.6475400e-03 1.1670400e-03
     38     89 0.0000000e+00 5.6902600e-03 2.5617500e-03
     38     90 0.0000000e+00 6.3498500e-03 2.8586600e-03
     38     91 0.0000000e+00 7.0026600e-03 3.1541900e-03
     38     92 0.0000000e+00 9.6758300e-03 3.0951400e-03
     38     93 0.0000000e+00 1.2252000e-02 5.5107400e-03
     38     94 0.0000000e+00 1.3616700e-02 6.1322400e-03
     38     95 0.0000000e+00 1.5340200e-02 3.5287500e-03
     38     96 0.0000000e+00 1.2461200e-02 2.8669200e-03
     38     97 0.0000000e+00 5.8738900e-03 2.6439100e-03
     38     98 0.0000000e+00 2.8150800e-03 1.8016500e-03
     38     99 0.0000000e+00 6.7174500e-04 4.2991700e-04
     38    100 0.0000000e+00 9.9110700e-05 6.3430900e-05
     38    101 0.0000000e+00 8.4283200e-06 5.3941300e-06
     38    102 0.0000000e+00 5.0190500e-07 3.2121800e-07
     38    103 0.0000000e+00 5.0095100e-08 3.2060900e-08
     38    104 0.0000000e+00 2.7994600e-10 1.7916600e-10
     38    105 0.0000000e+00 5.7311700e-12 3.6679600e-12
     38    106 0.0000000e+00 0.0000000e+00 0.0000000e+00
     38    107 0.0000000e+00 0.0000000e+00 0.0000000e+00
     39     86 0.0000000e+00 0.0000000e+00 0.0000000e+00
     39     86 1.0000000e+00 0.0000000e+00 0.0000000e+00
     39     87 0.0000000e+00 7.8095300e-15 4.9981000e-15
     39     87 1.0000000e+00 0.0000000e+00 0.0000000e+00
     39     88 0.0000000e+00 1.9596200e-11 1.2541600e-11
     39     89 0.0000000e+00 5.6902600e-03 1.8217000e-03
     39     89 1.0000000e+00 8.5494200e-07 3.8294200e-07
     39     90 0.0000000e+00 6.3499000e-03 2.8586800e-03
     39     90 1.0000000e+00 3.0400800e-08 1.9456500e-08
     39     91 0.0000000e+00 7.0038800e-03 3.1545600e-03
     39     91 1.0000000e+00 6.2333600e-03 3.3865500e-03
     39     92 0.0000000e+00 9.6953300e-03 3.1013800e-03
     39     93 0.0000000e+00 1.2443900e-02 5.6291700e-03
     39     93 1.0000000e+00 4.2524600e-03 2.7215700e-03
     39     94 0.0000000e+00 1.4610400e-02 4.6787400e-03
     39     95 0.0000000e+00 1.9618900e-02 4.5130400e-03
     39     96 0.0000000e+00 1.3397600e-02 3.0814500e-03
     39     96 1.0000000e+00 8.3352200e-03 3.7515400e-03
     39     97 0.0000000e+00 8.5482900e-03 1.9661100e-03
     39     97 1.0000000e+00 1.1222300e-02 7.1779200e-03
     39     98 0.0000000e+00 5.2579100e-03 2.3705700e-03
     39     98 1.0000000e+00 1.3680900e-02 6.1569700e-03
     39     99 0.0000000e+00 1.3505300e-02 3.1069800e-03
     39    100 0.0000000e+00 2.1797300e-04 9.8087600e-05
     39    100 1.0000000e+00 5.3903300e-03 4.3121000e-03
     39    101 0.0000000e+00 1.6586600e-03 1.0615400e-03
     39    102 0.0000000e+00 2.8990200e-04 1.8553700e-04
     39    103 0.0000000e+00 3.3653600e-05 2.1538200e-05
     39    104 0.0000000e+00 1.8999200e-06 1.2159500e-06
     39    105 0.0000000e+00 8.4683600e-08 5.4197500e-08
     39    106 0.0000000e+00 2.2158800e-10 1.4181600e-10
     39    107 0.0000000e+00 1.3806700e-11 8.8362600e-12
     39    108 0.0000000e+00 2.4827100e-13 1.5889400e-13
     39    109 0.0000000e+00 0.0000000e+00 0.0000000e+00
     40     88 0.0000000e+00 0.0000000e+00 0.0000000e+00
     40     89 0.0000000e+00 2.6962100e-14 1.7255700e-14
     40     89 1.0000000e+00 0.0000000e+00 0.0000000e+00
     40     90 0.0000000e+00 6.3499000e-03 2.0328400e-03
     40     90 1.0000000e+00 6.0942300e-11 3.9003000e-11
     40     91 0.0000000e+00 7.0038800e-03 2.2433700e-03
     40     92 0.0000000e+00 9.6953500e-03 3.1013900e-03
     40     93 0.0000000e+00 1.2444500e-02 5.5973900e-03
     40     94 0.0000000e+00 1.4622100e-02 4.6825000e-03
     40     95 0.0000000e+00 1.9759900e-02 3.1620700e-03
     40     96 0.0000000e+00 2.2785500e-02 5.2403400e-03
     40     97 0.0000000e+00 2.3991500e-02 2.6260500e-03
     40     98 0.0000000e+00 3.2304600e-02 7.5818300e-03
     40     99 0.0000000e+00 3.9477500e-02 9.0326800e-03
     40    100 0.0000000e+00 3.7972000e-02 8.6743000e-03
     40    101 0.0000000e+00 2.8585400e-02 6.5793800e-03
     40    102 0.0000000e+00 1.6383500e-02 3.7715000e-03
     40    103 0.0000000e+00 5.2693400e-03 2.3745400e-03
     40    104 0.0000000e+00 1.0961000e-03 7.0150500e-04
     40    105 0.0000000e+00 1.2268600e-04 7.8519300e-05
     40    106 0.0000000e+00 9.5481800e-06 6.1108400e-06
     40    107 0.0000000e+00 4.4030300e-07 2.8179400e-07
     40    108 0.0000000e+00 1.0698000e-08 6.8467300e-09
     40    109 0.0000000e+00 8.1197500e-11 5.1966400e-11
     40    110 0.0000000e+00 1.2997500e-12 8.3184200e-13
     40    111 0.0000000e+00 0.0000000e+00 0.0000000e+00
     40    112 0.0000000e+00 0.0000000e+00 0.0000000e+00
     41     90 0.0000000e+00 0.0000000e+00 0.0000000e+00
     41     91 0.0000000e+00 0.0000000e+00 0.0000000e+00
     41     91 1.0000000e+00 0.0000000e+00 0.0000000e+00
     41     92 0.0000000e+00 1.9154400e-13 1.2258800e-13
     41     92 1.0000000e+00 0.0000000e+00 0.0000000e+00
     41     93 0.0000000e+00 1.2444500e-02 3.9803600e-03
     41     93 1.0000000e+00 1.1822300e-02 5.3175200e-03
     41     94 0.0000000e+00 3.7315600e-09 2.3842500e-09
     41     94 1.0000000e+00 1.5443200e-09 9.8836800e-10
     41     95 0.0000000e+00 1.9750100e-02 3.1621300e-03
     41     95 1.0000000e+00 1.7787200e-04 3.7306000e-05
     41     96 0.0000000e+00 3.7093000e-06 2.3739500e-06
     41     97 0.0000000e+00 2.4042100e-02 2.6315400e-03
     41     97 1.0000000e+00 2.2801400e-02 2.5179200e-03
     41     98 0.0000000e+00 3.2665700e-02 7.6646800e-03
     41     98 1.0000000e+00 1.1093000e-04 7.0995000e-05
     41     99 0.0000000e+00 2.8247100e-02 5.0561700e-03
     41     99 1.0000000e+00 1.4768900e-02 3.7377700e-03
     41    100 0.0000000e+00 3.8966400e-02 1.9512100e-02
     41    100 1.0000000e+00 8.1400000e-03 2.6048000e-03
     41    101 0.0000000e+00 5.2326100e-02 8.3762100e-03
     41    102 0.0000000e+00 2.4856400e-02 5.7206200e-03
     41    102 1.0000000e+00 2.5554600e-02 1.6355000e-02
     41    103 0.0000000e+00 4.0278800e-02 9.2678100e-03
     41    104 0.0000000e+00 5.8335300e-03 3.7334400e-03
     41    104 1.0000000e+00 1.4288200e-02 9.1444500e-03
     41    105 0.0000000e+00 7.7920000e-03 3.5065900e-03
     41    106 0.0000000e+00 1.7669800e-03 1.1308700e-03
     41    107 0.0000000e+00 2.9579400e-04 1.8930800e-04
     41    108 0.0000000e+00 2.2936300e-05 1.4679200e-05
     41    109 0.0000000e+00 1.1997700e-06 7.6785500e-07
     41    110 0.0000000e+00 3.4794700e-08 2.2268600e-08
     41    111 0.0000000e+00 1.4703700e-10 9.4103600e-11
     41    112 0.0000000e+00 5.0582300e-12 3.2372700e-12
     41    113 0.0000000e+00 2.5480600e-13 1.6307600e-13
     41    114 0.0000000e+00 0.0000000e+00 0.0000000e+00
     41    115 0.0000000e+00 0.0000000e+00 0.0000000e+00
     42     92 0.0000000e+00 0.0000000e+00 0.0000000e+00
     42     93 0.0000000e+00 0.0000000e+00 0.0000000e+00
     42     93 1.0000000e+00 0.0000000e+00 0.0000000e+00
     42     94 0.0000000e+00 3.7393800e-09 2.3932000e-09
     42     95 0.0000000e+00 1.9760100e-02 3.1621000e-03
     42     96 0.0000000e+00 3.7104700e-06 2.3744000e-06
     42     97 0.0000000e+00 2.4042100e-02 2.6315600e-03
     42     98 0.0000000e+00 3.2778300e-02 5.3654300e-03
     42     99 0.0000000e+00 4.2470100e-02 3.3872300e-03
     42    100 0.0000000e+00 4.7436800e-02 7.5508800e-03
     42    101 0.0000000e+00 5.4672600e-02 8.7517300e-03
     42    102 0.0000000e+00 6.1242800e-02 9.8027700e-03
     42    103 0.0000000e+00 6.7343900e-02 1.0763900e-02
     42    104 0.0000000e+00 6.4938600e-02 1.4918800e-02
     42    105 0.0000000e+00 5.2310500e-02 1.2068000e-02
     42    106 0.0000000e+00 3.5948600e-02 8.2707400e-03
     42    107 0.0000000e+00 1.5688200e-02 3.6152900e-03
     42    108 0.0000000e+00 4.4269000e-03 2.8332100e-03
     42    109 0.0000000e+00 6.9123900e-04 4.4239200e-04
     42    110 0.0000000e+00 7.6390300e-05 4.8889800e-05
     42    111 0.0000000e+00 4.6891100e-06 3.0010200e-06
     42    112 0.0000000e+00 2.1795800e-07 1.3949300e-07
     42    113 0.0000000e+00 8.1259400e-09 5.2006000e-09
     42    114 0.0000000e+00 0.0000000e+00 0.0000000e+00
     42    115 0.0000000e+00 0.0000000e+00 0.0000000e+00
     42    116 0.0000000e+00 0.0000000e+00 0.0000000e+00
     42    117 0.0000000e+00 0.0000000e+00 0.0000000e+00
     43     95 0.0000000e+00 0.0000000e+00 0.0000000e+00
     43     95 1.0000000e+00 0.0000000e+00 0.0000000e+00
     43     96 0.0000000e+00 0.0000000e+00 0.0000000e+00
     43     96 1.0000000e+00 0.0000000e+00 0.0000000e+00
     43     97 0.0000000e+00 1.4397300e-12 9.2142600e-13
     43     97 1.0000000e+00 2.7066900e-13 1.7322800e-13
     43     98 0.0000000e+00 1.4797200e-10 9.4701900e-11
     43     99 0.0000000e+00 4.2468700e-02 3.3871400e-03
     43     99 1.0000000e+00 3.6949000e-02 2.9839700e-03
     43    100 0.0000000e+00 3.4693500e-07 2.2203700e-07
     43    101 0.0000000e+00 5.4682100e-02 8.7532500e-03
     43    102 0.0000000e+00 6.1268700e-02 9.8029900e-03
     43    102 1.0000000e+00 1.0075500e-04 1.6120700e-05
     43    103 0.0000000e+00 6.8423500e-02 7.5191700e-03
     43    104 0.0000000e+00 6.9560100e-02 1.5982000e-02
     43    105 0.0000000e+00 6.7293600e-02 1.0793300e-02
     43    106 0.0000000e+00 6.3985200e-02 1.0240200e-02
     43    107 0.0000000e+00 5.4392200e-02 1.2518900e-02
     43    108 0.0000000e+00 3.2609900e-02 7.5018100e-03
     43    109 0.0000000e+00 1.5830100e-02 3.6415200e-03
     43    110 0.0000000e+00 4.6843100e-03 2.9979600e-03
     43    111 0.0000000e+00 1.0699800e-03 6.8479200e-04
     43    112 0.0000000e+00 1.4667000e-04 9.3868800e-05
     43    113 0.0000000e+00 5.4589600e-06 3.4937400e-06
     43    114 0.0000000e+00 1.0398000e-12 6.6547400e-13
     43    115 0.0000000e+00 6.7959400e-15 4.3494000e-15
     43    116 0.0000000e+00 0.0000000e+00 0.0000000e+00
     43    117 0.0000000e+00 1.1655100e-18 7.4592200e-19
     43    118 0.0000000e+00 1.7955800e-20 1.1491700e-20
     43    119 0.0000000e+00 2.1381500e-14 1.3684200e-14
     43    120 0.0000000e+00 2.3202900e-17 1.4849900e-17
     44     98 0.0000000e+00 1.4797200e-10 2.8352300e-14
     44     99 0.0000000e+00 4.2470100e-02 3.3872400e-03
     44    100 0.0000000e+00 3.4696500e-07 2.2205700e-07
     44    101 0.0000000e+00 5.4682100e-02 8.7532500e-03
     44    102 0.0000000e+00 6.1367600e-02 6.7531600e-03
     44    103 0.0000000e+00 6.8426900e-02 5.4689700e-03
     44    104 0.0000000e+00 6.9614800e-02 1.1126700e-02
     44    105 0.0000000e+00 6.7801100e-02 7.4771200e-03
     44    106 0.0000000e+00 6.7287500e-02 1.0768700e-02
     44    107 0.0000000e+00 6.5867800e-02 1.0545300e-02
     44    108 0.0000000e+00 5.9053400e-02 9.4486000e-03
     44    109 0.0000000e+00 2.5974600e-02 1.6623700e-02
     44    109 1.0000000e+00 2.4556800e-02 1.5708300e-02
     44    110 0.0000000e+00 3.7569200e-02 8.6315800e-03
     44    111 0.0000000e+00 2.0942200e-02 4.8261600e-03
     44    112 0.0000000e+00 9.5351000e-03 4.2916200e-03
     44    113 0.0000000e+00 1.0504700e-03 6.7230100e-04
     44    114 0.0000000e+00 3.1893900e-06 2.0412100e-06
     44    115 0.0000000e+00 1.9996200e-07 1.2797500e-07
     44    116 0.0000000e+00 1.4997100e-09 9.5981700e-10
     44    117 0.0000000e+00 3.4293500e-11 2.1947800e-11
     44    118 0.0000000e+00 7.1386400e-13 4.5687300e-13
     44    119 0.0000000e+00 6.8187100e-10 4.3639800e-10
     44    120 0.0000000e+00 9.9981000e-13 6.3987900e-13
     44    121 0.0000000e+00 1.7931200e-15 1.1475900e-15
     44    122 0.0000000e+00 0.0000000e+00 0.0000000e+00
     44    123 0.0000000e+00 0.0000000e+00 0.0000000e+00
     44    124 0.0000000e+00 0.0000000e+00 0.0000000e+00
     45    100 0.0000000e+00 0.0000000e+00 0.0000000e+00
     45    100 1.0000000e+00 0.0000000e+00 0.0000000e+00
     45    101 0.0000000e+00 9.4563600e-16 0.0000000e+00
     45    101 1.0000000e+00 1.4775600e-14 9.4563700e-15
     45    102 0.0000000e+00 1.0699700e-12 6.8126400e-13
     45    102 1.0000000e+00 2.4950800e-12 1.5968500e-12
     45    103 0.0000000e+00 6.8426900e-02 5.4689700e-03
     45    103 1.0000000e+00 6.8255900e-02 5.4451300e-03
     45    104 0.0000000e+00 1.7429600e-08 1.1132900e-08
     45    104 1.0000000e+00 1.3102400e-08 8.3855800e-09
     45    105 0.0000000e+00 6.7801800e-02 5.4390300e-03
     45    105 1.0000000e+00 1.9323400e-02 2.2413200e-03
     45    106 0.0000000e+00 6.7291300e-02 1.0769300e-02
     45    106 1.0000000e+00 8.8028900e-06 5.6338500e-06
     45    107 0.0000000e+00 6.6025900e-02 1.0570600e-02
     45    108 0.0000000e+00 5.9306500e-02 9.4891000e-03
     45    108 1.0000000e+00 7.6338200e-04 4.8856400e-04
     45    109 0.0000000e+00 5.5041500e-02 3.5226600e-02
     45    110 0.0000000e+00 3.9582400e-02 9.0947200e-03
     45    110 1.0000000e+00 8.4724900e-03 3.8133600e-03
     45    111 0.0000000e+00 4.0796100e-02 6.5346000e-03
     45    112 0.0000000e+00 3.2043100e-02 7.3713200e-03
     45    113 0.0000000e+00 9.4478900e-03 4.2523700e-03
     45    114 0.0000000e+00 2.6012000e-03 1.6647700e-03
     45    115 0.0000000e+00 7.9476900e-04 5.0865200e-04
     45    116 0.0000000e+00 2.2027300e-05 1.4097500e-05
     45    117 0.0000000e+00 2.4295700e-06 1.5549200e-06
     45    118 0.0000000e+00 1.8096600e-07 1.1581800e-07
     45    119 0.0000000e+00 3.2862000e-07 2.1031600e-07
     45    120 0.0000000e+00 3.2203800e-09 2.0608000e-09
     45    121 0.0000000e+00 2.6494900e-11 1.6956700e-11
     45    122 0.0000000e+00 1.4097300e-13 9.0222800e-14
     45    123 0.0000000e+00 0.0000000e+00 0.0000000e+00
     45    124 0.0000000e+00 0.0000000e+00 0.0000000e+00
     45    125 0.0000000e+00 0.0000000e+00 0.0000000e+00
     45    126 0.0000000e+00 0.0000000e+00 0.0000000e+00
     45    127 0.0000000e+00 0.0000000e+00 0.0000000e+00
     45    128 0.0000000e+00 0.0000000e+00 0.0000000e+00
     46    102 0.0000000e+00 2.1399500e-13 7.1005000e-14
     46    103 0.0000000e+00 0.0000000e+00 0.0000000e+00
     46    104 0.0000000e+00 1.7368700e-08 7.7853100e-09
     46    105 0.0000000e+00 6.7801800e-02 5.4390300e-03
     46    106 0.0000000e+00 6.7300100e-02 1.0770700e-02
     46    107 0.0000000e+00 6.6026100e-02 1.0570600e-02
     46    107 1.0000000e+00 1.0452500e-07 6.6896300e-08
     46    108 0.0000000e+00 6.0073900e-02 9.6119100e-03
     46    109 0.0000000e+00 5.5094500e-02 3.5260400e-02
     46    109 1.0000000e+00 3.4622000e-05 2.2158000e-05
     46    110 0.0000000e+00 4.8491300e-02 7.7524900e-03
     46    111 0.0000000e+00 4.2643700e-02 6.8174000e-03
     46    111 1.0000000e+00 1.4647300e-03 9.3742900e-04
     46    112 0.0000000e+00 4.0180200e-02 6.4300600e-03
     46    113 0.0000000e+00 1.7143800e-02 5.4870700e-03
     46    114 0.0000000e+00 1.2290400e-02 3.9333000e-03
     46    115 0.0000000e+00 7.7915400e-03 2.4941400e-03
     46    116 0.0000000e+00 6.3626800e-04 4.0721200e-04
     46    117 0.0000000e+00 1.8981300e-04 1.2148100e-04
     46    118 0.0000000e+00 5.1151300e-05 3.2736900e-05
     46    119 0.0000000e+00 1.2546300e-05 8.0296300e-06
     46    120 0.0000000e+00 9.1004800e-07 5.8240100e-07
     46    121 0.0000000e+00 3.9219100e-08 2.5088000e-08
     46    122 0.0000000e+00 1.3698800e-09 8.7672300e-10
     46    123 0.0000000e+00 1.9796200e-11 1.2669600e-11
     46    124 0.0000000e+00 0.0000000e+00 0.0000000e+00
     46    125 0.0000000e+00 0.0000000e+00 0.0000000e+00
     46    126 0.0000000e+00 0.0000000e+00 0.0000000e+00
     46    127 0.0000000e+00 0.0000000e+00 0.0000000e+00
     46    128 0.0000000e+00 0.0000000e+00 0.0000000e+00
     46    129 0.0000000e+00 0.0000000e+00 0.0000000e+00
     46    130 0.0000000e+00 1.2997500e-14 8.3184200e-15
     46    131 0.0000000e+00 0.0000000e+00 0.0000000e+00
     47    105 0.0000000e+00 0.0000000e+00 0.0000000e+00
     47    105 1.0000000e+00 0.0000000e+00 0.0000000e+00
     47    106 0.0000000e+00 1.0074400e-14 6.4476100e-15
     47    106 1.0000000e+00 2.3619200e-14 1.5116300e-14
     47    107 0.0000000e+00 6.6026100e-02 7.2673300e-03
     47    107 1.0000000e+00 4.4234600e-12 2.8310100e-12
     47    108 0.0000000e+00 1.4684700e-10 8.9715700e-11
     47    108 1.0000000e+00 2.8595300e-10 1.8301000e-10
     47    109 0.0000000e+00 5.5094500e-02 3.5260400e-02
     47    109 1.0000000e+00 5.5067000e-02 3.5242900e-02
     47    110 0.0000000e+00 1.6441700e-07 1.0519500e-07
     47    110 1.0000000e+00 3.7356200e-07 2.3907900e-07
     47    111 0.0000000e+00 4.2750900e-02 6.8779900e-03
     47    111 1.0000000e+00 4.2683000e-02 6.8288500e-03
     47    112 0.0000000e+00 4.0288300e-02 4.4325700e-03
     47    113 0.0000000e+00 1.7400400e-02 5.3127000e-03
     47    113 1.0000000e+00 3.2344200e-04 1.0350200e-04
     47    114 0.0000000e+00 1.2419300e-02 3.9745500e-03
     47    115 0.0000000e+00 6.2376500e-03 1.9028100e-03
     47    115 1.0000000e+00 2.4010200e-03 7.6857600e-04
     47    116 0.0000000e+00 6.6127700e-04 3.8797600e-04
     47    116 1.0000000e+00 5.1401600e-05 3.2897000e-05
     47    117 0.0000000e+00 2.0154800e-04 1.1838000e-04
     47    117 1.0000000e+00 5.4991900e-05 3.5194900e-05
     47    118 0.0000000e+00 6.9316100e-05 2.9111100e-05
     47    118 1.0000000e+00 2.8048400e-05 1.7950900e-05
     47    119 0.0000000e+00 3.5221900e-05 2.2542000e-05
     47    120 0.0000000e+00 6.0766300e-06 3.7300000e-06
     47    120 1.0000000e+00 4.8124900e-06 3.0799900e-06
     47    121 0.0000000e+00 2.0988200e-06 1.3432500e-06
     47    122 0.0000000e+00 3.4030500e-07 2.0135100e-07
     47    123 0.0000000e+00 3.0314000e-08 1.9401000e-08
     47    124 0.0000000e+00 2.7094800e-13 1.7340700e-13
     47    125 0.0000000e+00 7.0186700e-14 4.4919500e-14
     47    126 0.0000000e+00 1.9896200e-14 1.2733600e-14
     47    127 0.0000000e+00 0.0000000e+00 0.0000000e+00
     47    128 0.0000000e+00 0.0000000e+00 0.0000000e+00
     47    129 0.0000000e+00 8.4949200e-17 5.4367500e-17
     47    130 0.0000000e+00 8.7084700e-10 5.5734300e-10
     47    131 0.0000000e+00 1.2885300e-11 8.2466100e-12
     47    132 0.0000000e+00 3.0859900e-13 1.9750300e-13
     47    133 0.0000000e+00 0.0000000e+00 0.0000000e+00
     48    108 0.0000000e+00 1.4266100e-10 9.1303100e-11
     48    109 0.0000000e+00 5.6089400e-13 3.5897200e-13
     48    110 0.0000000e+00 5.3246000e-07 3.4048100e-07
     48    111 0.0000000e+00 4.3049700e-02 6.8952300e-03
     48    111 1.0000000e+00 2.6253500e-09 1.6802200e-09
     48    112 0.0000000e+00 4.0288500e-02 4.4325900e-03
     48    113 0.0000000e+00 1.7239200e-02 5.5428300e-03
     48    113 1.0000000e+00 2.7953200e-04 1.0072700e-04
     48    114 0.0000000e+00 1.2419300e-02 3.9745600e-03
     48    115 0.0000000e+00 7.7198300e-03 1.7358900e-03
     48    115 1.0000000e+00 4.1465100e-04 1.3268900e-04
     48    116 0.0000000e+00 7.0962100e-04 2.2711700e-04
     48    117 0.0000000e+00 2.1104600e-04 8.8056400e-05
     48    117 1.0000000e+00 4.2275900e-05 1.9024100e-05
     48    118 0.0000000e+00 8.6041600e-05 2.7539200e-05
     48    119 0.0000000e+00 2.7793200e-05 1.2237700e-05
     48    119 1.0000000e+00 1.2367800e-05 5.5655300e-06
     48    120 0.0000000e+00 1.9718100e-05 1.2619600e-05
     48    121 0.0000000e+00 5.1233500e-06 3.2789400e-06
     48    121 1.0000000e+00 7.3025600e-06 4.6736400e-06
     48    122 0.0000000e+00 8.9981900e-06 5.7588400e-06
     48    123 0.0000000e+00 3.3595200e-06 2.1500900e-06
     48    124 0.0000000e+00 1.2597600e-07 8.0624800e-08
     48    125 0.0000000e+00 7.9984800e-08 5.1190300e-08
     48    126 0.0000000e+00 7.1186500e-08 4.5559400e-08
     48    127 0.0000000e+00 4.2192000e-08 2.7002800e-08
     48    128 0.0000000e+00 1.3597400e-08 8.7023400e-09
     48    129 0.0000000e+00 2.4995200e-09 1.5996900e-09
     48    130 0.0000000e+00 4.6699900e-06 2.9887800e-06
     48    131 0.0000000e+00 4.1092200e-07 2.6299000e-07
     48    132 0.0000000e+00 1.3297500e-08 8.5103800e-09
     48    133 0.0000000e+00 8.3904100e-11 5.3698600e-11
     48    134 0.0000000e+00 8.5083800e-13 5.4453700e-13
     48    135 0.0000000e+00 0.0000000e+00 0.0000000e+00
     48    136 0.0000000e+00 0.0000000e+00 0.0000000e+00
     49    110 0.0000000e+00 0.0000000e+00 0.0000000e+00
     49    110 1.0000000e+00 0.0000000e+00 0.0000000e+00
     49    111 0.0000000e+00 2.2479400e-14 1.4386800e-14
     49    111 1.0000000e+00 0.0000000e+00 0.0000000e+00
     49    112 0.0000000e+00 4.1972100e-12 2.6862100e-12
     49    112 1.0000000e+00 3.3913400e-12 2.1704500e-12
     49    113 0.0000000e+00 1.7518300e-02 4.0299900e-03
     49    113 1.0000000e+00 3.5957500e-11 2.3012800e-11
     49    114 0.0000000e+00 0.0000000e+00 0.0000000e+00
     49    114 1.0000000e+00 0.0000000e+00 0.0000000e+00
     49    115 0.0000000e+00 7.7484900e-03 1.1243300e-04
     49    115 1.0000000e+00 7.7198600e-03 2.5323800e-04
     49    116 0.0000000e+00 0.0000000e+00 0.0000000e+00
     49    116 1.0000000e+00 0.0000000e+00 0.0000000e+00
     49    116 2.0000000e+00 0.0000000e+00 0.0000000e+00
     49    117 0.0000000e+00 1.5083300e-04 5.2227000e-05
     49    117 1.0000000e+00 1.9374200e-04 1.8281600e-05
     49    118 0.0000000e+00 8.6041600e-05 2.7539200e-05
     49    118 1.0000000e+00 2.3275200e-13 1.3017000e-13
     49    118 2.0000000e+00 7.4788300e-14 4.7864400e-14
     49    119 0.0000000e+00 1.6431800e-05 7.3943300e-06
     49    119 1.0000000e+00 2.5187800e-05 1.0378800e-05
     49    120 0.0000000e+00 1.9958400e-05 1.1742300e-05
     49    120 1.0000000e+00 5.3553100e-07 3.4274100e-07
     49    121 0.0000000e+00 9.7770300e-06 5.3410700e-06
     49    121 1.0000000e+00 5.6804700e-06 3.6355000e-06
     49    122 0.0000000e+00 1.1263700e-05 7.2087500e-06
     49    122 1.0000000e+00 9.8655700e-06 5.5550100e-06
     49    123 0.0000000e+00 1.4242000e-05 9.1149100e-06
     49    123 1.0000000e+00 5.3743600e-06 2.8971100e-06
     49    124 0.0000000e+00 1.0302100e-05 6.5933700e-06
     49    124 1.0000000e+00 9.1701500e-06 5.8689000e-06
     49    125 0.0000000e+00 2.7512000e-05 1.7607700e-05
     49    125 1.0000000e+00 6.4014900e-06 4.0908400e-06
     49    126 0.0000000e+00 3.5261600e-05 2.2567400e-05
     49    126 1.0000000e+00 3.1846900e-05 2.0382000e-05
     49    127 0.0000000e+00 1.0111700e-04 6.4713100e-05
     49    127 1.0000000e+00 2.3401600e-05 1.4977000e-05
     49    128 0.0000000e+00 6.1622800e-05 3.9438600e-05
     49    128 1.0000000e+00 5.5518600e-05 3.5531900e-05
     49    129 0.0000000e+00 7.7858500e-05 4.9829400e-05
     49    129 1.0000000e+00 1.8025800e-05 1.1536500e-05
     49    130 0.0000000e+00 8.8231800e-04 4.7765200e-04
     49    131 0.0000000e+00 1.3065100e-04 8.3617300e-05
     49    131 1.0000000e+00 3.0158600e-05 1.9301500e-05
     49    131 2.0000000e+00 7.2543900e-05 5.8035200e-05
     49    132 0.0000000e+00 2.4578600e-05 1.5730300e-05
     49    133 0.0000000e+00 1.2397700e-06 7.9345200e-07
     49    134 0.0000000e+00 2.6695700e-08 1.7085300e-08
     49    135 0.0000000e+00 1.1882100e-10 7.6045300e-11
     49    136 0.0000000e+00 3.3493700e-12 2.1435900e-12
     49    137 0.0000000e+00 0.0000000e+00 0.0000000e+00
     49    138 0.0000000e+00 0.0000000e+00 0.0000000e+00
     50    113 0.0000000e+00 0.0000000e+00 0.0000000e+00
     50    113 1.0000000e+00 0.0000000e+00 0.0000000e+00
     50    114 0.0000000e+00 0.0000000e+00 0.0000000e+00
     50    115 0.0000000e+00 8.1344800e-03 2.7092200e-06
     50    116 0.0000000e+00 0.0000000e+00 0.0000000e+00
     50    117 0.0000000e+00 2.5332200e-04 9.7643400e-08
     50    117 1.0000000e+00 2.2625000e-06 1.4480000e-06
     50    118 0.0000000e+00 8.6041600e-05 1.8480900e-08
     50    119 0.0000000e+00 4.0209200e-05 1.2870400e-05
     50    119 1.0000000e+00 1.6434400e-07 7.3955000e-08
     50    120 0.0000000e+00 2.0497300e-05 6.5019100e-06
     50    121 0.0000000e+00 1.5227700e-05 9.7457200e-06
     50    121 1.0000000e+00 1.1003400e-06 6.0728300e-07
     50    122 0.0000000e+00 2.2529100e-05 9.2831300e-06
     50    123 0.0000000e+00 7.0295900e-06 4.2325400e-06
     50    123 1.0000000e+00 2.1885000e-05 1.0065700e-05
     50    124 0.0000000e+00 4.3587700e-05 2.7896000e-05
     50    125 0.0000000e+00 5.0541800e-05 3.2346800e-05
     50    125 1.0000000e+00 5.0578900e-05 2.7280600e-05
     50    126 0.0000000e+00 3.4197000e-04 2.1886100e-04
     50    127 0.0000000e+00 6.4834300e-04 4.1494000e-04
     50    127 1.0000000e+00 3.7019900e-04 2.0278200e-04
     50    128 0.0000000e+00 2.3237600e-03 1.4872100e-03
     50    129 0.0000000e+00 1.4087600e-03 9.0160400e-04
     50    129 1.0000000e+00 3.2142200e-03 2.0479100e-03
     50    130 0.0000000e+00 3.8771900e-03 2.2602100e-03
     50    130 1.0000000e+00 7.0516100e-03 4.5130300e-03
     50    131 0.0000000e+00 2.8734400e-03 1.8390000e-03
     50    131 1.0000000e+00 6.6529000e-03 4.2141900e-03
     50    132 0.0000000e+00 4.1003600e-03 2.6242000e-03
     50    133 0.0000000e+00 7.1480400e-04 4.5747400e-04
     50    134 0.0000000e+00 6.8363700e-05 4.3752800e-05
     50    135 0.0000000e+00 3.7892800e-06 2.4251300e-06
     50    136 0.0000000e+00 1.3197800e-07 8.4466100e-08
     50    137 0.0000000e+00 2.3895400e-09 1.5293100e-09
     50    138 0.0000000e+00 3.3093800e-11 2.1179900e-11
     50    139 0.0000000e+00 9.3377200e-13 5.9761300e-13
     50    140 0.0000000e+00 0.0000000e+00 0.0000000e+00
     51    116 0.0000000e+00 0.0000000e+00 0.0000000e+00
     51    116 1.0000000e+00 0.0000000e+00 0.0000000e+00
     51    117 0.0000000e+00 0.0000000e+00 0.0000000e+00
     51    118 0.0000000e+00 0.0000000e+00 0.0000000e+00
     51    118 1.0000000e+00 0.0000000e+00 0.0000000e+00
     51    119 0.0000000e+00 0.0000000e+00 0.0000000e+00
     51    120 0.0000000e+00 2.1224100e-13 1.3583400e-13
     51    120 1.0000000e+00 3.0166000e-13 1.9306300e-13
     51    121 0.0000000e+00 1.5474300e-05 6.9660100e-06
     51    122 0.0000000e+00 7.1486500e-09 4.5653800e-09
     51    122 1.0000000e+00 3.7959300e-09 2.4293900e-09
     51    123 0.0000000e+00 2.9182200e-05 1.3135500e-05
     51    124 0.0000000e+00 5.4925500e-08 3.5152300e-08
     51    124 1.0000000e+00 4.9046600e-08 2.8545100e-08
     51    124 2.0000000e+00 1.6393700e-08 1.0491900e-08
     51    125 0.0000000e+00 1.0162300e-04 4.5742600e-05
     51    126 0.0000000e+00 4.9955000e-05 2.2415800e-05
     51    126 1.0000000e+00 3.4588200e-04 2.2136500e-04
     51    127 0.0000000e+00 1.0534600e-03 4.7402600e-04
     51    128 0.0000000e+00 1.5575400e-04 9.9682000e-05
     51    128 1.0000000e+00 2.4394400e-03 1.5612400e-03
     51    129 0.0000000e+00 4.9625500e-03 2.3902000e-03
     51    129 1.0000000e+00 6.4255000e-04 3.8547100e-04
     51    130 0.0000000e+00 9.4929700e-03 5.2346400e-03
     51    130 1.0000000e+00 8.0341100e-03 5.1418300e-03
     51    131 0.0000000e+00 2.8603200e-02 6.5776100e-03
     51    132 0.0000000e+00 1.7272400e-02 4.0564200e-03
     51    132 1.0000000e+00 9.6969800e-03 5.6705800e-03
     51    133 0.0000000e+00 1.6390400e-02 3.7706400e-03
     51    134 0.0000000e+00 1.4822400e-03 9.4805300e-04
     51    134 1.0000000e+00 3.3413500e-03 2.1384700e-03
     51    135 0.0000000e+00 1.1291400e-03 7.2265300e-04
     51    136 0.0000000e+00 1.2788700e-04 8.1848100e-05
     51    137 0.0000000e+00 9.5305700e-06 6.0992100e-06
     51    138 0.0000000e+00 4.0495700e-07 2.5917200e-07
     51    139 0.0000000e+00 1.3797400e-08 8.8303400e-09
     51    140 0.0000000e+00 7.1929000e-11 4.6034600e-11
     51    141 0.0000000e+00 5.2081200e-12 3.3331900e-12
     51    142 0.0000000e+00 6.9840700e-14 4.4698000e-14
     51    143 0.0000000e+00 0.0000000e+00 0.0000000e+00
     52    119 0.0000000e+00 0.0000000e+00 0.0000000e+00
     52    119 1.0000000e+00 0.0000000e+00 0.0000000e+00
     52    120 0.0000000e+00 0.0000000e+00 0.0000000e+00
     52    121 0.0000000e+00 0.0000000e+00 0.0000000e+00
     52    121 1.0000000e+00 0.0000000e+00 0.0000000e+00
     52    122 0.0000000e+00 6.9796200e-09 4.4354900e-09
     52    123 0.0000000e+00 5.9593000e-10 3.8139500e-10
     52    123 1.0000000e+00 4.5644900e-10 2.9212700e-10
     52    124 0.0000000e+00 6.7187300e-08 4.2944200e-08
     52    125 0.0000000e+00 1.0162300e-04 3.2528000e-05
     52    125 1.0000000e+00 3.5567900e-05 1.6344800e-05
     52    126 0.0000000e+00 3.4741400e-04 1.5588800e-04
     52    127 0.0000000e+00 1.0499500e-03 4.7220800e-04
     52    127 1.0000000e+00 1.4643300e-04 7.8999300e-05
     52    128 0.0000000e+00 2.5074100e-03 1.1288200e-03
     52    129 0.0000000e+00 5.3377800e-03 1.7035100e-03
     52    129 1.0000000e+00 4.7694000e-04 2.1462300e-04
     52    130 0.0000000e+00 1.8137100e-02 5.7407600e-03
     52    131 0.0000000e+00 2.8094800e-02 4.6922100e-03
     52    131 1.0000000e+00 6.5752200e-03 3.6141400e-03
     52    132 0.0000000e+00 4.5904900e-02 3.6729700e-03
     52    133 0.0000000e+00 2.9164600e-02 6.2622900e-03
     52    133 1.0000000e+00 2.8239800e-02 8.4598600e-03
     52    134 0.0000000e+00 4.3690500e-02 1.0043800e-02
     52    135 0.0000000e+00 2.7801600e-02 6.4052100e-03
     52    136 0.0000000e+00 1.1635700e-02 2.6749200e-03
     52    137 0.0000000e+00 2.6061100e-03 1.6679100e-03
     52    138 0.0000000e+00 4.1547600e-04 2.6590500e-04
     52    139 0.0000000e+00 4.1216000e-05 2.6378200e-05
     52    140 0.0000000e+00 3.0994100e-06 1.9836200e-06
     52    141 0.0000000e+00 1.6609000e-07 1.0629800e-07
     52    142 0.0000000e+00 3.0094200e-09 1.9260300e-09
     52    143 0.0000000e+00 1.8200900e-11 1.1648600e-11
     52    144 0.0000000e+00 1.8180800e-12 1.1635800e-12
     52    145 0.0000000e+00 0.0000000e+00 0.0000000e+00
     53    122 0.0000000e+00 0.0000000e+00 0.0000000e+00
     53    123 0.0000000e+00 4.2791900e-14 2.7386800e-14
     53    124 0.0000000e+00 0.0000000e+00 0.0000000e+00
     53    125 0.0000000e+00 0.0000000e+00 0.0000000e+00
     53    126 0.0000000e+00 0.0000000e+00 0.0000000e+00
     53    127 0.0000000e+00 1.0534700e-03 7.6834100e-08
     53    128 0.0000000e+00 0.0000000e+00 0.0000000e+00
     53    129 0.0000000e+00 5.5094700e-03 1.8197800e-03
     53    130 0.0000000e+00 1.6878600e-06 1.0802300e-06
     53    130 1.0000000e+00 5.3002600e-07 3.3921700e-07
     53    131 0.0000000e+00 3.3260800e-02 2.6605400e-03
     53    132 0.0000000e+00 4.6501700e-02 2.9761100e-02
     53    132 1.0000000e+00 2.7307500e-04 1.7476800e-04
     53    133 0.0000000e+00 5.6988500e-02 3.6472600e-02
     53    133 1.0000000e+00 4.3296700e-03 2.7710000e-03
     53    134 0.0000000e+00 5.7543500e-02 1.3222200e-02
     53    134 1.0000000e+00 5.9315100e-03 3.7961600e-03
     53    135 0.0000000e+00 6.1369000e-02 4.9144400e-03
     53    136 0.0000000e+00 2.2722700e-02 5.2243600e-03
     53    136 1.0000000e+00 2.6363800e-02 6.0647900e-03
     53    137 0.0000000e+00 3.1334400e-02 7.2084800e-03
     53    138 0.0000000e+00 1.2655000e-02 2.9115100e-03
     53    139 0.0000000e+00 4.2587800e-03 2.7249300e-03
     53    140 0.0000000e+00 8.9679200e-04 5.7394700e-04
     53    141 0.0000000e+00 1.1157900e-04 7.1410500e-05
     53    142 0.0000000e+00 9.3712300e-06 5.9968100e-06
     53    143 0.0000000e+00 2.6893700e-07 1.7211900e-07
     53    144 0.0000000e+00 1.9882300e-08 1.2724700e-08
     53    145 0.0000000e+00 5.0475300e-11 3.2304200e-11
     53    146 0.0000000e+00 1.0975000e-12 7.0239800e-13
     53    147 0.0000000e+00 0.0000000e+00 0.0000000e+00
     53    148 0.0000000e+00 0.0000000e+00 0.0000000e+00
     54    125 0.0000000e+00 0.0000000e+00 0.0000000e+00
     54    126 0.0000000e+00 0.0000000e+00 0.0000000e+00
     54    127 0.0000000e+00 0.0000000e+00 0.0000000e+00
     54    127 1.0000000e+00 0.0000000e+00 0.0000000e+00
     54    128 0.0000000e+00 0.0000000e+00 0.0000000e+00
     54    129 0.0000000e+00 5.5094700e-03 1.5631600e-04
     54    129 1.0000000e+00 0.0000000e+00 0.0000000e+00
     54    130 0.0000000e+00 1.7731100e-06 1.1347900e-06
     54    131 0.0000000e+00 3.3260800e-02 2.6605400e-03
     54    131 1.0000000e+00 3.6589700e-04 1.0645400e-04
     54    132 0.0000000e+00 4.6542100e-02 3.7239500e-03
     54    133 0.0000000e+00 5.7043300e-02 3.6507800e-02
     54    133 1.0000000e+00 1.6800700e-03 1.0752400e-03
     54    134 0.0000000e+00 5.8349400e-02 9.3327500e-03
     54    134 1.0000000e+00 6.0569700e-04 3.7608800e-04
     54    135 0.0000000e+00 6.6175400e-02 7.2877100e-03
     54    135 1.0000000e+00 1.3567300e-02 4.1369600e-03
     54    136 0.0000000e+00 6.9701900e-02 7.6629100e-03
     54    137 0.0000000e+00 6.5161600e-02 1.0432200e-02
     54    138 0.0000000e+00 5.8529900e-02 1.3467300e-02
     54    139 0.0000000e+00 4.2251500e-02 9.7199500e-03
     54    140 0.0000000e+00 2.7021000e-02 6.2162300e-03
     54    141 0.0000000e+00 8.7558400e-03 3.9411200e-03
     54    142 0.0000000e+00 2.5722600e-03 1.6462500e-03
     54    143 0.0000000e+00 1.1435100e-04 7.3184200e-05
     54    143 1.0000000e+00 2.7527600e-04 1.7617600e-04
     54    144 0.0000000e+00 3.8912600e-05 2.4904000e-05
     54    145 0.0000000e+00 1.6096900e-06 1.0302000e-06
     54    146 0.0000000e+00 4.7291000e-08 3.0266200e-08
     54    147 0.0000000e+00 3.9843600e-11 2.5499900e-11
     54    148 0.0000000e+00 5.5289500e-12 3.5385300e-12
     54    149 0.0000000e+00 2.8256600e-13 1.8084200e-13
     54    150 0.0000000e+00 0.0000000e+00 0.0000000e+00
     55    128 0.0000000e+00 0.0000000e+00 0.0000000e+00
     55    129 0.0000000e+00 0.0000000e+00 0.0000000e+00
     55    130 0.0000000e+00 0.0000000e+00 0.0000000e+00
     55    131 0.0000000e+00 9.9181200e-13 6.3475900e-13
     55    132 0.0000000e+00 1.8796400e-10 1.2029700e-10
     55    133 0.0000000e+00 5.7043400e-02 4.5640900e-03
     55    134 0.0000000e+00 9.4982000e-07 6.0788500e-07
     55    134 1.0000000e+00 4.0272400e-07 2.5774300e-07
     55    135 0.0000000e+00 6.6205300e-02 7.2896500e-03
     55    135 1.0000000e+00 1.1148000e-05 7.1347600e-06
     55    136 0.0000000e+00 3.4349400e-04 2.1983600e-04
     55    136 1.0000000e+00 1.2709300e-04 8.1339300e-05
     55    137 0.0000000e+00 6.7541800e-02 1.0813100e-02
     55    138 0.0000000e+00 6.5494200e-02 1.4907800e-02
     55    138 1.0000000e+00 4.6012000e-03 2.9447700e-03
     55    139 0.0000000e+00 6.1848200e-02 9.8977800e-03
     55    140 0.0000000e+00 5.8160000e-02 9.3074600e-03
     55    141 0.0000000e+00 3.9816200e-02 9.1598000e-03
     55    142 0.0000000e+00 2.5139900e-02 5.7857200e-03
     55    143 0.0000000e+00 1.2009600e-02 2.7605700e-03
     55    144 0.0000000e+00 3.3664700e-03 2.1540800e-03
     55    145 0.0000000e+00 5.2491000e-04 3.3594300e-04
     55    146 0.0000000e+00 4.8758100e-05 3.1205100e-05
     55    147 0.0000000e+00 5.8872800e-07 3.7678600e-07
     55    148 0.0000000e+00 7.9190500e-08 5.0681900e-08
     55    149 0.0000000e+00 4.1751800e-09 2.6721200e-09
     55    150 0.0000000e+00 1.8496500e-11 1.1837700e-11
     55    151 0.0000000e+00 4.9794500e-13 3.1868500e-13
     55    152 0.0000000e+00 0.0000000e+00 0.0000000e+00
     56    131 0.0000000e+00 0.0000000e+00 0.0000000e+00
     56    132 0.0000000e+00 3.5149300e-12 6.1508400e-13
     56    133 0.0000000e+00 3.1752500e-14 2.0321600e-14
     56    133 1.0000000e+00 0.0000000e+00 0.0000000e+00
     56    134 0.0000000e+00 9.4993400e-07 6.0795800e-07
     56    135 0.0000000e+00 6.6205400e-02 7.2892300e-03
     56    135 1.0000000e+00 8.9065100e-09 5.7001700e-09
     56    136 0.0000000e+00 3.4411500e-04 2.2019600e-04
     56    136 1.0000000e+00 5.5394300e-05 2.9863900e-05
     56    137 0.0000000e+00 6.7555200e-02 7.4355100e-03
     56    137 1.0000000e+00 6.3971600e-02 1.0230600e-02
     56    138 0.0000000e+00 6.6529100e-02 1.0648700e-02
     56    139 0.0000000e+00 6.2913300e-02 1.0068200e-02
     56    140 0.0000000e+00 6.3630900e-02 7.0013800e-03
     56    141 0.0000000e+00 5.2959800e-02 8.4745400e-03
     56    142 0.0000000e+00 5.3765100e-02 8.6053900e-03
     56    143 0.0000000e+00 4.6983600e-02 1.0806400e-02
     56    144 0.0000000e+00 3.5738700e-02 8.2212300e-03
     56    145 0.0000000e+00 1.4031800e-02 3.2281700e-03
     56    146 0.0000000e+00 4.7014400e-03 3.0089200e-03
     56    147 0.0000000e+00 8.5268100e-04 5.4571500e-04
     56    148 0.0000000e+00 9.4484900e-05 6.0470400e-05
     56    149 0.0000000e+00 6.0488500e-06 3.8712700e-06
     56    150 0.0000000e+00 2.7696500e-07 1.7725800e-07
     56    151 0.0000000e+00 1.5879800e-08 1.0163100e-08
     56    152 0.0000000e+00 1.2497600e-10 7.9984800e-11
     56    153 0.0000000e+00 2.0502400e-12 1.3121500e-12
     56    154 0.0000000e+00 1.2697600e-14 8.1264500e-15
     57    133 0.0000000e+00 0.0000000e+00 0.0000000e+00
     57    134 0.0000000e+00 0.0000000e+00 0.0000000e+00
     57    135 0.0000000e+00 1.6696800e-13 1.0686000e-13
     57    136 0.0000000e+00 0.0000000e+00 0.0000000e+00
     57    137 0.0000000e+00 2.5295200e-09 1.6188900e-09
     57    138 0.0000000e+00 9.1582600e-08 5.8612900e-08
     57    139 0.0000000e+00 6.2915600e-02 1.0068600e-02
     57    140 0.0000000e+00 6.3663200e-02 7.0049300e-03
     57    141 0.0000000e+00 5.3229200e-02 8.5176500e-03
     57    142 0.0000000e+00 5.5283300e-02 8.8483400e-03
     57    143 0.0000000e+00 5.3042200e-02 8.4870500e-03
     57    144 0.0000000e+00 4.9695300e-02 7.9526000e-03
     57    145 0.0000000e+00 3.2259600e-02 5.1627100e-03
     57    146 0.0000000e+00 1.0399400e-02 6.6556300e-03
     57    146 1.0000000e+00 1.0262700e-02 6.5681400e-03
     57    147 0.0000000e+00 1.1095700e-02 2.5525600e-03
     57    148 0.0000000e+00 3.3083900e-03 2.1173600e-03
     57    149 0.0000000e+00 7.8942400e-04 5.0523100e-04
     57    150 0.0000000e+00 1.0486700e-04 6.7110500e-05
     57    151 0.0000000e+00 1.0667900e-05 6.8274900e-06
     57    152 0.0000000e+00 5.1302800e-07 3.2832100e-07
     57    153 0.0000000e+00 3.0294200e-08 1.9388300e-08
     57    154 0.0000000e+00 5.6190600e-10 3.5962000e-10
     57    155 0.0000000e+00 2.8216000e-12 1.8058200e-12
     57    156 0.0000000e+00 8.9099100e-14 5.7023500e-14
     57    157 0.0000000e+00 2.1506900e-15 1.3764400e-15
     58    135 0.0000000e+00 0.0000000e+00 0.0000000e+00
     58    136 0.0000000e+00 0.0000000e+00 0.0000000e+00
     58    137 0.0000000e+00 2.5663900e-15 1.6424900e-15
     58    137 1.0000000e+00 0.0000000e+00 0.0000000e+00
     58    138 0.0000000e+00 3.0776000e-08 1.7902300e-08
     58    139 0.0000000e+00 3.1524000e-10 2.0175300e-10
     58    139 1.0000000e+00 2.2287400e-10 1.4264000e-10
     58    140 0.0000000e+00 6.3663200e-02 7.0049400e-03
     58    141 0.0000000e+00 5.3229600e-02 5.8559300e-03
     58    142 0.0000000e+00 5.5291900e-02 8.8497200e-03
     58    143 0.0000000e+00 5.3140100e-02 5.8456200e-03
     58    144 0.0000000e+00 5.0506200e-02 5.5566400e-03
     58    145 0.0000000e+00 3.5088700e-02 8.0722000e-03
     58    146 0.0000000e+00 2.8887800e-02 6.6445700e-03
     58    147 0.0000000e+00 2.4703300e-02 3.9532100e-03
     58    148 0.0000000e+00 1.7062400e-02 3.9259000e-03
     58    149 0.0000000e+00 9.5755300e-03 4.3103900e-03
     58    150 0.0000000e+00 4.0362100e-03 2.5831700e-03
     58    151 0.0000000e+00 1.0843200e-03 6.9396500e-04
     58    152 0.0000000e+00 1.8398800e-04 1.1775200e-04
     58    153 0.0000000e+00 3.0144500e-05 1.9292500e-05
     58    154 0.0000000e+00 2.0201700e-06 1.2928000e-06
     58    155 0.0000000e+00 8.9982900e-08 5.7589100e-08
     58    156 0.0000000e+00 3.8392700e-09 2.4571300e-09
     58    157 0.0000000e+00 6.8587000e-11 4.3895700e-11
     58    158 0.0000000e+00 8.9882900e-13 5.7525100e-13
     58    159 0.0000000e+00 1.7863500e-14 1.1432600e-14
     58    160 0.0000000e+00 0.0000000e+00 0.0000000e+00
     59    138 0.0000000e+00 0.0000000e+00 0.0000000e+00
     59    138 1.0000000e+00 0.0000000e+00 0.0000000e+00
     59    139 0.0000000e+00 0.0000000e+00 0.0000000e+00
     59    140 0.0000000e+00 2.2095800e-13 1.4141300e-13
     59    141 0.0000000e+00 5.3229600e-02 5.8559300e-03
     59    142 0.0000000e+00 1.2697600e-09 6.9770800e-10
     59    142 1.0000000e+00 8.9010100e-10 5.6966500e-10
     59    143 0.0000000e+00 5.3140200e-02 5.8456300e-03
     59    144 0.0000000e+00 5.0507100e-02 5.5567900e-03
     59    144 1.0000000e+00 7.6392200e-04 8.4031400e-05
     59    145 0.0000000e+00 3.5107600e-02 5.6184700e-03
     59    146 0.0000000e+00 2.9050200e-02 6.6819400e-03
     59    147 0.0000000e+00 2.5692200e-02 2.8266400e-03
     59    148 0.0000000e+00 1.7570700e-02 1.1245300e-02
     59    148 1.0000000e+00 2.1392400e-03 1.3691100e-03
     59    149 0.0000000e+00 1.5056300e-02 4.8193400e-03
     59    150 0.0000000e+00 9.8832500e-03 4.4480300e-03
     59    151 0.0000000e+00 5.9344300e-03 3.7980400e-03
     59    152 0.0000000e+00 2.2432400e-03 1.4356800e-03
     59    153 0.0000000e+00 1.1242000e-03 7.1949200e-04
     59    154 0.0000000e+00 1.9585300e-04 1.2534600e-04
     59    155 0.0000000e+00 3.1184000e-05 1.9957800e-05
     59    156 0.0000000e+00 3.6131600e-06 2.3104000e-06
     59    157 0.0000000e+00 2.3402400e-07 1.4976000e-07
     59    158 0.0000000e+00 8.8592100e-09 5.6699000e-09
     59    159 0.0000000e+00 2.6395000e-10 1.6892800e-10
     59    160 0.0000000e+00 4.2891900e-12 2.7450700e-12
     59    161 0.0000000e+00 3.8875500e-14 2.4880200e-14
     59    162 0.0000000e+00 7.6801600e-16 4.9153000e-16
     60    141 0.0000000e+00 0.0000000e+00 0.0000000e+00
     60    142 0.0000000e+00 1.2695700e-09 8.1252600e-10
     60    143 0.0000000e+00 5.3140200e-02 5.8456300e-03
     60    144 0.0000000e+00 5.0507600e-02 5.5568000e-03
     60    145 0.0000000e+00 3.5107600e-02 5.6184700e-03
     60    146 0.0000000e+00 2.9050500e-02 6.6820100e-03
     60    147 0.0000000e+00 2.5698300e-02 2.0562300e-03
     60    148 0.0000000e+00 1.9772500e-02 4.5493500e-03
     60    149 0.0000000e+00 1.5427200e-02 4.9380600e-03
     60    150 0.0000000e+00 1.1180000e-02 3.5780900e-03
     60    151 0.0000000e+00 8.5056800e-03 3.8283900e-03
     60    152 0.0000000e+00 5.4898500e-03 3.5135100e-03
     60    153 0.0000000e+00 5.0642600e-03 3.2411300e-03
     60    154 0.0000000e+00 2.2940200e-03 1.4681700e-03
     60    155 0.0000000e+00 8.8331000e-04 5.6531800e-04
     60    156 0.0000000e+00 3.1999300e-04 2.0479500e-04
     60    157 0.0000000e+00 5.5343600e-05 3.5419900e-05
     60    158 0.0000000e+00 7.3474600e-06 4.7023800e-06
     60    159 0.0000000e+00 6.1614700e-07 3.9424100e-07
     60    160 0.0000000e+00 3.6697400e-08 2.3486200e-08
     60    161 0.0000000e+00 1.2397600e-09 7.9344800e-10
     60    162 0.0000000e+00 3.3093700e-11 2.1179900e-11
     60    163 0.0000000e+00 4.4491600e-13 2.8474500e-13
     60    164 0.0000000e+00 0.0000000e+00 0.0000000e+00
     61    144 0.0000000e+00 0.0000000e+00 0.0000000e+00
     61    145 0.0000000e+00 1.2897500e-13 8.2544300e-14
     61    146 0.0000000e+00 1.4997100e-11 9.5981700e-12
     61    147 0.0000000e+00 2.5698300e-02 2.0562300e-03
     61    148 0.0000000e+00 1.3777200e-08 8.7926700e-09
     61    148 1.0000000e+00 2.9156000e-08 1.8659800e-08
     61    149 0.0000000e+00 1.5428200e-02 4.9383800e-03
     61    150 0.0000000e+00 9.9681100e-06 6.3795900e-06
     61    151 0.0000000e+00 8.5735800e-03 3.8589500e-03
     61    152 0.0000000e+00 5.5231300e-03 2.4858900e-03
     61    152 1.0000000e+00 1.3994000e-04 8.9561700e-05
     61    152 2.0000000e+00 4.7160900e-05 3.0183000e-05
     61    153 0.0000000e+00 5.8785000e-03 2.6458200e-03
     61    154 0.0000000e+00 3.1567100e-03 1.4206500e-03
     61    154 1.0000000e+00 1.3464000e-04 8.6169400e-05
     61    155 0.0000000e+00 2.0862700e-03 1.3352200e-03
     61    156 0.0000000e+00 1.3236200e-03 8.4711800e-04
     61    157 0.0000000e+00 5.8899200e-04 3.7695500e-04
     61    158 0.0000000e+00 1.8547300e-04 1.1870400e-04
     61    159 0.0000000e+00 5.0576700e-05 3.2369000e-05
     61    160 0.0000000e+00 8.1051600e-06 5.1840100e-06
     61    161 0.0000000e+00 9.7305500e-07 6.2272100e-07
     61    162 0.0000000e+00 7.3419100e-08 4.6976100e-08
     61    163 0.0000000e+00 3.6197600e-09 2.3166400e-09
     61    164 0.0000000e+00 1.0897900e-10 6.9746700e-11
     61    165 0.0000000e+00 2.3595500e-12 1.5101100e-12
     61    166 0.0000000e+00 1.4037700e-14 8.9841600e-15
     62    146 0.0000000e+00 5.0990200e-12 1.4098700e-13
     62    147 0.0000000e+00 2.5698300e-02 2.0562300e-03
     62    148 0.0000000e+00 4.1594300e-08 2.6620300e-08
     62    149 0.0000000e+00 1.5428200e-02 4.9383800e-03
     62    150 0.0000000e+00 9.9751000e-06 6.3840600e-06
     62    151 0.0000000e+00 8.5737200e-03 3.8590200e-03
     62    152 0.0000000e+00 5.7118600e-03 2.5708400e-03
     62    153 0.0000000e+00 5.8945900e-03 2.6530700e-03
     62    154 0.0000000e+00 3.3560400e-03 1.5103700e-03
     62    155 0.0000000e+00 2.2830300e-03 1.0277100e-03
     62    156 0.0000000e+00 1.8030200e-03 8.1151300e-04
     62    157 0.0000000e+00 1.1705900e-03 7.4918000e-04
     62    158 0.0000000e+00 7.4892600e-04 4.7931300e-04
     62    159 0.0000000e+00 4.1909700e-04 2.6822200e-04
     62    160 0.0000000e+00 1.9279000e-04 1.2338600e-04
     62    161 0.0000000e+00 5.7692300e-05 3.6923100e-05
     62    162 0.0000000e+00 1.4590600e-05 9.3376100e-06
     62    163 0.0000000e+00 1.9632400e-06 1.2564800e-06
     62    164 0.0000000e+00 2.1206800e-07 1.3572400e-07
     62    165 0.0000000e+00 1.3099900e-08 8.3839100e-09
     62    166 0.0000000e+00 6.0488500e-10 3.8712700e-10
     62    167 0.0000000e+00 1.7396200e-11 1.1133500e-11
     62    168 0.0000000e+00 2.5395100e-13 1.6252900e-13
     63    149 0.0000000e+00 0.0000000e+00 0.0000000e+00
     63    150 0.0000000e+00 0.0000000e+00 0.0000000e+00
     63    150 1.0000000e+00 0.0000000e+00 0.0000000e+00
     63    151 0.0000000e+00 8.5737200e-03 2.7441900e-03
     63    152 0.0000000e+00 2.9824600e-10 1.6078600e-10
     63    152 1.0000000e+00 1.7692600e-11 1.1323200e-11
     63    152 2.0000000e+00 1.4122500e-10 9.0384100e-11
     63    153 0.0000000e+00 5.8946000e-03 1.8866300e-03
     63    154 0.0000000e+00 1.2797600e-07 8.1904500e-08
     63    154 1.0000000e+00 6.0660500e-08 3.8822700e-08
     63    155 0.0000000e+00 2.2844200e-03 1.0283400e-03
     63    156 0.0000000e+00 1.8117300e-03 8.1543300e-04
     63    157 0.0000000e+00 1.2046900e-03 5.4221000e-04
     63    158 0.0000000e+00 8.2867100e-04 5.3035000e-04
     63    159 0.0000000e+00 5.7338700e-04 3.6696800e-04
     63    160 0.0000000e+00 3.6841600e-04 2.3578600e-04
     63    161 0.0000000e+00 2.1522200e-04 1.3774200e-04
     63    162 0.0000000e+00 1.0997200e-04 7.0382500e-05
     63    163 0.0000000e+00 4.2735500e-05 2.7350700e-05
     63    164 0.0000000e+00 1.1629900e-05 7.4431300e-06
     63    165 0.0000000e+00 2.4226400e-06 1.5488000e-06
     63    166 0.0000000e+00 3.0954600e-07 1.9810900e-07
     63    167 0.0000000e+00 3.2111200e-08 2.0544000e-08
     63    168 0.0000000e+00 1.3400000e-09 8.5759900e-10
     63    169 0.0000000e+00 5.1086800e-11 3.2695600e-11
     63    170 0.0000000e+00 1.4697200e-12 9.4062100e-13
     64    151 0.0000000e+00 0.0000000e+00 0.0000000e+00
     64    152 0.0000000e+00 9.6008900e-11 6.1445700e-11
     64    153 0.0000000e+00 5.1990100e-13 3.3273700e-13
     64    154 0.0000000e+00 1.2797200e-07 8.1902000e-08
     64    155 0.0000000e+00 2.2844200e-03 1.0283400e-03
     64    156 0.0000000e+00 1.8117400e-03 8.1543700e-04
     64    157 0.0000000e+00 1.2048500e-03 5.4228700e-04
     64    158 0.0000000e+00 8.3001200e-04 3.7357700e-04
     64    159 0.0000000e+00 5.8010600e-04 2.6109500e-04
     64    160 0.0000000e+00 3.9269100e-04 1.7674700e-04
     64    161 0.0000000e+00 2.6694200e-04 1.2015000e-04
     64    162 0.0000000e+00 2.0163500e-04 1.2904700e-04
     64    163 0.0000000e+00 1.3169900e-04 8.4287200e-05
     64    164 0.0000000e+00 8.5105900e-05 5.4467800e-05
     64    165 0.0000000e+00 3.9705600e-05 2.5411500e-05
     64    166 0.0000000e+00 1.5676600e-05 1.0033000e-05
     64    167 0.0000000e+00 4.2313200e-06 2.7072000e-06
     64    168 0.0000000e+00 6.0922500e-07 3.8976100e-07
     64    169 0.0000000e+00 6.2839200e-08 4.0217100e-08
     64    170 0.0000000e+00 6.5402300e-09 4.1856100e-09
     64    171 0.0000000e+00 2.8993500e-10 1.8555900e-10
     64    172 0.0000000e+00 1.1197700e-11 7.1665100e-12
     65    154 0.0000000e+00 0.0000000e+00 0.0000000e+00
     65    154 1.0000000e+00 0.0000000e+00 0.0000000e+00
     65    154 2.0000000e+00 0.0000000e+00 0.0000000e+00
     65    155 0.0000000e+00 1.0797900e-14 6.9106900e-15
     65    156 0.0000000e+00 3.2995400e-13 2.1117100e-13
     65    156 1.0000000e+00 3.3328700e-14 2.1330400e-14
     65    156 2.0000000e+00 0.0000000e+00 0.0000000e+00
     65    157 0.0000000e+00 2.6694900e-11 1.7084700e-11
     65    158 0.0000000e+00 6.1538300e-10 3.9317700e-10
     65    158 1.0000000e+00 6.2153700e-11 3.9778400e-11
     65    159 0.0000000e+00 5.8011700e-04 2.6109900e-04
     65    160 0.0000000e+00 1.0997900e-07 7.0386600e-08
     65    161 0.0000000e+00 2.6774100e-04 1.2050600e-04
     65    162 0.0000000e+00 2.0525400e-04 8.9940100e-05
     65    163 0.0000000e+00 1.4266600e-04 9.1306600e-05
     65    164 0.0000000e+00 1.0631200e-04 6.8039700e-05
     65    165 0.0000000e+00 7.0969600e-05 4.5420600e-05
     65    166 0.0000000e+00 4.5031000e-05 2.8819800e-05
     65    167 0.0000000e+00 2.8186700e-05 1.8039500e-05
     65    168 0.0000000e+00 9.0876100e-06 5.8160700e-06
     65    169 0.0000000e+00 2.8523000e-06 1.8240000e-06
     65    170 0.0000000e+00 7.7839300e-07 4.9792100e-07
     65    171 0.0000000e+00 1.2026700e-07 7.6800600e-08
     65    172 0.0000000e+00 1.3008700e-08 8.3200100e-09
     66    157 0.0000000e+00 0.0000000e+00 0.0000000e+00
     66    158 0.0000000e+00 1.0217700e-10 6.3089200e-11
     66    159 0.0000000e+00 1.2197700e-12 7.8065100e-13
     66    160 0.0000000e+00 1.1002300e-07 7.0400100e-08
     66    161 0.0000000e+00 2.6774200e-04 1.2051000e-04
     66    162 0.0000000e+00 2.0526900e-04 9.2389600e-05
     66    163 0.0000000e+00 1.4278800e-04 6.4269100e-05
     66    164 0.0000000e+00 1.0710100e-04 4.8204100e-05
     66    165 0.0000000e+00 7.2730800e-05 2.3365300e-05
     66    165 1.0000000e+00 5.2197600e-05 2.2955900e-05
     66    166 0.0000000e+00 5.3459400e-05 2.4061500e-05
     66    167 0.0000000e+00 4.4083700e-05 2.8213500e-05
     66    168 0.0000000e+00 2.5394500e-05 1.6252500e-05
     66    169 0.0000000e+00 1.4830000e-05 9.4848200e-06
     66    170 0.0000000e+00 1.0826500e-05 6.9289500e-06
     66    171 0.0000000e+00 4.0095300e-06 2.5660900e-06
     66    172 0.0000000e+00 1.4127400e-06 9.0240500e-07
     67    160 0.0000000e+00 0.0000000e+00 0.0000000e+00
     67    160 1.0000000e+00 0.0000000e+00 0.0000000e+00
     67    161 0.0000000e+00 2.4878100e-14 1.5922000e-14
     67    161 1.0000000e+00 0.0000000e+00 0.0000000e+00
     67    162 0.0000000e+00 1.1324900e-12 7.2479700e-13
     67    162 1.0000000e+00 1.0821400e-12 6.9256900e-13
     67    163 0.0000000e+00 4.6541200e-11 2.9733800e-11
     67    163 1.0000000e+00 6.1899800e-12 3.9615900e-12
     67    164 0.0000000e+00 8.5283800e-10 5.4531200e-10
     67    164 1.0000000e+00 5.9783900e-10 3.8261700e-10
     67    165 0.0000000e+00 7.3911300e-05 2.3657600e-05
     67    166 0.0000000e+00 5.3485300e-05 2.4075000e-05
     67    166 1.0000000e+00 6.0695000e-08 3.8844900e-08
     67    167 0.0000000e+00 4.4622600e-05 2.0083500e-05
     67    168 0.0000000e+00 2.6764200e-05 1.7129100e-05
     67    169 0.0000000e+00 1.7789400e-05 1.1379200e-05
     67    170 0.0000000e+00 3.9809200e-06 2.5477900e-06
     67    170 1.0000000e+00 1.2524500e-05 8.0156600e-06
     67    171 0.0000000e+00 1.0378300e-05 6.6421400e-06
     67    172 0.0000000e+00 6.7217300e-06 4.3019100e-06
     68    163 0.0000000e+00 0.0000000e+00 0.0000000e+00
     68    164 0.0000000e+00 3.5826900e-10 2.2395800e-10
     68    165 0.0000000e+00 2.9294400e-12 1.8748400e-12
     68    166 0.0000000e+00 5.3546000e-05 2.4102000e-05
     68    167 0.0000000e+00 4.4624000e-05 2.0083500e-05
     68    167 1.0000000e+00 5.3549000e-06 2.1974700e-06
     68    168 0.0000000e+00 2.6777000e-05 1.2051000e-05
     68    169 0.0000000e+00 1.7860800e-05 8.0325200e-06
     68    170 0.0000000e+00 1.6952300e-05 7.6320100e-06
     68    171 0.0000000e+00 1.1598100e-05 5.2155200e-06
     68    172 0.0000000e+00 9.7511500e-06 4.3875100e-06
     69    166 0.0000000e+00 0.0000000e+00 0.0000000e+00
     69    167 0.0000000e+00 1.2497600e-13 7.9984800e-14
     69    168 0.0000000e+00 3.1893900e-12 2.0412100e-12
     69    169 0.0000000e+00 1.7860900e-05 8.0325200e-06
     69    170 0.0000000e+00 1.0897900e-09 6.9746700e-10
     69    171 0.0000000e+00 1.1608400e-05 5.2200200e-06
     69    172 0.0000000e+00 9.8180400e-06 4.4190100e-06
     70    168 0.0000000e+00 3.1893900e-16 0.0000000e+00
     70    169 0.0000000e+00 0.0000000e+00 0.0000000e+00
     70    170 0.0000000e+00 1.0886000e-09 6.9670700e-10
     70    171 0.0000000e+00 1.1608400e-05 5.2200200e-06
     70    172 0.0000000e+00 9.8181800e-06 4.4190100e-06
     71    172 0.0000000e+00 0.0000000e+00 0.0000000e+00
     71    172 1.0000000e+00 0.0000000e+00 0.0000000e+00


