66    0.0000000e+00
67    0.0000000e+00
68    0.0000000e+00
69    0.0000000e+00
70    9.8805900e-12
71    6.7504000e-14
72    0.0000000e+00
73    0.0000000e+00
74    6.0103600e-13
75    0.0000000e+00
76    4.8402900e-10
77    0.0000000e+00
78    2.4701500e-14
79    0.0000000e+00
80    5.3403200e-11
81    3.1301900e-13
82    2.6001600e-08
83    7.0804200e-14
84    4.5102700e-12
85    1.6401000e-14
86    5.8203500e-09
87    0.0000000e+00
88    3.9002300e-13
89    0.0000000e+00
90    0.0000000e+00
91    0.0000000e+00
92    0.0000000e+00
93    0.0000000e+00
94    5.1903100e-11
95    0.0000000e+00
96    0.0000000e+00
97    1.2200700e-14
98    1.1400700e-12
99    0.0000000e+00
100    2.5501500e-09
101    0.0000000e+00
102    1.8001100e-14
103    0.0000000e+00
104    1.0300600e-10
105    0.0000000e+00
106    0.0000000e+00
107    0.0000000e+00
108    5.3603200e-12
109    0.0000000e+00
110    1.3300800e-08
111    0.0000000e+00
112    1.0000600e-13
113    0.0000000e+00
114    8.5105100e-10
115    0.0000000e+00
116    1.2400700e-06
117    9.7505800e-13
118    7.0204200e-11
119    2.2901400e-09
120    5.0703000e-08
121    2.9001700e-10
122    5.7303400e-06
123    0.0000000e+00
124    0.0000000e+00
125    0.0000000e+00
126    0.0000000e+00
127    0.0000000e+00
128    0.0000000e+00
129    0.0000000e+00
130    1.6001000e-08
131    0.0000000e+00
132    1.5901000e-12
133    0.0000000e+00
134    1.1500700e-08
135    0.0000000e+00
136    4.2502500e-06
137    2.2501300e-11
138    1.2900800e-09
139    4.5802700e-12
140    0.0000000e+00
141    0.0000000e+00
142    3.4202100e-11
143    0.0000000e+00
144    0.0000000e+00
145    0.0000000e+00
146    2.9401800e-13
147    0.0000000e+00
148    8.6505200e-10
149    0.0000000e+00
150    6.4603900e-07
151    0.0000000e+00
152    4.6602800e-11
153    1.0400600e-13
154    4.7702900e-08
155    1.0600600e-14
156    7.4004400e-13
157    2.6201600e-11
158    6.7504000e-10
159    2.1001300e-13
160    1.2200700e-07
161    7.9104700e-14
162    2.6701600e-12
163    6.2103700e-11
164    1.0200600e-09
165    3.8502300e-12
166    0.0000000e+00
167    2.1701300e-13
168    6.0903700e-12
169    0.0000000e+00
170    1.3800800e-09
171    0.0000000e+00
172    1.5200900e-14
