66    0.0000000e+00
67    0.0000000e+00
68    0.0000000e+00
69    0.0000000e+00
70    6.2503700e-09
71    6.7504000e-14
72    0.0000000e+00
73    0.0000000e+00
74    4.0802400e-10
75    0.0000000e+00
76    1.5400900e-07
77    0.0000000e+00
78    2.4701500e-14
79    0.0000000e+00
80    5.2603200e-08
81    3.1301900e-13
82    3.8302300e-06
83    7.0804200e-14
84    3.8402300e-10
85    1.6401000e-14
86    2.2501300e-06
87    0.0000000e+00
88    3.9002300e-13
89    0.0000000e+00
90    0.0000000e+00
91    0.0000000e+00
92    0.0000000e+00
93    0.0000000e+00
94    1.6501000e-07
95    0.0000000e+00
96    0.0000000e+00
97    1.2200700e-14
98    1.1300700e-08
99    0.0000000e+00
100    3.6502200e-06
101    0.0000000e+00
102    4.3002600e-11
103    0.0000000e+00
104    4.1702500e-07
105    0.0000000e+00
106    0.0000000e+00
107    0.0000000e+00
108    5.2803200e-08
109    0.0000000e+00
110    1.7211000e-05
111    0.0000000e+00
112    1.1300700e-09
113    0.0000000e+00
114    2.3301400e-06
115    0.0000000e+00
116    3.7620300e-04
117    9.7505800e-13
118    7.0204200e-11
119    2.2901400e-09
120    5.0703000e-08
121    2.9001700e-10
122    5.8805500e-04
123    0.0000000e+00
124    0.0000000e+00
125    0.0000000e+00
126    0.0000000e+00
127    0.0000000e+00
128    3.4802100e-14
129    0.0000000e+00
130    1.3250800e-05
131    0.0000000e+00
132    4.4402700e-10
133    0.0000000e+00
134    1.4100800e-05
135    0.0000000e+00
136    1.1946800e-03
137    2.2501300e-11
138    9.6005790e-07
139    4.5802700e-12
140    0.0000000e+00
141    0.0000000e+00
142    2.1901300e-07
143    0.0000000e+00
144    0.0000000e+00
145    0.0000000e+00
146    1.8501100e-09
147    0.0000000e+00
148    1.9801200e-06
149    0.0000000e+00
150    1.7800100e-04
151    0.0000000e+00
152    1.0800600e-07
153    1.0400600e-13
154    2.4781500e-05
155    1.0600600e-14
156    7.4004400e-13
157    2.6201600e-11
158    1.5500900e-07
159    2.1001300e-13
160    2.7081600e-05
161    7.9104700e-14
162    2.6701600e-12
163    6.2103700e-11
164    3.7902300e-07
165    3.8502300e-12
166    0.0000000e+00
167    2.1701300e-13
168    6.0903700e-12
169    0.0000000e+00
170    4.8202900e-07
171    0.0000000e+00
172    1.5200900e-14
