#  n-Pu242-MT454-E0000.500.jendl4.0.txt  independent fission yields
#   0    94   242  94xx  5.0000E-01        1262
    0     1     1     0       2.361590E-05       3.778540E-06
    1     1     2     0       7.217210E-06       1.032060E-06
    2     1     3     0       1.029670E-04       8.237350E-06
    1     2     3     0       0.000000E+00       0.000000E+00
    2     2     4     0       1.831350E-03       1.172060E-04
    4     2     6     0       2.557400E-05       3.784960E-06
    6     2     8     0       4.780860E-07       1.185650E-07
    3     3     6     0       0.000000E+00       0.000000E+00
    4     3     7     0       1.110010E-06       2.097910E-07
    6     3     9     0       7.899920E-07       1.840680E-07
    5     4     9     0       0.000000E+00       0.000000E+00
    6     4    10     0       6.900000E-06       1.152300E-06
   43    23    66     0       1.053340E-16       6.741340E-17
   42    24    66     0       2.888780E-12       1.848820E-12
   43    24    67     0       2.988720E-13       1.912790E-13
   44    24    68     0       1.799240E-14       1.151520E-14
   45    24    69     0       2.449200E-16       1.567490E-16
   46    24    70     0       0.000000E+00       0.000000E+00
   41    25    66     0       6.057670E-10       3.876910E-10
   42    25    67     0       2.179160E-10       1.394660E-10
   43    25    68     0       3.538640E-11       2.264730E-11
   44    25    69     0       3.518410E-12       2.251780E-12
   45    25    70     0       3.748560E-13       2.399080E-13
   46    25    71     0       2.738760E-14       1.752810E-14
   47    25    72     0       6.669900E-16       4.268740E-16
   48    25    73     0       6.142670E-17       3.931310E-17
   40    26    66     0       1.329490E-08       8.508730E-09
   41    26    67     0       1.199540E-08       7.677050E-09
   42    26    68     0       6.287590E-09       4.024050E-09
   43    26    69     0       1.679360E-09       1.074790E-09
   44    26    70     0       6.277590E-10       4.017660E-10
   45    26    71     0       1.239520E-10       7.932950E-11
   46    26    72     0       1.829230E-11       1.170710E-11
   47    26    73     0       1.429390E-12       9.148100E-13
   48    26    74     0       1.219530E-13       7.805000E-14
   49    26    75     0       3.395480E-15       2.173110E-15
   50    26    76     0       0.000000E+00       0.000000E+00
   39    27    66     0       1.309500E-08       8.380780E-09
   40    27    67     0       3.408690E-08       2.181560E-08
   41    27    68     0       4.068440E-08       2.603800E-08
   42    27    69     0       3.368710E-08       2.155970E-08
   43    27    70     0       3.198770E-08       2.047210E-08
   44    27    71     0       2.069210E-08       1.324290E-08
   45    27    72     0       8.236840E-09       5.271580E-09
   46    27    73     0       2.209150E-09       1.413860E-09
   47    27    74     0       5.277970E-10       3.377900E-10
   48    27    75     0       4.877790E-11       3.121780E-11
   49    27    76     0       3.328720E-12       2.130380E-12
   50    27    77     0       1.000870E-13       6.405560E-14
   51    27    78     0       9.038990E-15       5.784960E-15
   38    28    66     0       1.879280E-09       1.202740E-09
   39    28    67     0       1.139560E-08       7.293200E-09
   40    28    68     0       3.828530E-08       2.450260E-08
   41    28    69     0       7.117270E-08       4.555050E-08
   42    28    70     0       1.959250E-07       1.253920E-07
   43    28    71     0       2.928880E-07       1.874480E-07
   44    28    72     0       3.668590E-07       2.347900E-07
   45    28    73     0       2.459060E-07       1.573800E-07
   46    28    74     0       1.999230E-07       1.279510E-07
   47    28    75     0       4.898120E-08       3.134800E-08
   48    28    76     0       1.179550E-08       7.549100E-09
   49    28    77     0       2.329010E-09       1.490570E-09
   50    28    78     0       2.478960E-10       1.586530E-10
   51    28    79     0       4.007770E-12       2.564980E-12
   52    28    80     0       5.977700E-13       3.825730E-13
   53    28    81     0       2.859710E-14       1.830220E-14
   54    28    82     0       0.000000E+00       0.000000E+00
   37    29    66     0       9.666290E-12       6.186420E-12
   38    29    67     0       1.949250E-10       1.247520E-10
   39    29    68     0       4.294390E-10       2.748410E-10
   39    29    68     1       1.172950E-09       7.506850E-10
   40    29    69     0       9.146490E-09       5.853750E-09
   41    29    70     0       1.299590E-08       8.317380E-09
   41    29    70     1       4.528170E-08       2.898030E-08
   42    29    71     0       2.429070E-07       1.554600E-07
   43    29    72     0       6.857370E-07       4.388710E-07
   44    29    73     0       1.319490E-06       8.444760E-07
   45    29    74     0       2.569010E-06       1.644170E-06
   46    29    75     0       1.959250E-06       1.253920E-06
   47    29    76     0       1.229530E-06       7.868980E-07
   48    29    77     0       8.306810E-07       5.316360E-07
   49    29    78     0       2.359090E-07       1.509820E-07
   50    29    79     0       5.757390E-08       3.684730E-08
   51    29    80     0       5.567860E-09       3.563430E-09
   52    29    81     0       4.108130E-10       2.629210E-10
   53    29    82     0       1.389470E-11       8.892590E-12
   54    29    83     0       3.638350E-13       2.328550E-13
   55    29    84     0       1.775000E-14       1.135990E-14
   36    30    66     0       5.529190E-15       4.423350E-15
   37    30    67     0       2.519030E-13       1.612180E-13
   38    30    68     0       7.007310E-12       4.484680E-12
   39    30    69     0       1.788510E-11       1.144650E-11
   39    30    69     1       8.857400E-11       5.668740E-11
   40    30    70     0       2.229140E-09       1.426650E-09
   41    30    71     0       3.765110E-09       2.409670E-09
   41    30    71     1       1.864630E-08       1.193360E-08
   42    30    72     0       1.909270E-07       1.221930E-07
   43    30    73     0       8.186860E-07       5.239590E-07
   44    30    74     0       4.568250E-06       2.923680E-06
   45    30    75     0       7.667060E-06       4.906920E-06
   46    30    76     0       1.438450E-05       9.206060E-06
   47    30    77     0       2.360090E-05       1.510460E-05
   48    30    78     0       2.118190E-05       1.355640E-05
   49    30    79     0       1.361480E-05       8.713450E-06
   50    30    80     0       4.408310E-06       2.821320E-06
   51    30    81     0       9.016540E-07       5.770580E-07
   52    30    82     0       1.089580E-07       6.973320E-08
   53    30    83     0       8.466390E-09       5.418490E-09
   54    30    84     0       4.867950E-10       3.115490E-10
   55    30    85     0       5.830750E-12       3.731680E-12
   56    30    86     0       1.499420E-13       9.596310E-14
   36    31    67     0       0.000000E+00       0.000000E+00
   37    31    68     0       0.000000E+00       0.000000E+00
   38    31    69     0       4.708190E-14       3.013240E-14
   39    31    70     0       2.728950E-12       1.746530E-12
   40    31    71     0       9.206460E-11       5.892140E-11
   41    31    72     0       2.069210E-09       9.364160E-10
   42    31    73     0       2.798930E-08       1.791310E-08
   43    31    74     0       3.469580E-07       2.220530E-07
   43    31    74     1       3.389600E-08       2.169340E-08
   44    31    75     0       1.859290E-06       1.189940E-06
   45    31    76     0       7.896970E-06       5.054060E-06
   46    31    77     0       3.703580E-05       2.370290E-05
   47    31    78     0       7.398160E-05       4.734820E-05
   48    31    79     0       1.434950E-04       9.183670E-05
   49    31    80     0       1.118970E-04       7.161410E-05
   50    31    81     0       7.517110E-05       4.810950E-05
   51    31    82     0       2.424070E-05       1.551400E-05
   52    31    83     0       6.357560E-06       4.068840E-06
   53    31    84     0       1.049600E-06       6.717420E-07
   54    31    85     0       8.376200E-08       5.360770E-08
   55    31    86     0       3.738560E-09       2.392680E-09
   56    31    87     0       2.963950E-11       1.896930E-11
   57    31    88     0       1.414170E-12       9.050650E-13
   58    31    89     0       2.032550E-13       1.300830E-13
   37    32    69     0       0.000000E+00       0.000000E+00
   38    32    70     0       0.000000E+00       0.000000E+00
   39    32    71     0       2.618990E-14       1.185220E-14
   40    32    72     0       2.109190E-12       1.349880E-12
   41    32    73     0       6.320770E-11       4.045300E-11
   41    32    73     1       1.276310E-11       8.168380E-12
   42    32    74     0       3.548640E-09       2.271130E-09
   43    32    75     0       5.186470E-09       3.319340E-09
   43    32    75     1       3.876670E-08       2.481070E-08
   44    32    76     0       5.977700E-07       3.825730E-07
   45    32    77     0       5.940640E-06       3.802010E-06
   45    32    77     1       7.947790E-07       5.086580E-07
   46    32    78     0       3.858520E-05       2.469450E-05
   47    32    79     0       1.986480E-05       1.271340E-05
   47    32    79     1       1.484810E-04       9.502760E-05
   48    32    80     0       3.673590E-04       2.351100E-04
   49    32    81     0       3.938830E-04       2.520850E-04
   49    32    81     1       1.091190E-04       8.729530E-05
   50    32    82     0       5.621240E-04       3.597600E-04
   51    32    83     0       3.599120E-04       2.303440E-04
   52    32    84     0       2.030420E-04       1.299470E-04
   53    32    85     0       4.505270E-05       2.883370E-05
   54    32    86     0       7.737030E-06       4.951700E-06
   55    32    87     0       6.897050E-07       4.414120E-07
   56    32    88     0       3.878370E-08       2.482160E-08
   57    32    89     0       4.729690E-09       3.027010E-09
   58    32    90     0       8.768360E-12       5.611750E-12
   59    32    91     0       1.233890E-12       7.896870E-13
   39    33    72     0       0.000000E+00       0.000000E+00
   40    33    73     0       0.000000E+00       0.000000E+00
   41    33    74     0       9.656290E-13       4.809430E-13
   42    33    75     0       4.118420E-11       2.635790E-11
   43    33    76     0       1.529410E-09       9.788240E-10
   44    33    77     0       5.857750E-08       3.748960E-08
   45    33    78     0       8.406770E-07       5.380330E-07
   46    33    79     0       1.157560E-05       7.408360E-06
   47    33    80     0       5.829760E-05       3.731050E-05
   48    33    81     0       2.627890E-04       1.681850E-04
   49    33    82     0       1.298250E-04       8.308820E-05
   49    33    82     1       4.523510E-04       2.895050E-04
   50    33    83     0       1.045930E-03       6.693940E-04
   51    33    84     0       1.218880E-03       7.800850E-04
   51    33    84     1       1.984230E-04       1.269910E-04
   52    33    85     0       1.007660E-03       6.449040E-04
   53    33    86     0       4.810650E-04       3.078820E-04
   54    33    87     0       1.583390E-04       1.013370E-04
   55    33    88     0       2.655980E-05       1.699830E-05
   56    33    89     0       3.264020E-06       2.088970E-06
   57    33    90     0       1.068770E-07       6.840140E-08
   58    33    91     0       1.772550E-08       1.134420E-08
   59    33    92     0       6.378320E-11       4.082120E-11
   60    33    93     0       5.058990E-12       3.237760E-12
   61    33    94     0       1.253800E-13       8.024300E-14
   62    33    95     0       0.000000E+00       0.000000E+00
   40    34    74     0       0.000000E+00       0.000000E+00
   41    34    75     0       0.000000E+00       0.000000E+00
   42    34    76     0       3.418690E-13       2.187960E-13
   43    34    77     0       4.330120E-12       2.771280E-12
   43    34    77     1       3.236580E-11       2.071410E-11
   44    34    78     0       1.809310E-09       1.157960E-09
   45    34    79     0       5.950330E-08       3.808210E-08
   45    34    79     1       7.960760E-09       5.094890E-09
   46    34    80     0       1.109570E-06       7.101270E-07
   47    34    81     0       1.502740E-06       9.617560E-07
   47    34    81     1       1.123240E-05       7.188720E-06
   48    34    82     0       8.763630E-05       5.608730E-05
   49    34    83     0       2.990640E-04       1.914010E-04
   49    34    83     1       6.038790E-05       3.864830E-05
   50    34    84     0       1.233960E-03       7.897320E-04
   51    34    85     0       2.326830E-03       1.053040E-03
   52    34    86     0       3.437210E-03       2.199820E-03
   53    34    87     0       3.000430E-03       1.920270E-03
   54    34    88     0       1.747130E-03       1.118160E-03
   55    34    89     0       6.115350E-04       3.913830E-04
   56    34    90     0       1.408090E-04       9.011780E-05
   57    34    91     0       1.981470E-05       1.268140E-05
   58    34    92     0       1.749270E-06       1.119530E-06
   59    34    93     0       1.177220E-07       7.534200E-08
   60    34    94     0       3.438550E-09       2.200670E-09
   61    34    95     0       2.077580E-11       1.329650E-11
   62    34    96     0       7.557100E-13       4.836540E-13
   42    35    77     0       0.000000E+00       0.000000E+00
   42    35    77     1       0.000000E+00       0.000000E+00
   43    35    78     0       1.069590E-13       6.845370E-14
   44    35    79     0       3.012620E-12       1.928080E-12
   44    35    79     1       1.140180E-11       7.297180E-12
   45    35    80     0       1.431110E-10       9.159110E-11
   45    35    80     1       4.986430E-10       3.191310E-10
   46    35    81     0       2.579010E-08       1.650570E-08
   47    35    82     0       3.497620E-07       2.238470E-07
   47    35    82     1       1.280550E-07       8.195510E-08
   48    35    83     0       6.337570E-06       4.056040E-06
   49    35    84     0       2.109350E-05       1.349980E-05
   49    35    84     1       4.421140E-05       2.829530E-05
   50    35    85     0       3.343920E-04       2.140110E-04
   51    35    86     0       1.244360E-03       5.631340E-04
   52    35    87     0       2.667150E-03       1.706970E-03
   53    35    88     0       4.318180E-03       2.763640E-03
   54    35    89     0       5.217090E-03       3.338940E-03
   55    35    90     0       3.200440E-03       2.048280E-03
   56    35    91     0       1.561060E-03       9.990790E-04
   57    35    92     0       3.892510E-04       2.491200E-04
   58    35    93     0       8.124100E-05       5.199420E-05
   59    35    94     0       8.356790E-06       5.348350E-06
   60    35    95     0       2.984550E-07       1.910120E-07
   61    35    96     0       2.129180E-08       1.362680E-08
   62    35    97     0       1.585070E-10       1.014440E-10
   63    35    98     0       6.925030E-12       4.432020E-12
   64    35    99     0       2.895250E-12       1.852960E-12
   65    35   100     0       0.000000E+00       0.000000E+00
   43    36    79     0       0.000000E+00       0.000000E+00
   43    36    79     1       0.000000E+00       0.000000E+00
   44    36    80     0       3.098810E-14       1.983240E-14
   45    36    81     0       3.126370E-12       2.000880E-12
   45    36    81     1       4.182670E-13       2.676910E-13
   46    36    82     0       2.359090E-10       1.509820E-10
   47    36    83     0       7.011070E-09       4.487080E-09
   47    36    83     1       1.415700E-09       9.060460E-10
   48    36    84     0       3.118800E-07       1.996030E-07
   49    36    85     0       3.627790E-06       2.321790E-06
   49    36    85     1       7.325350E-07       4.688220E-07
   50    36    86     0       5.777780E-05       3.697780E-05
   51    36    87     0       3.249950E-04       2.079970E-04
   52    36    88     0       1.765910E-03       1.130190E-03
   53    36    89     0       4.897240E-03       3.134240E-03
   54    36    90     0       9.409010E-03       4.234050E-03
   55    36    91     0       1.117640E-02       3.576450E-03
   56    36    92     0       9.020030E-03       5.772810E-03
   57    36    93     0       5.011740E-03       3.207510E-03
   58    36    94     0       1.819870E-03       1.164710E-03
   59    36    95     0       3.336330E-04       2.135250E-04
   60    36    96     0       4.963090E-05       3.176380E-05
   61    36    97     0       3.688420E-06       2.360590E-06
   62    36    98     0       1.899200E-07       1.215490E-07
   63    36    99     0       6.737200E-08       4.311800E-08
   64    36   100     0       1.159550E-10       7.421150E-11
   65    36   101     0       4.905690E-12       3.139640E-12
   66    36   102     0       0.000000E+00       0.000000E+00
   44    37    81     0       0.000000E+00       0.000000E+00
   44    37    81     1       0.000000E+00       0.000000E+00
   45    37    82     0       0.000000E+00       0.000000E+00
   45    37    82     1       0.000000E+00       0.000000E+00
   46    37    83     0       3.898500E-13       2.495040E-13
   47    37    84     0       4.390570E-12       2.809960E-12
   47    37    84     1       6.939920E-11       5.551930E-11
   48    37    85     0       2.179160E-09       1.394660E-09
   49    37    86     0       2.809020E-08       1.797770E-08
   49    37    86     1       5.887640E-08       3.768090E-08
   50    37    87     0       1.839290E-06       1.177150E-06
   51    37    88     0       2.945870E-05       1.885360E-05
   52    37    89     0       2.801020E-04       1.792650E-04
   53    37    90     0       2.332590E-04       1.492860E-04
   53    37    90     1       1.130830E-03       7.237290E-04
   54    37    91     0       5.140950E-03       3.290210E-03
   55    37    92     0       1.044580E-02       4.700590E-03
   56    37    93     0       1.573220E-02       5.034290E-03
   57    37    94     0       1.411740E-02       4.517570E-03
   58    37    95     0       8.568240E-03       5.483670E-03
   59    37    96     0       3.459890E-03       2.214330E-03
   60    37    97     0       9.250150E-04       5.920100E-04
   61    37    98     0       1.383470E-04       8.854200E-05
   62    37    99     0       4.649410E-05       2.975630E-05
   63    37   100     0       9.256450E-07       5.924130E-07
   64    37   101     0       7.047290E-08       4.510270E-08
   65    37   102     0       2.879350E-10       1.842790E-10
   66    37   103     0       1.788700E-11       1.144770E-11
   67    37   104     0       5.066210E-13       3.242380E-13
   68    37   105     0       0.000000E+00       0.000000E+00
   45    38    83     0       0.000000E+00       0.000000E+00
   46    38    84     0       0.000000E+00       0.000000E+00
   47    38    85     0       5.863350E-14       3.752540E-14
   47    38    85     1       1.183950E-14       7.577250E-15
   48    38    86     0       1.119570E-11       7.165250E-12
   49    38    87     0       6.087900E-10       3.896260E-10
   49    38    87     1       1.229290E-10       7.867440E-11
   50    38    88     0       4.558250E-08       2.917280E-08
   51    38    89     0       1.289500E-06       8.252830E-07
   52    38    90     0       2.320110E-05       1.484870E-05
   53    38    91     0       2.264030E-04       1.448980E-04
   54    38    92     0       1.407260E-03       9.006460E-04
   55    38    93     0       5.816340E-03       3.722460E-03
   56    38    94     0       1.541680E-02       3.545860E-03
   57    38    95     0       2.257470E-02       7.223920E-03
   58    38    96     0       2.800030E-02       6.440090E-03
   59    38    97     0       1.899120E-02       6.077190E-03
   60    38    98     0       9.623100E-03       6.158790E-03
   61    38    99     0       2.850630E-03       1.824400E-03
   62    38   100     0       6.324270E-04       4.047540E-04
   63    38   101     0       7.877930E-05       5.041870E-05
   64    38   102     0       7.896680E-06       5.053880E-06
   65    38   103     0       4.162280E-07       2.663860E-07
   66    38   104     0       1.389420E-08       8.892270E-09
   67    38   105     0       6.319300E-11       4.044360E-11
   68    38   106     0       7.773170E-12       4.974820E-12
   69    38   107     0       0.000000E+00       0.000000E+00
   47    39    86     0       0.000000E+00       0.000000E+00
   47    39    86     1       0.000000E+00       0.000000E+00
   48    39    87     0       0.000000E+00       0.000000E+00
   48    39    87     1       0.000000E+00       0.000000E+00
   49    39    88     0       1.929260E-12       1.234730E-12
   50    39    89     0       3.624050E-11       2.319390E-11
   50    39    89     1       1.794770E-10       1.148650E-10
   51    39    90     0       4.448890E-09       2.847290E-09
   51    39    90     1       7.446540E-09       4.765790E-09
   52    39    91     0       7.372370E-08       4.718320E-08
   52    39    91     1       3.651080E-07       2.336690E-07
   53    39    92     0       8.226840E-06       5.265180E-06
   54    39    93     0       9.834930E-05       6.294360E-05
   54    39    93     1       1.315780E-05       8.421020E-06
   55    39    94     0       7.975340E-04       5.104220E-04
   56    39    95     0       5.000560E-03       3.200360E-03
   57    39    96     0       9.735710E-04       6.230850E-04
   57    39    96     1       9.965430E-03       6.377870E-03
   58    39    97     0       3.631710E-03       2.324280E-03
   58    39    97     1       1.798560E-02       1.151070E-02
   59    39    98     0       3.615730E-03       1.157030E-03
   59    39    98     1       2.316750E-02       7.413620E-03
   60    39    99     0       2.539110E-02       8.125130E-03
   61    39   100     0       2.548080E-04       8.153850E-05
   61    39   100     1       1.447380E-02       1.157900E-02
   62    39   101     0       5.697930E-03       3.646680E-03
   63    39   102     0       1.515330E-03       9.698110E-04
   64    39   103     0       2.872440E-04       1.838350E-04
   65    39   104     0       2.649980E-05       1.695990E-05
   66    39   105     0       9.078030E-07       5.809940E-07
   67    39   106     0       9.474670E-08       6.063790E-08
   68    39   107     0       1.034950E-10       6.623730E-11
   69    39   108     0       1.698460E-11       1.087010E-11
   70    39   109     0       1.179130E-12       7.546400E-13
   48    40    88     0       0.000000E+00       0.000000E+00
   49    40    89     0       0.000000E+00       0.000000E+00
   49    40    89     1       0.000000E+00       0.000000E+00
   50    40    90     0       8.683470E-14       5.557420E-14
   50    40    90     1       4.209700E-13       2.694210E-13
   51    40    91     0       5.667820E-11       3.627410E-11
   52    40    92     0       4.168400E-09       2.667780E-09
   53    40    93     0       1.389470E-07       8.892590E-08
   54    40    94     0       4.278360E-06       2.738150E-06
   55    40    95     0       5.496890E-05       3.518010E-05
   56    40    96     0       5.666220E-04       3.626390E-04
   57    40    97     0       3.187100E-03       2.039750E-03
   58    40    98     0       1.107690E-02       3.544610E-03
   59    40    99     0       2.508060E-02       8.025790E-03
   60    40   100     0       4.056410E-02       1.298050E-02
   61    40   101     0       3.794850E-02       1.214350E-02
   62    40   102     0       3.073700E-02       9.835820E-03
   63    40   103     0       1.457230E-02       4.663130E-03
   64    40   104     0       4.578680E-03       2.930350E-03
   65    40   105     0       1.014800E-03       6.494740E-04
   66    40   106     0       1.248270E-04       7.988940E-05
   67    40   107     0       2.408330E-06       1.541330E-06
   68    40   108     0       4.658040E-07       2.981150E-07
   69    40   109     0       2.743810E-08       1.756040E-08
   70    40   110     0       0.000000E+00       0.000000E+00
   71    40   111     0       0.000000E+00       0.000000E+00
   72    40   112     0       0.000000E+00       0.000000E+00
   49    41    90     0       0.000000E+00       0.000000E+00
   50    41    91     0       0.000000E+00       0.000000E+00
   50    41    91     1       0.000000E+00       0.000000E+00
   51    41    92     0       2.138820E-14       1.368850E-14
   51    41    92     1       0.000000E+00       0.000000E+00
   52    41    93     0       5.855030E-12       3.747220E-12
   52    41    93     1       1.182270E-12       7.566500E-13
   53    41    94     0       4.092470E-10       2.619180E-10
   53    41    94     1       2.445020E-10       1.564810E-10
   54    41    95     0       2.925850E-08       1.872550E-08
   54    41    95     1       5.907970E-09       3.781100E-09
   55    41    96     0       9.596320E-07       6.141640E-07
   56    41    97     0       1.462930E-05       9.362730E-06
   56    41    97     1       2.953990E-06       1.890550E-06
   57    41    98     0       1.496000E-04       9.574400E-05
   57    41    98     1       4.000710E-05       2.560460E-05
   58    41    99     0       1.192750E-03       7.633580E-04
   58    41    99     1       2.408430E-04       1.541400E-04
   59    41   100     0       9.693830E-04       6.204060E-04
   59    41   100     1       4.699520E-03       3.007700E-03
   60    41   101     0       1.549700E-02       4.959050E-03
   61    41   102     0       6.282350E-03       4.020710E-03
   61    41   102     1       2.188960E-02       1.400940E-02
   62    41   103     0       3.844310E-02       1.230180E-02
   63    41   104     0       6.430230E-03       4.115350E-03
   63    41   104     1       2.240490E-02       1.433910E-02
   64    41   105     0       2.037800E-02       6.520950E-03
   65    41   106     0       6.371240E-03       4.077590E-03
   66    41   107     0       1.662010E-03       1.063690E-03
   67    41   108     0       2.367590E-04       1.515260E-04
   68    41   109     0       1.893530E-05       1.211850E-05
   69    41   110     0       3.888510E-12       2.488640E-12
   70    41   111     0       1.541190E-14       9.863570E-15
   71    41   112     0       3.593600E-16       2.299910E-16
   72    41   113     0       1.381540E-16       8.841850E-17
   73    41   114     0       0.000000E+00       0.000000E+00
   74    41   115     0       3.816380E-13       2.442480E-13
   50    42    92     0       0.000000E+00       0.000000E+00
   51    42    93     0       0.000000E+00       0.000000E+00
   51    42    93     1       0.000000E+00       0.000000E+00
   52    42    94     0       0.000000E+00       0.000000E+00
   53    42    95     0       1.329490E-12       8.508730E-13
   54    42    96     0       1.399460E-10       8.956560E-11
   55    42    97     0       7.677050E-09       4.913310E-09
   56    42    98     0       3.118800E-07       1.996030E-07
   57    42    99     0       6.807390E-06       4.356730E-06
   58    42   100     0       9.363410E-05       5.992580E-05
   59    42   101     0       6.548690E-04       4.191160E-04
   60    42   102     0       3.721160E-03       2.381550E-03
   61    42   103     0       1.191320E-02       3.812230E-03
   62    42   104     0       2.983770E-02       9.548070E-03
   63    42   105     0       4.301580E-02       1.376500E-02
   64    42   106     0       3.909560E-02       1.251060E-02
   65    42   107     0       2.482030E-02       7.942490E-03
   66    42   108     0       1.178740E-02       3.771970E-03
   67    42   109     0       2.586040E-03       1.655060E-03
   68    42   110     0       8.356790E-06       5.348350E-06
   69    42   111     0       3.928490E-07       2.514230E-07
   70    42   112     0       1.079590E-08       6.909350E-09
   71    42   113     0       3.521550E-09       2.253790E-09
   72    42   114     0       3.538640E-12       2.264730E-12
   73    42   115     0       8.880650E-09       5.683620E-09
   74    42   116     0       5.137840E-10       3.288220E-10
   75    42   117     0       9.285240E-13       5.942550E-13
   52    43    95     0       0.000000E+00       0.000000E+00
   52    43    95     1       0.000000E+00       0.000000E+00
   53    43    96     0       0.000000E+00       0.000000E+00
   53    43    96     1       0.000000E+00       0.000000E+00
   54    43    97     0       9.481160E-14       6.067940E-14
   54    43    97     1       1.914460E-14       1.225260E-14
   55    43    98     0       1.399460E-11       8.956560E-12
   56    43    99     0       9.772250E-10       6.254240E-10
   56    43    99     1       1.973240E-10       1.262880E-10
   57    43   100     0       4.658210E-08       2.981260E-08
   58    43   101     0       1.149560E-06       7.357170E-07
   59    43   102     0       3.005030E-06       1.923220E-06
   59    43   102     1       1.456820E-05       9.323660E-06
   60    43   103     0       1.877880E-04       1.201840E-04
   61    43   104     0       1.080740E-03       6.916700E-04
   62    43   105     0       5.587170E-03       3.575800E-03
   63    43   106     0       1.159070E-02       3.709040E-03
   64    43   107     0       2.165250E-02       6.928780E-03
   65    43   108     0       2.431760E-02       7.781620E-03
   66    43   109     0       1.658080E-02       5.305860E-03
   67    43   110     0       5.154370E-03       3.298790E-03
   68    43   111     0       1.350100E-03       8.640650E-04
   69    43   112     0       1.849690E-04       1.183810E-04
   70    43   113     0       2.325760E-05       1.488480E-05
   71    43   114     0       1.559400E-06       9.980170E-07
   72    43   115     0       6.128640E-06       3.922320E-06
   73    43   116     0       7.457140E-07       4.772570E-07
   74    43   117     0       1.333880E-08       8.536800E-09
   75    43   118     0       9.704390E-10       6.210820E-10
   76    43   119     0       2.487140E-12       1.591770E-12
   77    43   120     0       5.576480E-14       3.568950E-14
   54    44    98     0       0.000000E+00       0.000000E+00
   55    44    99     0       1.289500E-14       8.252830E-15
   56    44   100     0       1.929260E-12       1.234730E-12
   57    44   101     0       1.349480E-10       8.636680E-11
   58    44   102     0       7.437140E-09       4.759770E-09
   59    44   103     0       2.219150E-07       1.420250E-07
   60    44   104     0       5.277970E-06       3.377900E-06
   61    44   105     0       6.438530E-05       4.120660E-05
   62    44   106     0       4.443390E-04       2.843770E-04
   63    44   107     0       2.106860E-03       1.348390E-03
   64    44   108     0       7.502490E-03       4.801600E-03
   65    44   109     0       3.214750E-03       2.057440E-03
   65    44   109     1       9.008640E-03       5.765520E-03
   66    44   110     0       1.547600E-02       4.952320E-03
   67    44   111     0       1.040780E-02       3.330490E-03
   68    44   112     0       5.601120E-03       2.520500E-03
   69    44   113     0       2.234840E-03       1.430300E-03
   70    44   114     0       6.807090E-04       4.356540E-04
   71    44   115     0       3.757560E-04       2.404840E-04
   72    44   116     0       9.957180E-05       6.372590E-05
   73    44   117     0       1.491100E-05       9.543000E-06
   74    44   118     0       1.278540E-06       8.182650E-07
   75    44   119     0       5.787530E-08       3.704020E-08
   76    44   120     0       1.529350E-09       9.787880E-10
   77    44   121     0       5.587220E-12       3.575830E-12
   78    44   122     0       1.529410E-13       9.788240E-14
   79    44   123     0       3.207610E-15       2.052870E-15
   80    44   124     0       0.000000E+00       0.000000E+00
   55    45   100     0       0.000000E+00       0.000000E+00
   55    45   100     1       0.000000E+00       0.000000E+00
   56    45   101     0       0.000000E+00       0.000000E+00
   56    45   101     1       0.000000E+00       0.000000E+00
   57    45   102     0       2.239620E-14       1.433360E-14
   57    45   102     1       6.117170E-14       3.914990E-14
   58    45   103     0       1.069850E-12       6.847030E-13
   58    45   103     1       7.996670E-12       5.117870E-12
   59    45   104     0       1.408820E-10       9.016440E-11
   59    45   104     1       4.908760E-10       3.141600E-10
   60    45   105     0       2.615010E-08       1.673610E-08
   60    45   105     1       3.498540E-09       2.239060E-09
   61    45   106     0       1.414500E-07       9.052780E-08
   61    45   106     1       3.863480E-07       2.472630E-07
   62    45   107     0       9.166480E-06       5.866550E-06
   63    45   108     0       2.028970E-05       1.298540E-05
   63    45   108     1       7.069540E-05       4.524510E-05
   64    45   109     0       5.057660E-04       2.288830E-04
   65    45   110     0       2.760930E-05       1.767000E-05
   65    45   110     1       1.338490E-04       8.566320E-05
   66    45   111     0       4.594540E-04       2.940500E-04
   67    45   112     0       7.468530E-04       4.779860E-04
   68    45   113     0       9.197270E-04       5.886250E-04
   69    45   114     0       6.426530E-04       4.112980E-04
   70    45   115     0       5.993100E-04       3.835590E-04
   71    45   116     0       4.969890E-04       3.180730E-04
   72    45   117     0       2.913780E-04       1.864820E-04
   73    45   118     0       7.938950E-05       5.080930E-05
   74    45   119     0       1.585390E-05       1.014650E-05
   75    45   120     0       1.449440E-06       9.276440E-07
   76    45   121     0       8.026360E-08       5.136870E-08
   77    45   122     0       2.329110E-09       1.490630E-09
   78    45   123     0       4.607910E-11       2.949060E-11
   79    45   124     0       4.128420E-13       2.642190E-13
   80    45   125     0       0.000000E+00       0.000000E+00
   81    45   126     0       0.000000E+00       0.000000E+00
   82    45   127     0       0.000000E+00       0.000000E+00
   83    45   128     0       0.000000E+00       0.000000E+00
   56    46   102     0       0.000000E+00       0.000000E+00
   57    46   103     0       0.000000E+00       0.000000E+00
   58    46   104     0       0.000000E+00       0.000000E+00
   59    46   105     0       7.876980E-13       5.041260E-13
   60    46   106     0       5.487890E-11       3.512250E-11
   61    46   107     0       8.704320E-10       5.570760E-10
   61    46   107     1       1.910500E-09       1.222720E-09
   62    46   108     0       1.039600E-07       6.653450E-08
   63    46   109     0       5.300180E-07       3.392120E-07
   63    46   109     1       1.163330E-06       7.445320E-07
   64    46   110     0       2.179160E-09       1.394660E-09
   65    46   111     0       9.295660E-09       5.949220E-09
   65    46   111     1       2.040290E-08       1.305790E-08
   66    46   112     0       3.048830E-07       1.951250E-07
   67    46   113     0       1.519420E-06       9.724270E-07
   68    46   114     0       5.068050E-06       3.243550E-06
   69    46   115     0       1.089580E-04       6.973320E-05
   70    46   116     0       3.660490E-04       2.342720E-04
   71    46   117     0       5.999500E-04       3.839680E-04
   72    46   118     0       5.820270E-04       3.724970E-04
   73    46   119     0       3.529840E-04       2.259100E-04
   74    46   120     0       1.302300E-04       8.334720E-05
   75    46   121     0       2.396080E-05       1.533490E-05
   76    46   122     0       2.978860E-06       1.906470E-06
   77    46   123     0       2.029220E-07       1.298700E-07
   78    46   124     0       8.376780E-09       5.361140E-09
   79    46   125     0       0.000000E+00       0.000000E+00
   80    46   126     0       0.000000E+00       0.000000E+00
   81    46   127     0       0.000000E+00       0.000000E+00
   82    46   128     0       0.000000E+00       0.000000E+00
   83    46   129     0       0.000000E+00       0.000000E+00
   84    46   130     0       0.000000E+00       0.000000E+00
   85    46   131     0       0.000000E+00       0.000000E+00
   58    47   105     0       0.000000E+00       0.000000E+00
   58    47   105     1       0.000000E+00       0.000000E+00
   59    47   106     0       0.000000E+00       0.000000E+00
   59    47   106     1       0.000000E+00       0.000000E+00
   60    47   107     0       0.000000E+00       0.000000E+00
   60    47   107     1       2.195340E-14       1.405020E-14
   61    47   108     0       8.679870E-13       5.555120E-13
   61    47   108     1       2.370770E-12       1.517290E-12
   62    47   109     0       2.382690E-11       1.524920E-11
   62    47   109     1       1.780960E-10       1.139810E-10
   63    47   110     0       0.000000E+00       0.000000E+00
   63    47   110     1       0.000000E+00       0.000000E+00
   64    47   111     0       0.000000E+00       0.000000E+00
   64    47   111     1       0.000000E+00       0.000000E+00
   65    47   112     0       3.148790E-14       2.015230E-14
   66    47   113     0       1.094620E-13       7.005570E-14
   66    47   113     1       8.181820E-13       5.236360E-13
   67    47   114     0       1.419450E-11       9.084510E-12
   68    47   115     0       1.118210E-07       7.156550E-08
   68    47   115     1       8.358150E-07       5.349220E-07
   69    47   116     0       3.139750E-06       2.009440E-06
   69    47   116     1       8.575750E-06       5.488480E-06
   70    47   117     0       8.872550E-06       5.678430E-06
   70    47   117     1       6.631860E-05       4.244390E-05
   71    47   118     0       3.511680E-05       2.247470E-05
   71    47   118     1       1.702440E-04       1.089560E-04
   72    47   119     0       4.442490E-04       2.843200E-04
   73    47   120     0       1.700930E-04       1.088600E-04
   73    47   120     1       2.847020E-04       1.822090E-04
   74    47   121     0       3.123200E-04       1.998850E-04
   75    47   122     0       1.178950E-04       5.335310E-05
   76    47   123     0       3.279740E-05       2.099030E-05
   77    47   124     0       4.658210E-06       2.981260E-06
   78    47   125     0       1.629370E-10       1.042800E-10
   79    47   126     0       1.289500E-11       8.252830E-12
   80    47   127     0       9.806230E-13       6.275990E-13
   81    47   128     0       5.767790E-14       3.691380E-14
   82    47   129     0       3.254920E-15       2.083150E-15
   83    47   130     0       0.000000E+00       0.000000E+00
   84    47   131     0       1.877170E-10       1.201390E-10
   85    47   132     0       9.986640E-12       6.391450E-12
   86    47   133     0       1.130650E-12       7.236110E-13
   60    48   108     0       0.000000E+00       0.000000E+00
   61    48   109     0       0.000000E+00       0.000000E+00
   62    48   110     0       0.000000E+00       0.000000E+00
   63    48   111     0       0.000000E+00       0.000000E+00
   63    48   111     1       0.000000E+00       0.000000E+00
   64    48   112     0       0.000000E+00       0.000000E+00
   65    48   113     0       0.000000E+00       0.000000E+00
   65    48   113     1       0.000000E+00       0.000000E+00
   66    48   114     0       0.000000E+00       0.000000E+00
   67    48   115     0       1.243070E-10       7.955670E-11
   67    48   115     1       4.704640E-10       3.010970E-10
   68    48   116     0       3.808540E-08       2.437460E-08
   69    48   117     0       1.777910E-07       1.137860E-07
   69    48   117     1       6.728830E-07       4.306450E-07
   70    48   118     0       9.536340E-06       6.103260E-06
   71    48   119     0       1.683610E-05       1.077510E-05
   71    48   119     1       4.717940E-05       3.019480E-05
   72    48   120     0       2.371790E-04       1.517950E-04
   73    48   121     0       1.171530E-04       7.497780E-05
   73    48   121     1       3.282960E-04       2.101090E-04
   74    48   122     0       5.765990E-04       3.690230E-04
   75    48   123     0       4.517470E-04       2.891180E-04
   76    48   124     0       2.517830E-04       1.611410E-04
   77    48   125     0       1.597390E-05       1.022330E-05
   78    48   126     0       5.367940E-06       3.435480E-06
   79    48   127     0       1.479430E-06       9.468360E-07
   80    48   128     0       4.058440E-07       2.597400E-07
   81    48   129     0       8.296810E-08       5.309960E-08
   82    48   130     0       8.046910E-09       5.150020E-09
   83    48   131     0       4.368130E-06       2.795610E-06
   84    48   132     0       2.738850E-07       1.752870E-07
   85    48   133     0       2.630990E-08       1.683830E-08
   86    48   134     0       6.547490E-11       4.190390E-11
   87    48   135     0       2.473990E-12       1.583350E-12
   88    48   136     0       0.000000E+00       0.000000E+00
   61    49   110     0       0.000000E+00       0.000000E+00
   61    49   110     1       0.000000E+00       0.000000E+00
   62    49   111     0       0.000000E+00       0.000000E+00
   62    49   111     1       0.000000E+00       0.000000E+00
   63    49   112     0       0.000000E+00       0.000000E+00
   63    49   112     1       0.000000E+00       0.000000E+00
   64    49   113     0       0.000000E+00       0.000000E+00
   64    49   113     1       0.000000E+00       0.000000E+00
   65    49   114     0       0.000000E+00       0.000000E+00
   65    49   114     1       0.000000E+00       0.000000E+00
   66    49   115     0       8.815820E-15       5.642120E-15
   66    49   115     1       0.000000E+00       0.000000E+00
   67    49   116     0       5.603030E-13       3.585950E-13
   67    49   116     1       1.957600E-12       1.252870E-12
   67    49   116     2       9.407560E-13       6.020850E-13
   68    49   117     0       3.035630E-10       1.942810E-10
   68    49   117     1       6.129650E-11       3.922970E-11
   69    49   118     0       2.325430E-09       1.488270E-09
   69    49   118     1       8.124640E-09       5.199770E-09
   69    49   118     2       3.904420E-09       2.498830E-09
   70    49   119     0       3.577060E-07       2.289320E-07
   70    49   119     1       7.222910E-08       4.622660E-08
   71    49   120     0       1.936580E-06       1.239410E-06
   71    49   120     1       4.967450E-06       2.350300E-06
   72    49   121     0       3.146250E-05       2.013600E-05
   72    49   121     1       6.353000E-06       4.065920E-06
   73    49   122     0       3.051250E-05       1.952800E-05
   73    49   122     1       1.519240E-04       7.403860E-05
   74    49   123     0       3.047360E-04       1.950310E-04
   74    49   123     1       6.153330E-05       3.938130E-05
   75    49   124     0       2.691990E-04       1.722880E-04
   75    49   124     1       2.904660E-04       1.858990E-04
   76    49   125     0       7.194370E-04       4.604400E-04
   76    49   125     1       1.452710E-04       9.297350E-05
   77    49   126     0       3.730020E-04       2.387210E-04
   77    49   126     1       4.024700E-04       2.575800E-04
   78    49   127     0       6.910600E-04       4.422780E-04
   78    49   127     1       1.395410E-04       8.930610E-05
   79    49   128     0       3.550440E-04       2.272280E-04
   79    49   128     1       3.830930E-04       2.451790E-04
   80    49   129     0       5.815440E-04       3.721890E-04
   80    49   129     1       1.174270E-04       7.515350E-05
   81    49   130     0       3.951680E-04       1.264540E-04
   82    49   131     0       4.819560E-04       3.084520E-04
   82    49   131     1       9.708460E-05       6.213410E-05
   82    49   131     2       3.357760E-04       2.686210E-04
   83    49   132     0       1.716840E-04       1.098780E-04
   84    49   133     0       1.815670E-05       1.162030E-05
   85    49   134     0       6.477510E-07       4.145610E-07
   86    49   135     0       3.554030E-08       2.274580E-08
   87    49   136     0       1.559400E-10       9.980170E-11
   88    49   137     0       1.834220E-12       1.173900E-12
   89    49   138     0       0.000000E+00       0.000000E+00
   63    50   113     0       0.000000E+00       0.000000E+00
   63    50   113     1       0.000000E+00       0.000000E+00
   64    50   114     0       0.000000E+00       0.000000E+00
   65    50   115     0       0.000000E+00       0.000000E+00
   66    50   116     0       0.000000E+00       0.000000E+00
   67    50   117     0       2.110090E-15       1.350460E-15
   67    50   117     1       7.986030E-15       5.111060E-15
   68    50   118     0       1.849290E-12       1.183550E-12
   69    50   119     0       4.287030E-11       2.743700E-11
   69    50   119     1       1.622510E-10       1.038410E-10
   70    50   120     0       1.109570E-08       7.101270E-09
   71    50   121     0       2.050280E-07       1.312180E-07
   71    50   121     1       7.316480E-08       4.682550E-08
   72    50   122     0       4.078430E-06       2.610200E-06
   73    50   123     0       2.426010E-05       1.552650E-05
   73    50   123     1       8.657270E-06       5.540650E-06
   74    50   124     0       1.862380E-04       1.191920E-04
   75    50   125     0       3.002710E-04       1.921730E-04
   75    50   125     1       1.071520E-04       6.857750E-05
   76    50   126     0       8.969360E-04       5.740390E-04
   77    50   127     0       1.417330E-03       9.070930E-04
   77    50   127     1       5.057780E-04       3.236980E-04
   78    50   128     0       4.323920E-03       1.956790E-03
   79    50   129     0       2.824780E-03       1.271150E-03
   79    50   129     1       7.915820E-03       5.066120E-03
   80    50   130     0       4.344810E-03       2.780680E-03
   80    50   130     1       1.186720E-02       7.594980E-03
   81    50   131     0       3.779680E-03       2.419000E-03
   81    50   131     1       1.059170E-02       6.778710E-03
   82    50   132     0       1.038370E-02       3.322790E-03
   83    50   133     0       3.506780E-03       2.244340E-03
   84    50   134     0       5.447610E-04       3.486470E-04
   85    50   135     0       3.972910E-05       2.542660E-05
   86    50   136     0       1.939260E-06       1.241120E-06
   87    50   137     0       4.268180E-08       2.731630E-08
   88    50   138     0       1.099580E-09       7.037300E-10
   89    50   139     0       1.628150E-11       1.042020E-11
   90    50   140     0       1.584240E-12       1.013910E-12
   65    51   116     0       0.000000E+00       0.000000E+00
   65    51   116     1       0.000000E+00       0.000000E+00
   66    51   117     0       0.000000E+00       0.000000E+00
   67    51   118     0       0.000000E+00       0.000000E+00
   67    51   118     1       0.000000E+00       0.000000E+00
   68    51   119     0       0.000000E+00       0.000000E+00
   69    51   120     0       2.456240E-13       1.571990E-13
   69    51   120     1       4.111240E-13       2.631190E-13
   70    51   121     0       7.557100E-11       4.836540E-11
   71    51   122     0       1.630510E-09       1.043530E-09
   71    51   122     1       2.188020E-09       1.400330E-09
   72    51   123     0       1.309500E-07       8.380780E-08
   73    51   124     0       5.877140E-07       3.761370E-07
   73    51   124     1       1.234450E-06       7.900450E-07
   73    51   124     2       6.344360E-07       4.060390E-07
   74    51   125     0       3.668590E-07       2.347900E-07
   75    51   126     0       9.779070E-07       6.258600E-07
   75    51   126     1       2.046930E-06       9.771820E-07
   76    51   127     0       1.872280E-05       1.198260E-05
   77    51   128     0       4.385160E-05       2.806500E-05
   77    51   128     1       6.130810E-05       3.923720E-05
   78    51   129     0       2.857320E-04       1.828690E-04
   78    51   129     1       4.714820E-04       3.771860E-04
   79    51   130     0       1.471160E-03       9.415410E-04
   79    51   130     1       2.056800E-03       1.316350E-03
   80    51   131     0       1.360270E-02       4.352840E-03
   81    51   132     0       1.351600E-02       4.325110E-03
   81    51   132     1       1.198590E-02       3.835480E-03
   82    51   133     0       3.071270E-02       9.828080E-03
   83    51   134     0       3.913850E-03       2.504860E-03
   83    51   134     1       1.069010E-02       6.841650E-03
   84    51   135     0       4.289810E-03       2.745480E-03
   85    51   136     0       6.683530E-04       4.277460E-04
   86    51   137     0       6.024690E-05       3.855800E-05
   87    51   138     0       4.628220E-06       2.962060E-06
   88    51   139     0       2.338940E-07       1.496930E-07
   89    51   140     0       1.931020E-08       1.235860E-08
   90    51   141     0       3.633090E-11       2.325190E-11
   91    51   142     0       2.365440E-12       1.513890E-12
   92    51   143     0       0.000000E+00       0.000000E+00
   67    52   119     0       0.000000E+00       0.000000E+00
   67    52   119     1       0.000000E+00       0.000000E+00
   68    52   120     0       0.000000E+00       0.000000E+00
   69    52   121     0       0.000000E+00       0.000000E+00
   69    52   121     1       0.000000E+00       0.000000E+00
   70    52   122     0       3.008840E-13       1.925660E-13
   71    52   123     0       7.590060E-12       4.857640E-12
   71    52   123     1       2.872600E-11       1.838460E-11
   72    52   124     0       3.088810E-09       1.976840E-09
   73    52   125     0       4.890810E-14       3.130120E-14
   73    52   125     1       1.851020E-13       1.184650E-13
   74    52   126     0       6.197620E-12       3.966480E-12
   75    52   127     0       4.684860E-11       2.998310E-11
   75    52   127     1       1.312830E-10       8.402110E-11
   76    52   128     0       4.508270E-09       2.885290E-09
   77    52   129     0       3.625380E-08       2.320240E-08
   77    52   129     1       1.015930E-07       6.501970E-08
   78    52   130     0       2.988850E-06       1.912870E-06
   79    52   131     0       5.804420E-04       3.714830E-04
   79    52   131     1       1.626560E-03       5.205000E-04
   80    52   132     0       8.633320E-03       3.884990E-03
   81    52   133     0       7.992470E-03       5.115190E-03
   81    52   133     1       2.239720E-02       7.167070E-03
   82    52   134     0       4.998880E-02       1.149740E-02
   83    52   135     0       4.090520E-02       1.308970E-02
   84    52   136     0       2.326640E-02       7.445220E-03
   85    52   137     0       6.172880E-03       3.950640E-03
   86    52   138     0       1.701290E-03       1.088820E-03
   87    52   139     0       2.421070E-04       1.549490E-04
   88    52   140     0       2.544090E-05       1.628210E-05
   89    52   141     0       8.454150E-07       5.410660E-07
   90    52   142     0       6.487270E-08       4.151860E-08
   91    52   143     0       9.304520E-11       5.954890E-11
   92    52   144     0       1.500580E-11       9.603710E-12
   93    52   145     0       1.193460E-12       7.638150E-13
   69    53   122     0       0.000000E+00       0.000000E+00
   70    53   123     0       0.000000E+00       0.000000E+00
   71    53   124     0       0.000000E+00       0.000000E+00
   72    53   125     0       0.000000E+00       0.000000E+00
   73    53   126     0       0.000000E+00       0.000000E+00
   74    53   127     0       0.000000E+00       0.000000E+00
   75    53   128     0       0.000000E+00       0.000000E+00
   76    53   129     0       0.000000E+00       0.000000E+00
   77    53   130     0       4.983010E-13       3.189120E-13
   77    53   130     1       1.824380E-13       1.167600E-13
   78    53   131     0       7.307190E-06       4.676600E-06
   79    53   132     0       7.272660E-05       4.654500E-05
   79    53   132     1       6.580020E-05       4.211220E-05
   80    53   133     0       9.978280E-04       6.386100E-04
   80    53   133     1       7.375250E-04       4.720160E-04
   81    53   134     0       4.394570E-03       2.812520E-03
   81    53   134     1       3.897070E-03       2.494120E-03
   82    53   135     0       2.351710E-02       7.525450E-03
   83    53   136     0       9.309050E-03       2.978890E-03
   83    53   136     1       2.542620E-02       8.136370E-03
   84    53   137     0       3.058480E-02       9.787130E-03
   85    53   138     0       2.127400E-02       6.807700E-03
   86    53   139     0       9.950610E-03       6.368390E-03
   87    53   140     0       2.729580E-03       1.746930E-03
   88    53   141     0       5.834300E-04       3.733960E-04
   89    53   142     0       6.763400E-05       4.328580E-05
   90    53   143     0       1.336650E-06       8.554530E-07
   91    53   144     0       1.829050E-07       1.170590E-07
   92    53   145     0       1.714470E-08       1.097260E-08
   93    53   146     0       3.863440E-11       2.472600E-11
   94    53   147     0       3.187890E-12       2.040250E-12
   95    53   148     0       0.000000E+00       0.000000E+00
   71    54   125     0       0.000000E+00       0.000000E+00
   72    54   126     0       0.000000E+00       0.000000E+00
   73    54   127     0       0.000000E+00       0.000000E+00
   73    54   127     1       0.000000E+00       0.000000E+00
   74    54   128     0       0.000000E+00       0.000000E+00
   75    54   129     0       0.000000E+00       0.000000E+00
   75    54   129     1       0.000000E+00       0.000000E+00
   76    54   130     0       0.000000E+00       0.000000E+00
   77    54   131     0       6.464690E-10       4.137400E-10
   77    54   131     1       1.811590E-09       1.159420E-09
   78    54   132     0       1.899270E-07       1.215530E-07
   79    54   133     0       2.050610E-06       1.312390E-06
   79    54   133     1       5.746390E-06       3.677690E-06
   80    54   134     0       4.539520E-05       2.905290E-05
   80    54   134     1       1.239900E-04       7.935350E-05
   81    54   135     0       3.940020E-04       2.521610E-04
   81    54   135     1       1.104100E-03       7.066270E-04
   82    54   136     0       7.719230E-03       4.940300E-03
   83    54   137     0       2.699930E-02       6.209860E-03
   84    54   138     0       3.625940E-02       5.801490E-03
   85    54   139     0       3.995080E-02       1.278420E-02
   86    54   140     0       3.262980E-02       1.044150E-02
   87    54   141     0       1.705500E-02       5.457590E-03
   88    54   142     0       6.597890E-03       4.222650E-03
   89    54   143     0       3.929720E-04       2.515020E-04
   89    54   143     1       1.101220E-03       7.047790E-04
   90    54   144     0       2.409740E-04       1.542240E-04
   91    54   145     0       1.916540E-05       1.226590E-05
   92    54   146     0       1.059550E-06       6.781150E-07
   93    54   147     0       7.418150E-08       4.747620E-08
   94    54   148     0       5.817770E-10       3.723370E-10
   95    54   149     0       4.741500E-12       3.034570E-12
   96    54   150     0       4.748180E-14       3.038830E-14
   73    55   128     0       0.000000E+00       0.000000E+00
   74    55   129     0       0.000000E+00       0.000000E+00
   75    55   130     0       0.000000E+00       0.000000E+00
   76    55   131     0       2.838910E-14       1.816900E-14
   77    55   132     0       7.337180E-12       4.695800E-12
   78    55   133     0       1.359480E-09       8.700660E-10
   79    55   134     0       5.509880E-08       3.526330E-08
   79    55   134     1       4.886120E-08       3.127120E-08
   80    55   135     0       2.241640E-06       1.434650E-06
   80    55   135     1       1.656860E-06       1.060390E-06
   81    55   136     0       4.515350E-05       2.889820E-05
   81    55   136     1       3.229680E-05       2.066990E-05
   82    55   137     0       7.074380E-04       4.527600E-04
   83    55   138     0       1.120240E-03       7.169550E-04
   83    55   138     1       1.875060E-03       1.200040E-03
   84    55   139     0       1.051070E-02       6.726850E-03
   85    55   140     0       1.776350E-02       5.684300E-03
   86    55   141     0       2.742930E-02       8.777370E-03
   87    55   142     0       2.485080E-02       7.952240E-03
   88    55   143     0       1.752020E-02       5.606450E-03
   89    55   144     0       7.425810E-03       4.752510E-03
   90    55   145     0       2.069610E-03       1.324550E-03
   91    55   146     0       3.350610E-04       2.144400E-04
   92    55   147     0       5.119340E-05       3.276380E-05
   93    55   148     0       2.099190E-06       1.343480E-06
   94    55   149     0       6.811430E-08       4.359320E-08
   95    55   150     0       1.999230E-09       1.279510E-09
   96    55   151     0       7.154310E-12       4.578760E-12
   97    55   152     0       4.082120E-13       2.612560E-13
   75    56   131     0       0.000000E+00       0.000000E+00
   76    56   132     0       0.000000E+00       0.000000E+00
   77    56   133     0       6.505970E-16       4.163820E-16
   77    56   133     1       0.000000E+00       0.000000E+00
   78    56   134     0       5.347950E-12       3.422690E-12
   79    56   135     0       1.853440E-10       1.186200E-10
   79    56   135     1       5.193860E-10       3.324070E-10
   80    56   136     0       1.344840E-08       8.607000E-09
   80    56   136     1       3.673230E-08       2.350870E-08
   81    56   137     0       4.619140E-07       2.956250E-07
   81    56   137     1       1.294410E-06       8.284240E-07
   82    56   138     0       2.712960E-05       1.736290E-05
   83    56   139     0       2.414670E-04       1.545390E-04
   84    56   140     0       1.427850E-03       9.138250E-04
   85    56   141     0       5.117570E-03       3.275250E-03
   86    56   142     0       1.386030E-02       4.435280E-03
   87    56   143     0       2.351280E-02       7.524090E-03
   88    56   144     0       2.902770E-02       9.288830E-03
   89    56   145     0       1.975040E-02       6.320120E-03
   90    56   146     0       1.074910E-02       3.439690E-03
   91    56   147     0       3.138740E-03       2.008800E-03
   92    56   148     0       6.675440E-04       4.272280E-04
   93    56   149     0       7.614270E-05       4.873130E-05
   94    56   150     0       6.897350E-06       4.414310E-06
   95    56   151     0       1.664800E-07       1.065470E-07
   96    56   152     0       1.119530E-08       7.164990E-09
   97    56   153     0       5.622010E-11       3.598090E-11
   98    56   154     0       2.209150E-12       1.413860E-12
   76    57   133     0       0.000000E+00       0.000000E+00
   77    57   134     0       0.000000E+00       0.000000E+00
   78    57   135     0       0.000000E+00       0.000000E+00
   79    57   136     0       0.000000E+00       0.000000E+00
   80    57   137     0       1.549410E-10       9.916190E-11
   81    57   138     0       7.167250E-09       4.587040E-09
   82    57   139     0       2.389080E-07       1.529010E-07
   83    57   140     0       3.588620E-06       2.296720E-06
   84    57   141     0       4.579240E-05       2.930710E-05
   85    57   142     0       3.305830E-04       2.115730E-04
   86    57   143     0       2.994390E-03       1.916410E-03
   87    57   144     0       5.751480E-03       3.680950E-03
   88    57   145     0       1.137800E-02       3.640980E-03
   89    57   146     0       4.825200E-03       3.088130E-03
   89    57   146     1       1.011350E-02       6.472640E-03
   90    57   147     0       1.357360E-02       4.343540E-03
   91    57   148     0       7.305500E-03       4.675520E-03
   92    57   149     0       2.801110E-03       1.792710E-03
   93    57   150     0       6.982320E-04       4.468680E-04
   94    57   151     0       1.148890E-04       7.352920E-05
   95    57   152     0       1.166550E-05       7.465930E-06
   96    57   153     0       8.076340E-07       5.168860E-07
   97    57   154     0       2.539030E-08       1.624980E-08
   98    57   155     0       1.760030E-09       1.126430E-09
   99    57   156     0       4.227920E-12       2.705870E-12
  100    57   157     0       1.567890E-13       1.003440E-13
   77    58   135     0       0.000000E+00       0.000000E+00
   78    58   136     0       0.000000E+00       0.000000E+00
   79    58   137     0       0.000000E+00       0.000000E+00
   79    58   137     1       0.000000E+00       0.000000E+00
   80    58   138     0       1.549400E-13       9.916190E-14
   81    58   139     0       4.014470E-12       2.569260E-12
   81    58   139     1       1.124970E-11       7.199790E-12
   82    58   140     0       7.287200E-10       4.663810E-10
   83    58   141     0       2.958860E-08       1.893670E-08
   84    58   142     0       7.757020E-07       4.964490E-07
   85    58   143     0       1.133560E-05       7.254810E-06
   86    58   144     0       1.273710E-04       8.151750E-05
   87    58   145     0       7.035700E-04       4.502850E-04
   88    58   146     0       3.066950E-03       1.962850E-03
   89    58   147     0       6.751920E-03       4.321230E-03
   90    58   148     0       1.119360E-02       2.574520E-03
   91    58   149     0       1.043530E-02       4.695880E-03
   92    58   150     0       7.931140E-03       5.075930E-03
   93    58   151     0       3.359140E-03       2.149850E-03
   94    58   152     0       1.137610E-03       7.280720E-04
   95    58   153     0       2.145280E-04       1.372970E-04
   96    58   154     0       2.483050E-05       1.589150E-05
   97    58   155     0       1.967480E-06       1.259190E-06
   98    58   156     0       1.159510E-07       7.420880E-08
   99    58   157     0       3.648440E-09       2.335000E-09
  100    58   158     0       7.816720E-11       5.002700E-11
  101    58   159     0       5.942080E-13       3.802930E-13
  102    58   160     0       0.000000E+00       0.000000E+00
   79    59   138     0       0.000000E+00       0.000000E+00
   79    59   138     1       0.000000E+00       0.000000E+00
   80    59   139     0       0.000000E+00       0.000000E+00
   81    59   140     0       0.000000E+00       0.000000E+00
   82    59   141     0       6.537490E-13       4.183990E-13
   83    59   142     0       1.350200E-11       8.641290E-12
   83    59   142     1       3.687860E-11       2.360230E-11
   84    59   143     0       3.088810E-09       1.976840E-09
   85    59   144     0       8.271150E-09       5.293540E-09
   85    59   144     1       8.466320E-08       5.418440E-08
   86    59   145     0       1.859290E-06       1.189940E-06
   87    59   146     0       2.361090E-05       1.511100E-05
   88    59   147     0       1.804910E-04       1.155140E-04
   89    59   148     0       1.366770E-04       8.747360E-05
   89    59   148     1       6.626060E-04       4.240680E-04
   90    59   149     0       2.392680E-03       1.531310E-03
   91    59   150     0       4.247600E-03       2.718470E-03
   92    59   151     0       5.384760E-03       2.423140E-03
   93    59   152     0       4.286700E-03       2.743490E-03
   94    59   153     0       2.513740E-03       1.608790E-03
   95    59   154     0       7.647160E-04       4.894180E-04
   96    59   155     0       2.068410E-04       1.323780E-04
   97    59   156     0       3.254750E-05       2.083040E-05
   98    59   157     0       3.588620E-06       2.296720E-06
   99    59   158     0       2.149170E-07       1.375470E-07
  100    59   159     0       8.536130E-09       5.463120E-09
  101    59   160     0       2.209150E-10       1.413860E-10
  102    59   161     0       1.026650E-12       6.570520E-13
  103    59   162     0       3.036080E-14       1.943090E-14
   81    60   141     0       0.000000E+00       0.000000E+00
   82    60   142     0       0.000000E+00       0.000000E+00
   83    60   143     0       4.758170E-14       3.045230E-14
   84    60   144     0       5.567860E-12       3.563430E-12
   85    60   145     0       3.358710E-10       2.149570E-10
   86    60   146     0       1.669360E-08       1.068390E-08
   87    60   147     0       3.748560E-07       2.399080E-07
   88    60   148     0       6.257600E-06       4.004860E-06
   89    60   149     0       4.975090E-05       3.184060E-05
   90    60   150     0       3.128900E-04       2.002490E-04
   91    60   151     0       1.007830E-03       6.450130E-04
   92    60   152     0       2.407840E-03       1.541020E-03
   93    60   153     0       3.251620E-03       2.081040E-03
   94    60   154     0       2.986870E-03       1.344090E-03
   95    60   155     0       1.924730E-03       1.231830E-03
   96    60   156     0       9.365800E-04       5.994120E-04
   97    60   157     0       2.615200E-04       1.673730E-04
   98    60   158     0       5.245990E-05       3.357430E-05
   99    60   159     0       5.647830E-06       3.614610E-06
  100    60   160     0       5.008080E-07       3.205170E-07
  101    60   161     0       2.388980E-08       1.528940E-08
  102    60   162     0       8.326500E-10       5.328960E-10
  103    60   163     0       1.169500E-11       7.484810E-12
  104    60   164     0       6.837370E-14       4.375920E-14
   83    61   144     0       0.000000E+00       0.000000E+00
   84    61   145     0       0.000000E+00       0.000000E+00
   85    61   146     0       3.178780E-13       2.034420E-13
   86    61   147     0       2.748940E-11       1.759320E-11
   87    61   148     0       3.812180E-10       2.439790E-10
   87    61   148     1       1.041240E-09       6.663910E-10
   88    61   149     0       4.428300E-08       2.834110E-08
   89    61   150     0       7.777010E-07       4.977290E-07
   90    61   151     0       9.016540E-06       5.770580E-06
   91    61   152     0       7.580760E-06       4.851690E-06
   91    61   152     1       3.676380E-05       2.352890E-05
   91    61   152     2       1.265360E-05       8.098310E-06
   92    61   153     0       2.484950E-04       1.590370E-04
   93    61   154     0       4.988970E-04       3.192940E-04
   93    61   154     1       6.674590E-05       4.271730E-05
   94    61   155     0       1.081590E-03       6.922200E-04
   95    61   156     0       1.179900E-03       7.551340E-04
   96    61   157     0       9.559430E-04       6.118030E-04
   97    61   158     0       4.523360E-04       2.894950E-04
   98    61   159     0       1.531910E-04       9.804240E-05
   99    61   160     0       3.391700E-05       2.170690E-05
  100    61   161     0       5.497890E-06       3.518650E-06
  101    61   162     0       5.058060E-07       3.237160E-07
  102    61   163     0       2.519030E-08       1.612180E-08
  103    61   164     0       4.138410E-10       2.648580E-10
  104    61   165     0       1.559290E-11       9.979480E-12
  105    61   166     0       8.339720E-13       5.337420E-13
   84    62   146     0       0.000000E+00       0.000000E+00
   85    62   147     0       0.000000E+00       0.000000E+00
   86    62   148     0       2.628990E-14       1.682550E-14
   87    62   149     0       2.499040E-12       1.599390E-12
   88    62   150     0       1.689350E-10       1.081180E-10
   89    62   151     0       5.827760E-09       3.729770E-09
   90    62   152     0       1.339490E-07       8.572710E-08
   91    62   153     0       1.629370E-06       1.042800E-06
   92    62   154     0       1.311500E-05       8.393580E-06
   93    62   155     0       6.507500E-05       4.164800E-05
   94    62   156     0       2.185360E-04       1.398630E-04
   95    62   157     0       4.098330E-04       2.622930E-04
   96    62   158     0       5.569360E-04       3.564390E-04
   97    62   159     0       4.238770E-04       2.712820E-04
   98    62   160     0       2.684870E-04       1.718320E-04
   99    62   161     0       1.041600E-04       6.666240E-05
  100    62   162     0       2.977860E-05       1.905830E-05
  101    62   163     0       3.858520E-06       2.469450E-06
  102    62   164     0       2.169170E-07       1.388270E-07
  103    62   165     0       2.179160E-08       1.394660E-08
  104    62   166     0       1.098750E-09       7.031960E-10
  105    62   167     0       2.888770E-11       1.848810E-11
  106    62   168     0       5.047880E-13       3.230640E-13
   86    63   149     0       0.000000E+00       0.000000E+00
   87    63   150     0       0.000000E+00       0.000000E+00
   87    63   150     1       0.000000E+00       0.000000E+00
   88    63   151     0       1.279510E-13       8.188860E-14
   89    63   152     0       3.991770E-12       2.554730E-12
   89    63   152     1       3.913500E-13       2.504640E-13
   89    63   152     2       4.304850E-12       2.755100E-12
   90    63   153     0       3.918500E-10       2.507840E-10
   91    63   154     0       4.505240E-09       2.883350E-09
   91    63   154     1       4.861160E-09       3.111140E-09
   92    63   155     0       1.669360E-07       1.068390E-07
   93    63   156     0       1.499420E-06       9.596320E-07
   94    63   157     0       9.286430E-06       5.943320E-06
   95    63   158     0       3.132800E-05       2.004990E-05
   96    63   159     0       7.219230E-05       4.620310E-05
   97    63   160     0       1.020010E-04       6.528050E-05
   98    63   161     0       1.132070E-04       7.245220E-05
   99    63   162     0       7.132260E-05       4.564650E-05
  100    63   163     0       2.743950E-05       1.756130E-05
  101    63   164     0       3.748560E-06       2.399080E-06
  102    63   165     0       1.189540E-06       7.613080E-07
  103    63   166     0       1.579390E-07       1.010810E-07
  104    63   167     0       1.389470E-08       8.892590E-09
  105    63   168     0       6.697430E-10       4.286350E-10
  106    63   169     0       3.718310E-11       2.379720E-11
  107    63   170     0       8.826610E-13       5.649030E-13
   87    64   151     0       0.000000E+00       0.000000E+00
   88    64   152     0       0.000000E+00       0.000000E+00
   89    64   153     0       0.000000E+00       0.000000E+00
   90    64   154     0       5.607850E-13       3.589020E-13
   91    64   155     0       2.928880E-11       1.874480E-11
   92    64   156     0       9.426380E-10       6.032880E-10
   93    64   157     0       1.619380E-08       1.036400E-08
   94    64   158     0       1.889270E-07       1.209140E-07
   95    64   159     0       1.149560E-06       7.357170E-07
   96    64   160     0       5.138030E-06       3.288340E-06
   97    64   161     0       1.395460E-05       8.930970E-06
   98    64   162     0       2.559020E-05       1.637770E-05
   99    64   163     0       2.231140E-05       1.427930E-05
  100    64   164     0       8.716650E-06       5.578660E-06
  101    64   165     0       6.137640E-06       3.928090E-06
  102    64   166     0       2.459060E-06       1.573800E-06
  103    64   167     0       5.188010E-07       3.320320E-07
  104    64   168     0       8.206850E-08       5.252380E-08
  105    64   169     0       1.179550E-08       7.549100E-09
  106    64   170     0       9.706260E-10       6.212010E-10
  107    64   171     0       5.902450E-11       3.777570E-11
  108    64   172     0       2.688870E-12       1.720880E-12
   89    65   154     0       0.000000E+00       0.000000E+00
   89    65   154     1       0.000000E+00       0.000000E+00
   89    65   154     2       0.000000E+00       0.000000E+00
   90    65   155     0       0.000000E+00       0.000000E+00
   91    65   156     0       5.901730E-15       3.777110E-15
   91    65   156     1       0.000000E+00       0.000000E+00
   91    65   156     2       0.000000E+00       0.000000E+00
   92    65   157     0       9.846220E-13       6.301580E-13
   93    65   158     0       2.971450E-11       1.901730E-11
   93    65   158     1       2.902960E-12       1.857890E-12
   94    65   159     0       7.077280E-10       4.529460E-10
   95    65   160     0       8.456750E-09       5.412320E-09
   96    65   161     0       7.886970E-08       5.047660E-08
   97    65   162     0       3.678590E-07       1.664740E-07
   98    65   163     0       1.029600E-06       6.589470E-07
   99    65   164     0       9.676280E-07       6.192820E-07
  100    65   165     0       1.959250E-06       1.253920E-06
  101    65   166     0       1.759320E-06       1.125970E-06
  102    65   167     0       1.039600E-06       6.653450E-07
  103    65   168     0       3.788550E-07       2.424670E-07
  104    65   169     0       1.619380E-07       1.036400E-07
  105    65   170     0       3.338720E-08       2.136780E-08
  106    65   171     0       6.747410E-09       4.318340E-09
  107    65   172     0       8.026920E-10       5.137230E-10
   91    66   157     0       0.000000E+00       0.000000E+00
   92    66   158     0       0.000000E+00       0.000000E+00
   93    66   159     0       2.838910E-14       1.816900E-14
   94    66   160     0       1.199540E-12       7.677050E-13
   95    66   161     0       3.138790E-11       2.008830E-11
   96    66   162     0       5.048060E-10       3.230760E-10
   97    66   163     0       3.858520E-09       2.469450E-09
   98    66   164     0       1.239520E-08       7.932950E-09
   99    66   165     0       5.540360E-08       3.545830E-08
   99    66   165     1       7.412270E-09       4.743860E-09
  100    66   166     0       1.789310E-07       1.145160E-07
  101    66   167     0       2.449060E-07       1.567400E-07
  102    66   168     0       2.599000E-07       1.663360E-07
  103    66   169     0       2.419070E-07       1.548210E-07
  104    66   170     0       1.439450E-07       9.212460E-08
  105    66   171     0       6.787390E-08       4.343930E-08
  106    66   172     0       2.439060E-08       1.561000E-08
   93    67   160     0       0.000000E+00       0.000000E+00
   93    67   160     1       0.000000E+00       0.000000E+00
   94    67   161     0       0.000000E+00       0.000000E+00
   94    67   161     1       0.000000E+00       0.000000E+00
   95    67   162     0       0.000000E+00       0.000000E+00
   95    67   162     1       1.009770E-14       6.462540E-15
   96    67   163     0       4.608440E-13       2.949400E-13
   96    67   163     1       6.165490E-14       3.945920E-14
   97    67   164     0       1.259120E-12       8.058350E-13
   97    67   164     1       3.439080E-12       2.201010E-12
   98    67   165     0       8.166860E-11       5.226790E-11
   99    67   166     0       1.693110E-10       1.083590E-10
   99    67   166     1       4.624460E-10       2.959660E-10
  100    67   167     0       2.828910E-09       1.810500E-09
  101    67   168     0       7.647060E-09       4.894120E-09
  102    67   169     0       2.169170E-08       1.388270E-08
  103    67   170     0       2.209790E-08       1.414270E-08
  103    67   170     1       8.090490E-09       5.177920E-09
  104    67   171     0       4.108420E-08       2.629390E-08
  105    67   172     0       3.228760E-08       2.066410E-08
   95    68   163     0       0.000000E+00       0.000000E+00
   96    68   164     0       0.000000E+00       0.000000E+00
   97    68   165     0       0.000000E+00       0.000000E+00
   98    68   166     0       1.979240E-13       1.266710E-13
   99    68   167     0       2.114220E-12       1.353100E-12
   99    68   167     1       2.828550E-13       1.810270E-13
  100    68   168     0       2.279120E-11       1.458640E-11
  101    68   169     0       1.689350E-10       1.081180E-10
  102    68   170     0       7.836990E-10       5.015670E-10
  103    68   171     0       2.678970E-09       1.714540E-09
  104    68   172     0       6.287590E-09       4.024050E-09
   97    69   166     0       0.000000E+00       0.000000E+00
   98    69   167     0       0.000000E+00       0.000000E+00
   99    69   168     0       0.000000E+00       0.000000E+00
  100    69   169     0       4.878130E-14       3.122000E-14
  101    69   170     0       6.307580E-13       4.036850E-13
  102    69   171     0       7.517110E-12       4.810950E-12
  103    69   172     0       4.578240E-11       2.930070E-11
   98    70   168     0       0.000000E+00       0.000000E+00
   99    70   169     0       0.000000E+00       0.000000E+00
  100    70   170     0       0.000000E+00       0.000000E+00
  101    70   171     0       0.000000E+00       0.000000E+00
  102    70   172     0       3.048830E-14       1.951250E-14
  101    71   172     0       0.000000E+00       0.000000E+00
  101    71   172     1       0.000000E+00       0.000000E+00
