#  n-U235-MT454-E0000.500.endfb8.1.txt  independent fission yields
#   0    92   235  92xx  5.0000E-01        1281
   43    23    66     0       4.484560E-18       2.870120E-18
   44    23    67     0       7.337500E-19       4.696000E-19
   42    24    66     0       4.029920E-13       2.579150E-13
   43    24    67     0       4.879880E-14       3.123130E-14
   44    24    68     0       0.000000E+00       0.000000E+00
   45    24    69     0       2.894740E-17       1.852630E-17
   46    24    70     0       0.000000E+00       0.000000E+00
   41    25    66     0       9.439920E-11       6.041550E-11
   42    25    67     0       5.309950E-11       3.398370E-11
   43    25    68     0       6.659940E-12       4.262360E-12
   44    25    69     0       8.919630E-13       5.708570E-13
   45    25    70     0       5.779950E-14       3.699170E-14
   46    25    71     0       0.000000E+00       0.000000E+00
   47    25    72     0       1.190690E-16       7.620420E-17
   48    25    73     0       1.252490E-17       8.015920E-18
   40    26    66     0       3.949970E-09       2.527980E-09
   41    26    67     0       5.139960E-09       3.289570E-09
   42    26    68     0       2.849980E-09       1.823980E-09
   43    26    69     0       9.569920E-10       6.124750E-10
   44    26    70     0       2.819980E-10       1.804780E-10
   45    26    71     0       5.149960E-11       3.295970E-11
   46    26    72     0       1.069980E-11       6.847860E-12
   47    26    73     0       8.329800E-13       5.331070E-13
   48    26    74     0       3.489970E-14       2.233580E-14
   49    26    75     0       1.109870E-15       7.103140E-16
   50    26    76     0       0.000000E+00       0.000000E+00
   39    27    66     0       2.689980E-09       1.721590E-09
   40    27    67     0       1.299990E-08       8.319930E-09
   41    27    68     0       1.519990E-08       9.727920E-09
   42    27    69     0       2.079980E-08       1.331190E-08
   43    27    70     0       1.389990E-08       8.895920E-09
   44    27    71     0       1.139990E-08       7.295940E-09
   45    27    72     0       6.019950E-09       3.852770E-09
   46    27    73     0       2.209980E-09       1.414390E-09
   47    27    74     0       2.439980E-10       1.561590E-10
   48    27    75     0       3.419860E-11       2.188710E-11
   49    27    76     0       3.529970E-12       2.259180E-12
   50    27    77     0       6.134630E-14       3.926160E-14
   51    27    78     0       2.859880E-15       1.830320E-15
   38    28    66     0       4.949960E-10       3.167970E-10
   39    28    67     0       5.029960E-09       3.219170E-09
   40    28    68     0       2.179980E-08       1.395190E-08
   41    28    69     0       5.969950E-08       3.820770E-08
   42    28    70     0       1.459990E-07       9.343920E-08
   43    28    71     0       2.569980E-07       1.644790E-07
   44    28    72     0       5.629950E-07       3.603170E-07
   45    28    73     0       4.949960E-07       3.167970E-07
   46    28    74     0       2.479980E-07       1.587190E-07
   47    28    75     0       8.869920E-08       5.676750E-08
   48    28    76     0       4.359960E-08       2.790380E-08
   49    28    77     0       4.079900E-09       2.611140E-09
   50    28    78     0       2.569950E-10       1.644770E-10
   51    28    79     0       1.512270E-12       9.678550E-13
   52    28    80     0       1.279990E-13       8.191930E-14
   53    28    81     0       3.037530E-15       1.944020E-15
   54    28    82     0       0.000000E+00       0.000000E+00
   37    29    66     0       1.129990E-12       7.231940E-13
   38    29    67     0       5.079960E-11       3.251170E-11
   39    29    68     0       1.369990E-10       8.767920E-11
   39    29    68     1       3.709970E-10       2.374380E-10
   40    29    69     0       5.569950E-09       3.564770E-09
   41    29    70     0       6.049950E-09       3.871970E-09
   41    29    70     1       2.149980E-08       1.375990E-08
   42    29    71     0       1.779980E-07       1.139190E-07
   43    29    72     0       7.829930E-07       5.011160E-07
   44    29    73     0       2.609980E-06       1.670390E-06
   45    29    74     0       2.869980E-06       1.836780E-06
   46    29    75     0       4.359960E-06       2.790380E-06
   47    29    76     0       5.209950E-06       3.334370E-06
   48    29    77     0       2.239980E-06       1.433590E-06
   49    29    78     0       3.749970E-07       2.399980E-07
   50    29    79     0       4.659810E-08       2.982280E-08
   51    29    80     0       2.539980E-09       1.625590E-09
   52    29    81     0       9.359620E-11       5.990150E-11
   53    29    82     0       1.619990E-12       1.036790E-12
   54    29    83     0       3.698820E-14       2.367250E-14
   36    30    66     0       0.000000E+00       0.000000E+00
   37    30    67     0       4.539960E-14       2.905570E-14
   38    30    68     0       2.119980E-12       1.356790E-12
   39    30    69     0       9.789920E-12       6.265550E-12
   39    30    69     1       4.779960E-11       3.059170E-11
   40    30    70     0       1.199990E-09       7.679930E-10
   41    30    71     0       3.009970E-09       1.926380E-09
   41    30    71     1       1.469990E-08       9.407920E-09
   42    30    72     0       3.049970E-07       1.951980E-07
   43    30    73     0       2.079980E-06       1.331190E-06
   44    30    74     0       8.359930E-06       5.350350E-06
   45    30    75     0       2.571980E-05       1.646070E-05
   46    30    76     0       1.189290E-04       7.611450E-05
   47    30    77     0       1.145390E-04       7.330500E-05
   48    30    78     0       8.558930E-05       5.477710E-05
   49    30    79     0       2.619980E-05       1.676790E-05
   50    30    80     0       7.079940E-06       4.531160E-06
   51    30    81     0       7.239940E-07       4.633560E-07
   52    30    82     0       6.439940E-08       4.121560E-08
   53    30    83     0       2.459940E-09       1.574360E-09
   54    30    84     0       7.169940E-11       4.588760E-11
   55    30    85     0       7.236850E-13       4.631580E-13
   56    30    86     0       0.000000E+00       0.000000E+00
   35    31    66     0       0.000000E+00       0.000000E+00
   36    31    67     0       0.000000E+00       0.000000E+00
   37    31    68     0       0.000000E+00       0.000000E+00
   38    31    69     0       1.079990E-14       6.911940E-15
   39    31    70     0       5.649950E-13       3.615970E-13
   40    31    71     0       3.839970E-11       2.457580E-11
   41    31    72     1       8.099930E-10       5.183960E-10
   41    31    72     0       8.099930E-10       5.183960E-10
   42    31    73     0       4.749960E-08       3.039970E-08
   43    31    74     1       2.119980E-07       1.356790E-07
   43    31    74     0       2.119980E-07       1.356790E-07
   44    31    75     0       5.019960E-06       3.212770E-06
   45    31    76     0       4.686960E-05       2.999650E-05
   46    31    77     0       1.649990E-04       1.055990E-04
   47    31    78     0       2.606280E-04       1.668020E-04
   48    31    79     0       3.156470E-04       2.020140E-04
   49    31    80     0       2.078780E-04       1.330420E-04
   50    31    81     0       9.963910E-05       6.376900E-05
   51    31    82     0       2.370980E-05       1.517430E-05
   52    31    83     0       4.689960E-06       3.001570E-06
   53    31    84     0       3.829970E-07       2.451180E-07
   54    31    85     0       2.229910E-08       1.427140E-08
   55    31    86     0       4.849960E-10       3.103970E-10
   56    31    87     0       4.751330E-12       3.040850E-12
   57    31    88     0       1.535660E-13       9.828200E-14
   34    32    66     0       0.000000E+00       0.000000E+00
   35    32    67     0       0.000000E+00       0.000000E+00
   36    32    68     0       0.000000E+00       0.000000E+00
   37    32    69     0       0.000000E+00       0.000000E+00
   38    32    70     0       0.000000E+00       0.000000E+00
   39    32    71     0       0.000000E+00       0.000000E+00
   39    32    71     1       0.000000E+00       0.000000E+00
   40    32    72     0       1.359990E-12       8.703920E-13
   41    32    73     0       8.509930E-11       5.446350E-11
   41    32    73     1       1.739980E-11       1.113590E-11
   42    32    74     0       4.189960E-09       2.681580E-09
   43    32    75     0       1.439990E-08       9.215920E-09
   43    32    75     1       1.049990E-07       6.719940E-08
   44    32    76     0       4.709960E-06       3.014370E-06
   45    32    77     0       3.177970E-05       2.033900E-05
   45    32    77     1       4.329960E-06       2.771180E-06
   46    32    78     0       2.211280E-04       1.415220E-04
   47    32    79     1       2.684080E-04       1.717810E-04
   47    32    79     0       2.684080E-04       1.717810E-04
   48    32    80     0       1.366130E-03       8.743220E-04
   49    32    81     0       1.459850E-03       9.343020E-04
   50    32    82     0       1.499170E-03       9.594670E-04
   51    32    83     0       7.677330E-04       4.913490E-04
   52    32    84     0       3.005070E-04       1.923250E-04
   53    32    85     0       4.911960E-05       3.143650E-05
   54    32    86     0       5.419950E-06       3.468770E-06
   55    32    87     0       3.159930E-07       2.022350E-07
   56    32    88     0       1.379970E-08       8.831830E-09
   57    32    89     0       6.814970E-11       4.361580E-11
   58    32    90     0       3.265320E-12       2.089800E-12
   59    32    91     0       1.312550E-13       8.400350E-14
   36    33    69     0       0.000000E+00       0.000000E+00
   38    33    71     0       0.000000E+00       0.000000E+00
   39    33    72     0       0.000000E+00       0.000000E+00
   40    33    73     0       0.000000E+00       0.000000E+00
   41    33    74     0       1.089990E-13       6.975940E-14
   41    33    74     1       2.949970E-13       1.887980E-13
   42    33    75     0       5.479950E-11       3.507170E-11
   43    33    76     0       5.479950E-09       3.507170E-09
   44    33    77     0       1.899980E-07       1.215990E-07
   45    33    78     0       2.849980E-06       1.823980E-06
   46    33    79     0       2.850980E-05       1.824620E-05
   47    33    80     0       1.640290E-04       1.049780E-04
   48    33    81     0       6.828040E-04       4.369950E-04
   49    33    82     0       7.388340E-04       4.728540E-04
   49    33    82     1       7.388340E-04       4.728540E-04
   50    33    83     0       3.069220E-03       1.964300E-03
   51    33    84     1       1.377960E-03       8.818960E-04
   51    33    84     0       1.377960E-03       8.818960E-04
   52    33    85     0       2.070530E-03       1.325140E-03
   53    33    86     0       5.885850E-04       3.766940E-04
   54    33    87     0       1.675790E-04       1.072500E-04
   55    33    88     0       2.011980E-05       1.287670E-05
   56    33    89     0       2.099910E-06       1.343940E-06
   57    33    90     0       7.446430E-08       4.765720E-08
   58    33    91     0       4.044410E-09       2.588420E-09
   59    33    92     0       6.131500E-12       3.924160E-12
   60    33    93     0       8.789130E-12       5.625050E-12
   38    34    72     0       0.000000E+00       0.000000E+00
   39    34    73     0       0.000000E+00       0.000000E+00
   39    34    73     1       0.000000E+00       0.000000E+00
   40    34    74     0       0.000000E+00       0.000000E+00
   41    34    75     0       0.000000E+00       0.000000E+00
   42    34    76     0       9.349920E-13       5.983950E-13
   43    34    77     0       1.019990E-11       6.527940E-12
   43    34    77     1       7.479940E-11       4.787160E-11
   44    34    78     0       6.209950E-09       3.974370E-09
   45    34    79     0       1.379990E-07       8.831920E-08
   45    34    79     1       1.879980E-08       1.203190E-08
   46    34    80     0       4.269960E-06       2.732780E-06
   47    34    81     0       5.259950E-06       3.366370E-06
   47    34    81     1       3.857970E-05       2.469100E-05
   48    34    82     0       4.020970E-04       2.573420E-04
   49    34    83     0       1.559480E-03       9.980650E-04
   49    34    83     1       3.194770E-04       2.044650E-04
   50    34    84     0       5.940170E-03       1.900850E-03
   51    34    85     0       5.338870E-03       3.416880E-03
   51    34    85     1       5.313200E-03       3.400450E-03
   52    34    86     0       1.226750E-02       3.925610E-03
   53    34    87     0       6.750350E-03       3.037660E-03
   54    34    88     0       4.466960E-03       2.858860E-03
   55    34    89     0       1.217180E-03       7.789950E-04
   56    34    90     0       2.384730E-04       1.526230E-04
   57    34    91     0       9.585870E-06       6.134960E-06
   58    34    92     0       5.509890E-07       3.526330E-07
   59    34    93     0       5.845310E-07       3.741000E-07
   60    34    94     0       1.579990E-10       1.011190E-10
   61    34    95     0       3.099490E-12       1.983670E-12
   62    34    96     0       3.079970E-14       1.971180E-14
   40    35    75     0       0.000000E+00       0.000000E+00
   42    35    77     0       0.000000E+00       0.000000E+00
   42    35    77     1       0.000000E+00       0.000000E+00
   43    35    78     0       1.239990E-13       7.935930E-14
   44    35    79     0       3.169970E-12       2.028780E-12
   44    35    79     1       1.189990E-11       7.615930E-12
   45    35    80     0       2.519980E-10       1.612790E-10
   45    35    80     1       8.949920E-10       5.727950E-10
   46    35    81     0       5.869950E-08       3.756770E-08
   47    35    82     0       1.039990E-06       6.655940E-07
   47    35    82     1       3.849970E-07       2.463980E-07
   48    35    83     0       3.177970E-05       2.033900E-05
   49    35    84     0       8.419930E-05       5.388750E-05
   49    35    84     1       1.789180E-04       1.145080E-04
   50    35    85     0       1.841830E-03       1.178770E-03
   51    35    86     0       2.248760E-03       1.439210E-03
   51    35    86     1       2.242900E-03       1.435460E-03
   52    35    87     0       1.425400E-02       8.552400E-04
   53    35    88     0       1.669280E-02       1.001570E-03
   54    35    89     0       1.328850E-02       4.252320E-03
   55    35    90     0       7.257160E-03       5.805730E-04
   56    35    91     0       1.362320E-03       8.718840E-04
   57    35    92     0       2.092880E-04       1.339440E-04
   58    35    93     0       6.418900E-04       4.108100E-04
   59    35    94     0       8.139930E-07       5.209550E-07
   60    35    95     0       9.550530E-08       6.112340E-08
   61    35    96     0       2.279980E-09       1.459190E-09
   62    35    97     0       1.729120E-11       1.106640E-11
   63    35    98     0       4.807270E-13       3.076650E-13
   41    36    77     0       0.000000E+00       0.000000E+00
   42    36    78     0       0.000000E+00       0.000000E+00
   43    36    79     1       0.000000E+00       0.000000E+00
   43    36    79     0       0.000000E+00       0.000000E+00
   44    36    80     0       4.309960E-14       2.758380E-14
   45    36    81     0       5.509950E-12       3.526370E-12
   45    36    81     1       7.519930E-13       4.812760E-13
   46    36    82     0       7.799930E-10       4.991960E-10
   47    36    83     0       4.129960E-08       2.643180E-08
   47    36    83     1       8.469930E-09       5.420750E-09
   48    36    84     0       2.019980E-06       1.292790E-06
   49    36    85     0       3.093970E-05       1.980140E-05
   49    36    85     1       6.339950E-06       4.057560E-06
   50    36    86     0       1.542000E-03       4.934390E-04
   51    36    87     0       3.504310E-03       8.059910E-04
   52    36    88     0       1.247320E-02       7.483900E-04
   53    36    89     0       2.557530E-02       2.046020E-03
   54    36    90     0       4.024320E-02       1.609730E-03
   55    36    91     0       2.916200E-02       1.166480E-03
   56    36    92     0       1.353680E-02       2.165890E-03
   57    36    93     0       3.052780E-03       2.442230E-04
   58    36    94     0       6.189050E-04       3.960990E-04
   59    36    95     0       2.263630E-04       1.448720E-04
   60    36    96     0       2.308980E-05       1.477750E-05
   61    36    97     0       1.149970E-06       7.359830E-07
   62    36    98     0       4.319910E-08       2.764750E-08
   63    36    99     0       2.955350E-11       1.891430E-11
   64    36   100     0       9.599920E-12       6.143950E-12
   65    36   101     0       3.510640E-13       2.246810E-13
   42    37    79     0       0.000000E+00       0.000000E+00
   44    37    81     0       0.000000E+00       0.000000E+00
   46    37    83     0       1.299990E-12       8.319930E-13
   47    37    84     0       1.489990E-10       9.535920E-11
   48    37    85     0       1.449990E-08       9.279920E-09
   49    37    86     1       2.189980E-07       1.401590E-07
   49    37    86     0       2.189980E-07       1.401590E-07
   50    37    87     0       1.330990E-05       8.518330E-06
   51    37    88     0       5.478550E-04       3.506270E-04
   52    37    89     0       3.899260E-03       2.495520E-03
   53    37    90     0       1.285010E-03       8.224060E-04
   53    37    90     1       6.893610E-03       4.411910E-03
   54    37    91     0       2.009840E-02       6.431490E-03
   55    37    92     0       2.790030E-02       8.928110E-03
   56    37    93     0       3.408240E-02       1.363300E-03
   57    37    94     0       1.890550E-02       1.134330E-03
   58    37    95     0       8.980650E-03       5.747620E-03
   59    37    96     0       2.279370E-03       1.458800E-03
   60    37    97     0       5.371250E-04       3.437600E-04
   61    37    98     0       5.346950E-05       3.422050E-05
   62    37    99     0       9.106410E-07       5.828100E-07
   63    37   100     0       1.549990E-07       9.919910E-08
   64    37   101     0       1.081740E-08       6.923150E-09
   65    37   102     0       1.858370E-11       1.189360E-11
   66    37   103     0       7.591040E-13       4.858260E-13
   67    37   104     0       7.711670E-15       4.935470E-15
   45    38    83     0       0.000000E+00       0.000000E+00
   46    38    84     0       0.000000E+00       0.000000E+00
   47    38    85     1       2.159980E-13       1.382390E-13
   47    38    85     0       2.159980E-13       1.382390E-13
   48    38    86     0       6.739940E-11       4.313560E-11
   49    38    87     0       4.779960E-09       3.059170E-09
   49    38    87     1       9.789920E-10       6.265550E-10
   50    38    88     0       3.639970E-07       2.329580E-07
   51    38    89     0       8.319930E-06       5.324750E-06
   52    38    90     0       3.431570E-04       1.544210E-04
   53    38    91     0       6.851900E-03       4.385220E-03
   54    38    92     0       1.614230E-02       5.165550E-03
   55    38    93     0       2.144480E-02       2.358930E-03
   56    38    94     0       3.786870E-02       2.272120E-03
   57    38    95     0       4.367220E-02       4.803950E-03
   58    38    96     0       4.383160E-02       7.013060E-03
   59    38    97     0       2.369630E-02       7.582820E-03
   60    38    98     0       1.043580E-02       3.339460E-03
   61    38    99     0       2.158360E-03       1.381350E-03
   62    38   100     0       3.557370E-04       2.276720E-04
   63    38   101     0       2.563900E-05       1.640890E-05
   64    38   102     0       1.669970E-06       1.068780E-06
   65    38   103     0       5.048500E-08       3.231040E-08
   66    38   104     0       6.929860E-10       4.435110E-10
   67    38   105     0       0.000000E+00       0.000000E+00
   68    38   106     0       0.000000E+00       0.000000E+00
   69    38   107     0       0.000000E+00       0.000000E+00
   70    38   108     0       0.000000E+00       0.000000E+00
   46    39    85     0       0.000000E+00       0.000000E+00
   48    39    87     0       4.029970E-14       2.579180E-14
   49    39    88     0       7.279940E-12       4.659160E-12
   50    39    89     0       1.379990E-10       8.831920E-11
   50    39    89     1       6.739940E-10       4.313560E-10
   51    39    90     1       2.294980E-08       1.468790E-08
   51    39    90     0       2.294980E-08       1.468790E-08
   52    39    91     1       8.599930E-07       5.503950E-07
   52    39    91     0       8.599930E-07       5.503950E-07
   53    39    92     0       2.898970E-05       1.855340E-05
   54    39    93     1       1.034010E-03       6.617670E-04
   54    39    93     0       1.034010E-03       6.617670E-04
   55    39    94     0       6.774150E-03       1.558050E-03
   56    39    95     0       1.177950E-02       2.709280E-03
   57    39    96     0       1.330160E-03       8.513010E-04
   57    39    96     1       1.346120E-02       4.307590E-03
   58    39    97     1       1.513620E-02       9.687200E-03
   58    39    97     0       1.513620E-02       9.687200E-03
   59    39    98     0       1.385240E-02       4.432770E-03
   59    39    98     1       1.385100E-02       4.432330E-03
   60    39    99     0       2.251040E-02       7.203320E-03
   61    39   100     0       8.699770E-03       5.567860E-03
   62    39   101     0       2.830960E-03       1.811810E-03
   63    39   102     0       4.581160E-04       2.931940E-04
   64    39   103     0       5.543900E-05       3.548100E-05
   65    39   104     0       2.319980E-06       1.484790E-06
   66    39   105     0       1.865820E-13       1.194130E-13
   67    39   106     0       6.891820E-15       4.410760E-15
   68    39   107     0       6.049550E-16       3.871710E-16
   69    39   108     0       4.653240E-18       2.978070E-18
   70    39   109     0       2.142290E-13       1.371070E-13
   71    39   110     0       4.829530E-15       3.090900E-15
   47    40    87     0       0.000000E+00       0.000000E+00
   48    40    88     0       0.000000E+00       0.000000E+00
   49    40    89     0       0.000000E+00       0.000000E+00
   50    40    90     1       8.899920E-13       5.695950E-13
   50    40    90     0       8.899920E-13       5.695950E-13
   51    40    91     0       2.009980E-10       1.286390E-10
   52    40    92     0       1.669990E-08       1.068790E-08
   53    40    93     0       4.929960E-07       3.155170E-07
   54    40    94     0       1.290990E-05       8.262330E-06
   55    40    95     0       1.477490E-04       9.455920E-05
   56    40    96     0       1.246300E-03       7.976320E-04
   57    40    97     0       5.606550E-03       3.588190E-03
   58    40    98     0       2.037700E-02       4.686700E-03
   59    40    99     0       3.363360E-02       1.076280E-02
   60    40   100     0       4.892870E-02       1.565720E-02
   61    40   101     0       3.411320E-02       1.091620E-02
   62    40   102     0       2.220150E-02       7.104500E-03
   63    40   103     0       6.258570E-03       4.005480E-03
   64    40   104     0       1.164250E-03       7.451200E-04
   65    40   105     0       5.489950E-06       3.513570E-06
   66    40   106     0       2.739980E-07       1.753580E-07
   67    40   107     0       1.780000E-08       1.139200E-08
   68    40   108     0       1.849980E-10       1.183990E-10
   69    40   109     0       1.424750E-08       9.118420E-09
   70    40   110     0       4.339910E-10       2.777550E-10
   71    40   111     0       9.553310E-14       6.114120E-14
   72    40   112     0       6.036490E-15       3.863360E-15
   48    41    89     0       0.000000E+00       0.000000E+00
   49    41    90     0       0.000000E+00       0.000000E+00
   50    41    91     0       0.000000E+00       0.000000E+00
   51    41    92     0       8.359930E-14       5.350350E-14
   52    41    93     0       1.029990E-11       6.591940E-12
   52    41    93     1       2.119980E-12       1.356790E-12
   53    41    94     0       5.809950E-10       3.718370E-10
   53    41    94     1       3.409970E-10       2.182380E-10
   54    41    95     0       4.419960E-08       2.828780E-08
   54    41    95     1       9.049920E-09       5.791950E-09
   55    41    96     0       1.199990E-06       7.679930E-07
   56    41    97     0       2.168980E-05       1.388150E-05
   56    41    97     1       4.439960E-06       2.841580E-06
   57    41    98     0       1.781180E-04       1.139960E-04
   57    41    98     1       5.023960E-05       3.215330E-05
   58    41    99     0       1.236690E-04       7.914810E-05
   58    41    99     1       1.422000E-03       9.100790E-04
   59    41   100     0       2.483830E-03       1.589650E-03
   59    41   100     1       2.483830E-03       1.589650E-03
   60    41   101     0       1.357910E-02       4.345320E-03
   61    41   102     1       8.631860E-03       5.524390E-03
   61    41   102     0       8.631860E-03       5.524390E-03
   62    41   103     0       1.805680E-02       5.778180E-03
   63    41   104     1       3.570960E-03       2.285410E-03
   63    41   104     0       3.570960E-03       2.285410E-03
   64    41   105     0       2.773480E-03       1.775020E-03
   65    41   106     0       4.347560E-04       2.782440E-04
   66    41   107     0       1.018410E-04       6.517840E-05
   67    41   108     0       8.189930E-06       5.241550E-06
   68    41   109     0       1.564560E-05       1.001320E-05
   69    41   110     0       5.539950E-07       3.545570E-07
   70    41   111     0       2.943690E-09       1.883960E-09
   71    41   112     0       1.376600E-10       8.810230E-11
   72    41   113     0       6.634810E-14       4.246280E-14
   73    41   114     0       5.096600E-15       3.261820E-15
   74    41   115     0       2.018040E-15       1.291550E-15
   48    42    90     0       0.000000E+00       0.000000E+00
   49    42    91     0       0.000000E+00       0.000000E+00
   50    42    92     0       0.000000E+00       0.000000E+00
   51    42    93     1       0.000000E+00       0.000000E+00
   51    42    93     0       0.000000E+00       0.000000E+00
   52    42    94     0       0.000000E+00       0.000000E+00
   53    42    95     0       1.499990E-12       9.599920E-13
   54    42    96     0       1.669990E-10       1.068790E-10
   55    42    97     0       9.939910E-09       6.361540E-09
   56    42    98     0       4.229960E-07       2.707180E-07
   57    42    99     0       7.239940E-06       4.633560E-06
   58    42   100     0       1.073990E-04       6.873540E-05
   59    42   101     0       6.927640E-04       4.433690E-04
   60    42   102     0       3.652230E-03       2.337430E-03
   61    42   103     0       7.971680E-03       3.587260E-03
   62    42   104     0       1.204130E-02       2.769490E-03
   63    42   105     0       9.167390E-03       2.933570E-03
   64    42   106     0       4.790120E-03       5.269130E-04
   65    42   107     0       2.664500E-03       1.705280E-03
   66    42   108     0       1.074490E-03       6.876740E-04
   67    42   109     0       4.192660E-04       2.683300E-04
   68    42   110     0       1.116090E-04       7.142980E-05
   69    42   111     0       6.977000E-06       4.465280E-06
   70    42   112     0       4.408590E-07       2.821490E-07
   71    42   113     0       4.412550E-09       2.824030E-09
   72    42   114     0       4.579910E-10       2.931140E-10
   73    42   115     0       1.342120E-10       8.589570E-11
   74    42   116     0       5.849950E-14       3.743970E-14
   75    42   117     0       2.080380E-15       1.331440E-15
   50    43    93     0       0.000000E+00       0.000000E+00
   52    43    95     0       0.000000E+00       0.000000E+00
   52    43    95     1       0.000000E+00       0.000000E+00
   54    43    97     1       3.039970E-14       1.945580E-14
   54    43    97     0       3.039970E-14       1.945580E-14
   55    43    98     0       7.139940E-12       4.569560E-12
   56    43    99     0       4.849960E-10       3.103970E-10
   56    43    99     1       9.939910E-11       6.361540E-11
   57    43   100     0       2.369980E-08       1.516790E-08
   58    43   101     0       7.609930E-07       4.870360E-07
   59    43   102     0       4.879960E-06       3.123170E-06
   59    43   102     1       4.879960E-06       3.123170E-06
   60    43   103     0       9.428920E-05       6.034510E-05
   61    43   104     0       3.157270E-04       2.020650E-04
   62    43   105     0       7.473940E-05       4.783320E-05
   63    43   106     0       1.028890E-04       6.584900E-05
   64    43   107     0       2.568280E-04       1.643700E-04
   65    43   108     0       2.237080E-04       1.431730E-04
   66    43   109     0       3.391070E-04       2.170290E-04
   67    43   110     0       3.045370E-04       1.949040E-04
   68    43   111     0       1.195390E-04       7.650490E-05
   69    43   112     0       2.470980E-05       1.581430E-05
   70    43   113     0       4.845550E-06       3.101150E-06
   71    43   114     0       4.499960E-07       2.879980E-07
   72    43   115     0       1.473820E-07       9.432450E-08
   73    43   116     0       9.149920E-10       5.855950E-10
   74    43   117     0       6.410320E-11       4.102610E-11
   75    43   118     0       7.667160E-14       4.906980E-14
   76    43   119     0       2.044880E-15       1.308720E-15
   51    44    95     0       0.000000E+00       0.000000E+00
   52    44    96     0       0.000000E+00       0.000000E+00
   53    44    97     0       0.000000E+00       0.000000E+00
   54    44    98     0       0.000000E+00       0.000000E+00
   55    44    99     0       0.000000E+00       0.000000E+00
   56    44   100     0       7.259940E-13       4.646360E-13
   57    44   101     0       6.409940E-11       4.102360E-11
   58    44   102     0       3.959970E-09       2.534380E-09
   59    44   103     0       9.939910E-08       6.361540E-08
   60    44   104     0       1.589990E-06       1.017590E-06
   61    44   105     0       1.009990E-09       6.463940E-10
   62    44   106     0       8.699920E-09       5.567950E-09
   63    44   107     0       8.409930E-08       5.382350E-08
   64    44   108     0       4.909960E-07       3.142370E-07
   65    44   109     1       0.000000E+00       0.000000E+00
   65    44   109     0       3.999960E-05       2.559974E-05
   66    44   110     0       2.323680E-04       1.487160E-04
   67    44   111     0       2.782980E-04       1.781100E-04
   68    44   112     0       2.884880E-04       1.846320E-04
   69    44   113     0       1.545490E-04       9.891110E-05
   70    44   114     0       7.073940E-05       4.527320E-05
   71    44   115     0       1.439240E-05       9.211110E-06
   72    44   116     0       2.029980E-06       1.299190E-06
   73    44   117     0       1.519350E-07       9.723810E-08
   74    44   118     0       6.889860E-09       4.409510E-09
   75    44   119     0       1.359970E-10       8.703790E-11
   76    44   120     0       1.829980E-12       1.171190E-12
   77    44   121     0       1.388960E-14       8.889320E-15
   78    44   122     0       0.000000E+00       0.000000E+00
   80    44   124     0       0.000000E+00       0.000000E+00
   54    45    99     0       0.000000E+00       0.000000E+00
   56    45   101     0       0.000000E+00       0.000000E+00
   56    45   101     1       0.000000E+00       0.000000E+00
   57    45   102     0       0.000000E+00       0.000000E+00
   57    45   102     1       0.000000E+00       0.000000E+00
   58    45   103     0       2.039980E-13       1.305590E-13
   58    45   103     1       1.499990E-12       9.599920E-13
   59    45   104     0       1.619990E-11       1.036790E-11
   59    45   104     1       5.739950E-11       3.673570E-11
   60    45   105     0       6.159950E-10       1.971180E-10
   60    45   105     1       8.399930E-11       5.375950E-11
   61    45   106     0       0.000000E+00       0.000000E+00
   61    45   106     1       0.000000E+00       0.000000E+00
   62    45   107     0       0.000000E+00       0.000000E+00
   63    45   108     0       6.809940E-14       4.358360E-14
   63    45   108     1       6.809940E-14       4.358360E-14
   64    45   109     0       1.049990E-07       6.719936E-08
   64    45   109     1       0.000000E+00       0.000000E+00
   65    45   110     0       1.329990E-06       8.511930E-07
   65    45   110     1       1.329990E-06       8.511930E-07
   66    45   111     0       2.076980E-05       1.329270E-05
   67    45   112     0       6.048950E-05       3.871330E-05
   68    45   113     0       1.462290E-04       9.358640E-05
   69    45   114     0       1.552090E-04       9.933350E-05
   70    45   115     0       1.351090E-04       8.646970E-05
   71    45   116     0       4.808960E-05       3.077730E-05
   72    45   117     0       1.845980E-05       1.181430E-05
   73    45   118     0       2.459980E-06       1.574390E-06
   74    45   119     0       2.679980E-07       1.715190E-07
   75    45   120     0       1.079990E-08       6.911940E-09
   76    45   121     0       4.279820E-10       2.739090E-10
   77    45   122     0       8.119930E-12       5.196760E-12
   78    45   123     0       1.369990E-13       8.767920E-14
   79    45   124     0       0.000000E+00       0.000000E+00
   53    46    99     0       0.000000E+00       0.000000E+00
   55    46   101     0       0.000000E+00       0.000000E+00
   56    46   102     0       0.000000E+00       0.000000E+00
   57    46   103     0       0.000000E+00       0.000000E+00
   58    46   104     0       0.000000E+00       0.000000E+00
   59    46   105     0       0.000000E+00       0.000000E+00
   60    46   106     0       0.000000E+00       0.000000E+00
   61    46   107     0       0.000000E+00       0.000000E+00
   61    46   107     1       0.000000E+00       0.000000E+00
   62    46   108     0       0.000000E+00       0.000000E+00
   63    46   109     0       7.009940E-12       4.486360E-12
   63    46   109     1       1.559990E-11       9.983910E-12
   64    46   110     0       5.079960E-09       3.251170E-09
   65    46   111     0       5.169960E-08       3.308770E-08
   65    46   111     1       1.149990E-07       7.359940E-08
   66    46   112     0       2.979970E-06       1.907180E-06
   67    46   113     0       2.044980E-05       1.308790E-05
   68    46   114     0       9.567920E-05       6.123470E-05
   69    46   115     0       1.816480E-04       1.162550E-04
   70    46   116     0       2.633580E-04       1.685490E-04
   71    46   117     0       2.419680E-04       1.548590E-04
   72    46   118     0       1.507790E-04       9.649840E-05
   73    46   119     0       4.518960E-05       2.892130E-05
   74    46   120     0       9.359920E-06       5.990350E-06
   75    46   121     0       1.039990E-06       6.655940E-07
   76    46   122     0       9.999910E-08       6.399940E-08
   77    46   123     0       4.789960E-09       3.065570E-09
   78    46   124     0       2.339980E-10       1.497590E-10
   79    46   125     0       0.000000E+00       0.000000E+00
   80    46   126     0       0.000000E+00       0.000000E+00
   81    46   127     0       0.000000E+00       0.000000E+00
   82    46   128     0       0.000000E+00       0.000000E+00
   83    46   129     0       0.000000E+00       0.000000E+00
   84    46   130     0       2.559980E-14       1.638390E-14
   56    47   103     0       0.000000E+00       0.000000E+00
   58    47   105     0       0.000000E+00       0.000000E+00
   58    47   105     1       0.000000E+00       0.000000E+00
   59    47   106     0       0.000000E+00       0.000000E+00
   59    47   106     1       0.000000E+00       0.000000E+00
   60    47   107     0       0.000000E+00       0.000000E+00
   60    47   107     1       0.000000E+00       0.000000E+00
   61    47   108     1       0.000000E+00       0.000000E+00
   61    47   108     0       0.000000E+00       0.000000E+00
   62    47   109     1       0.000000E+00       0.000000E+00
   62    47   109     0       0.000000E+00       0.000000E+00
   63    47   110     0       2.399980E-14       1.535990E-14
   63    47   110     1       6.479940E-14       4.147160E-14
   64    47   111     0       2.879980E-12       1.843180E-12
   64    47   111     1       2.109980E-11       1.350390E-11
   65    47   112     0       1.509990E-09       9.663920E-10
   66    47   113     0       7.799930E-09       4.991960E-09
   66    47   113     1       5.719950E-08       3.660770E-08
   67    47   114     0       8.579930E-07       5.491150E-07
   68    47   115     0       3.719970E-06       2.380780E-06
   68    47   115     1       3.719970E-06       2.380780E-06
   69    47   116     0       1.300990E-05       8.326330E-06
   69    47   116     1       1.300990E-05       8.326330E-06
   70    47   117     0       5.089960E-05       3.257570E-05
   70    47   117     1       5.089960E-05       3.257570E-05
   71    47   118     0       7.232940E-05       4.629080E-05
   71    47   118     1       7.232940E-05       4.629080E-05
   72    47   119     0       1.859380E-04       1.190010E-04
   73    47   120     1       4.687460E-05       2.999970E-05
   73    47   120     0       4.687460E-05       2.999970E-05
   74    47   121     0       4.800960E-05       3.072610E-05
   75    47   122     1       5.984950E-06       3.830370E-06
   75    47   122     0       5.984950E-06       3.830370E-06
   76    47   123     0       2.799980E-06       1.791980E-06
   77    47   124     0       3.649970E-07       2.335980E-07
   78    47   125     0       2.349980E-11       1.503990E-11
   79    47   126     0       1.849980E-12       1.183990E-12
   80    47   127     0       3.899970E-13       2.495980E-13
   81    47   128     0       1.519990E-14       9.727920E-15
   82    47   129     0       1.277870E-15       8.178360E-16
   83    47   130     0       1.449990E-09       9.279920E-10
   84    47   131     0       1.470510E-11       9.411250E-12
   85    47   132     0       1.791600E-13       1.146620E-13
   57    48   105     0       0.000000E+00       0.000000E+00
   58    48   106     0       0.000000E+00       0.000000E+00
   59    48   107     0       0.000000E+00       0.000000E+00
   60    48   108     0       0.000000E+00       0.000000E+00
   61    48   109     0       0.000000E+00       0.000000E+00
   62    48   110     0       0.000000E+00       0.000000E+00
   63    48   111     0       0.000000E+00       0.000000E+00
   63    48   111     1       0.000000E+00       0.000000E+00
   64    48   112     0       1.149990E-13       7.359940E-14
   65    48   113     0       3.589970E-12       2.297580E-12
   65    48   113     1       1.349990E-11       8.639930E-12
   66    48   114     0       1.259990E-09       8.063930E-10
   67    48   115     0       6.439940E-09       4.121560E-09
   67    48   115     1       2.419980E-08       1.548790E-08
   68    48   116     0       5.449950E-07       3.487970E-07
   69    48   117     0       1.219990E-06       7.807930E-07
   69    48   117     1       4.589960E-06       2.937570E-06
   70    48   118     0       3.828970E-05       2.450540E-05
   71    48   119     0       5.837950E-05       3.736290E-05
   71    48   119     1       5.837950E-05       3.736290E-05
   72    48   120     0       2.391680E-04       1.530670E-04
   73    48   121     1       1.341640E-04       8.586490E-05
   73    48   121     0       1.341640E-04       8.586490E-05
   74    48   122     0       2.734280E-04       1.749940E-04
   75    48   123     0       1.524490E-04       9.756720E-05
   76    48   124     0       8.869920E-05       5.676750E-05
   77    48   125     0       5.219950E-06       3.340770E-06
   78    48   126     0       1.919980E-06       1.228790E-06
   79    48   127     0       1.059990E-06       6.783940E-07
   80    48   128     0       2.299980E-07       1.471990E-07
   81    48   129     0       3.759970E-08       2.406380E-08
   82    48   130     0       1.119990E-05       7.167940E-06
   83    48   131     0       9.779770E-07       6.259050E-07
   84    48   132     0       1.609970E-08       1.030380E-08
   85    48   133     0       8.762100E-11       5.607750E-11
   86    48   134     0       3.019970E-12       1.932780E-12
   87    48   135     0       2.222720E-13       1.422540E-13
   88    48   136     0       0.000000E+00       0.000000E+00
   58    49   107     0       0.000000E+00       0.000000E+00
   60    49   109     0       0.000000E+00       0.000000E+00
   62    49   111     0       0.000000E+00       0.000000E+00
   63    49   112     0       0.000000E+00       0.000000E+00
   63    49   112     1       0.000000E+00       0.000000E+00
   64    49   113     0       0.000000E+00       0.000000E+00
   64    49   113     1       0.000000E+00       0.000000E+00
   65    49   114     0       0.000000E+00       0.000000E+00
   65    49   114     1       1.309990E-14       8.383930E-15
   66    49   115     0       1.819980E-12       1.164790E-12
   66    49   115     1       3.729970E-13       2.387180E-13
   67    49   116     2       3.879970E-11       2.483180E-11
   67    49   116     0       3.879970E-11       2.483180E-11
   67    49   116     1       3.879970E-11       2.483180E-11
   68    49   117     0       5.679950E-09       3.635170E-09
   68    49   117     1       1.159990E-09       7.423940E-10
   69    49   118     2       1.444990E-08       9.247920E-09
   69    49   118     0       1.029990E-07       6.591940E-08
   69    49   118     1       1.444990E-08       9.247920E-09
   70    49   119     0       1.689990E-06       1.081590E-06
   70    49   119     1       3.459970E-07       2.214380E-07
   71    49   120     2       3.513300E-06       2.248510E-06
   71    49   120     0       3.513300E-06       2.248510E-06
   71    49   120     1       3.513300E-06       2.248510E-06
   72    49   121     0       4.115960E-05       2.634220E-05
   72    49   121     1       8.429930E-06       5.395150E-06
   73    49   122     2       3.591970E-05       2.298860E-05
   73    49   122     0       3.591970E-05       2.298860E-05
   73    49   122     1       3.591970E-05       2.298860E-05
   74    49   123     0       1.921680E-04       1.229880E-04
   74    49   123     1       3.935970E-05       2.519020E-05
   75    49   124     1       1.427140E-04       9.133680E-05
   75    49   124     0       1.427140E-04       9.133680E-05
   76    49   125     0       1.835180E-04       1.174520E-04
   76    49   125     1       1.835180E-04       1.174520E-04
   77    49   126     1       1.453390E-04       9.301680E-05
   77    49   126     0       1.453390E-04       9.301680E-05
   78    49   127     0       3.304070E-04       2.114610E-04
   78    49   127     1       3.304070E-04       2.114610E-04
   79    49   128     1       1.966530E-04       1.258580E-04
   79    49   128     0       1.966530E-04       1.258580E-04
   80    49   129     0       1.664690E-04       1.065400E-04
   80    49   129     1       1.664690E-04       1.065400E-04
   81    49   130     2       2.863680E-04       1.832750E-04
   81    49   130     1       2.863680E-04       1.832750E-04
   81    49   130     0       2.863680E-04       1.832750E-04
   82    49   131     1       1.876830E-04       1.201170E-04
   82    49   131     0       1.876830E-04       1.201170E-04
   83    49   132     0       1.806980E-05       1.156470E-05
   84    49   133     0       2.699890E-06       1.727930E-06
   85    49   134     0       5.969950E-08       3.820770E-08
   86    49   135     0       6.848920E-09       4.383310E-09
   87    49   136     0       6.869940E-12       4.396760E-12
   88    49   137     0       5.623410E-14       3.598980E-14
   61    50   111     0       0.000000E+00       0.000000E+00
   62    50   112     0       0.000000E+00       0.000000E+00
   63    50   113     1       0.000000E+00       0.000000E+00
   63    50   113     0       0.000000E+00       0.000000E+00
   64    50   114     0       0.000000E+00       0.000000E+00
   65    50   115     0       0.000000E+00       0.000000E+00
   66    50   116     0       0.000000E+00       0.000000E+00
   67    50   117     1       3.189970E-13       2.041580E-13
   67    50   117     0       3.189970E-13       2.041580E-13
   68    50   118     0       6.959940E-11       4.454360E-11
   69    50   119     0       6.889940E-10       4.409560E-10
   69    50   119     1       2.589980E-09       1.657590E-09
   70    50   120     0       8.879920E-08       5.683150E-08
   71    50   121     0       2.899970E-07       1.855980E-07
   71    50   121     1       8.239930E-07       5.273550E-07
   72    50   122     0       1.081990E-05       6.924740E-06
   73    50   123     0       3.962970E-05       2.536300E-05
   73    50   123     1       1.391990E-05       8.908720E-06
   74    50   124     0       2.553280E-04       1.634100E-04
   75    50   125     0       2.276680E-04       1.457080E-04
   75    50   125     1       7.998930E-05       5.119320E-05
   76    50   126     0       6.787640E-04       4.344090E-04
   77    50   127     0       1.761460E-03       1.127340E-03
   77    50   127     1       6.166350E-04       3.946460E-04
   78    50   128     1       2.271570E-03       1.453810E-03
   78    50   128     0       2.271570E-03       1.453810E-03
   79    50   129     0       5.495900E-03       2.473160E-03
   79    50   129     1       1.910430E-03       1.222680E-03
   80    50   130     1       6.613210E-03       4.232460E-03
   80    50   130     0       6.613210E-03       4.232460E-03
   81    50   131     1       6.932820E-03       4.437000E-03
   81    50   131     0       6.932820E-03       4.437000E-03
   82    50   132     0       3.213670E-03       3.535040E-04
   83    50   133     0       1.380780E-03       8.836980E-04
   84    50   134     0       1.664190E-04       1.065080E-04
   85    50   135     0       1.623300E-05       1.038910E-05
   86    50   136     0       3.239970E-07       2.073580E-07
   87    50   137     0       3.739910E-09       2.393540E-09
   88    50   138     0       1.749980E-10       1.119990E-10
   89    50   139     0       1.265640E-12       8.100080E-13
   90    50   140     0       1.237410E-13       7.919440E-14
   62    51   113     0       0.000000E+00       0.000000E+00
   64    51   115     0       0.000000E+00       0.000000E+00
   66    51   117     0       0.000000E+00       0.000000E+00
   67    51   118     0       0.000000E+00       0.000000E+00
   67    51   118     1       0.000000E+00       0.000000E+00
   68    51   119     0       8.859920E-14       5.670350E-14
   69    51   120     0       2.679980E-12       1.715190E-12
   69    51   120     1       4.559960E-12       2.918370E-12
   70    51   121     0       4.769960E-10       3.052770E-10
   71    51   122     0       5.419950E-09       3.468770E-09
   71    51   122     1       7.189940E-09       4.601560E-09
   72    51   123     0       2.999970E-07       1.919980E-07
   73    51   124     2       1.166660E-06       7.466600E-07
   73    51   124     0       1.166660E-06       7.466600E-07
   73    51   124     1       1.166660E-06       7.466600E-07
   74    51   125     0       3.799970E-07       2.431980E-07
   75    51   126     2       5.449950E-07       3.487970E-07
   75    51   126     0       7.919930E-07       5.068760E-07
   75    51   126     1       5.449950E-07       3.487970E-07
   76    51   127     0       2.473980E-05       1.583350E-05
   77    51   128     0       4.353960E-05       2.786540E-05
   77    51   128     1       6.012950E-05       3.848290E-05
   78    51   129     0       6.079750E-04       3.891040E-04
   79    51   130     0       1.516890E-03       9.708080E-04
   79    51   130     1       2.094320E-03       1.340370E-03
   80    51   131     0       1.495600E-02       3.439870E-03
   81    51   132     0       1.719810E-02       5.503380E-03
   81    51   132     1       1.543150E-02       4.938090E-03
   82    51   133     0       1.523680E-02       1.218940E-03
   83    51   134     1       2.442270E-03       1.563050E-03
   83    51   134     0       2.442270E-03       1.563050E-03
   84    51   135     0       2.458770E-03       1.573610E-03
   85    51   136     0       1.401390E-04       8.968880E-05
   86    51   137     0       8.409930E-06       5.382350E-06
   87    51   138     0       1.139990E-06       7.295940E-07
   88    51   139     0       3.899840E-08       2.495900E-08
   89    51   140     0       2.821870E-09       1.806000E-09
   90    51   141     0       2.305630E-12       1.475600E-12
   91    51   142     0       1.557910E-13       9.970640E-14
   63    52   115     0       0.000000E+00       0.000000E+00
   65    52   117     0       0.000000E+00       0.000000E+00
   66    52   118     0       0.000000E+00       0.000000E+00
   67    52   119     0       0.000000E+00       0.000000E+00
   68    52   120     0       0.000000E+00       0.000000E+00
   69    52   121     1       7.849930E-15       5.023960E-15
   69    52   121     0       7.849930E-15       5.023960E-15
   70    52   122     0       2.149980E-12       1.375990E-12
   71    52   123     0       3.009970E-11       1.926380E-11
   71    52   123     1       1.129990E-10       7.231940E-11
   72    52   124     0       8.129930E-09       5.203150E-09
   73    52   125     0       1.079990E-13       6.911940E-14
   73    52   125     1       4.049960E-13       2.591980E-13
   74    52   126     0       1.249990E-11       7.999930E-12
   75    52   127     0       1.099990E-10       7.039940E-11
   75    52   127     1       3.129970E-10       2.003180E-10
   76    52   128     0       9.459920E-09       6.054350E-09
   77    52   129     0       4.139960E-08       2.649580E-08
   77    52   129     1       1.179990E-07       7.551930E-08
   78    52   130     0       2.401880E-04       1.537200E-04
   79    52   131     0       7.541030E-04       4.826260E-04
   79    52   131     1       2.238330E-03       1.432530E-03
   80    52   132     0       1.074730E-02       1.719570E-03
   81    52   133     0       2.618370E-02       8.378790E-03
   81    52   133     1       2.051080E-02       2.256190E-03
   82    52   134     0       6.018890E-02       2.407550E-03
   83    52   135     0       2.473570E-02       5.689220E-03
   84    52   136     0       1.019840E-02       4.079350E-04
   85    52   137     0       1.608130E-03       1.029200E-03
   86    52   138     0       1.087580E-03       6.960520E-04
   87    52   139     0       9.792920E-05       6.267470E-05
   88    52   140     0       9.037100E-06       5.783740E-06
   89    52   141     0       1.533380E-07       9.813660E-08
   90    52   142     0       1.399970E-08       8.959820E-09
   91    52   143     0       8.707340E-12       5.572700E-12
   93    52   145     0       1.164740E-13       7.454320E-14
   68    53   121     0       0.000000E+00       0.000000E+00
   70    53   123     0       0.000000E+00       0.000000E+00
   72    53   125     0       0.000000E+00       0.000000E+00
   73    53   126     0       0.000000E+00       0.000000E+00
   74    53   127     0       0.000000E+00       0.000000E+00
   75    53   128     0       0.000000E+00       0.000000E+00
   76    53   129     0       0.000000E+00       0.000000E+00
   77    53   130     0       1.299990E-07       8.319930E-08
   77    53   130     1       4.799960E-08       3.071970E-08
   78    53   131     0       1.080990E-05       6.918340E-06
   79    53   132     1       5.121460E-05       3.277730E-05
   79    53   132     0       5.121460E-05       3.277730E-05
   80    53   133     1       1.918840E-03       1.228060E-03
   80    53   133     0       1.918840E-03       1.228060E-03
   81    53   134     0       7.447220E-03       2.383110E-03
   81    53   134     1       3.380580E-03       2.163570E-03
   82    53   135     0       3.603230E-02       2.882580E-03
   83    53   136     0       1.852930E-02       5.929380E-03
   83    53   136     1       1.448760E-02       3.332140E-03
   84    53   137     0       2.401560E-02       1.440940E-03
   85    53   138     0       1.250700E-02       7.504230E-04
   86    53   139     0       4.604710E-03       3.683770E-04
   87    53   140     0       1.113890E-03       7.128900E-04
   88    53   141     0       1.683850E-04       1.077670E-04
   89    53   142     0       2.262980E-05       1.448310E-05
   90    53   143     0       2.683010E-07       1.717130E-07
   91    53   144     0       0.000000E+00       0.000000E+00
   92    53   145     0       3.588940E-09       2.296920E-09
   93    53   146     0       3.783500E-12       2.421440E-12
   94    53   147     0       3.369090E-13       2.156220E-13
   70    54   124     0       0.000000E+00       0.000000E+00
   71    54   125     1       0.000000E+00       0.000000E+00
   71    54   125     0       0.000000E+00       0.000000E+00
   72    54   126     0       0.000000E+00       0.000000E+00
   73    54   127     1       0.000000E+00       0.000000E+00
   73    54   127     0       0.000000E+00       0.000000E+00
   74    54   128     0       0.000000E+00       0.000000E+00
   75    54   129     1       0.000000E+00       0.000000E+00
   75    54   129     0       0.000000E+00       0.000000E+00
   76    54   130     0       1.899980E-11       1.215990E-11
   77    54   131     0       8.459930E-10       5.414350E-10
   77    54   131     1       2.409980E-09       1.542390E-09
   78    54   132     0       1.709990E-07       1.094390E-07
   79    54   133     0       1.454990E-05       8.729920E-07
   79    54   133     1       4.229960E-05       2.707180E-05
   80    54   134     0       5.060960E-05       3.239010E-05
   80    54   134     1       1.368290E-04       8.757040E-05
   81    54   135     0       1.196100E-03       2.751030E-04
   81    54   135     1       1.855840E-03       1.187740E-03
   82    54   136     0       1.712230E-02       1.883450E-03
   83    54   137     0       3.533040E-02       1.413220E-03
   84    54   138     0       4.683080E-02       1.311260E-03
   85    54   139     0       3.792710E-02       1.517080E-03
   86    54   140     0       2.587460E-02       1.034990E-03
   87    54   141     0       8.799500E-03       9.679450E-04
   88    54   142     0       5.667320E-03       3.627090E-03
   89    54   143     1       3.179580E-04       2.034930E-04
   89    54   143     0       3.179580E-04       2.034930E-04
   90    54   144     0       0.000000E+00       0.000000E+00
   91    54   145     0       8.506340E-06       5.444060E-06
   92    54   146     0       3.399930E-07       2.175960E-07
   93    54   147     0       2.240650E-08       1.434010E-08
   94    54   148     0       6.209950E-11       3.974370E-11
   95    54   149     0       3.509270E-13       2.245930E-13
   96    54   150     0       0.000000E+00       0.000000E+00
   72    55   127     0       0.000000E+00       0.000000E+00
   74    55   129     0       0.000000E+00       0.000000E+00
   76    55   131     0       1.619990E-14       1.036790E-14
   77    55   132     0       2.619980E-12       1.676790E-12
   78    55   133     0       7.519930E-10       4.812760E-10
   79    55   134     1       2.519980E-08       1.612790E-08
   79    55   134     0       2.519980E-08       1.612790E-08
   80    55   135     1       1.029990E-06       6.591940E-07
   80    55   135     0       1.029990E-06       6.591940E-07
   81    55   136     1       5.863950E-05       3.752930E-05
   81    55   136     0       5.863950E-05       3.752930E-05
   82    55   137     0       2.283520E-03       7.307260E-04
   83    55   138     0       5.542150E-03       1.274690E-03
   83    55   138     1       1.147860E-03       7.346300E-04
   84    55   139     0       2.096610E-02       9.434770E-03
   85    55   140     0       3.046910E-02       1.828150E-03
   86    55   141     0       3.491170E-02       1.117170E-02
   87    55   142     0       2.265600E-02       1.359360E-03
   88    55   143     0       1.200890E-02       9.607090E-04
   89    55   144     0       3.804110E-03       3.043290E-04
   90    55   145     0       1.373070E-03       8.787640E-04
   91    55   146     0       1.520390E-04       9.730480E-05
   92    55   147     0       2.460520E-05       1.574730E-05
   93    55   148     0       4.059960E-07       2.598380E-07
   94    55   149     0       1.081320E-08       6.920450E-09
   95    55   150     0       1.129990E-10       7.231940E-11
   96    55   151     0       3.238060E-13       2.072360E-13
   97    55   152     0       9.147170E-15       5.854190E-15
   73    56   129     0       0.000000E+00       0.000000E+00
   75    56   131     0       0.000000E+00       0.000000E+00
   76    56   132     0       0.000000E+00       0.000000E+00
   77    56   133     0       0.000000E+00       0.000000E+00
   78    56   134     0       1.889980E-12       1.209590E-12
   79    56   135     1       1.224990E-10       7.839930E-11
   79    56   135     0       1.224990E-10       7.839930E-11
   80    56   136     1       3.164970E-08       2.025580E-08
   80    56   136     0       3.164970E-08       2.025580E-08
   81    56   137     0       2.209980E-07       1.414390E-07
   81    56   137     1       6.299950E-07       4.031970E-07
   82    56   138     0       2.129980E-05       1.363190E-05
   83    56   139     0       2.007980E-04       1.285110E-04
   84    56   140     0       2.355100E-03       1.507260E-03
   85    56   141     0       1.557070E-02       7.006840E-03
   86    56   142     0       2.660720E-02       1.596430E-03
   87    56   143     0       3.610570E-02       2.166340E-03
   88    56   144     0       3.012560E-02       1.807540E-03
   89    56   145     0       2.319800E-02       7.423360E-03
   90    56   146     0       1.151050E-02       3.683350E-03
   91    56   147     0       2.402780E-03       1.537780E-03
   92    56   148     0       3.861870E-04       2.471590E-04
   93    56   149     0       2.562900E-05       1.640250E-05
   94    56   150     0       1.489990E-06       9.535920E-07
   95    56   151     0       2.153510E-08       1.378240E-08
   96    56   152     0       8.219840E-10       5.260700E-10
   97    56   153     0       1.930910E-12       1.235780E-12
   98    56   154     0       3.649970E-14       2.335980E-14
   99    56   155     0       1.601340E-15       1.024860E-15
   76    57   133     0       0.000000E+00       0.000000E+00
   78    57   135     0       0.000000E+00       0.000000E+00
   80    57   137     0       2.629980E-11       1.683190E-11
   81    57   138     0       9.769920E-08       6.252750E-08
   82    57   139     0       8.919920E-08       5.708750E-08
   83    57   140     0       2.039980E-06       1.305590E-06
   84    57   141     0       4.657960E-05       2.981090E-05
   85    57   142     0       2.990870E-04       1.914160E-04
   86    57   143     0       8.649310E-03       1.989340E-03
   87    57   144     0       1.852000E-02       5.926400E-03
   88    57   145     0       1.242500E-02       3.975990E-03
   89    57   146     1       6.642310E-03       4.251080E-03
   89    57   146     0       6.642310E-03       4.251080E-03
   90    57   147     0       1.115440E-02       3.569400E-03
   91    57   148     0       4.222940E-03       2.702680E-03
   92    57   149     0       1.259610E-03       8.061500E-04
   93    57   150     0       1.890180E-04       1.209720E-04
   94    57   151     0       2.364830E-05       1.513490E-05
   95    57   152     0       1.369990E-06       8.767920E-07
   96    57   153     0       5.949760E-08       3.807840E-08
   97    57   154     0       7.999930E-10       5.119960E-10
   98    57   155     0       4.934260E-11       3.157930E-11
   99    57   156     0       4.618100E-14       2.955580E-14
  100    57   157     0       9.983810E-16       6.389640E-16
   77    58   135     0       0.000000E+00       0.000000E+00
   79    58   137     0       0.000000E+00       0.000000E+00
   80    58   138     0       1.199990E-12       7.679930E-13
   81    58   139     0       7.889930E-13       5.049560E-13
   81    58   139     1       2.249980E-12       1.439990E-12
   82    58   140     0       3.569970E-10       2.284780E-10
   83    58   141     0       3.219970E-07       1.030390E-07
   84    58   142     0       7.119940E-07       4.556760E-07
   85    58   143     0       1.392990E-05       8.915120E-06
   86    58   144     0       1.679890E-04       1.075130E-04
   87    58   145     0       9.184620E-04       5.878160E-04
   88    58   146     0       4.267990E-03       2.731520E-03
   89    58   147     0       7.653680E-03       2.449180E-03
   90    58   148     0       1.164690E-02       2.678780E-03
   91    58   149     0       7.576860E-03       2.424600E-03
   92    58   150     0       4.569160E-03       2.924260E-03
   93    58   151     0       1.366940E-03       8.748400E-04
   94    58   152     0       3.536570E-04       2.263400E-04
   95    58   153     0       3.929970E-05       2.515180E-05
   96    58   154     0       2.459980E-06       1.574390E-06
   97    58   155     0       1.169500E-07       7.484780E-08
   98    58   156     0       4.149920E-09       2.655950E-09
   99    58   157     0       6.639840E-11       4.249500E-11
  100    58   158     0       9.249920E-13       5.919950E-13
  101    58   159     0       3.310130E-15       2.118480E-15
  102    58   160     0       0.000000E+00       0.000000E+00
   80    59   139     0       0.000000E+00       0.000000E+00
   81    59   140     0       0.000000E+00       0.000000E+00
   82    59   141     0       1.779980E-13       1.139190E-13
   83    59   142     1       7.849930E-12       5.023960E-12
   83    59   142     0       7.849930E-12       5.023960E-12
   84    59   143     0       1.609990E-09       1.030390E-09
   85    59   144     0       4.809960E-09       3.078370E-09
   85    59   144     1       4.859960E-08       3.110370E-08
   86    59   145     0       1.449990E-06       9.279920E-07
   87    59   146     0       1.825980E-05       1.168630E-05
   88    59   147     0       1.529490E-04       9.788720E-05
   89    59   148     1       2.794480E-04       1.788460E-04
   89    59   148     0       2.794480E-04       1.788460E-04
   90    59   149     0       1.485790E-03       9.509040E-04
   91    59   150     0       1.897310E-03       1.214280E-03
   92    59   151     0       2.191080E-03       1.402290E-03
   93    59   152     0       1.202740E-03       7.697530E-04
   94    59   153     0       5.476750E-04       3.505120E-04
   95    59   154     0       7.910930E-05       5.063000E-05
   96    59   155     0       1.657990E-05       1.061110E-05
   97    59   156     0       1.479990E-06       9.471920E-07
   98    59   157     0       1.109990E-07       7.103940E-08
   99    59   158     0       4.039970E-09       2.585580E-09
  100    59   159     0       1.019960E-10       6.527730E-11
  101    59   160     0       9.109920E-13       5.830350E-13
  102    59   161     0       1.954660E-15       1.250980E-15
  103    59   162     0       1.201820E-17       7.691640E-18
   80    60   140     0       0.000000E+00       0.000000E+00
   81    60   141     0       0.000000E+00       0.000000E+00
   82    60   142     0       0.000000E+00       0.000000E+00
   83    60   143     0       1.369990E-14       8.767920E-15
   84    60   144     0       1.289990E-10       4.127960E-11
   85    60   145     0       1.829980E-10       1.171190E-10
   86    60   146     0       1.219990E-08       7.807930E-09
   87    60   147     0       2.809980E-07       1.798380E-07
   88    60   148     0       5.179960E-06       3.315170E-06
   89    60   149     0       3.459970E-05       2.214380E-05
   90    60   150     0       2.019880E-04       1.292720E-04
   91    60   151     0       5.349850E-04       3.423910E-04
   92    60   152     0       1.134240E-03       7.259140E-04
   93    60   153     0       1.018100E-03       4.581460E-04
   94    60   154     0       5.661450E-04       3.623330E-04
   95    60   155     0       2.501180E-04       1.600750E-04
   96    60   156     0       9.081920E-05       5.812430E-05
   97    60   157     0       1.603990E-05       1.026550E-05
   98    60   158     0       2.619980E-06       1.676790E-06
   99    60   159     0       1.669990E-07       1.068790E-07
  100    60   160     0       7.059940E-09       4.518360E-09
  101    60   161     0       1.299970E-10       8.319800E-11
  102    60   162     0       1.079980E-12       6.911860E-13
  103    60   163     0       0.000000E+00       0.000000E+00
  104    60   164     0       0.000000E+00       0.000000E+00
   80    61   141     0       0.000000E+00       0.000000E+00
   82    61   143     0       0.000000E+00       0.000000E+00
   83    61   144     0       0.000000E+00       0.000000E+00
   84    61   145     0       0.000000E+00       0.000000E+00
   85    61   146     0       7.229940E-14       4.627160E-14
   86    61   147     0       8.619930E-12       5.516750E-12
   87    61   148     0       1.259990E-10       8.063930E-11
   87    61   148     1       3.409970E-10       2.182380E-10
   88    61   149     0       1.639990E-08       1.049590E-08
   89    61   150     0       2.509980E-07       1.606390E-07
   90    61   151     0       3.189970E-06       2.041580E-06
   91    61   152     2       5.499950E-06       3.519970E-06
   91    61   152     0       5.499950E-06       3.519970E-06
   91    61   152     1       5.499950E-06       3.519970E-06
   92    61   153     0       6.499940E-05       4.159960E-05
   93    61   154     0       3.668970E-05       2.348140E-05
   93    61   154     1       3.668970E-05       2.348140E-05
   94    61   155     0       1.199590E-04       7.677370E-05
   95    61   156     0       8.713920E-05       5.576910E-05
   96    61   157     0       5.754950E-05       3.683170E-05
   97    61   158     0       2.019980E-05       1.292790E-05
   98    61   159     0       5.339950E-06       3.417570E-06
   99    61   160     0       5.419950E-07       3.468770E-07
  100    61   161     0       4.529960E-08       2.899170E-08
  101    61   162     0       9.609920E-10       6.150350E-10
  102    61   163     0       1.639990E-11       1.049590E-11
  103    61   164     0       4.009970E-13       2.566380E-13
  104    61   165     0       0.000000E+00       0.000000E+00
  105    61   166     0       1.072730E-17       6.865500E-18
  106    61   167     0       2.465880E-19       1.578160E-19
   81    62   143     0       0.000000E+00       0.000000E+00
   81    62   143     1       0.000000E+00       0.000000E+00
   82    62   144     0       0.000000E+00       0.000000E+00
   83    62   145     0       0.000000E+00       0.000000E+00
   84    62   146     0       0.000000E+00       0.000000E+00
   85    62   147     0       0.000000E+00       0.000000E+00
   86    62   148     0       0.000000E+00       0.000000E+00
   87    62   149     0       5.719950E-13       3.660770E-13
   88    62   150     0       4.569960E-11       2.924770E-11
   89    62   151     0       1.629990E-09       1.043190E-09
   90    62   152     0       4.089960E-08       2.617580E-08
   91    62   153     0       4.189960E-07       2.681580E-07
   92    62   154     0       2.089980E-06       1.337590E-06
   93    62   155     0       7.929930E-06       5.075160E-06
   94    62   156     0       2.305980E-05       1.475830E-05
   95    62   157     0       3.164970E-05       2.025580E-05
   96    62   158     0       4.072960E-05       2.606700E-05
   97    62   159     0       2.162980E-05       1.384310E-05
   98    62   160     0       8.339930E-06       5.337550E-06
   99    62   161     0       1.529990E-06       9.791920E-07
  100    62   162     0       1.379990E-07       8.831920E-08
  101    62   163     0       5.519950E-09       3.532770E-09
  102    62   164     0       6.209950E-10       3.974370E-10
  103    62   165     0       2.659980E-11       1.702390E-11
  104    62   166     0       9.639810E-13       6.169480E-13
  105    62   167     0       1.639960E-14       1.049580E-14
  106    62   168     0       0.000000E+00       0.000000E+00
  107    62   169     0       3.699550E-19       2.367710E-19
  108    62   170     0       0.000000E+00       0.000000E+00
  109    62   171     0       1.683460E-22       1.077420E-22
   84    63   147     0       0.000000E+00       0.000000E+00
   86    63   149     0       0.000000E+00       0.000000E+00
   88    63   151     0       9.549920E-12       3.055970E-12
   89    63   152     2       3.119970E-13       1.996780E-13
   89    63   152     0       3.119970E-13       1.996780E-13
   89    63   152     1       3.119970E-13       1.996780E-13
   90    63   153     0       4.599960E-11       2.943970E-11
   91    63   154     1       3.104970E-10       1.987180E-10
   91    63   154     0       3.104970E-10       1.987180E-10
   92    63   155     0       1.099990E-08       7.039940E-09
   93    63   156     0       8.279930E-08       5.299150E-08
   94    63   157     0       4.739960E-07       3.033570E-07
   95    63   158     0       1.389990E-06       8.895920E-07
   96    63   159     0       2.889980E-06       1.849580E-06
   97    63   160     0       2.279980E-06       1.459190E-06
   98    63   161     0       1.529990E-06       9.791920E-07
   99    63   162     0       2.789980E-07       1.785580E-07
  100    63   163     0       4.199960E-08       2.687980E-08
  101    63   164     0       1.059990E-08       6.783940E-09
  102    63   165     0       1.949980E-09       1.247990E-09
  103    63   166     0       1.739980E-10       1.113590E-10
  104    63   167     0       1.379990E-11       8.831920E-12
  105    63   168     0       2.809980E-13       1.798380E-13
  106    63   169     0       1.139950E-14       7.295700E-15
  107    63   170     0       0.000000E+00       0.000000E+00
  108    63   171     0       5.187300E-18       3.319870E-18
   83    64   147     0       0.000000E+00       0.000000E+00
   85    64   149     0       0.000000E+00       0.000000E+00
   87    64   151     0       0.000000E+00       0.000000E+00
   88    64   152     0       0.000000E+00       0.000000E+00
   89    64   153     0       0.000000E+00       0.000000E+00
   90    64   154     0       2.579980E-14       1.651190E-14
   91    64   155     0       1.329990E-12       8.511930E-13
   92    64   156     0       3.919970E-11       2.508780E-11
   93    64   157     0       6.499940E-10       4.159960E-10
   94    64   158     0       8.779920E-09       5.619150E-09
   95    64   159     0       4.479960E-08       2.867180E-08
   96    64   160     0       1.509990E-07       9.663920E-08
   97    64   161     0       2.259980E-07       1.446390E-07
   98    64   162     0       1.589990E-07       1.017590E-07
   99    64   163     0       4.709960E-08       3.014370E-08
  100    64   164     0       4.329960E-08       2.771180E-08
  101    64   165     0       1.639990E-08       1.049590E-08
  102    64   166     0       5.779950E-09       3.699170E-09
  103    64   167     0       1.039990E-09       6.655940E-10
  104    64   168     0       9.349920E-11       5.983950E-11
  105    64   169     0       9.469920E-12       6.060750E-12
  106    64   170     0       4.359960E-13       2.790380E-13
  107    64   171     0       1.229470E-14       7.868610E-15
  108    64   172     0       0.000000E+00       0.000000E+00
   86    65   151     0       0.000000E+00       0.000000E+00
   88    65   153     0       0.000000E+00       0.000000E+00
   90    65   155     0       0.000000E+00       0.000000E+00
   91    65   156     0       0.000000E+00       0.000000E+00
   91    65   156     1       0.000000E+00       0.000000E+00
   92    65   157     0       1.479990E-14       9.471920E-15
   93    65   158     0       4.829960E-13       3.091170E-13
   93    65   158     1       4.769960E-14       3.052770E-14
   94    65   159     0       1.269990E-11       8.127930E-12
   95    65   160     0       1.119990E-10       7.167940E-11
   96    65   161     0       7.659930E-10       4.902360E-10
   97    65   162     0       6.489940E-10       4.153560E-10
   97    65   162     1       6.489940E-10       4.153560E-10
   98    65   163     0       1.569990E-09       1.004790E-09
   99    65   164     0       3.159970E-09       2.022380E-09
  100    65   165     0       4.529960E-09       2.899170E-09
  101    65   166     0       3.199970E-09       2.047980E-09
  102    65   167     0       2.119980E-09       1.356790E-09
  103    65   168     0       3.969970E-10       2.540780E-10
  104    65   169     0       1.619990E-10       1.036790E-10
  105    65   170     0       1.739980E-11       1.113590E-11
  106    65   171     0       2.179980E-12       1.395190E-12
  107    65   172     0       1.049990E-13       6.719940E-14
   89    66   155     0       0.000000E+00       0.000000E+00
   90    66   156     0       0.000000E+00       0.000000E+00
   91    66   157     0       0.000000E+00       0.000000E+00
   92    66   158     0       0.000000E+00       0.000000E+00
   93    66   159     0       0.000000E+00       0.000000E+00
   94    66   160     0       1.199990E-14       7.679930E-15
   95    66   161     0       2.149980E-13       1.375990E-13
   96    66   162     0       1.729990E-12       1.107190E-12
   97    66   163     0       5.179960E-12       3.315170E-12
   98    66   164     0       4.699960E-11       3.007970E-11
   99    66   165     0       1.409990E-10       9.023920E-11
   99    66   165     1       1.929980E-11       1.235190E-11
  100    66   166     0       4.679960E-10       2.995170E-10
  101    66   167     0       6.639940E-10       4.249560E-10
  102    66   168     0       4.619960E-10       2.956770E-10
  103    66   169     0       3.769970E-10       2.412780E-10
  104    66   170     0       1.499990E-10       9.599920E-11
  105    66   171     0       4.009970E-11       2.566380E-11
  106    66   172     0       7.729930E-12       4.947160E-12
   92    67   159     0       0.000000E+00       0.000000E+00
   92    67   159     1       0.000000E+00       0.000000E+00
   94    67   161     0       0.000000E+00       0.000000E+00
   94    67   161     1       0.000000E+00       0.000000E+00
   95    67   162     0       0.000000E+00       0.000000E+00
   95    67   162     1       0.000000E+00       0.000000E+00
   96    67   163     0       0.000000E+00       0.000000E+00
   96    67   163     1       0.000000E+00       0.000000E+00
   97    67   164     0       0.000000E+00       0.000000E+00
   97    67   164     1       0.000000E+00       0.000000E+00
   98    67   165     0       1.119990E-13       7.167940E-14
   99    67   166     0       2.229980E-13       1.427190E-13
   99    67   166     1       6.029950E-13       3.859170E-13
  100    67   167     0       5.229950E-12       3.347170E-12
  101    67   168     0       8.529930E-12       5.459150E-12
  102    67   169     0       2.819980E-11       1.804780E-11
  103    67   170     0       1.179990E-11       7.551930E-12
  103    67   170     1       1.179990E-11       7.551930E-12
  104    67   171     0       2.309980E-11       1.478390E-11
  105    67   172     0       8.679920E-12       5.555150E-12
   93    68   161     0       0.000000E+00       0.000000E+00
   94    68   162     0       0.000000E+00       0.000000E+00
   95    68   163     0       0.000000E+00       0.000000E+00
   96    68   164     0       0.000000E+00       0.000000E+00
   97    68   165     0       0.000000E+00       0.000000E+00
   98    68   166     0       0.000000E+00       0.000000E+00
   99    68   167     0       0.000000E+00       0.000000E+00
   99    68   167     1       0.000000E+00       0.000000E+00
  100    68   168     0       2.739980E-14       1.753580E-14
  101    68   169     0       2.259980E-13       1.446390E-13
  102    68   170     0       8.309930E-13       5.318350E-13
  103    68   171     0       1.879980E-12       1.203190E-12
  104    68   172     0       2.709980E-12       1.734380E-12
   96    69   165     0       0.000000E+00       0.000000E+00
   97    69   166     0       0.000000E+00       0.000000E+00
   98    69   167     0       0.000000E+00       0.000000E+00
   99    69   168     0       0.000000E+00       0.000000E+00
  100    69   169     0       0.000000E+00       0.000000E+00
  101    69   170     0       0.000000E+00       0.000000E+00
  102    69   171     0       0.000000E+00       0.000000E+00
  103    69   172     0       1.129990E-14       7.231940E-15
   96    70   166     0       0.000000E+00       0.000000E+00
   97    70   167     0       0.000000E+00       0.000000E+00
   98    70   168     0       0.000000E+00       0.000000E+00
   99    70   169     0       0.000000E+00       0.000000E+00
   99    70   169     1       0.000000E+00       0.000000E+00
  100    70   170     0       0.000000E+00       0.000000E+00
  101    70   171     0       0.000000E+00       0.000000E+00
  102    70   172     0       0.000000E+00       0.000000E+00
   98    71   169     0       0.000000E+00       0.000000E+00
   98    71   169     1       0.000000E+00       0.000000E+00
  100    71   171     0       0.000000E+00       0.000000E+00
  100    71   171     1       0.000000E+00       0.000000E+00
  101    71   172     0       0.000000E+00       0.000000E+00
  101    71   172     1       0.000000E+00       0.000000E+00
   99    72   171     0       0.000000E+00       0.000000E+00
  100    72   172     0       0.000000E+00       0.000000E+00
