#  n-U238-MT454-E0000.500.endfb8.0  independent fission yields
#   0    92   238  92xx  5.0000E-01        1311
   44    22    66     0       7.987020E-19       5.111690E-19
   43    23    66     0       1.418480E-14       9.078270E-15
   44    23    67     0       2.753460E-16       1.762210E-16
   45    23    68     0       1.688600E-17       1.080700E-17
   46    23    69     0       2.815590E-18       1.801980E-18
   42    24    66     0       1.708590E-11       1.093500E-11
   43    24    67     0       6.739770E-12       4.313450E-12
   44    24    68     0       4.479860E-13       2.867110E-13
   45    24    69     0       6.891850E-14       4.410790E-14
   46    24    70     0       0.000000E+00       0.000000E+00
   47    24    71     0       1.153250E-17       7.380790E-18
   41    25    66     0       2.020010E-09       1.292810E-09
   42    25    67     0       2.670020E-09       1.708810E-09
   43    25    68     0       5.040030E-10       3.225620E-10
   44    25    69     0       6.023150E-11       3.854810E-11
   45    25    70     0       4.450030E-12       2.848020E-12
   46    25    71     0       2.219900E-13       1.420740E-13
   47    25    72     0       1.944900E-15       1.244740E-15
   48    25    73     0       3.913670E-16       2.504750E-16
   49    25    74     0       1.669750E-17       1.068640E-17
   40    26    66     0       2.170010E-08       1.388810E-08
   41    26    67     0       7.400050E-08       4.736030E-08
   42    26    68     0       4.300030E-08       2.752020E-08
   43    26    69     0       1.440010E-08       9.216060E-09
   44    26    70     0       3.490020E-09       2.233610E-09
   45    26    71     0       4.970030E-10       3.180820E-10
   46    26    72     0       5.159840E-11       3.302300E-11
   47    26    73     0       9.579670E-12       6.130990E-12
   48    26    74     0       4.429860E-13       2.835110E-13
   49    26    75     0       7.064940E-15       4.521560E-15
   50    26    76     0       0.000000E+00       0.000000E+00
   51    26    77     0       3.129200E-16       2.002690E-16
   39    27    66     0       1.250010E-08       8.000050E-09
   40    27    67     0       1.180010E-07       7.552050E-08
   41    27    68     0       1.610010E-07       1.030410E-07
   42    27    69     0       1.590010E-07       1.017610E-07
   43    27    70     0       9.810060E-08       6.278440E-08
   44    27    71     0       4.360030E-08       2.790420E-08
   45    27    72     0       1.280010E-08       8.192050E-09
   46    27    73     0       7.850050E-09       5.024030E-09
   47    27    74     0       1.070010E-09       6.848040E-10
   48    27    75     0       1.359940E-10       8.703600E-11
   49    27    76     0       1.080010E-11       6.912040E-12
   50    27    77     0       6.023430E-12       3.854990E-12
   51    27    78     0       5.917630E-14       3.787280E-14
   52    27    79     0       1.391450E-14       8.905300E-15
   38    28    66     0       8.070050E-10       5.164830E-10
   39    28    67     0       1.950010E-08       1.248010E-08
   40    28    68     0       7.420050E-08       4.748830E-08
   41    28    69     0       1.740010E-07       1.113610E-07
   42    28    70     0       2.920020E-07       1.868810E-07
   43    28    71     0       3.070020E-07       1.964810E-07
   44    28    72     0       2.690020E-07       1.721610E-07
   45    28    73     0       4.260030E-07       2.726420E-07
   46    28    74     0       1.900010E-07       1.216010E-07
   47    28    75     0       6.650040E-08       4.256030E-08
   48    28    76     0       1.760010E-08       1.126410E-08
   49    28    77     0       6.694020E-09       4.284170E-09
   50    28    78     0       1.569950E-09       1.004770E-09
   51    28    79     0       3.405920E-10       2.179790E-10
   52    28    80     0       5.360030E-12       3.430420E-12
   53    28    81     0       1.631170E-13       1.043950E-13
   54    28    82     0       0.000000E+00       0.000000E+00
   37    29    66     0       1.960010E-12       1.254410E-12
   38    29    67     0       1.580010E-10       1.011210E-10
   39    29    68     0       4.330030E-10       2.771220E-10
   39    29    68     1       1.170010E-09       7.488050E-10
   40    29    69     0       1.160010E-08       7.424050E-09
   41    29    70     0       1.050010E-08       6.720040E-09
   41    29    70     1       3.710020E-08       2.374420E-08
   42    29    71     0       1.380010E-07       8.832060E-08
   43    29    72     0       2.870020E-07       1.836810E-07
   44    29    73     0       1.240010E-06       7.936050E-07
   45    29    74     0       1.360010E-06       8.704060E-07
   46    29    75     0       1.410010E-06       9.024060E-07
   47    29    76     0       9.790060E-07       6.265640E-07
   48    29    77     0       1.220010E-06       7.808050E-07
   49    29    78     0       7.980050E-07       5.107230E-07
   50    29    79     0       2.976610E-07       1.905030E-07
   51    29    80     0       2.820020E-08       1.804810E-08
   52    29    81     0       3.139860E-09       2.009510E-09
   53    29    82     0       2.490020E-10       1.593610E-10
   54    29    83     0       3.819710E-12       2.444610E-12
   55    29    84     0       2.472590E-13       1.582460E-13
   36    30    66     0       0.000000E+00       0.000000E+00
   37    30    67     0       8.050050E-14       5.152030E-14
   38    30    68     0       2.740020E-12       1.753610E-12
   39    30    69     0       9.720060E-12       6.220840E-12
   39    30    69     1       4.750030E-11       3.040020E-11
   40    30    70     0       7.530050E-10       4.819230E-10
   41    30    71     0       9.800060E-10       6.272040E-10
   41    30    71     1       4.790030E-09       3.065620E-09
   42    30    72     0       3.640020E-08       2.329610E-08
   43    30    73     0       3.800020E-07       2.432020E-07
   44    30    74     0       1.170010E-06       7.488050E-07
   45    30    75     0       2.790020E-06       1.785610E-06
   46    30    76     0       5.350030E-06       3.424020E-06
   47    30    77     0       1.666010E-05       1.066250E-05
   48    30    78     0       3.255020E-05       2.083210E-05
   49    30    79     0       3.315020E-05       2.121610E-05
   50    30    80     0       1.042010E-05       6.668840E-06
   51    30    81     0       3.370020E-06       2.156810E-06
   52    30    82     0       9.300060E-07       5.952040E-07
   53    30    83     0       9.349680E-08       5.983790E-08
   54    30    84     0       6.559790E-09       4.198270E-09
   55    30    85     0       5.012990E-11       3.208320E-11
   56    30    86     0       3.670020E-12       2.348820E-12
   57    30    87     0       1.760760E-13       1.126890E-13
   35    31    66     0       0.000000E+00       0.000000E+00
   36    31    67     0       0.000000E+00       0.000000E+00
   37    31    68     0       0.000000E+00       0.000000E+00
   38    31    69     0       1.060010E-14       6.784040E-15
   39    31    70     0       4.020030E-13       2.572820E-13
   40    31    71     0       1.030010E-11       6.592040E-12
   41    31    72     1       9.300060E-11       5.952040E-11
   41    31    72     0       9.300060E-11       5.952040E-11
   42    31    73     0       6.160040E-09       3.942430E-09
   43    31    74     1       2.530020E-08       1.619210E-08
   43    31    74     0       2.530020E-08       1.619210E-08
   44    31    75     0       3.520020E-07       2.252810E-07
   45    31    76     0       1.610010E-06       1.030410E-06
   46    31    77     0       1.397010E-05       8.940860E-06
   47    31    78     0       6.315040E-05       4.041630E-05
   48    31    79     0       1.837310E-04       1.175880E-04
   49    31    80     0       1.465710E-04       9.380540E-05
   50    31    81     0       1.479410E-04       9.468220E-05
   51    31    82     0       1.131610E-04       7.242290E-05
   52    31    83     0       3.938030E-05       2.520340E-05
   53    31    84     0       8.600060E-06       5.504040E-06
   54    31    85     0       9.649560E-07       6.175720E-07
   55    31    86     0       5.740040E-08       3.673620E-08
   56    31    87     0       3.389300E-09       2.169150E-09
   57    31    88     0       1.564210E-11       1.001100E-11
   58    31    89     0       1.618380E-12       1.035760E-12
   34    32    66     0       0.000000E+00       0.000000E+00
   35    32    67     0       0.000000E+00       0.000000E+00
   36    32    68     0       0.000000E+00       0.000000E+00
   37    32    69     0       0.000000E+00       0.000000E+00
   38    32    70     0       0.000000E+00       0.000000E+00
   39    32    71     0       0.000000E+00       0.000000E+00
   39    32    71     1       0.000000E+00       0.000000E+00
   40    32    72     0       6.880040E-14       4.403230E-14
   41    32    73     0       5.380030E-12       3.443220E-12
   41    32    73     1       1.100010E-12       7.040050E-13
   42    32    74     0       1.840010E-10       1.177610E-10
   43    32    75     0       4.230030E-10       2.707220E-10
   43    32    75     1       3.100020E-09       1.984010E-09
   44    32    76     0       5.040030E-08       3.225620E-08
   45    32    77     0       1.020010E-06       6.528040E-07
   45    32    77     1       1.380010E-07       8.832060E-08
   46    32    78     0       1.499010E-05       9.593660E-06
   47    32    79     1       5.268530E-05       3.371860E-05
   47    32    79     0       5.268530E-05       3.371860E-05
   48    32    80     0       2.337110E-04       1.495750E-04
   49    32    81     0       5.629540E-04       3.602900E-04
   50    32    82     0       1.240970E-03       7.942190E-04
   51    32    83     0       1.152940E-03       7.378800E-04
   52    32    84     0       8.475550E-04       5.424350E-04
   53    32    85     0       2.837920E-04       1.816270E-04
   54    32    86     0       6.096040E-05       3.901470E-05
   55    32    87     0       3.766630E-06       2.410650E-06
   56    32    88     0       4.149870E-07       2.655920E-07
   57    32    89     0       3.961390E-08       2.535290E-08
   58    32    90     0       4.969190E-11       3.180280E-11
   59    32    91     0       8.788380E-12       5.624560E-12
   60    32    92     0       9.248130E-13       5.918800E-13
   36    33    69     0       0.000000E+00       0.000000E+00
   38    33    71     0       0.000000E+00       0.000000E+00
   39    33    72     0       0.000000E+00       0.000000E+00
   40    33    73     0       0.000000E+00       0.000000E+00
   41    33    74     0       0.000000E+00       0.000000E+00
   41    33    74     1       1.530010E-14       9.792060E-15
   42    33    75     0       1.370010E-12       8.768060E-13
   43    33    76     0       5.600040E-11       3.584020E-11
   44    33    77     0       4.350030E-09       2.784020E-09
   45    33    78     0       1.540010E-07       9.856060E-08
   46    33    79     0       3.450020E-06       2.208010E-06
   47    33    80     0       1.983010E-05       1.269130E-05
   48    33    81     0       1.388010E-04       8.883260E-05
   49    33    82     0       3.677220E-04       2.353420E-04
   49    33    82     1       3.677220E-04       2.353420E-04
   50    33    83     0       2.405270E-03       1.539370E-03
   51    33    84     1       1.802590E-03       1.153660E-03
   51    33    84     0       1.802590E-03       1.153660E-03
   52    33    85     0       3.773490E-03       2.415040E-03
   53    33    86     0       2.268800E-03       1.452030E-03
   54    33    87     0       4.972230E-04       3.182230E-04
   55    33    88     0       1.661010E-04       1.063050E-04
   56    33    89     0       3.462060E-05       2.215720E-05
   57    33    90     0       8.825180E-07       5.648110E-07
   58    33    91     0       1.691680E-07       1.082680E-07
   59    33    92     0       1.642450E-08       1.051170E-08
   60    33    93     0       2.338670E-11       1.496750E-11
   61    33    94     0       2.416050E-12       1.546270E-12
   38    34    72     0       0.000000E+00       0.000000E+00
   39    34    73     0       0.000000E+00       0.000000E+00
   39    34    73     1       0.000000E+00       0.000000E+00
   40    34    74     0       0.000000E+00       0.000000E+00
   41    34    75     0       0.000000E+00       0.000000E+00
   42    34    76     0       0.000000E+00       0.000000E+00
   43    34    77     0       1.110010E-13       7.104050E-14
   43    34    77     1       8.160050E-13       5.222430E-13
   44    34    78     0       1.200010E-10       7.680050E-11
   45    34    79     0       6.890040E-09       4.409630E-09
   45    34    79     1       9.400060E-10       6.016040E-10
   46    34    80     0       1.510010E-07       9.664060E-08
   47    34    81     0       3.530020E-07       2.259210E-07
   47    34    81     1       2.590020E-06       1.657610E-06
   48    34    82     0       4.883030E-05       3.125140E-05
   49    34    83     0       2.787820E-04       1.784200E-04
   49    34    83     1       5.710040E-05       3.654420E-05
   50    34    84     0       1.740630E-03       1.114000E-03
   51    34    85     0       2.463170E-03       1.576430E-03
   51    34    85     1       2.362180E-03       1.511790E-03
   52    34    86     0       8.345670E-03       2.670620E-03
   53    34    87     0       8.480790E-03       2.713850E-03
   54    34    88     0       5.418990E-03       3.468160E-03
   55    34    89     0       3.338740E-03       2.136790E-03
   56    34    90     0       1.063010E-03       6.803290E-04
   57    34    91     0       1.880020E-04       1.203210E-04
   58    34    92     0       1.978370E-05       1.266160E-05
   59    34    93     0       5.724470E-07       3.663660E-07
   60    34    94     0       6.409800E-08       4.102270E-08
   61    34    95     0       5.911710E-11       3.783490E-11
   62    34    96     0       2.470020E-11       1.580810E-11
   63    34    97     0       3.745700E-13       2.397250E-13
   40    35    75     0       0.000000E+00       0.000000E+00
   42    35    77     0       0.000000E+00       0.000000E+00
   42    35    77     1       0.000000E+00       0.000000E+00
   43    35    78     0       0.000000E+00       0.000000E+00
   44    35    79     0       1.360010E-13       8.704060E-14
   44    35    79     1       5.110030E-13       3.270420E-13
   45    35    80     0       8.260050E-12       5.286430E-12
   45    35    80     1       2.930020E-11       1.875210E-11
   46    35    81     0       2.540020E-09       1.625610E-09
   47    35    82     0       8.940060E-08       5.721640E-08
   47    35    82     1       3.310020E-08       2.118410E-08
   48    35    83     0       2.890020E-06       1.849610E-06
   49    35    84     0       1.501010E-05       9.606460E-06
   49    35    84     1       3.189020E-05       2.040970E-05
   50    35    85     0       3.951530E-04       2.528980E-04
   51    35    86     0       9.139660E-04       5.849380E-04
   51    35    86     1       9.139660E-04       5.849380E-04
   52    35    87     0       6.574750E-03       2.103920E-03
   53    35    88     0       8.997000E-03       4.048650E-03
   54    35    89     0       1.622700E-02       5.192630E-03
   55    35    90     0       1.340530E-02       4.289700E-03
   56    35    91     0       7.590450E-03       4.857890E-03
   57    35    92     0       2.338810E-03       1.496840E-03
   58    35    93     0       5.002910E-04       3.201860E-04
   59    35    94     0       7.895050E-05       5.052830E-05
   60    35    95     0       1.137950E-06       7.282890E-07
   61    35    96     0       3.520020E-07       2.252810E-07
   62    35    97     0       7.210130E-09       4.614480E-09
   63    35    98     0       9.799890E-11       6.271930E-11
   64    35    99     0       7.909780E-12       5.062260E-12
   65    35   100     0       1.379520E-13       8.828950E-14
   41    36    77     0       0.000000E+00       0.000000E+00
   42    36    78     0       0.000000E+00       0.000000E+00
   43    36    79     1       0.000000E+00       0.000000E+00
   43    36    79     0       0.000000E+00       0.000000E+00
   44    36    80     0       0.000000E+00       0.000000E+00
   45    36    81     0       1.110010E-13       7.104050E-14
   45    36    81     1       1.510010E-14       9.664060E-15
   46    36    82     0       2.160010E-11       1.382410E-11
   47    36    83     0       1.540010E-09       9.856060E-10
   47    36    83     1       3.150020E-10       2.016010E-10
   48    36    84     0       9.340060E-08       5.977640E-08
   49    36    85     0       1.990010E-06       1.273610E-06
   49    36    85     1       4.080030E-07       2.611220E-07
   50    36    86     0       3.855020E-05       2.467220E-05
   51    36    87     0       3.466320E-04       2.218450E-04
   52    36    88     0       3.676390E-03       2.352890E-03
   53    36    89     0       6.461310E-03       2.907590E-03
   54    36    90     0       1.850070E-02       4.255160E-03
   55    36    91     0       2.616980E-02       2.878680E-03
   56    36    92     0       2.503290E-02       2.002630E-03
   57    36    93     0       1.426270E-02       1.568890E-03
   58    36    94     0       7.343790E-03       4.700020E-03
   59    36    95     0       1.264640E-03       8.093700E-04
   60    36    96     0       3.418520E-04       2.187850E-04
   61    36    97     0       8.012840E-06       5.128220E-06
   62    36    98     0       2.599920E-06       1.663950E-06
   63    36    99     0       1.936110E-07       1.239110E-07
   64    36   100     0       3.659890E-09       2.342330E-09
   65    36   101     0       2.240230E-11       1.433740E-11
   66    36   102     0       2.930910E-12       1.875780E-12
   42    37    79     0       0.000000E+00       0.000000E+00
   44    37    81     0       0.000000E+00       0.000000E+00
   46    37    83     0       3.520020E-14       2.252810E-14
   47    37    84     0       5.720040E-12       3.660820E-12
   48    37    85     0       1.100010E-09       3.520020E-10
   49    37    86     1       1.400010E-08       8.960060E-09
   49    37    86     0       1.400010E-08       8.960060E-09
   50    37    87     0       1.440010E-06       4.608030E-07
   51    37    88     0       2.021010E-05       1.293450E-05
   52    37    89     0       8.855360E-04       3.984910E-04
   53    37    90     0       2.807920E-04       1.797070E-04
   53    37    90     1       1.405800E-03       8.997110E-04
   54    37    91     0       6.754310E-03       2.161380E-03
   55    37    92     0       1.474870E-02       3.392200E-03
   56    37    93     0       2.615440E-02       8.369390E-03
   57    37    94     0       2.536530E-02       8.116890E-03
   58    37    95     0       1.595660E-02       5.106100E-03
   59    37    96     0       1.168760E-02       3.740030E-03
   60    37    97     0       8.862960E-04       5.672290E-04
   61    37    98     0       8.436950E-04       5.399650E-04
   62    37    99     0       1.692070E-04       1.082920E-04
   63    37   100     0       1.245010E-05       7.968050E-06
   64    37   101     0       4.312230E-07       2.759830E-07
   65    37   102     0       5.205240E-08       3.331350E-08
   66    37   103     0       6.200140E-11       3.968090E-11
   67    37   104     0       7.613760E-12       4.872810E-12
   68    37   105     0       1.695320E-12       1.085010E-12
   45    38    83     0       0.000000E+00       0.000000E+00
   46    38    84     0       0.000000E+00       0.000000E+00
   47    38    85     1       0.000000E+00       0.000000E+00
   47    38    85     0       0.000000E+00       0.000000E+00
   48    38    86     0       1.370010E-12       8.768060E-13
   49    38    87     0       1.330010E-10       8.512050E-11
   49    38    87     1       2.730020E-11       1.747210E-11
   50    38    88     0       1.160010E-08       7.424050E-09
   51    38    89     0       4.630030E-07       2.963220E-07
   52    38    90     0       1.122010E-05       7.180850E-06
   53    38    91     0       1.167210E-04       7.470130E-05
   54    38    92     0       1.030190E-03       6.593190E-04
   55    38    93     0       5.450260E-03       3.488170E-03
   56    38    94     0       1.509960E-02       4.831870E-03
   57    38    95     0       3.182360E-02       7.319420E-03
   58    38    96     0       4.131780E-02       9.503090E-03
   59    38    97     0       2.859350E-02       9.149930E-03
   60    38    98     0       2.268110E-02       7.257940E-03
   61    38    99     0       9.771760E-03       6.253930E-03
   62    38   100     0       3.037360E-03       1.943910E-03
   63    38   101     0       4.792320E-04       3.067080E-04
   64    38   102     0       6.269830E-05       4.012690E-05
   65    38   103     0       1.517640E-06       9.712870E-07
   66    38   104     0       2.019940E-07       1.292760E-07
   67    38   105     0       4.149720E-08       2.655820E-08
   68    38   106     0       0.000000E+00       0.000000E+00
   69    38   107     0       0.000000E+00       0.000000E+00
   70    38   108     0       0.000000E+00       0.000000E+00
   71    38   109     0       0.000000E+00       0.000000E+00
   46    39    85     0       0.000000E+00       0.000000E+00
   48    39    87     0       0.000000E+00       0.000000E+00
   49    39    88     0       2.090010E-13       1.337610E-13
   50    39    89     0       5.490040E-12       3.513620E-12
   50    39    89     1       2.680020E-11       1.715210E-11
   51    39    90     1       1.215010E-09       7.776050E-10
   51    39    90     0       1.215010E-09       7.776050E-10
   52    39    91     1       4.440030E-08       2.841620E-08
   52    39    91     0       4.440030E-08       2.841620E-08
   53    39    92     0       2.330010E-06       1.491210E-06
   54    39    93     1       1.981010E-05       1.267850E-05
   54    39    93     0       1.981010E-05       1.267850E-05
   55    39    94     0       3.389720E-04       2.169420E-04
   56    39    95     0       2.233630E-03       1.429530E-03
   57    39    96     0       7.277050E-04       4.657310E-04
   57    39    96     1       7.357190E-03       4.708600E-03
   58    39    97     1       1.259320E-02       8.059670E-03
   58    39    97     0       1.259320E-02       8.059670E-03
   59    39    98     0       1.513340E-02       4.842690E-03
   59    39    98     1       1.512700E-02       4.840650E-03
   60    39    99     0       3.741350E-02       1.197230E-02
   61    39   100     0       2.926300E-02       9.364160E-03
   62    39   101     0       1.459560E-02       4.670590E-03
   63    39   102     0       5.219450E-03       3.340450E-03
   64    39   103     0       1.326340E-03       8.488580E-04
   65    39   104     0       1.625710E-04       1.040450E-04
   66    39   105     0       3.626650E-05       2.321060E-05
   67    39   106     0       2.978130E-13       1.906000E-13
   68    39   107     0       8.613390E-15       5.512570E-15
   69    39   108     0       3.603170E-16       2.306030E-16
   70    39   109     0       9.063540E-17       5.800670E-17
   71    39   110     0       0.000000E+00       0.000000E+00
   72    39   111     0       1.389470E-13       8.892600E-14
   47    40    87     0       0.000000E+00       0.000000E+00
   48    40    88     0       0.000000E+00       0.000000E+00
   49    40    89     0       0.000000E+00       0.000000E+00
   50    40    90     1       1.750010E-14       1.120010E-14
   50    40    90     0       1.750010E-14       1.120010E-14
   51    40    91     0       1.270010E-11       4.064030E-12
   52    40    92     0       1.450010E-09       4.640030E-10
   53    40    93     0       2.170010E-08       1.388810E-08
   54    40    94     0       6.460040E-07       4.134430E-07
   55    40    95     0       1.249010E-05       7.993650E-06
   56    40    96     0       1.564910E-04       1.001540E-04
   57    40    97     0       1.016680E-03       6.506730E-04
   58    40    98     0       4.861240E-03       3.111190E-03
   59    40    99     0       1.470750E-02       4.706390E-03
   60    40   100     0       3.299870E-02       1.055960E-02
   61    40   101     0       4.001770E-02       1.280570E-02
   62    40   102     0       4.091760E-02       1.309360E-02
   63    40   103     0       2.644950E-02       8.463850E-03
   64    40   104     0       1.012590E-02       6.480590E-03
   65    40   105     0       2.094410E-03       1.340420E-03
   66    40   106     0       7.290050E-06       4.665630E-06
   67    40   107     0       1.945310E-07       1.245000E-07
   68    40   108     0       8.820060E-09       5.644840E-09
   69    40   109     0       2.046970E-09       1.310060E-09
   70    40   110     0       1.590010E-12       1.017610E-12
   71    40   111     0       3.401070E-09       2.176680E-09
   72    40   112     0       1.047190E-12       6.702000E-13
   73    40   113     0       7.855560E-14       5.027560E-14
   74    40   114     0       3.858060E-15       2.469160E-15
   48    41    89     0       0.000000E+00       0.000000E+00
   49    41    90     0       0.000000E+00       0.000000E+00
   50    41    91     0       0.000000E+00       0.000000E+00
   51    41    92     0       0.000000E+00       0.000000E+00
   52    41    93     0       3.390020E-13       2.169610E-13
   52    41    93     1       6.950040E-14       4.448030E-14
   53    41    94     0       2.340020E-11       1.497610E-11
   53    41    94     1       1.370010E-11       8.768060E-12
   54    41    95     0       2.300010E-09       1.472010E-09
   54    41    95     1       4.700030E-10       3.008020E-10
   55    41    96     0       1.040010E-07       6.656040E-08
   56    41    97     0       1.940010E-06       1.241610E-06
   56    41    97     1       3.980030E-07       2.547220E-07
   57    41    98     0       2.526020E-05       1.616650E-05
   57    41    98     1       7.120050E-06       4.556830E-06
   58    41    99     0       2.536020E-05       1.623050E-05
   58    41    99     1       2.916420E-04       1.866510E-04
   59    41   100     0       9.622860E-04       6.158630E-04
   59    41   100     1       9.622860E-04       6.158630E-04
   60    41   101     0       6.894120E-03       4.412240E-03
   61    41   102     1       8.727120E-03       5.585350E-03
   61    41   102     0       8.727120E-03       5.585350E-03
   62    41   103     0       3.119590E-02       9.982680E-03
   63    41   104     1       1.433530E-02       9.174590E-03
   63    41   104     0       1.433530E-02       9.174590E-03
   64    41   105     0       1.797670E-02       5.752530E-03
   65    41   106     0       5.942980E-03       3.803510E-03
   66    41   107     0       1.450020E-03       9.280160E-04
   67    41   108     0       1.738110E-04       1.112390E-04
   68    41   109     0       1.525810E-05       9.765150E-06
   69    41   110     0       1.110010E-06       7.104050E-07
   70    41   111     0       2.972370E-06       1.902320E-06
   71    41   112     0       1.859780E-08       1.190260E-08
   72    41   113     0       1.512130E-09       9.677600E-10
   73    41   114     0       6.851830E-11       4.385170E-11
   74    41   115     0       7.840480E-14       5.017900E-14
   75    41   116     0       4.598410E-15       2.942980E-15
   48    42    90     0       0.000000E+00       0.000000E+00
   49    42    91     0       0.000000E+00       0.000000E+00
   50    42    92     0       0.000000E+00       0.000000E+00
   51    42    93     1       0.000000E+00       0.000000E+00
   51    42    93     0       0.000000E+00       0.000000E+00
   52    42    94     0       0.000000E+00       0.000000E+00
   53    42    95     0       3.220020E-14       2.060810E-14
   54    42    96     0       4.620030E-12       2.956820E-12
   55    42    97     0       3.100020E-10       1.984010E-10
   56    42    98     0       1.580010E-08       1.011210E-08
   57    42    99     0       4.570030E-07       2.924820E-07
   58    42   100     0       9.710060E-06       6.214440E-06
   59    42   101     0       1.033010E-04       6.611240E-05
   60    42   102     0       8.102350E-04       5.185510E-04
   61    42   103     0       3.731980E-03       2.388470E-03
   62    42   104     0       1.080550E-02       4.862490E-03
   63    42   105     0       2.003680E-02       4.608460E-03
   64    42   106     0       1.875100E-02       3.000160E-03
   65    42   107     0       1.234360E-02       3.949950E-03
   66    42   108     0       5.073070E-03       2.282880E-03
   67    42   109     0       1.682020E-03       1.076490E-03
   68    42   110     0       6.197840E-04       3.966620E-04
   69    42   111     0       1.716550E-04       1.098590E-04
   70    42   112     0       2.240150E-05       1.433700E-05
   71    42   113     0       1.680470E-06       1.075500E-06
   72    42   114     0       8.253200E-08       5.282050E-08
   73    42   115     0       1.919150E-09       1.228260E-09
   74    42   116     0       1.219960E-10       7.807760E-11
   75    42   117     0       2.536050E-13       1.623070E-13
   76    42   118     0       4.203690E-14       2.690360E-14
   50    43    93     0       0.000000E+00       0.000000E+00
   52    43    95     0       0.000000E+00       0.000000E+00
   52    43    95     1       0.000000E+00       0.000000E+00
   54    43    97     1       0.000000E+00       0.000000E+00
   54    43    97     0       0.000000E+00       0.000000E+00
   55    43    98     0       2.290010E-13       1.465610E-13
   56    43    99     0       1.990010E-11       1.273610E-11
   56    43    99     1       4.070030E-12       2.604820E-12
   57    43   100     0       1.560010E-09       9.984060E-10
   58    43   101     0       5.990040E-08       3.833620E-08
   59    43   102     0       6.880040E-07       4.403230E-07
   59    43   102     1       6.880040E-07       4.403230E-07
   60    43   103     0       2.149010E-05       1.375370E-05
   61    43   104     0       1.581710E-04       1.012290E-04
   62    43   105     0       7.806250E-04       4.996000E-04
   63    43   106     0       2.520320E-04       1.613000E-04
   64    43   107     0       6.648940E-04       4.255320E-04
   65    43   108     0       7.625350E-04       4.880220E-04
   66    43   109     0       8.183350E-04       5.237350E-04
   67    43   110     0       7.876250E-04       5.040800E-04
   68    43   111     0       4.269330E-04       2.732370E-04
   69    43   112     0       2.341420E-04       1.498510E-04
   70    43   113     0       7.631850E-05       4.884390E-05
   71    43   114     0       1.389010E-05       8.889660E-06
   72    43   115     0       1.677240E-06       1.073440E-06
   73    43   116     0       2.390020E-07       1.529610E-07
   74    43   117     0       4.881670E-09       3.124270E-09
   75    43   118     0       7.465680E-10       4.778030E-10
   76    43   119     0       2.034450E-12       1.302050E-12
   77    43   120     0       7.123770E-14       4.559210E-14
   78    43   121     0       4.996160E-15       3.197540E-15
   51    44    95     0       0.000000E+00       0.000000E+00
   52    44    96     0       0.000000E+00       0.000000E+00
   53    44    97     0       0.000000E+00       0.000000E+00
   54    44    98     0       0.000000E+00       0.000000E+00
   55    44    99     0       0.000000E+00       0.000000E+00
   56    44   100     0       1.640010E-14       1.049610E-14
   57    44   101     0       1.870010E-12       1.196810E-12
   58    44   102     0       1.620010E-10       1.036810E-10
   59    44   103     0       7.570050E-09       4.844830E-09
   60    44   104     0       2.010010E-07       1.286410E-07
   61    44   105     0       3.600020E-06       2.304010E-06
   62    44   106     0       3.890020E-09       2.489620E-09
   63    44   107     0       5.090030E-08       3.257620E-08
   64    44   108     0       3.040020E-07       1.945610E-07
   65    44   109     1       7.900050E-07       5.056030E-07
   65    44   109     0       7.900050E-07       5.056030E-07
   66    44   110     0       7.840050E-06       5.017630E-06
   67    44   111     0       1.091410E-04       6.985000E-05
   68    44   112     0       2.843720E-04       1.819980E-04
   69    44   113     0       3.044420E-04       1.948430E-04
   70    44   114     0       2.053910E-04       1.314500E-04
   71    44   115     0       9.686150E-05       6.199130E-05
   72    44   116     0       3.431020E-05       2.195850E-05
   73    44   117     0       5.425150E-06       3.472100E-06
   74    44   118     0       8.992590E-07       5.755260E-07
   75    44   119     0       4.979830E-08       3.187090E-08
   76    44   120     0       1.889940E-09       1.209560E-09
   77    44   121     0       1.222930E-10       7.826770E-11
   78    44   122     0       6.300040E-13       4.032030E-13
   79    44   123     0       1.361040E-14       8.710660E-15
   80    44   124     0       0.000000E+00       0.000000E+00
   54    45    99     0       0.000000E+00       0.000000E+00
   56    45   101     0       0.000000E+00       0.000000E+00
   56    45   101     1       0.000000E+00       0.000000E+00
   57    45   102     0       0.000000E+00       0.000000E+00
   57    45   102     1       0.000000E+00       0.000000E+00
   58    45   103     0       1.070010E-14       6.848040E-15
   58    45   103     1       7.860050E-14       5.030430E-14
   59    45   104     0       1.640010E-12       1.049610E-12
   59    45   104     1       5.820040E-12       3.724820E-12
   60    45   105     0       4.460030E-10       2.854420E-10
   60    45   105     1       6.080040E-11       3.891220E-11
   61    45   106     0       0.000000E+00       0.000000E+00
   61    45   106     1       0.000000E+00       0.000000E+00
   62    45   107     0       0.000000E+00       0.000000E+00
   63    45   108     0       1.810010E-14       1.158410E-14
   63    45   108     1       1.810010E-14       1.158410E-14
   64    45   109     0       6.240040E-13       3.993630E-13
   64    45   109     1       6.240040E-13       3.993630E-13
   65    45   110     0       1.730010E-11       1.107210E-11
   65    45   110     1       1.730010E-11       1.107210E-11
   66    45   111     0       1.450010E-06       9.280060E-07
   67    45   112     0       1.798010E-05       1.150730E-05
   68    45   113     0       7.700050E-05       4.928030E-05
   69    45   114     0       1.589310E-04       1.017160E-04
   70    45   115     0       2.234110E-04       1.429830E-04
   71    45   116     0       2.051910E-04       1.313220E-04
   72    45   117     0       1.149910E-04       7.359410E-05
   73    45   118     0       5.140030E-05       3.289620E-05
   74    45   119     0       1.118010E-05       7.155250E-06
   75    45   120     0       1.430010E-06       9.152060E-07
   76    45   121     0       1.068780E-07       6.840220E-08
   77    45   122     0       6.170040E-09       3.948830E-09
   78    45   123     0       2.619880E-10       1.676720E-10
   79    45   124     0       5.600040E-12       3.584020E-12
   80    45   125     0       8.456470E-14       5.412140E-14
   82    45   127     0       0.000000E+00       0.000000E+00
   53    46    99     0       0.000000E+00       0.000000E+00
   55    46   101     0       0.000000E+00       0.000000E+00
   56    46   102     0       0.000000E+00       0.000000E+00
   57    46   103     0       0.000000E+00       0.000000E+00
   58    46   104     0       0.000000E+00       0.000000E+00
   59    46   105     0       3.750020E-09       1.200010E-09
   60    46   106     0       0.000000E+00       0.000000E+00
   61    46   107     0       0.000000E+00       0.000000E+00
   61    46   107     1       0.000000E+00       0.000000E+00
   62    46   108     0       0.000000E+00       0.000000E+00
   63    46   109     0       0.000000E+00       0.000000E+00
   63    46   109     1       0.000000E+00       0.000000E+00
   64    46   110     0       0.000000E+00       0.000000E+00
   65    46   111     0       3.850020E-10       2.464020E-10
   65    46   111     1       8.580060E-10       5.491240E-10
   66    46   112     0       9.920060E-08       6.348840E-08
   67    46   113     0       1.680010E-06       1.075210E-06
   68    46   114     0       1.423010E-05       9.107260E-06
   69    46   115     0       5.288030E-05       3.384340E-05
   70    46   116     0       1.481010E-04       9.478460E-05
   71    46   117     0       2.278710E-04       1.458380E-04
   72    46   118     0       2.879020E-04       1.842570E-04
   73    46   119     0       1.840510E-04       1.177930E-04
   74    46   120     0       8.390050E-05       5.369630E-05
   75    46   121     0       2.015010E-05       1.289610E-05
   76    46   122     0       4.160030E-06       2.662420E-06
   77    46   123     0       5.360030E-07       3.430420E-07
   78    46   124     0       4.260030E-08       2.726420E-08
   79    46   125     0       2.069930E-09       1.324750E-09
   80    46   126     0       0.000000E+00       0.000000E+00
   81    46   127     0       6.700260E-19       4.288170E-19
   82    46   128     0       0.000000E+00       0.000000E+00
   83    46   129     0       0.000000E+00       0.000000E+00
   84    46   130     0       0.000000E+00       0.000000E+00
   85    46   131     0       0.000000E+00       0.000000E+00
   56    47   103     0       0.000000E+00       0.000000E+00
   58    47   105     0       0.000000E+00       0.000000E+00
   58    47   105     1       0.000000E+00       0.000000E+00
   59    47   106     0       0.000000E+00       0.000000E+00
   59    47   106     1       0.000000E+00       0.000000E+00
   60    47   107     0       0.000000E+00       0.000000E+00
   60    47   107     1       0.000000E+00       0.000000E+00
   61    47   108     1       0.000000E+00       0.000000E+00
   61    47   108     0       0.000000E+00       0.000000E+00
   62    47   109     1       0.000000E+00       0.000000E+00
   62    47   109     0       0.000000E+00       0.000000E+00
   63    47   110     0       0.000000E+00       0.000000E+00
   63    47   110     1       0.000000E+00       0.000000E+00
   64    47   111     0       0.000000E+00       0.000000E+00
   64    47   111     1       3.320020E-14       2.124810E-14
   65    47   112     0       1.830010E-11       1.171210E-11
   66    47   113     0       1.790010E-10       1.145610E-10
   66    47   113     1       1.310010E-09       8.384050E-10
   67    47   114     0       4.950030E-08       3.168020E-08
   68    47   115     0       3.220020E-07       2.060810E-07
   68    47   115     1       3.220020E-07       2.060810E-07
   69    47   116     0       2.640020E-06       1.689610E-06
   69    47   116     1       2.640020E-06       1.689610E-06
   70    47   117     0       1.437010E-05       9.196860E-06
   70    47   117     1       1.437010E-05       9.196860E-06
   71    47   118     0       4.435030E-05       2.838420E-05
   71    47   118     1       4.435030E-05       2.838420E-05
   72    47   119     0       1.835410E-04       1.174660E-04
   73    47   120     1       1.129310E-04       7.227570E-05
   73    47   120     0       1.129310E-04       7.227570E-05
   74    47   121     0       1.793210E-04       1.147660E-04
   75    47   122     1       5.077530E-05       3.249620E-05
   75    47   122     0       5.077530E-05       3.249620E-05
   76    47   123     0       4.299030E-05       2.751380E-05
   77    47   124     0       1.024010E-05       6.553640E-06
   78    47   125     0       1.750010E-06       1.120010E-06
   79    47   126     0       9.440060E-11       6.041640E-11
   80    47   127     0       1.190010E-11       7.616050E-12
   81    47   128     0       7.100050E-13       4.544030E-13
   82    47   129     0       2.116490E-14       1.354550E-14
   83    47   130     0       0.000000E+00       0.000000E+00
   84    47   131     0       1.292920E-16       8.274690E-17
   85    47   132     0       6.859920E-11       4.390350E-11
   86    47   133     0       3.454350E-12       2.210790E-12
   57    48   105     0       0.000000E+00       0.000000E+00
   58    48   106     0       0.000000E+00       0.000000E+00
   59    48   107     0       0.000000E+00       0.000000E+00
   60    48   108     0       0.000000E+00       0.000000E+00
   61    48   109     0       0.000000E+00       0.000000E+00
   62    48   110     0       0.000000E+00       0.000000E+00
   63    48   111     0       0.000000E+00       0.000000E+00
   63    48   111     1       0.000000E+00       0.000000E+00
   64    48   112     0       0.000000E+00       0.000000E+00
   65    48   113     0       1.610010E-14       1.030410E-14
   65    48   113     1       6.040040E-14       3.865620E-14
   66    48   114     0       1.230010E-11       7.872050E-12
   67    48   115     0       1.060010E-10       6.784040E-11
   67    48   115     1       3.980030E-10       2.547220E-10
   68    48   116     0       1.560010E-08       9.984060E-09
   69    48   117     0       6.040040E-08       3.865620E-08
   69    48   117     1       2.270010E-07       1.452810E-07
   70    48   118     0       2.860020E-06       1.830410E-06
   71    48   119     0       9.150060E-06       5.856040E-06
   71    48   119     1       9.150060E-06       5.856040E-06
   72    48   120     0       7.483050E-05       4.789150E-05
   73    48   121     1       8.041050E-05       5.146270E-05
   73    48   121     0       8.041050E-05       5.146270E-05
   74    48   122     0       2.662720E-04       1.704140E-04
   75    48   123     0       2.802620E-04       1.793680E-04
   76    48   124     0       2.093210E-04       1.339660E-04
   77    48   125     0       9.775060E-05       6.256040E-05
   78    48   126     0       8.130050E-06       5.203230E-06
   79    48   127     0       4.120030E-06       2.636820E-06
   80    48   128     0       1.280010E-06       8.192050E-07
   81    48   129     0       4.780030E-07       3.059220E-07
   82    48   130     0       5.570040E-08       3.564820E-08
   83    48   131     0       2.920020E-09       1.868810E-09
   84    48   132     0       1.819940E-06       1.164760E-06
   85    48   133     0       8.455380E-08       5.411440E-08
   86    48   134     0       9.370060E-10       5.996840E-10
   87    48   135     0       8.886460E-12       5.687330E-12
   88    48   136     0       3.370020E-14       2.156810E-14
   58    49   107     0       0.000000E+00       0.000000E+00
   60    49   109     0       0.000000E+00       0.000000E+00
   62    49   111     0       0.000000E+00       0.000000E+00
   63    49   112     0       0.000000E+00       0.000000E+00
   63    49   112     1       0.000000E+00       0.000000E+00
   64    49   113     0       0.000000E+00       0.000000E+00
   64    49   113     1       0.000000E+00       0.000000E+00
   65    49   114     0       0.000000E+00       0.000000E+00
   65    49   114     1       0.000000E+00       0.000000E+00
   66    49   115     0       1.160010E-14       7.424050E-15
   66    49   115     1       0.000000E+00       0.000000E+00
   67    49   116     2       4.766700E-13       3.050690E-13
   67    49   116     0       4.766700E-13       3.050690E-13
   67    49   116     1       4.766700E-13       3.050690E-13
   68    49   117     0       9.290060E-11       5.945640E-11
   68    49   117     1       1.900010E-11       1.216010E-11
   69    49   118     2       2.990020E-10       1.913610E-10
   69    49   118     0       2.120010E-09       1.356810E-09
   69    49   118     1       2.990020E-10       1.913610E-10
   70    49   119     0       7.050050E-08       4.512030E-08
   70    49   119     1       1.440010E-08       9.216060E-09
   71    49   120     2       3.726690E-07       2.385080E-07
   71    49   120     0       3.726690E-07       2.385080E-07
   71    49   120     1       3.726690E-07       2.385080E-07
   72    49   121     0       7.170050E-06       4.588830E-06
   72    49   121     1       1.470010E-06       9.408060E-07
   73    49   122     2       1.272010E-05       8.140850E-06
   73    49   122     0       1.272010E-05       8.140850E-06
   73    49   122     1       1.272010E-05       8.140850E-06
   74    49   123     0       9.734060E-05       6.229800E-05
   74    49   123     1       1.994010E-05       1.276170E-05
   75    49   124     1       1.089860E-04       6.975080E-05
   75    49   124     0       1.089860E-04       6.975080E-05
   76    49   125     0       1.462510E-04       9.360060E-05
   76    49   125     1       1.462510E-04       9.360060E-05
   77    49   126     1       1.838910E-04       1.176900E-04
   77    49   126     0       1.838910E-04       1.176900E-04
   78    49   127     0       3.441620E-04       2.202640E-04
   78    49   127     1       3.441620E-04       2.202640E-04
   79    49   128     1       3.915280E-04       2.505780E-04
   79    49   128     0       3.915280E-04       2.505780E-04
   80    49   129     0       6.741940E-04       4.314840E-04
   80    49   129     1       6.741940E-04       4.314840E-04
   81    49   130     2       2.502250E-04       1.601440E-04
   81    49   130     1       2.502250E-04       1.601440E-04
   81    49   130     0       2.502250E-04       1.601440E-04
   82    49   131     1       1.340410E-04       8.578620E-05
   82    49   131     0       1.340410E-04       8.578620E-05
   83    49   132     0       6.454740E-04       4.131030E-04
   84    49   133     0       7.389590E-05       4.729340E-05
   85    49   134     0       4.920030E-06       3.148820E-06
   86    49   135     0       1.710560E-07       1.094760E-07
   87    49   136     0       2.700020E-09       1.728010E-09
   88    49   137     0       2.585960E-11       1.655020E-11
   89    49   138     0       8.329910E-13       5.331140E-13
   61    50   111     0       0.000000E+00       0.000000E+00
   62    50   112     0       0.000000E+00       0.000000E+00
   63    50   113     1       0.000000E+00       0.000000E+00
   63    50   113     0       0.000000E+00       0.000000E+00
   64    50   114     0       0.000000E+00       0.000000E+00
   65    50   115     0       0.000000E+00       0.000000E+00
   66    50   116     0       0.000000E+00       0.000000E+00
   67    50   117     1       0.000000E+00       0.000000E+00
   67    50   117     0       0.000000E+00       0.000000E+00
   68    50   118     0       2.130010E-13       1.363210E-13
   69    50   119     0       5.060030E-12       3.238420E-12
   69    50   119     1       1.900010E-11       1.216010E-11
   70    50   120     0       1.290010E-09       8.256050E-10
   71    50   121     0       8.750060E-09       5.600040E-09
   71    50   121     1       2.490020E-08       1.593610E-08
   72    50   122     0       5.230030E-07       3.347220E-07
   73    50   123     0       3.330020E-06       2.131210E-06
   73    50   123     1       1.170010E-06       7.488050E-07
   74    50   124     0       2.690020E-05       1.721610E-05
   75    50   125     0       6.787040E-05       4.343710E-05
   75    50   125     1       2.384020E-05       1.525770E-05
   76    50   126     0       1.625410E-04       1.040260E-04
   77    50   127     0       4.960030E-04       3.174420E-04
   77    50   127     1       1.742710E-04       1.115340E-04
   78    50   128     1       1.017940E-03       6.514830E-04
   78    50   128     0       1.017940E-03       6.514830E-04
   79    50   129     0       6.250780E-03       2.812850E-03
   79    50   129     1       2.201640E-03       1.409050E-03
   80    50   130     1       8.233180E-03       5.269230E-03
   80    50   130     0       8.233180E-03       5.269230E-03
   81    50   131     1       1.143370E-02       7.317570E-03
   81    50   131     0       1.143370E-02       7.317570E-03
   82    50   132     0       1.884960E-02       6.031870E-03
   83    50   133     0       6.726090E-03       4.304700E-03
   84    50   134     0       1.821040E-03       1.165470E-03
   85    50   135     0       1.901000E-04       1.216640E-04
   86    50   136     0       1.418010E-05       9.075260E-06
   87    50   137     0       6.329780E-07       4.051060E-07
   88    50   138     0       2.209930E-08       1.414360E-08
   89    50   139     0       1.631170E-10       1.043950E-10
   90    50   140     0       8.689040E-12       5.560980E-12
   91    50   141     0       2.588680E-12       1.656760E-12
   62    51   113     0       0.000000E+00       0.000000E+00
   64    51   115     0       0.000000E+00       0.000000E+00
   66    51   117     0       0.000000E+00       0.000000E+00
   67    51   118     0       0.000000E+00       0.000000E+00
   67    51   118     1       0.000000E+00       0.000000E+00
   68    51   119     0       0.000000E+00       0.000000E+00
   69    51   120     0       1.660010E-14       1.062410E-14
   69    51   120     1       2.830020E-14       1.811210E-14
   70    51   121     0       4.870030E-12       3.116820E-12
   71    51   122     0       1.030010E-10       6.592040E-11
   71    51   122     1       1.370010E-10       8.768060E-11
   72    51   123     0       7.330050E-09       4.691230E-09
   73    51   124     2       4.453360E-08       2.850150E-08
   73    51   124     0       4.453360E-08       2.850150E-08
   73    51   124     1       4.453360E-08       2.850150E-08
   74    51   125     0       1.530010E-06       9.792060E-07
   75    51   126     2       4.710030E-08       3.014420E-08
   75    51   126     0       6.820040E-08       4.364830E-08
   75    51   126     1       4.710030E-08       3.014420E-08
   76    51   127     0       2.030010E-06       1.299210E-06
   77    51   128     0       9.000060E-06       5.760040E-06
   77    51   128     1       1.243010E-05       7.955250E-06
   78    51   129     0       3.240220E-04       2.073740E-04
   79    51   130     0       8.072250E-04       5.166240E-04
   79    51   130     1       1.114690E-03       7.134000E-04
   80    51   131     0       9.374520E-03       4.218530E-03
   81    51   132     0       1.436400E-02       4.596480E-03
   81    51   132     1       1.273790E-02       4.076120E-03
   82    51   133     0       3.096600E-02       4.954550E-03
   83    51   134     1       1.280520E-02       8.195330E-03
   83    51   134     0       1.280520E-02       8.195330E-03
   84    51   135     0       1.020450E-02       3.265440E-03
   85    51   136     0       2.386240E-03       1.527190E-03
   86    51   137     0       3.830520E-04       2.451540E-04
   87    51   138     0       4.057030E-05       2.596500E-05
   88    51   139     0       3.139860E-06       2.009510E-06
   89    51   140     0       1.543160E-07       9.876200E-08
   90    51   141     0       4.982980E-08       3.189100E-08
   91    51   142     0       3.494040E-11       2.236180E-11
   92    51   143     0       3.492390E-12       2.235130E-12
   63    52   115     0       0.000000E+00       0.000000E+00
   65    52   117     0       0.000000E+00       0.000000E+00
   66    52   118     0       0.000000E+00       0.000000E+00
   67    52   119     0       0.000000E+00       0.000000E+00
   68    52   120     0       0.000000E+00       0.000000E+00
   69    52   121     1       0.000000E+00       0.000000E+00
   69    52   121     0       0.000000E+00       0.000000E+00
   70    52   122     0       0.000000E+00       0.000000E+00
   71    52   123     0       1.470010E-13       9.408060E-14
   71    52   123     1       5.540040E-13       3.545620E-13
   72    52   124     0       4.790030E-11       3.065620E-11
   73    52   125     0       5.370030E-10       3.436820E-10
   73    52   125     1       2.020010E-09       1.292810E-09
   74    52   126     0       8.730060E-14       5.587240E-14
   75    52   127     0       1.020010E-12       6.528040E-13
   75    52   127     1       2.900020E-12       1.856010E-12
   76    52   128     0       2.430020E-10       1.555210E-10
   77    52   129     0       4.060030E-09       2.598420E-09
   77    52   129     1       1.160010E-08       7.424050E-09
   78    52   130     0       5.290030E-07       3.385620E-07
   79    52   131     0       3.550020E-06       2.272010E-06
   79    52   131     1       3.648420E-04       2.334990E-04
   80    52   132     0       4.712210E-03       3.015810E-03
   81    52   133     0       8.011380E-03       5.127280E-03
   81    52   133     1       1.961080E-02       6.275450E-03
   82    52   134     0       3.953710E-02       6.325940E-03
   83    52   135     0       4.620650E-02       1.478610E-02
   84    52   136     0       3.525500E-02       1.128160E-02
   85    52   137     0       1.567780E-02       5.016910E-03
   86    52   138     0       5.501070E-03       3.520680E-03
   87    52   139     0       1.208990E-03       7.737520E-04
   88    52   140     0       1.858770E-04       1.189610E-04
   89    52   141     0       5.537740E-05       3.544150E-05
   90    52   142     0       9.269710E-07       5.932610E-07
   91    52   143     0       8.548470E-08       5.471020E-08
   92    52   144     0       5.728840E-11       3.666460E-11
   93    52   145     0       6.078120E-12       3.890000E-12
   94    52   146     0       4.367170E-13       2.794990E-13
   68    53   121     0       0.000000E+00       0.000000E+00
   70    53   123     0       0.000000E+00       0.000000E+00
   72    53   125     0       9.980060E-14       6.387240E-14
   73    53   126     0       0.000000E+00       0.000000E+00
   74    53   127     0       0.000000E+00       0.000000E+00
   75    53   128     0       0.000000E+00       0.000000E+00
   76    53   129     0       0.000000E+00       0.000000E+00
   77    53   130     0       3.090020E-14       1.977610E-14
   77    53   130     1       1.140010E-14       7.296050E-15
   78    53   131     0       7.890050E-12       5.049630E-12
   79    53   132     1       9.939560E-05       6.361320E-05
   79    53   132     0       9.939560E-05       6.361320E-05
   80    53   133     1       9.444710E-04       6.044610E-04
   80    53   133     0       9.444710E-04       6.044610E-04
   81    53   134     0       4.391530E-03       4.830680E-04
   81    53   134     1       3.180070E-03       2.035250E-03
   82    53   135     0       1.354570E-02       4.334640E-03
   83    53   136     0       1.328840E-02       4.252290E-03
   83    53   136     1       1.344830E-02       4.303450E-03
   84    53   137     0       3.531250E-02       5.650000E-03
   85    53   138     0       3.119270E-02       9.981660E-03
   86    53   139     0       2.055610E-02       6.577960E-03
   87    53   140     0       8.693630E-03       5.563920E-03
   88    53   141     0       2.514960E-03       1.609570E-03
   89    53   142     0       4.188530E-04       2.680660E-04
   90    53   143     0       7.470950E-05       4.781410E-05
   91    53   144     0       1.017430E-06       6.511560E-07
   92    53   145     0       1.169980E-07       7.487890E-08
   93    53   146     0       7.756010E-09       4.963850E-09
   94    53   147     0       6.722880E-12       4.302640E-12
   95    53   148     0       6.859920E-13       4.390350E-13
   70    54   124     0       0.000000E+00       0.000000E+00
   71    54   125     1       0.000000E+00       0.000000E+00
   71    54   125     0       0.000000E+00       0.000000E+00
   72    54   126     0       0.000000E+00       0.000000E+00
   73    54   127     1       0.000000E+00       0.000000E+00
   73    54   127     0       0.000000E+00       0.000000E+00
   74    54   128     0       0.000000E+00       0.000000E+00
   75    54   129     1       0.000000E+00       0.000000E+00
   75    54   129     0       0.000000E+00       0.000000E+00
   76    54   130     0       0.000000E+00       0.000000E+00
   77    54   131     0       1.110010E-11       3.552020E-12
   77    54   131     1       3.160020E-11       2.022410E-11
   78    54   132     0       1.790010E-08       1.145610E-08
   79    54   133     0       4.180030E-06       2.675220E-06
   79    54   133     1       1.221010E-05       7.814450E-06
   80    54   134     0       7.040050E-06       4.505630E-06
   80    54   134     1       1.903010E-05       1.217930E-05
   81    54   135     0       1.115410E-04       7.138610E-05
   81    54   135     1       1.571010E-04       1.005450E-04
   82    54   136     0       2.443200E-03       1.563650E-03
   83    54   137     0       1.077370E-02       3.447590E-03
   84    54   138     0       2.039980E-02       6.527920E-03
   85    54   139     0       3.283260E-02       5.253210E-03
   86    54   140     0       4.037410E-02       4.441150E-03
   87    54   141     0       2.982710E-02       2.386170E-03
   88    54   142     0       1.527380E-02       4.887630E-03
   89    54   143     1       2.157250E-03       1.380640E-03
   89    54   143     0       2.157250E-03       1.380640E-03
   90    54   144     0       1.225520E-03       1.960830E-04
   91    54   145     0       1.300240E-04       8.321530E-05
   92    54   146     0       9.342300E-06       5.979070E-06
   93    54   147     0       1.645590E-07       1.053180E-07
   94    54   148     0       1.819940E-08       1.164760E-08
   95    54   149     0       2.208280E-11       1.413300E-11
   96    54   150     0       2.890020E-12       1.849610E-12
   97    54   151     0       4.513020E-13       2.888330E-13
   72    55   127     0       0.000000E+00       0.000000E+00
   74    55   129     0       0.000000E+00       0.000000E+00
   76    55   131     0       0.000000E+00       0.000000E+00
   77    55   132     0       2.850020E-13       1.824010E-13
   78    55   133     0       5.320030E-11       3.404820E-11
   79    55   134     1       3.230020E-09       2.067210E-09
   79    55   134     0       3.230020E-09       2.067210E-09
   80    55   135     1       1.855010E-07       1.187210E-07
   80    55   135     0       1.855010E-07       1.187210E-07
   81    55   136     1       4.800030E-06       3.072020E-06
   81    55   136     0       4.800030E-06       3.072020E-06
   82    55   137     0       1.121210E-04       7.175730E-05
   83    55   138     0       3.016620E-04       1.930640E-04
   83    55   138     1       3.016620E-04       1.930640E-04
   84    55   139     0       3.473110E-03       2.222790E-03
   85    55   140     0       8.872640E-03       2.040710E-03
   86    55   141     0       1.913040E-02       6.121740E-03
   87    55   142     0       2.279800E-02       7.295370E-03
   88    55   143     0       2.390400E-02       7.649270E-03
   89    55   144     0       1.742560E-02       5.576200E-03
   90    55   145     0       5.556170E-03       3.555950E-03
   91    55   146     0       1.171040E-03       7.494640E-04
   92    55   147     0       1.438170E-04       9.204260E-05
   93    55   148     0       2.455020E-05       1.571210E-05
   94    55   149     0       4.250740E-07       2.720470E-07
   95    55   150     0       4.810030E-08       3.078420E-08
   96    55   151     0       8.687160E-09       5.559780E-09
   97    55   152     0       5.653780E-12       3.618420E-12
   98    55   153     0       3.035050E-13       1.942430E-13
   73    56   129     0       0.000000E+00       0.000000E+00
   75    56   131     0       0.000000E+00       0.000000E+00
   76    56   132     0       0.000000E+00       0.000000E+00
   77    56   133     0       0.000000E+00       0.000000E+00
   78    56   134     0       1.050010E-13       6.720040E-14
   79    56   135     1       1.130010E-11       7.232050E-12
   79    56   135     0       1.130010E-11       7.232050E-12
   80    56   136     1       1.480010E-09       9.472060E-10
   80    56   136     0       1.480010E-09       9.472060E-10
   81    56   137     0       2.310010E-08       1.478410E-08
   81    56   137     1       6.560040E-08       4.198430E-08
   82    56   138     0       2.040010E-06       1.305610E-06
   83    56   139     0       2.771020E-05       1.773450E-05
   84    56   140     0       2.663920E-04       1.704910E-04
   85    56   141     0       2.257840E-03       1.445020E-03
   86    56   142     0       6.886050E-03       4.407070E-03
   87    56   143     0       1.742560E-02       4.007890E-03
   88    56   144     0       2.456590E-02       5.650150E-03
   89    56   145     0       2.580330E-02       8.257060E-03
   90    56   146     0       1.984620E-02       6.350800E-03
   91    56   147     0       8.305460E-03       5.315500E-03
   92    56   148     0       2.490540E-03       1.593940E-03
   93    56   149     0       4.723980E-04       3.023350E-04
   94    56   150     0       5.432030E-05       3.476500E-05
   95    56   151     0       9.654310E-06       6.178760E-06
   96    56   152     0       1.499950E-07       9.599700E-08
   97    56   153     0       7.429030E-09       4.754580E-09
   98    56   154     0       7.110050E-11       4.550430E-11
   99    56   155     0       3.955870E-13       2.531760E-13
  100    56   156     0       2.545570E-14       1.629160E-14
   76    57   133     0       0.000000E+00       0.000000E+00
   78    57   135     0       0.000000E+00       0.000000E+00
   80    57   137     0       2.450020E-12       1.568010E-12
   81    57   138     0       1.760010E-10       1.126410E-10
   82    57   139     0       8.100050E-09       5.184030E-09
   83    57   140     0       2.480020E-07       1.587210E-07
   84    57   141     0       4.450030E-06       2.848020E-06
   85    57   142     0       5.263030E-05       3.368340E-05
   86    57   143     0       4.480630E-04       2.867600E-04
   87    57   144     0       2.113190E-03       1.352440E-03
   88    57   145     0       7.088770E-03       4.536810E-03
   89    57   146     1       6.357090E-03       4.068540E-03
   89    57   146     0       6.357090E-03       4.068540E-03
   90    57   147     0       1.480930E-02       4.738980E-03
   91    57   148     0       1.089870E-02       6.975190E-03
   92    57   149     0       6.640640E-03       4.250010E-03
   93    57   150     0       2.139750E-03       1.369440E-03
   94    57   151     0       4.384500E-04       2.806080E-04
   95    57   152     0       5.813040E-05       3.720340E-05
   96    57   153     0       6.492610E-06       4.155270E-06
   97    57   154     0       2.830020E-07       1.811210E-07
   98    57   155     0       7.614690E-09       4.873400E-09
   99    57   156     0       4.520880E-10       2.893370E-10
  100    57   157     0       8.946700E-13       5.725890E-13
  101    57   158     0       1.877060E-14       1.201320E-14
  102    57   159     0       1.017910E-15       6.514620E-16
   77    58   135     0       0.000000E+00       0.000000E+00
   79    58   137     0       0.000000E+00       0.000000E+00
   80    58   138     0       0.000000E+00       0.000000E+00
   81    58   139     0       3.600020E-14       2.304010E-14
   81    58   139     1       1.020010E-13       6.528040E-14
   82    58   140     0       1.530010E-11       9.792060E-12
   83    58   141     0       9.050060E-10       5.792040E-10
   84    58   142     0       3.640020E-08       2.329610E-08
   85    58   143     0       9.010060E-07       5.766440E-07
   86    58   144     0       1.431010E-05       9.158460E-06
   87    58   145     0       1.273510E-04       8.150450E-05
   88    58   146     0       8.705360E-04       5.571430E-04
   89    58   147     0       2.643760E-03       1.692000E-03
   90    58   148     0       7.457610E-03       3.355920E-03
   91    58   149     0       8.427580E-03       3.792410E-03
   92    58   150     0       8.604320E-03       3.871940E-03
   93    58   151     0       4.559450E-03       2.918050E-03
   94    58   152     0       1.844580E-03       1.180530E-03
   95    58   153     0       5.576840E-04       3.569170E-04
   96    58   154     0       8.002050E-05       5.121310E-05
   97    58   155     0       8.462440E-06       5.415960E-06
   98    58   156     0       5.445510E-07       3.485130E-07
   99    58   157     0       2.189920E-08       1.401550E-08
  100    58   158     0       4.979840E-10       3.187100E-10
  101    58   159     0       2.491580E-11       1.594610E-11
  102    58   160     0       6.060040E-14       3.878420E-14
  103    58   161     0       8.126580E-16       5.201010E-16
   80    59   139     0       0.000000E+00       0.000000E+00
   81    59   140     0       0.000000E+00       0.000000E+00
   82    59   141     0       0.000000E+00       0.000000E+00
   83    59   142     1       3.730020E-13       2.387220E-13
   83    59   142     0       3.730020E-13       2.387220E-13
   84    59   143     0       6.360040E-11       4.070430E-11
   85    59   144     0       3.000020E-10       1.920010E-10
   85    59   144     1       3.030020E-09       1.939210E-09
   86    59   145     0       1.140010E-07       7.296050E-08
   87    59   146     0       2.150010E-06       1.376010E-06
   88    59   147     0       2.483020E-05       1.589130E-05
   89    59   148     1       8.751060E-05       5.600680E-05
   89    59   148     0       8.751060E-05       5.600680E-05
   90    59   149     0       7.703350E-04       4.930140E-04
   91    59   150     0       1.908230E-03       1.221270E-03
   92    59   151     0       2.807580E-03       1.796850E-03
   93    59   152     0       2.857810E-03       1.829000E-03
   94    59   153     0       2.441470E-03       1.562540E-03
   95    59   154     0       8.817560E-04       5.643240E-04
   96    59   155     0       2.964920E-04       1.897550E-04
   97    59   156     0       5.247030E-05       3.358100E-05
   98    59   157     0       7.040050E-06       4.505630E-06
   99    59   158     0       4.660030E-07       2.982420E-07
  100    59   159     0       2.177520E-08       1.393610E-08
  101    59   160     0       5.760040E-10       3.686420E-10
  102    59   161     0       1.564290E-11       1.001150E-11
  103    59   162     0       1.669750E-14       1.068640E-14
  104    59   163     0       6.372990E-16       4.078710E-16
  105    59   164     0       1.462450E-17       9.359650E-18
   80    60   140     0       0.000000E+00       0.000000E+00
   81    60   141     0       0.000000E+00       0.000000E+00
   82    60   142     0       0.000000E+00       0.000000E+00
   83    60   143     0       0.000000E+00       0.000000E+00
   84    60   144     0       5.100030E-14       3.264020E-14
   85    60   145     0       5.340030E-12       3.417620E-12
   86    60   146     0       3.900030E-10       2.496020E-10
   87    60   147     0       1.430010E-08       9.152060E-09
   88    60   148     0       3.590020E-07       2.297610E-07
   89    60   149     0       4.970030E-06       3.180820E-06
   90    60   150     0       4.261030E-05       2.727060E-05
   91    60   151     0       1.784010E-04       1.141770E-04
   92    60   152     0       5.373830E-04       3.439250E-04
   93    60   153     0       1.113640E-03       7.127280E-04
   94    60   154     0       1.125240E-03       7.201520E-04
   95    60   155     0       9.217660E-04       5.899300E-04
   96    60   156     0       4.687430E-04       2.999960E-04
   97    60   157     0       1.608910E-04       1.029700E-04
   98    60   158     0       3.346020E-05       2.141450E-05
   99    60   159     0       4.370030E-06       2.796820E-06
  100    60   160     0       3.770020E-07       2.412820E-07
  101    60   161     0       1.738450E-08       1.112610E-08
  102    60   162     0       4.429860E-10       2.835110E-10
  103    60   163     0       1.559950E-11       9.983660E-12
  104    60   164     0       3.879880E-13       2.483120E-13
  105    60   165     0       1.838960E-15       1.176940E-15
  106    60   166     0       8.173850E-17       5.231260E-17
  107    60   167     0       6.164990E-18       3.945590E-18
   80    61   141     0       0.000000E+00       0.000000E+00
   82    61   143     0       0.000000E+00       0.000000E+00
   83    61   144     0       0.000000E+00       0.000000E+00
   84    61   145     0       0.000000E+00       0.000000E+00
   85    61   146     0       0.000000E+00       0.000000E+00
   86    61   147     0       2.850020E-13       1.824010E-13
   87    61   148     0       6.130040E-12       3.923230E-12
   87    61   148     1       1.660010E-11       1.062410E-11
   88    61   149     0       1.180010E-09       7.552050E-10
   89    61   150     0       3.290020E-08       2.105610E-08
   90    61   151     0       4.850030E-07       3.104020E-07
   91    61   152     2       1.420010E-06       9.088060E-07
   91    61   152     0       1.420010E-06       9.088060E-07
   91    61   152     1       1.420010E-06       9.088060E-07
   92    61   153     0       2.856020E-05       1.827850E-05
   93    61   154     0       3.754020E-05       2.402580E-05
   93    61   154     1       3.754020E-05       2.402580E-05
   94    61   155     0       1.853010E-04       1.185930E-04
   95    61   156     0       2.264810E-04       1.449480E-04
   96    61   157     0       2.160010E-04       1.382410E-04
   97    61   158     0       1.076010E-04       6.886440E-05
   98    61   159     0       4.098030E-05       2.622740E-05
   99    61   160     0       8.950060E-06       5.728040E-06
  100    61   161     0       1.280010E-06       8.192050E-07
  101    61   162     0       9.180060E-08       5.875240E-08
  102    61   163     0       1.060010E-08       6.784040E-09
  103    61   164     0       7.570050E-10       4.844830E-10
  104    61   165     0       3.539840E-11       2.265500E-11
  105    61   166     0       1.451660E-12       9.290620E-13
  106    61   167     0       1.186700E-13       7.594910E-14
  107    61   168     0       2.397200E-16       1.534210E-16
  108    61   169     0       1.101960E-17       7.052520E-18
   81    62   143     0       0.000000E+00       0.000000E+00
   81    62   143     1       0.000000E+00       0.000000E+00
   82    62   144     0       0.000000E+00       0.000000E+00
   83    62   145     0       0.000000E+00       0.000000E+00
   84    62   146     0       0.000000E+00       0.000000E+00
   85    62   147     0       0.000000E+00       0.000000E+00
   86    62   148     0       0.000000E+00       0.000000E+00
   87    62   149     0       1.570010E-14       1.004810E-14
   88    62   150     0       1.710010E-12       1.094410E-12
   89    62   151     0       7.760050E-11       4.966430E-11
   90    62   152     0       2.500020E-09       1.600010E-09
   91    62   153     0       4.940030E-08       3.161620E-08
   92    62   154     0       4.390030E-07       2.809620E-07
   93    62   155     0       3.120020E-06       1.996810E-06
   94    62   156     0       1.207010E-05       7.724850E-06
   95    62   157     0       2.960020E-05       1.894410E-05
   96    62   158     0       4.257030E-05       2.724500E-05
   97    62   159     0       3.862020E-05       2.471700E-05
   98    62   160     0       2.288010E-05       1.464330E-05
   99    62   161     0       7.740050E-06       4.953630E-06
  100    62   162     0       1.640010E-06       1.049610E-06
  101    62   163     0       4.870030E-07       3.116820E-07
  102    62   164     0       1.090010E-07       6.976040E-08
  103    62   165     0       1.450010E-08       9.280060E-09
  104    62   166     0       1.748560E-09       1.119080E-09
  105    62   167     0       1.318820E-10       8.440460E-11
  106    62   168     0       6.359800E-12       4.070270E-12
  107    62   169     0       2.697310E-13       1.726280E-13
  108    62   170     0       0.000000E+00       0.000000E+00
  109    62   171     0       1.597290E-17       1.022270E-17
  110    62   172     0       3.797340E-18       2.430300E-18
   84    63   147     0       0.000000E+00       0.000000E+00
   86    63   149     0       0.000000E+00       0.000000E+00
   88    63   151     0       0.000000E+00       0.000000E+00
   89    63   152     2       1.460010E-14       9.344060E-15
   89    63   152     0       1.460010E-14       9.344060E-15
   89    63   152     1       1.460010E-14       9.344060E-15
   90    63   153     0       3.030020E-12       1.939210E-12
   91    63   154     1       4.125030E-11       2.640020E-11
   91    63   154     0       4.125030E-11       2.640020E-11
   92    63   155     0       2.110010E-09       1.350410E-09
   93    63   156     0       2.380020E-08       1.523210E-08
   94    63   157     0       1.960010E-07       1.254410E-07
   95    63   158     0       7.760050E-07       4.966430E-07
   96    63   159     0       2.190010E-06       1.401610E-06
   97    63   160     0       3.200020E-06       2.048010E-06
   98    63   161     0       3.010020E-06       1.926410E-06
   99    63   162     0       1.510010E-06       9.664060E-07
  100    63   163     0       1.220010E-06       7.808050E-07
  101    63   164     0       6.510040E-07       4.166430E-07
  102    63   165     0       2.600020E-07       1.664010E-07
  103    63   166     0       8.160050E-08       5.222430E-08
  104    63   167     0       2.010010E-08       1.286410E-08
  105    63   168     0       2.700020E-09       1.728010E-09
  106    63   169     0       2.357320E-10       1.508680E-10
  107    63   170     0       1.160010E-11       7.424050E-12
  108    63   171     0       3.074640E-13       1.967770E-13
  109    63   172     0       6.744000E-14       4.316160E-14
   83    64   147     0       0.000000E+00       0.000000E+00
   85    64   149     0       0.000000E+00       0.000000E+00
   87    64   151     0       0.000000E+00       0.000000E+00
   88    64   152     0       0.000000E+00       0.000000E+00
   89    64   153     0       0.000000E+00       0.000000E+00
   90    64   154     0       0.000000E+00       0.000000E+00
   91    64   155     0       8.040050E-14       5.145630E-14
   92    64   156     0       3.570020E-12       2.284810E-12
   93    64   157     0       8.040050E-11       5.145630E-11
   94    64   158     0       1.110010E-09       7.104050E-10
   95    64   159     0       9.060060E-09       5.798440E-09
   96    64   160     0       4.250030E-08       2.720020E-08
   97    64   161     0       1.060010E-07       6.784040E-08
   98    64   162     0       1.630010E-07       1.043210E-07
   99    64   163     0       3.200020E-07       2.048010E-07
  100    64   164     0       4.700030E-07       3.008020E-07
  101    64   165     0       4.440030E-07       2.841620E-07
  102    64   166     0       3.820020E-07       2.444820E-07
  103    64   167     0       2.340020E-07       1.497610E-07
  104    64   168     0       9.320060E-08       5.964840E-08
  105    64   169     0       2.150010E-08       1.376010E-08
  106    64   170     0       3.480020E-09       2.227210E-09
  107    64   171     0       3.416950E-10       2.186850E-10
  108    64   172     0       8.123310E-11       5.198920E-11
   86    65   151     0       0.000000E+00       0.000000E+00
   88    65   153     0       0.000000E+00       0.000000E+00
   90    65   155     0       0.000000E+00       0.000000E+00
   91    65   156     0       0.000000E+00       0.000000E+00
   91    65   156     1       0.000000E+00       0.000000E+00
   92    65   157     0       0.000000E+00       0.000000E+00
   93    65   158     0       4.380030E-14       2.803220E-14
   93    65   158     1       0.000000E+00       0.000000E+00
   94    65   159     0       1.450010E-12       9.280060E-13
   95    65   160     0       1.890010E-11       1.209610E-11
   96    65   161     0       1.580010E-10       1.011210E-10
   97    65   162     0       3.490020E-10       2.233610E-10
   97    65   162     1       3.490020E-10       2.233610E-10
   98    65   163     0       4.370030E-09       2.796820E-09
   99    65   164     0       1.680010E-08       1.075210E-08
  100    65   165     0       4.780030E-08       3.059220E-08
  101    65   166     0       9.870060E-08       6.316840E-08
  102    65   167     0       1.690010E-07       1.081610E-07
  103    65   168     0       1.560010E-07       9.984060E-08
  104    65   169     0       9.930060E-08       6.355240E-08
  105    65   170     0       4.050030E-08       2.592020E-08
  106    65   171     0       1.200010E-08       7.680050E-09
  107    65   172     0       7.600050E-09       4.864030E-09
   89    66   155     0       0.000000E+00       0.000000E+00
   90    66   156     0       0.000000E+00       0.000000E+00
   91    66   157     0       0.000000E+00       0.000000E+00
   92    66   158     0       0.000000E+00       0.000000E+00
   93    66   159     0       0.000000E+00       0.000000E+00
   94    66   160     0       0.000000E+00       0.000000E+00
   95    66   161     0       1.370010E-14       8.768060E-15
   96    66   162     0       2.150010E-13       1.376010E-13
   97    66   163     0       3.870020E-12       2.476820E-12
   98    66   164     0       4.940030E-11       3.161620E-11
   99    66   165     0       3.540020E-10       2.265610E-10
   99    66   165     1       4.820030E-11       3.084820E-11
  100    66   166     0       2.610020E-09       1.670410E-09
  101    66   167     0       1.190010E-08       7.616050E-09
  102    66   168     0       3.160020E-08       2.022410E-08
  103    66   169     0       4.780030E-08       3.059220E-08
  104    66   170     0       5.430030E-08       3.475220E-08
  105    66   171     0       3.720020E-08       2.380820E-08
  106    66   172     0       6.610040E-08       4.230430E-08
   92    67   159     0       0.000000E+00       0.000000E+00
   92    67   159     1       0.000000E+00       0.000000E+00
   94    67   161     0       0.000000E+00       0.000000E+00
   94    67   161     1       0.000000E+00       0.000000E+00
   95    67   162     0       0.000000E+00       0.000000E+00
   95    67   162     1       0.000000E+00       0.000000E+00
   96    67   163     0       0.000000E+00       0.000000E+00
   96    67   163     1       0.000000E+00       0.000000E+00
   97    67   164     0       0.000000E+00       0.000000E+00
   97    67   164     1       0.000000E+00       0.000000E+00
   98    67   165     0       1.300010E-13       8.320050E-14
   99    67   166     0       6.540040E-13       4.185630E-13
   99    67   166     1       1.770010E-12       1.132810E-12
  100    67   167     0       3.750020E-11       2.400020E-11
  101    67   168     0       2.740020E-10       1.753610E-10
  102    67   169     0       1.290010E-09       8.256050E-10
  103    67   170     0       1.910010E-09       1.222410E-09
  103    67   170     1       1.910010E-09       1.222410E-09
  104    67   171     0       7.480050E-09       4.787230E-09
  105    67   172     0       3.120020E-08       1.996810E-08
   93    68   161     0       0.000000E+00       0.000000E+00
   94    68   162     0       0.000000E+00       0.000000E+00
   95    68   163     0       0.000000E+00       0.000000E+00
   96    68   164     0       0.000000E+00       0.000000E+00
   97    68   165     0       0.000000E+00       0.000000E+00
   98    68   166     0       0.000000E+00       0.000000E+00
   99    68   167     0       0.000000E+00       0.000000E+00
   99    68   167     1       0.000000E+00       0.000000E+00
  100    68   168     0       1.760010E-13       1.126410E-13
  101    68   169     0       2.370020E-12       1.516810E-12
  102    68   170     0       2.370020E-11       1.516810E-11
  103    68   171     0       1.260010E-10       8.064050E-11
  104    68   172     0       1.620010E-09       1.036810E-09
   96    69   165     0       0.000000E+00       0.000000E+00
   97    69   166     0       0.000000E+00       0.000000E+00
   98    69   167     0       0.000000E+00       0.000000E+00
   99    69   168     0       0.000000E+00       0.000000E+00
  100    69   169     0       0.000000E+00       0.000000E+00
  101    69   170     0       0.000000E+00       0.000000E+00
  102    69   171     0       8.520050E-14       5.452830E-14
  103    69   172     0       3.090020E-12       1.977610E-12
   96    70   166     0       0.000000E+00       0.000000E+00
   97    70   167     0       0.000000E+00       0.000000E+00
   98    70   168     0       0.000000E+00       0.000000E+00
   99    70   169     0       0.000000E+00       0.000000E+00
   99    70   169     1       0.000000E+00       0.000000E+00
  100    70   170     0       0.000000E+00       0.000000E+00
  101    70   171     0       0.000000E+00       0.000000E+00
  102    70   172     0       0.000000E+00       0.000000E+00
   98    71   169     0       0.000000E+00       0.000000E+00
   98    71   169     1       0.000000E+00       0.000000E+00
  100    71   171     0       0.000000E+00       0.000000E+00
  100    71   171     1       0.000000E+00       0.000000E+00
  101    71   172     0       0.000000E+00       0.000000E+00
  101    71   172     1       0.000000E+00       0.000000E+00
   99    72   171     0       0.000000E+00       0.000000E+00
  100    72   172     0       0.000000E+00       0.000000E+00
