   66   4.4593E-09
   67   1.3867E-08
   68   1.9814E-08
   69   5.9398E-08
   70   1.1891E-07
   71   2.7748E-07
   72   4.9570E-07
   73   2.9841E-06
   74   9.9100E-06
   75   3.1707E-05
   76   7.3347E-05
   77   1.7887E-04
   78   4.6515E-04
   79   7.5213E-04
   80   1.2734E-03
   81   2.0908E-03
   82   3.0769E-03
   83   4.7492E-03
   84   8.0466E-03
   85   1.0813E-02
   86   1.5063E-02
   87   1.7150E-02
   88   2.6180E-02
   89   3.4412E-02
   90   4.0608E-02
   91   4.4145E-02
   92   4.7628E-02
   93   5.0853E-02
   94   5.6289E-02
   95   5.6749E-02
   96   5.8288E-02
   97   5.9108E-02
   98   5.8730E-02
   99   6.2599E-02
  100   5.9553E-02
  101   5.8041E-02
  102   5.6845E-02
  103   4.9473E-02
  104   4.6189E-02
  105   2.7092E-02
  106   2.0629E-02
  107   1.1229E-02
  108   4.9530E-03
  109   1.7857E-03
  110   1.2954E-03
  111   6.9377E-04
  112   5.9466E-04
  113   4.3713E-04
  114   3.6671E-04
  115   4.1581E-04
  116   3.4687E-04
  117   3.4780E-04
  118   3.5775E-04
  119   3.4743E-04
  120   3.4745E-04
  121   3.6608E-04
  122   4.4535E-04
  123   5.6421E-04
  124   7.1313E-04
  125   1.1912E-03
  126   1.7764E-03
  127   2.4836E-03
  128   5.7318E-03
  129   1.0132E-02
  130   2.0281E-02
  131   3.2143E-02
  132   4.7565E-02
  133   5.4542E-02
  134   6.7222E-02
  135   6.6629E-02
  136   6.3718E-02
  137   6.6976E-02
  138   6.3282E-02
  139   6.1790E-02
  140   6.6582E-02
  141   5.5894E-02
  142   5.4222E-02
  143   4.8311E-02
  144   4.8464E-02
  145   3.6631E-02
  146   3.1302E-02
  147   2.6164E-02
  148   1.8534E-02
  149   1.4458E-02
  150   1.0427E-02
  151   7.7194E-03
  152   5.2452E-03
  153   3.4638E-03
  154   1.8804E-03
  155   1.1876E-03
  156   5.7401E-04
  157   4.2555E-04
  158   1.4845E-04
  159   6.8280E-05
  160   2.7304E-05
  161   1.0424E-05
  162   2.9614E-06
  163   5.1527E-07
  164   2.7681E-07
  165   9.9237E-08
  166   5.9355E-08
  167   2.3714E-08
  168   1.0894E-08
  169   4.1560E-09
  170   8.4144E-10
  171   2.2812E-10
  172   6.9261E-11
