   66   4.4601E-09
   67   1.3900E-08
   68   1.9800E-08
   69   5.9501E-08
   70   1.1900E-07
   71   2.7800E-07
   72   4.9601E-07
   73   2.9800E-06
   74   9.9101E-06
   75   3.1720E-05
   76   7.3341E-05
   77   1.7887E-04
   78   4.6590E-04
   79   7.5343E-04
   80   1.2894E-03
   81   2.0818E-03
   82   3.0729E-03
   83   4.7687E-03
   84   9.2649E-03
   85   9.6496E-03
   86   1.5529E-02
   87   1.7917E-02
   88   2.7442E-02
   89   3.3893E-02
   90   3.9155E-02
   91   4.3861E-02
   92   4.8107E-02
   93   5.2996E-02
   94   5.4641E-02
   95   5.6108E-02
   96   5.8042E-02
   97   5.8800E-02
   98   5.9385E-02
   99   6.1980E-02
  100   5.9413E-02
  101   5.8041E-02
  102   5.6851E-02
  103   4.9490E-02
  104   4.6393E-02
  105   2.6886E-02
  106   2.0608E-02
  107   1.1229E-02
  108   4.9560E-03
  109   1.7898E-03
  110   1.2884E-03
  111   6.9378E-04
  112   5.9467E-04
  113   4.3713E-04
  114   3.6671E-04
  115   4.1579E-04
  116   3.4688E-04
  117   3.4780E-04
  118   3.5773E-04
  119   3.4744E-04
  120   3.4744E-04
  121   3.6618E-04
  122   4.4536E-04
  123   5.6411E-04
  124   7.1256E-04
  125   1.1912E-03
  126   1.7788E-03
  127   2.4812E-03
  128   5.7404E-03
  129   1.0126E-02
  130   2.0297E-02
  131   3.2135E-02
  132   4.7553E-02
  133   5.4712E-02
  134   6.8191E-02
  135   6.6250E-02
  136   6.7180E-02
  137   6.4670E-02
  138   6.2877E-02
  139   6.0685E-02
  140   6.6405E-02
  141   5.5752E-02
  142   5.4569E-02
  143   4.8169E-02
  144   4.8526E-02
  145   3.6321E-02
  146   3.1238E-02
  147   2.6164E-02
  148   1.8570E-02
  149   1.4426E-02
  150   1.0423E-02
  151   7.7194E-03
  152   5.2452E-03
  153   3.4638E-03
  154   1.8804E-03
  155   1.1876E-03
  156   5.7401E-04
  157   4.2556E-04
  158   1.4845E-04
  159   6.8291E-05
  160   2.7300E-05
  161   1.0420E-05
  162   2.9700E-06
  163   5.1501E-07
  164   2.7700E-07
  165   9.9301E-08
  166   5.9401E-08
  167   2.3800E-08
  168   1.0900E-08
  169   4.1600E-09
  170   8.4101E-10
  171   2.2800E-10
  172   6.9301E-11
