# header:
#   title: "U233+n induced fission product yield"
#   source: "ENDF"
#   creator: "Shin Okumura"
#   date: 2023-07-14
#   format: "YANDF-0.1"
# endf:
#   library: "jeff3.3"
#   author: "R.MILLS"
#   year: 2016
# target:
#   Z: 92
#   A: 233
#   nuclide: "U233"
# reaction:
#   type: "(n,f)"
#   Incident energy [MeV]: 4.0000000e+05
# datablock:
#   quantity: "independent fission product yield"
#   columns: 4
#   entries: 1051
##   A      Z  ISO           Yield         dYield
##                           %/fission     %/fission
      1      1 0.0000000e+00 3.3377000e-05 1.1412000e-05
      1      2 0.0000000e+00 1.0200000e-05 3.4121000e-06
      1      3 0.0000000e+00 1.1400000e-04 3.4566000e-05
      2      3 0.0000000e+00 0.0000000e+00 0.0000000e+00
      2      4 0.0000000e+00 2.1100000e-03 3.3264000e-04
     19     50 0.0000000e+00 1.1258000e-11 1.2020000e-11
     19     51 0.0000000e+00 2.5356000e-12 2.7194000e-12
     20     49 0.0000000e+00 0.0000000e+00 0.0000000e+00
     20     50 0.0000000e+00 4.5314000e-10 4.6385000e-10
     20     51 0.0000000e+00 1.8721000e-10 1.9844000e-10
     20     52 0.0000000e+00 9.9448000e-11 1.0580000e-10
     20     53 0.0000000e+00 1.5812000e-11 1.6893000e-11
     20     54 0.0000000e+00 2.5139000e-12 2.7017000e-12
     21     49 0.0000000e+00 0.0000000e+00 0.0000000e+00
     21     50 0.0000000e+00 2.6011000e-10 2.6883000e-10
     21     50 1.0000000e+00 9.5427000e-11 9.8626000e-11
     21     51 0.0000000e+00 8.8070000e-10 8.9102000e-10
     21     52 0.0000000e+00 7.6638000e-10 7.9100000e-10
     21     53 0.0000000e+00 8.3480000e-10 8.6953000e-10
     21     54 0.0000000e+00 2.5088000e-10 2.6823000e-10
     21     55 0.0000000e+00 1.1102000e-10 1.1854000e-10
     21     56 0.0000000e+00 1.4395000e-11 1.5353000e-11
     21     57 0.0000000e+00 1.8528000e-12 1.9822000e-12
     22     49 0.0000000e+00 0.0000000e+00 0.0000000e+00
     22     50 0.0000000e+00 4.3070000e-11 4.5851000e-11
     22     51 0.0000000e+00 1.7549000e-10 1.8616000e-10
     22     52 0.0000000e+00 9.1771000e-10 9.4046000e-10
     22     53 0.0000000e+00 1.5244000e-09 1.5527000e-09
     22     54 0.0000000e+00 2.8112000e-09 2.8407000e-09
     22     55 0.0000000e+00 2.1109000e-09 2.1876000e-09
     22     56 0.0000000e+00 1.9396000e-09 2.0283000e-09
     22     57 0.0000000e+00 4.8435000e-10 5.1644000e-10
     22     58 0.0000000e+00 1.4236000e-10 1.5274000e-10
     22     59 0.0000000e+00 1.4989000e-11 1.6015000e-11
     22     60 0.0000000e+00 1.5326000e-12 1.6375000e-12
     23     51 0.0000000e+00 2.2053000e-12 2.3652000e-12
     23     52 0.0000000e+00 2.1236000e-11 2.2669000e-11
     23     53 0.0000000e+00 2.3420000e-10 2.4855000e-10
     23     54 0.0000000e+00 6.8799000e-10 7.2885000e-10
     23     55 0.0000000e+00 3.0609000e-09 3.1255000e-09
     23     56 0.0000000e+00 4.3380000e-09 4.4217000e-09
     23     57 0.0000000e+00 6.8548000e-09 6.9789000e-09
     23     58 0.0000000e+00 3.5432000e-09 3.7397000e-09
     23     59 0.0000000e+00 2.7256000e-09 2.8861000e-09
     23     60 0.0000000e+00 5.5313000e-10 5.9025000e-10
     23     61 0.0000000e+00 1.3430000e-10 1.4385000e-10
     23     62 0.0000000e+00 1.0190000e-11 1.0865000e-11
     24     52 0.0000000e+00 0.0000000e+00 0.0000000e+00
     24     53 0.0000000e+00 1.0210000e-12 1.0913000e-12
     24     54 0.0000000e+00 2.2141000e-11 2.3785000e-11
     24     55 0.0000000e+00 1.7547000e-10 1.8716000e-10
     24     56 0.0000000e+00 1.5933000e-09 1.6722000e-09
     24     57 0.0000000e+00 3.9106000e-09 4.0695000e-09
     24     58 0.0000000e+00 1.1950000e-08 1.2083000e-08
     24     59 0.0000000e+00 1.4495000e-08 1.4729000e-08
     24     60 0.0000000e+00 1.9273000e-08 1.9668000e-08
     24     61 0.0000000e+00 8.5152000e-09 8.9999000e-09
     24     62 0.0000000e+00 4.8489000e-09 5.1427000e-09
     24     63 0.0000000e+00 8.0825000e-10 8.6123000e-10
     24     64 0.0000000e+00 1.3671000e-10 1.4648000e-10
     24     65 0.0000000e+00 8.4590000e-12 9.0001000e-12
     25     55 0.0000000e+00 0.0000000e+00 0.0000000e+00
     25     56 0.0000000e+00 9.4168000e-12 1.0044000e-11
     25     57 0.0000000e+00 1.6571000e-10 1.7708000e-10
     25     58 0.0000000e+00 7.9266000e-10 8.4748000e-10
     25     58 1.0000000e+00 7.7917000e-11 8.3306000e-11
     25     59 0.0000000e+00 6.5486000e-09 6.8446000e-09
     25     60 0.0000000e+00 1.1918000e-09 1.2341000e-09
     25     60 1.0000000e+00 1.2124000e-08 1.2555000e-08
     25     61 0.0000000e+00 3.5129000e-08 3.5504000e-08
     25     62 0.0000000e+00 2.8099000e-08 2.8879000e-08
     25     62 1.0000000e+00 4.4005000e-09 4.5226000e-09
     25     63 0.0000000e+00 3.6792000e-08 3.8126000e-08
     25     64 0.0000000e+00 1.1682000e-08 1.2442000e-08
     25     65 0.0000000e+00 5.5471000e-09 5.8901000e-09
     25     66 0.0000000e+00 7.6175000e-10 8.0695000e-10
     25     67 0.0000000e+00 1.0464000e-10 1.1093000e-10
     25     68 0.0000000e+00 4.2485000e-12 4.4974000e-12
     26     56 0.0000000e+00 0.0000000e+00 0.0000000e+00
     26     57 0.0000000e+00 0.0000000e+00 0.0000000e+00
     26     58 0.0000000e+00 6.9120000e-12 7.4204000e-12
     26     59 0.0000000e+00 9.9284000e-11 1.0605000e-10
     26     60 0.0000000e+00 1.4008000e-09 1.4919000e-09
     26     61 0.0000000e+00 6.1304000e-09 6.5042000e-09
     26     62 0.0000000e+00 3.4260000e-08 3.5138000e-08
     26     63 0.0000000e+00 5.9089000e-08 6.0133000e-08
     26     64 0.0000000e+00 1.1438000e-07 1.1513000e-07
     26     65 0.0000000e+00 9.1342000e-08 9.3945000e-08
     26     66 0.0000000e+00 8.8178000e-08 9.1355000e-08
     26     67 0.0000000e+00 2.3364000e-08 2.4669000e-08
     26     68 0.0000000e+00 7.4173000e-09 7.8451000e-09
     26     69 0.0000000e+00 4.3391000e-10 4.5607000e-10
     26     70 0.0000000e+00 1.2935000e-10 1.3174000e-10
     26     71 0.0000000e+00 1.0341000e-12 1.0939000e-12
     27     59 0.0000000e+00 0.0000000e+00 0.0000000e+00
     27     60 0.0000000e+00 1.4513000e-12 1.5507000e-12
     27     61 0.0000000e+00 6.6082000e-11 7.0786000e-11
     27     62 0.0000000e+00 1.8392000e-10 1.9595000e-10
     27     62 1.0000000e+00 5.0131000e-10 5.3413000e-10
     27     63 0.0000000e+00 7.9162000e-09 8.3898000e-09
     27     64 0.0000000e+00 2.4591000e-08 2.6015000e-08
     27     65 0.0000000e+00 1.1664000e-07 1.1879000e-07
     27     66 0.0000000e+00 1.7301000e-07 1.7524000e-07
     27     67 0.0000000e+00 2.8775000e-07 2.8970000e-07
     27     68 0.0000000e+00 9.1181000e-08 9.4714000e-08
     27     68 1.0000000e+00 6.8059000e-08 7.0696000e-08
     27     69 0.0000000e+00 6.7581000e-08 7.0616000e-08
     27     70 0.0000000e+00 1.9884000e-08 2.0229000e-08
     27     70 1.0000000e+00 1.9884000e-08 2.0229000e-08
     27     71 0.0000000e+00 2.5123000e-09 2.6570000e-09
     27     72 0.0000000e+00 3.5286000e-10 3.6000000e-10
     27     73 0.0000000e+00 5.2766000e-11 3.0302000e-11
     27     74 0.0000000e+00 5.6489000e-12 4.1803000e-12
     28     60 0.0000000e+00 0.0000000e+00 0.0000000e+00
     28     61 0.0000000e+00 0.0000000e+00 0.0000000e+00
     28     62 0.0000000e+00 1.2736000e-12 1.3580000e-12
     28     63 0.0000000e+00 2.9510000e-11 3.1463000e-11
     28     64 0.0000000e+00 6.8112000e-10 7.2960000e-10
     28     65 0.0000000e+00 5.8035000e-09 6.1618000e-09
     28     66 0.0000000e+00 5.5628000e-08 5.8119000e-08
     28     67 0.0000000e+00 1.4449000e-07 1.4935000e-07
     28     68 0.0000000e+00 4.7243000e-07 4.7174000e-07
     28     69 0.0000000e+00 1.5709000e-07 1.6055000e-07
     28     69 1.0000000e+00 1.5709000e-07 1.6055000e-07
     28     70 0.0000000e+00 1.9765000e-06 1.8994000e-06
     28     71 0.0000000e+00 1.3691000e-07 1.4312000e-07
     28     72 0.0000000e+00 1.4342000e-07 1.4573000e-07
     28     73 0.0000000e+00 4.3208000e-08 2.4750000e-08
     28     74 0.0000000e+00 3.6725000e-08 2.7174000e-08
     28     75 0.0000000e+00 4.4530000e-09 2.3201000e-09
     28     76 0.0000000e+00 3.6778000e-10 1.6045000e-10
     28     77 0.0000000e+00 1.1295000e-11 4.0542000e-12
     29     63 0.0000000e+00 0.0000000e+00 0.0000000e+00
     29     65 0.0000000e+00 1.4943000e-11 1.5899000e-11
     29     66 0.0000000e+00 2.8192000e-10 2.9868000e-10
     29     67 0.0000000e+00 5.2895000e-09 5.6022000e-09
     29     68 0.0000000e+00 8.0517000e-09 8.4938000e-09
     29     68 1.0000000e+00 2.1947000e-08 2.3152000e-08
     29     69 0.0000000e+00 5.2136000e-07 5.2263000e-07
     29     70 0.0000000e+00 4.9458000e-08 4.9344000e-08
     29     70 1.0000000e+00 6.3162000e-07 6.3017000e-07
     29     70 2.0000000e+00 4.9458000e-08 4.9344000e-08
     29     71 0.0000000e+00 6.8896000e-07 6.8437000e-07
     29     72 0.0000000e+00 8.3691000e-07 8.3362000e-07
     29     73 0.0000000e+00 8.9579000e-07 4.8678000e-07
     29     74 0.0000000e+00 2.6888000e-06 1.9731000e-06
     29     75 0.0000000e+00 6.4194000e-06 3.2997000e-06
     29     76 0.0000000e+00 2.0966000e-07 9.1395000e-08
     29     76 1.0000000e+00 2.0966000e-07 9.1395000e-08
     29     77 0.0000000e+00 1.3366000e-07 4.7969000e-08
     29     78 0.0000000e+00 7.1238000e-09 2.7262000e-09
     29     79 0.0000000e+00 5.1912000e-10 1.8994000e-10
     30     66 0.0000000e+00 0.0000000e+00 0.0000000e+00
     30     67 0.0000000e+00 4.5979000e-12 4.8742000e-12
     30     68 0.0000000e+00 2.0360000e-10 2.1553000e-10
     30     69 0.0000000e+00 2.7250000e-10 2.8638000e-10
     30     69 1.0000000e+00 1.3534000e-09 1.4223000e-09
     30     70 0.0000000e+00 6.6670000e-08 6.7778000e-08
     30     71 0.0000000e+00 1.2685000e-08 1.3332000e-08
     30     71 1.0000000e+00 6.3003000e-08 6.6213000e-08
     30     72 0.0000000e+00 1.8088000e-06 1.7498000e-06
     30     73 0.0000000e+00 2.3566000e-07 1.1214000e-07
     30     73 1.0000000e+00 3.2594000e-07 1.5511000e-07
     30     73 2.0000000e+00 2.1258000e-06 1.0116000e-06
     30     74 0.0000000e+00 2.4899000e-05 1.6973000e-05
     30     75 0.0000000e+00 4.6251000e-05 2.1730000e-05
     30     76 0.0000000e+00 7.5052000e-05 2.8153000e-05
     30     77 0.0000000e+00 4.0140000e-05 1.3579000e-05
     30     77 1.0000000e+00 5.3444000e-06 1.8080000e-06
     30     78 0.0000000e+00 2.9713000e-05 1.0909000e-05
     30     79 0.0000000e+00 4.3219000e-06 1.5712000e-06
     30     80 0.0000000e+00 8.9749000e-07 3.7662000e-07
     30     81 0.0000000e+00 6.7838000e-09 2.9060000e-09
     30     82 0.0000000e+00 3.8616000e-10 1.6923000e-10
     31     69 0.0000000e+00 0.0000000e+00 0.0000000e+00
     31     70 0.0000000e+00 8.0491000e-11 8.1979000e-11
     31     71 0.0000000e+00 6.9933000e-10 7.3974000e-10
     31     72 0.0000000e+00 1.2209000e-08 1.2451000e-08
     31     72 1.0000000e+00 1.2001000e-09 1.2239000e-09
     31     73 0.0000000e+00 8.9563000e-07 4.8678000e-07
     31     74 0.0000000e+00 1.0824000e-06 7.9580000e-07
     31     74 1.0000000e+00 1.0824000e-06 7.9580000e-07
     31     75 0.0000000e+00 2.5650000e-05 1.2669000e-05
     31     76 0.0000000e+00 5.0612000e-05 2.0083000e-05
     31     77 0.0000000e+00 2.0399000e-04 5.5713000e-05
     31     78 0.0000000e+00 1.5633000e-04 4.9032000e-05
     31     79 0.0000000e+00 2.0840000e-04 5.8960000e-05
     31     80 0.0000000e+00 6.4615000e-05 2.4425000e-05
     31     81 0.0000000e+00 3.1650000e-05 1.2781000e-05
     31     82 0.0000000e+00 2.3629000e-06 1.0304000e-06
     31     83 0.0000000e+00 1.6744000e-07 6.4603000e-08
     31     84 0.0000000e+00 5.1841000e-09 2.0655000e-09
     32     70 0.0000000e+00 0.0000000e+00 0.0000000e+00
     32     72 0.0000000e+00 2.1197000e-11 2.1626000e-11
     32     73 0.0000000e+00 7.4220000e-10 4.2620000e-10
     32     73 1.0000000e+00 1.4944000e-10 8.5813000e-11
     32     74 0.0000000e+00 1.0348000e-07 7.6563000e-08
     32     75 0.0000000e+00 1.5062000e-07 7.8368000e-08
     32     75 1.0000000e+00 1.1313000e-06 5.8859000e-07
     32     76 0.0000000e+00 1.6193000e-05 6.9691000e-06
     32     77 0.0000000e+00 1.4293000e-04 4.8122000e-05
     32     77 1.0000000e+00 1.9030000e-05 6.4072000e-06
     32     78 0.0000000e+00 4.4321000e-04 1.3693000e-04
     32     79 0.0000000e+00 1.1017000e-04 2.6568000e-05
     32     79 1.0000000e+00 8.2742000e-04 1.9954000e-04
     32     80 0.0000000e+00 1.3251000e-03 3.2660000e-04
     32     81 0.0000000e+00 9.0132000e-04 2.8436000e-04
     32     81 1.0000000e+00 1.8148000e-04 5.7254000e-05
     32     82 0.0000000e+00 8.0923000e-04 3.1367000e-04
     32     83 0.0000000e+00 2.3341000e-04 8.9890000e-05
     32     84 0.0000000e+00 5.4702000e-05 2.1851000e-05
     32     85 0.0000000e+00 2.0130000e-06 7.3235000e-07
     32     86 0.0000000e+00 1.1128000e-07 3.9273000e-08
     32     87 0.0000000e+00 2.1667000e-09 8.4711000e-10
     33     74 0.0000000e+00 2.8245000e-11 2.0902000e-11
     33     75 0.0000000e+00 7.9035000e-10 4.1181000e-10
     33     75 1.0000000e+00 2.9931000e-09 1.5595000e-09
     33     76 0.0000000e+00 8.7776000e-08 3.8291000e-08
     33     77 0.0000000e+00 1.2768000e-06 4.5813000e-07
     33     78 0.0000000e+00 1.9671000e-05 7.4889000e-06
     33     79 0.0000000e+00 1.3549000e-04 4.8323000e-05
     33     80 0.0000000e+00 5.5898000e-04 2.0477000e-04
     33     81 0.0000000e+00 1.2539000e-03 3.8998000e-04
     33     82 0.0000000e+00 4.4879000e-04 1.3578000e-04
     33     82 1.0000000e+00 1.5637000e-03 4.7309000e-04
     33     83 0.0000000e+00 2.5795000e-03 7.3636000e-04
     33     84 0.0000000e+00 6.9115000e-04 2.6392000e-04
     33     84 1.0000000e+00 6.9115000e-04 2.6392000e-04
     33     85 0.0000000e+00 8.2676000e-04 3.0097000e-04
     33     86 0.0000000e+00 1.7461000e-04 6.1940000e-05
     33     87 0.0000000e+00 5.8698000e-05 2.3025000e-05
     33     88 0.0000000e+00 1.0430000e-06 4.0883000e-07
     33     89 0.0000000e+00 3.6171000e-08 1.3811000e-08
     34     74 0.0000000e+00 0.0000000e+00 0.0000000e+00
     34     76 0.0000000e+00 3.2451000e-11 1.4157000e-11
     34     77 0.0000000e+00 3.3179000e-10 1.1910000e-10
     34     77 1.0000000e+00 2.4919000e-09 8.9450000e-10
     34     78 0.0000000e+00 1.6403000e-07 6.2771000e-08
     34     79 0.0000000e+00 1.0431000e-05 3.8076000e-06
     34     79 1.0000000e+00 1.3889000e-06 5.0695000e-07
     34     80 0.0000000e+00 8.1726000e-05 3.3687000e-05
     34     81 0.0000000e+00 6.0329000e-05 2.3001000e-05
     34     81 1.0000000e+00 4.5311000e-04 1.7275000e-04
     34     82 0.0000000e+00 2.2370000e-03 6.5842000e-04
     34     83 0.0000000e+00 5.6210000e-03 7.0976000e-04
     34     83 1.0000000e+00 1.1317000e-03 1.4291000e-04
     34     84 0.0000000e+00 1.3068000e-02 1.1355000e-03
     34     85 0.0000000e+00 1.2019000e-02 1.9143000e-03
     34     86 0.0000000e+00 8.7761000e-03 2.1892000e-03
     34     87 0.0000000e+00 4.2735000e-03 1.6418000e-03
     34     88 0.0000000e+00 1.6276000e-03 6.4873000e-04
     34     89 0.0000000e+00 2.9202000e-04 1.1206000e-04
     34     90 0.0000000e+00 5.5728000e-05 1.9943000e-05
     34     91 0.0000000e+00 2.1991000e-07 7.7864000e-08
     34     92 0.0000000e+00 7.3798000e-09 2.6482000e-09
     35     78 0.0000000e+00 1.6117000e-11 6.1677000e-12
     35     79 0.0000000e+00 3.6478000e-10 1.3347000e-10
     35     79 1.0000000e+00 1.3814000e-09 5.0544000e-10
     35     80 0.0000000e+00 1.3538000e-08 5.6907000e-09
     35     80 1.0000000e+00 4.7171000e-08 1.9828000e-08
     35     81 0.0000000e+00 8.3370000e-07 3.5707000e-07
     35     82 0.0000000e+00 2.6442000e-05 1.1518000e-05
     35     82 1.0000000e+00 9.7008000e-06 4.2254000e-06
     35     83 0.0000000e+00 3.4493000e-04 1.2854000e-04
     35     84 0.0000000e+00 8.5305000e-04 3.0589000e-04
     35     84 1.0000000e+00 8.5305000e-04 3.0589000e-04
     35     85 0.0000000e+00 7.3123000e-03 1.7553000e-03
     35     86 0.0000000e+00 1.2354000e-02 2.4163000e-03
     35     87 0.0000000e+00 1.7808000e-02 4.0052000e-03
     35     88 0.0000000e+00 1.1620000e-02 3.6726000e-03
     35     89 0.0000000e+00 8.1473000e-03 2.9235000e-03
     35     90 0.0000000e+00 2.4514000e-03 8.7605000e-04
     35     91 0.0000000e+00 8.0232000e-04 2.8450000e-04
     35     92 0.0000000e+00 6.3077000e-05 2.2642000e-05
     35     93 0.0000000e+00 1.3269000e-05 4.8361000e-06
     35     94 0.0000000e+00 3.5337000e-08 1.3081000e-08
     36     80 0.0000000e+00 0.0000000e+00 0.0000000e+00
     36     81 0.0000000e+00 3.5635000e-10 1.5266000e-10
     36     81 1.0000000e+00 4.7445000e-11 2.0325000e-11
     36     82 0.0000000e+00 1.5679000e-06 6.8694000e-07
     36     83 0.0000000e+00 7.7831000e-06 3.0007000e-06
     36     83 1.0000000e+00 1.5671000e-06 6.0418000e-07
     36     84 0.0000000e+00 1.1571000e-04 4.5728000e-05
     36     85 0.0000000e+00 8.3540000e-04 2.8733000e-04
     36     85 1.0000000e+00 1.6820000e-04 5.7852000e-05
     36     86 0.0000000e+00 6.4183000e-03 1.7017000e-03
     36     87 0.0000000e+00 1.8313000e-02 4.0343000e-03
     36     88 0.0000000e+00 3.6373000e-02 4.2801000e-03
     36     89 0.0000000e+00 4.4916000e-02 5.1607000e-03
     36     90 0.0000000e+00 3.9127000e-02 5.5557000e-03
     36     91 0.0000000e+00 1.9794000e-02 5.0406000e-03
     36     92 0.0000000e+00 8.8329000e-03 2.9229000e-03
     36     93 0.0000000e+00 2.1833000e-03 7.8889000e-04
     36     94 0.0000000e+00 5.2280000e-04 1.9334000e-04
     36     95 0.0000000e+00 4.2629000e-05 1.4942000e-05
     36     96 0.0000000e+00 6.1485000e-06 2.1216000e-06
     36     97 0.0000000e+00 4.4840000e-09 1.5904000e-09
     37     84 0.0000000e+00 3.4662000e-09 1.3811000e-09
     37     84 1.0000000e+00 7.2718000e-09 2.8974000e-09
     37     85 0.0000000e+00 2.0135000e-06 7.3235000e-07
     37     86 0.0000000e+00 8.2766000e-06 2.9175000e-06
     37     86 1.0000000e+00 1.7363000e-05 6.1205000e-06
     37     87 0.0000000e+00 3.6717000e-04 1.4191000e-04
     37     88 0.0000000e+00 1.7133000e-03 6.4553000e-04
     37     89 0.0000000e+00 8.9715000e-03 2.8924000e-03
     37     90 0.0000000e+00 1.7262000e-03 4.2726000e-04
     37     90 1.0000000e+00 1.7561000e-02 4.3466000e-03
     37     91 0.0000000e+00 3.1485000e-02 5.5751000e-03
     37     92 0.0000000e+00 2.6862000e-02 5.6875000e-03
     37     93 0.0000000e+00 2.2288000e-02 5.6142000e-03
     37     94 0.0000000e+00 8.8792000e-03 3.0107000e-03
     37     95 0.0000000e+00 3.6826000e-03 1.2551000e-03
     37     96 0.0000000e+00 2.9185000e-04 1.0036000e-04
     37     96 1.0000000e+00 2.9185000e-04 1.0036000e-04
     37     97 0.0000000e+00 1.2919000e-04 4.5795000e-05
     37     98 0.0000000e+00 5.7940000e-06 2.1512000e-06
     37     98 1.0000000e+00 5.7940000e-06 2.1512000e-06
     37     99 0.0000000e+00 8.9722000e-07 3.2911000e-07
     38     84 0.0000000e+00 0.0000000e+00 0.0000000e+00
     38     86 0.0000000e+00 4.2800000e-09 1.5105000e-09
     38     87 0.0000000e+00 1.8876000e-06 7.3794000e-07
     38     87 1.0000000e+00 3.8005000e-07 1.4858000e-07
     38     88 0.0000000e+00 7.9349000e-05 3.1040000e-05
     38     89 0.0000000e+00 5.3285000e-04 2.0134000e-04
     38     90 0.0000000e+00 4.1353000e-03 1.3718000e-03
     38     91 0.0000000e+00 1.0955000e-02 3.1669000e-03
     38     92 0.0000000e+00 2.8794000e-02 5.6279000e-03
     38     93 0.0000000e+00 4.2157000e-02 6.1229000e-03
     38     94 0.0000000e+00 4.9955000e-02 5.1168000e-03
     38     95 0.0000000e+00 3.4476000e-02 5.3726000e-03
     38     96 0.0000000e+00 2.0117000e-02 4.7549000e-03
     38     97 0.0000000e+00 7.1143000e-03 2.3488000e-03
     38     98 0.0000000e+00 2.2066000e-03 8.0920000e-04
     38     99 0.0000000e+00 3.3432000e-04 1.2248000e-04
     38    100 0.0000000e+00 5.4274000e-05 1.9555000e-05
     38    101 0.0000000e+00 6.2937000e-06 2.2190000e-06
     38    102 0.0000000e+00 3.8657000e-09 1.3714000e-09
     39     89 0.0000000e+00 7.7463000e-09 2.9576000e-09
     39     89 1.0000000e+00 3.8473000e-08 1.4689000e-08
     39     90 0.0000000e+00 2.1758000e-06 7.7774000e-07
     39     90 1.0000000e+00 3.6388000e-06 1.3007000e-06
     39     91 0.0000000e+00 1.8396000e-05 6.4982000e-06
     39     91 1.0000000e+00 9.1364000e-05 3.2274000e-05
     39     92 0.0000000e+00 5.6276000e-04 1.9987000e-04
     39     93 0.0000000e+00 3.9660000e-04 1.3673000e-04
     39     93 1.0000000e+00 2.9787000e-03 1.0270000e-03
     39     94 0.0000000e+00 8.1217000e-03 2.6322000e-03
     39     95 0.0000000e+00 2.2176000e-02 4.9149000e-03
     39     96 0.0000000e+00 8.1216000e-03 1.6082000e-03
     39     96 1.0000000e+00 1.7038000e-02 3.3738000e-03
     39     97 0.0000000e+00 4.3878000e-03 8.0296000e-04
     39     97 1.0000000e+00 1.6219000e-02 2.9680000e-03
     39     97 2.0000000e+00 5.5737000e-03 1.0200000e-03
     39     98 0.0000000e+00 2.4624000e-03 6.9939000e-04
     39     98 1.0000000e+00 1.1938000e-02 3.3906000e-03
     39     99 0.0000000e+00 8.8277000e-03 2.8494000e-03
     39    100 0.0000000e+00 1.3013000e-03 4.5732000e-04
     39    100 1.0000000e+00 1.3013000e-03 4.5732000e-04
     39    101 0.0000000e+00 6.9815000e-04 2.4394000e-04
     39    102 0.0000000e+00 3.5745000e-05 1.2665000e-05
     39    102 1.0000000e+00 3.5745000e-05 1.2665000e-05
     39    103 0.0000000e+00 1.0790000e-05 3.8853000e-06
     39    104 0.0000000e+00 9.5914000e-09 3.6483000e-09
     39    105 0.0000000e+00 2.1182000e-10 8.1891000e-11
     40     90 0.0000000e+00 0.0000000e+00 0.0000000e+00
     40     90 1.0000000e+00 0.0000000e+00 0.0000000e+00
     40     91 0.0000000e+00 3.2895000e-06 1.1646000e-06
     40     92 0.0000000e+00 1.4801000e-05 5.3095000e-06
     40     93 0.0000000e+00 1.1962000e-04 4.3480000e-05
     40     94 0.0000000e+00 8.2935000e-04 3.0175000e-04
     40     95 0.0000000e+00 3.1942000e-03 1.0456000e-03
     40     96 0.0000000e+00 1.1939000e-02 3.1335000e-03
     40     97 0.0000000e+00 2.0915000e-02 4.3839000e-03
     40     98 0.0000000e+00 3.3673000e-02 4.5748000e-03
     40     99 0.0000000e+00 3.2144000e-02 4.0053000e-03
     40    100 0.0000000e+00 2.7654000e-02 3.7437000e-03
     40    101 0.0000000e+00 1.1699000e-02 2.9155000e-03
     40    102 0.0000000e+00 4.3988000e-03 1.3663000e-03
     40    103 0.0000000e+00 7.9920000e-04 2.7868000e-04
     40    104 0.0000000e+00 1.8459000e-04 6.9741000e-05
     40    105 0.0000000e+00 1.3424000e-05 5.1856000e-06
     40    106 0.0000000e+00 2.6814000e-08 9.5976000e-09
     40    107 0.0000000e+00 1.9334000e-10 8.8926000e-11
     41     94 0.0000000e+00 5.9194000e-07 2.1912000e-07
     41     94 1.0000000e+00 3.5395000e-07 1.3102000e-07
     41     95 0.0000000e+00 1.1835000e-05 4.1472000e-06
     41     95 1.0000000e+00 2.3829000e-06 8.3502000e-07
     41     96 0.0000000e+00 9.1431000e-05 3.1487000e-05
     41     97 0.0000000e+00 5.3367000e-04 1.8678000e-04
     41     97 1.0000000e+00 1.0745000e-04 3.7608000e-05
     41     98 0.0000000e+00 4.4814000e-04 1.6024000e-04
     41     98 1.0000000e+00 1.5615000e-03 5.5832000e-04
     41     99 0.0000000e+00 6.0868000e-03 1.8869000e-03
     41     99 1.0000000e+00 1.2256000e-03 3.7992000e-04
     41    100 0.0000000e+00 2.0559000e-03 5.3903000e-04
     41    100 1.0000000e+00 9.9671000e-03 2.6132000e-03
     41    101 0.0000000e+00 1.6981000e-02 3.2180000e-03
     41    102 0.0000000e+00 5.8585000e-03 1.1958000e-03
     41    102 1.0000000e+00 5.8585000e-03 1.1958000e-03
     41    103 0.0000000e+00 6.7540000e-03 1.5335000e-03
     41    104 0.0000000e+00 1.3759000e-03 4.5983000e-04
     41    104 1.0000000e+00 1.3759000e-03 4.5983000e-04
     41    105 0.0000000e+00 8.8398000e-04 3.2187000e-04
     41    106 0.0000000e+00 1.0934000e-04 3.8270000e-05
     41    107 0.0000000e+00 7.6160000e-06 3.4981000e-06
     41    108 0.0000000e+00 5.3053000e-06 2.5552000e-06
     41    109 0.0000000e+00 7.4481000e-10 3.7985000e-10
     41    110 0.0000000e+00 1.4219000e-11 6.8626000e-12
     42     94 0.0000000e+00 0.0000000e+00 0.0000000e+00
     42     95 0.0000000e+00 0.0000000e+00 0.0000000e+00
     42     96 0.0000000e+00 4.4913000e-09 1.5498000e-09
     42     97 0.0000000e+00 1.0145000e-05 3.5975000e-06
     42     98 0.0000000e+00 7.8077000e-05 2.8946000e-05
     42     99 0.0000000e+00 4.6141000e-04 1.6761000e-04
     42    100 0.0000000e+00 2.2521000e-03 7.6806000e-04
     42    101 0.0000000e+00 4.7623000e-03 1.4496000e-03
     42    102 0.0000000e+00 8.8227000e-03 2.0674000e-03
     42    103 0.0000000e+00 7.5359000e-03 1.5517000e-03
     42    104 0.0000000e+00 7.8329000e-03 1.6099000e-03
     42    105 0.0000000e+00 3.6800000e-03 9.5548000e-04
     42    106 0.0000000e+00 1.4481000e-03 3.0174000e-04
     42    107 0.0000000e+00 3.2573000e-04 1.4022000e-04
     42    108 0.0000000e+00 8.4355000e-05 3.9509000e-05
     42    109 0.0000000e+00 2.8298000e-06 1.4417000e-06
     42    110 0.0000000e+00 6.0066000e-06 2.8934000e-06
     42    111 0.0000000e+00 4.3007000e-09 2.2067000e-09
     42    112 0.0000000e+00 1.8200000e-10 8.2393000e-11
     43     99 0.0000000e+00 1.9704000e-08 7.2274000e-09
     43     99 1.0000000e+00 3.9673000e-09 1.4552000e-09
     43    100 0.0000000e+00 6.0352000e-06 2.1743000e-06
     43    101 0.0000000e+00 6.5132000e-05 2.2906000e-05
     43    102 0.0000000e+00 1.0778000e-04 3.7810000e-05
     43    102 1.0000000e+00 1.0778000e-04 3.7810000e-05
     43    103 0.0000000e+00 5.7411000e-04 1.9695000e-04
     43    104 0.0000000e+00 1.1596000e-03 3.9144000e-04
     43    105 0.0000000e+00 1.6856000e-03 5.0039000e-04
     43    106 0.0000000e+00 1.0966000e-03 2.7172000e-04
     43    107 0.0000000e+00 7.6974000e-04 2.8421000e-04
     43    108 0.0000000e+00 2.7636000e-04 1.1854000e-04
     43    109 0.0000000e+00 1.5362000e-04 7.3242000e-05
     43    110 0.0000000e+00 6.2733000e-05 2.9618000e-05
     43    111 0.0000000e+00 2.8468000e-05 1.4470000e-05
     43    112 0.0000000e+00 4.7100000e-07 2.1319000e-07
     43    113 0.0000000e+00 3.3611000e-08 1.7138000e-08
     43    114 0.0000000e+00 7.3973000e-10 3.8729000e-10
     43    115 0.0000000e+00 1.8959000e-11 7.0863000e-12
     43    118 0.0000000e+00 5.1860000e-11 1.8536000e-11
     44     99 0.0000000e+00 0.0000000e+00 0.0000000e+00
     44    100 0.0000000e+00 0.0000000e+00 0.0000000e+00
     44    101 0.0000000e+00 1.0492000e-06 3.6987000e-07
     44    102 0.0000000e+00 3.2049000e-06 1.1362000e-06
     44    103 0.0000000e+00 5.1333000e-06 1.8408000e-06
     44    103 1.0000000e+00 1.4363000e-05 5.1505000e-06
     44    104 0.0000000e+00 7.8259000e-05 2.9290000e-05
     44    105 0.0000000e+00 1.5116000e-04 5.6434000e-05
     44    106 0.0000000e+00 2.6245000e-04 8.4518000e-05
     44    107 0.0000000e+00 3.0156000e-04 1.2433000e-04
     44    108 0.0000000e+00 3.3992000e-04 1.3482000e-04
     44    109 0.0000000e+00 3.3043000e-04 1.3631000e-04
     44    110 0.0000000e+00 4.0802000e-04 1.5344000e-04
     44    111 0.0000000e+00 2.8874000e-04 1.2616000e-04
     44    112 0.0000000e+00 2.5741000e-04 9.8091000e-05
     44    113 0.0000000e+00 3.3362000e-05 1.6360000e-05
     44    113 1.0000000e+00 3.3362000e-05 1.6360000e-05
     44    114 0.0000000e+00 1.5549000e-05 8.0569000e-06
     44    115 0.0000000e+00 6.2043000e-06 2.3004000e-06
     44    116 0.0000000e+00 2.9891000e-06 1.7018000e-06
     44    117 0.0000000e+00 1.4753000e-10 5.4780000e-11
     44    118 0.0000000e+00 4.6638000e-07 1.6659000e-07
     44    119 0.0000000e+00 2.1817000e-08 8.0916000e-09
     44    120 0.0000000e+00 9.8815000e-10 3.8060000e-10
     45    103 0.0000000e+00 0.0000000e+00 0.0000000e+00
     45    103 1.0000000e+00 0.0000000e+00 0.0000000e+00
     45    104 0.0000000e+00 7.5490000e-10 2.8714000e-10
     45    104 1.0000000e+00 2.6303000e-09 1.0005000e-09
     45    105 0.0000000e+00 8.7110000e-08 3.3676000e-08
     45    105 1.0000000e+00 1.1598000e-08 4.4838000e-09
     45    106 0.0000000e+00 1.1774000e-06 4.2090000e-07
     45    106 1.0000000e+00 3.2095000e-06 1.1473000e-06
     45    107 0.0000000e+00 2.5397000e-06 1.1673000e-06
     45    108 0.0000000e+00 2.9588000e-06 1.4194000e-06
     45    108 1.0000000e+00 1.0309000e-05 4.9455000e-06
     45    109 0.0000000e+00 4.8050000e-05 2.3943000e-05
     45    110 0.0000000e+00 1.2847000e-04 5.8357000e-05
     45    110 1.0000000e+00 3.0245000e-06 1.3738000e-06
     45    111 0.0000000e+00 1.9851000e-04 9.2753000e-05
     45    112 0.0000000e+00 1.4900000e-04 5.5970000e-05
     45    112 1.0000000e+00 1.4900000e-04 5.5970000e-05
     45    113 0.0000000e+00 3.3366000e-04 1.3996000e-04
     45    114 0.0000000e+00 8.9430000e-05 4.1904000e-05
     45    114 1.0000000e+00 8.9430000e-05 4.1904000e-05
     45    115 0.0000000e+00 1.1272000e-04 3.6244000e-05
     45    116 0.0000000e+00 8.8618000e-06 4.9493000e-06
     45    116 1.0000000e+00 2.4155000e-05 1.3491000e-05
     45    117 0.0000000e+00 1.8447000e-05 6.6897000e-06
     45    118 0.0000000e+00 4.4114000e-05 1.4806000e-05
     45    119 0.0000000e+00 1.6022000e-05 5.8351000e-06
     45    120 0.0000000e+00 1.5301000e-06 5.8842000e-07
     45    121 0.0000000e+00 1.0315000e-07 6.1773000e-08
     45    122 0.0000000e+00 3.8874000e-09 1.4592000e-09
     46    104 0.0000000e+00 0.0000000e+00 0.0000000e+00
     46    105 0.0000000e+00 0.0000000e+00 0.0000000e+00
     46    106 0.0000000e+00 1.1362000e-10 4.0668000e-11
     46    107 0.0000000e+00 8.7056000e-10 4.0041000e-10
     46    107 1.0000000e+00 1.9134000e-09 8.8009000e-10
     46    108 0.0000000e+00 5.9159000e-08 2.8543000e-08
     46    109 0.0000000e+00 1.6763000e-07 8.5473000e-08
     46    109 1.0000000e+00 3.6844000e-07 1.8787000e-07
     46    110 0.0000000e+00 9.0065000e-06 4.3329000e-06
     46    111 0.0000000e+00 9.8819000e-06 5.0132000e-06
     46    111 1.0000000e+00 2.1720000e-05 1.1019000e-05
     46    112 0.0000000e+00 1.2195000e-04 5.2065000e-05
     46    113 0.0000000e+00 5.6517000e-05 2.5997000e-05
     46    113 1.0000000e+00 1.5813000e-04 7.2740000e-05
     46    114 0.0000000e+00 3.8930000e-04 1.5869000e-04
     46    115 0.0000000e+00 1.2175000e-04 1.7379000e-05
     46    115 1.0000000e+00 2.6761000e-04 3.8197000e-05
     46    116 0.0000000e+00 3.3913000e-04 1.5678000e-04
     46    117 0.0000000e+00 6.7087000e-05 1.8027000e-05
     46    117 1.0000000e+00 1.4745000e-04 3.9622000e-05
     46    118 0.0000000e+00 1.2637000e-04 3.7514000e-05
     46    119 0.0000000e+00 5.7177000e-05 1.9950000e-05
     46    120 0.0000000e+00 1.7390000e-05 6.5935000e-06
     46    121 0.0000000e+00 2.6476000e-05 1.5550000e-05
     46    122 0.0000000e+00 7.9179000e-06 2.9508000e-06
     46    123 0.0000000e+00 5.0638000e-07 2.9322000e-07
     46    124 0.0000000e+00 5.2060000e-08 1.8955000e-08
     47    109 0.0000000e+00 1.8317000e-11 9.3415000e-12
     47    109 1.0000000e+00 1.3757000e-10 7.0160000e-11
     47    110 0.0000000e+00 1.4617000e-09 7.0546000e-10
     47    110 1.0000000e+00 3.9842000e-09 1.9229000e-09
     47    111 0.0000000e+00 1.8363000e-08 9.4219000e-09
     47    111 1.0000000e+00 1.3792000e-07 7.0764000e-08
     47    112 0.0000000e+00 3.0843000e-06 1.3948000e-06
     47    113 0.0000000e+00 3.7052000e-07 1.8873000e-07
     47    113 1.0000000e+00 2.7829000e-06 1.4175000e-06
     47    114 0.0000000e+00 2.1185000e-06 1.1036000e-06
     47    114 1.0000000e+00 1.0270000e-05 5.3504000e-06
     47    115 0.0000000e+00 8.6674000e-06 2.9879000e-06
     47    115 1.0000000e+00 6.5098000e-05 2.2441000e-05
     47    116 0.0000000e+00 5.9209000e-05 3.0431000e-05
     47    116 1.0000000e+00 1.6139000e-04 8.2949000e-05
     47    117 0.0000000e+00 3.7055000e-05 7.6915000e-06
     47    117 1.0000000e+00 2.7831000e-04 5.7768000e-05
     47    118 0.0000000e+00 3.8954000e-05 9.5066000e-06
     47    118 1.0000000e+00 1.8885000e-04 4.6087000e-05
     47    119 0.0000000e+00 3.3162000e-05 8.6245000e-06
     47    119 1.0000000e+00 2.4907000e-04 6.4775000e-05
     47    120 0.0000000e+00 7.2236000e-05 2.3336000e-05
     47    120 1.0000000e+00 1.2080000e-04 3.9027000e-05
     47    121 0.0000000e+00 8.3546000e-05 4.7498000e-05
     47    122 0.0000000e+00 2.0015000e-05 7.2594000e-06
     47    122 1.0000000e+00 2.1578000e-05 7.8266000e-06
     47    123 0.0000000e+00 2.4821000e-05 1.4227000e-05
     47    124 0.0000000e+00 1.9960000e-06 7.2502000e-07
     47    124 1.0000000e+00 2.1519000e-06 7.8168000e-07
     47    125 0.0000000e+00 2.4172000e-06 8.7619000e-07
     47    126 0.0000000e+00 4.1228000e-07 1.7773000e-07
     47    127 0.0000000e+00 3.6545000e-08 1.6699000e-08
     47    128 0.0000000e+00 1.5657000e-09 6.9457000e-10
     48    110 0.0000000e+00 0.0000000e+00 0.0000000e+00
     48    111 0.0000000e+00 3.1086000e-12 1.5951000e-12
     48    111 1.0000000e+00 1.1772000e-11 6.0406000e-12
     48    112 0.0000000e+00 1.5080000e-09 6.8269000e-10
     48    113 0.0000000e+00 6.3378000e-09 3.2317000e-09
     48    113 1.0000000e+00 2.4001000e-08 1.2238000e-08
     48    114 0.0000000e+00 3.0999000e-06 1.6214000e-06
     48    115 0.0000000e+00 1.0764000e-06 4.0048000e-07
     48    115 1.0000000e+00 4.0763000e-06 1.5166000e-06
     48    116 0.0000000e+00 2.3793000e-05 1.3483000e-05
     48    117 0.0000000e+00 1.0808000e-05 3.8055000e-06
     48    117 1.0000000e+00 4.0929000e-05 1.4411000e-05
     48    118 0.0000000e+00 1.9660000e-04 5.2214000e-05
     48    119 0.0000000e+00 9.0570000e-05 2.0974000e-05
     48    119 1.0000000e+00 2.5341000e-04 5.8683000e-05
     48    120 0.0000000e+00 5.5950000e-04 8.8901000e-05
     48    121 0.0000000e+00 8.5857000e-05 4.1986000e-05
     48    121 1.0000000e+00 2.4022000e-04 1.1747000e-04
     48    122 0.0000000e+00 4.5127000e-04 9.2008000e-05
     48    123 0.0000000e+00 7.3018000e-05 3.8176000e-05
     48    123 1.0000000e+00 2.0430000e-04 1.0681000e-04
     48    124 0.0000000e+00 4.2099000e-04 1.1164000e-04
     48    125 0.0000000e+00 6.7168000e-05 2.1839000e-05
     48    125 1.0000000e+00 1.8793000e-04 6.1105000e-05
     48    126 0.0000000e+00 1.7614000e-04 7.6176000e-05
     48    127 0.0000000e+00 7.2720000e-05 3.3540000e-05
     48    128 0.0000000e+00 2.4346000e-05 1.0851000e-05
     48    129 0.0000000e+00 2.0427000e-06 7.7531000e-07
     48    129 1.0000000e+00 5.7152000e-06 2.1693000e-06
     48    130 0.0000000e+00 3.1324000e-08 1.3166000e-08
     48    131 0.0000000e+00 1.0560000e-09 3.7960000e-10
     49    113 0.0000000e+00 0.0000000e+00 0.0000000e+00
     49    114 0.0000000e+00 2.4900000e-11 1.3036000e-11
     49    114 1.0000000e+00 4.0209000e-11 2.1051000e-11
     49    114 2.0000000e+00 4.6551000e-11 2.4372000e-11
     49    115 0.0000000e+00 4.9552000e-09 1.8521000e-09
     49    115 1.0000000e+00 9.9771000e-10 3.7291000e-10
     49    116 0.0000000e+00 2.3836000e-08 1.3601000e-08
     49    116 1.0000000e+00 3.8491000e-08 2.1963000e-08
     49    116 2.0000000e+00 4.4562000e-08 2.5428000e-08
     49    117 0.0000000e+00 1.6539000e-06 6.1273000e-07
     49    117 1.0000000e+00 3.3300000e-07 1.2337000e-07
     49    118 0.0000000e+00 1.2107000e-06 4.2985000e-07
     49    118 1.0000000e+00 1.9551000e-06 6.9413000e-07
     49    118 2.0000000e+00 2.2635000e-06 8.0362000e-07
     49    119 0.0000000e+00 3.0481000e-05 1.0892000e-05
     49    119 1.0000000e+00 6.1372000e-06 2.1931000e-06
     49    120 0.0000000e+00 1.7461000e-05 6.4197000e-06
     49    120 1.0000000e+00 1.7461000e-05 6.4197000e-06
     49    120 2.0000000e+00 1.7461000e-05 6.4197000e-06
     49    121 0.0000000e+00 1.2801000e-04 6.9042000e-05
     49    121 1.0000000e+00 2.5773000e-05 1.3901000e-05
     49    122 0.0000000e+00 1.1406000e-04 3.0505000e-05
     49    122 1.0000000e+00 9.5375000e-05 2.5508000e-05
     49    122 2.0000000e+00 9.5375000e-05 2.5508000e-05
     49    123 0.0000000e+00 3.5190000e-04 1.6021000e-04
     49    123 1.0000000e+00 7.0853000e-05 3.2258000e-05
     49    124 0.0000000e+00 2.1927000e-04 5.4015000e-05
     49    124 1.0000000e+00 2.3641000e-04 5.8235000e-05
     49    125 0.0000000e+00 5.9782000e-04 1.2225000e-04
     49    125 1.0000000e+00 1.2037000e-04 2.4614000e-05
     49    126 0.0000000e+00 5.5810000e-04 1.8072000e-04
     49    126 1.0000000e+00 6.0170000e-04 1.9484000e-04
     49    127 0.0000000e+00 9.7749000e-04 3.7642000e-04
     49    127 1.0000000e+00 1.9681000e-04 7.5790000e-05
     49    128 0.0000000e+00 3.4760000e-04 1.4361000e-04
     49    128 1.0000000e+00 1.3610000e-04 5.6233000e-05
     49    128 2.0000000e+00 5.2150000e-04 2.1546000e-04
     49    129 0.0000000e+00 3.9137000e-04 1.4595000e-04
     49    129 1.0000000e+00 7.8800000e-05 2.9387000e-05
     49    130 0.0000000e+00 2.5380000e-05 1.0679000e-05
     49    130 1.0000000e+00 3.6954000e-05 1.5549000e-05
     49    130 2.0000000e+00 5.1476000e-05 2.1660000e-05
     49    131 0.0000000e+00 6.2677000e-06 2.2532000e-06
     49    131 1.0000000e+00 6.2677000e-06 2.2532000e-06
     49    131 2.0000000e+00 6.2677000e-06 2.2532000e-06
     49    132 0.0000000e+00 2.3603000e-07 8.7470000e-08
     49    133 0.0000000e+00 7.8673000e-09 2.9031000e-09
     49    133 1.0000000e+00 1.5840000e-09 5.8452000e-10
     50    114 0.0000000e+00 0.0000000e+00 0.0000000e+00
     50    115 0.0000000e+00 0.0000000e+00 0.0000000e+00
     50    116 0.0000000e+00 2.3677000e-11 1.3511000e-11
     50    117 0.0000000e+00 1.6095000e-10 5.9760000e-11
     50    117 1.0000000e+00 6.0949000e-10 2.2631000e-10
     50    118 0.0000000e+00 0.0000000e+00 0.0000000e+00
     50    119 0.0000000e+00 0.0000000e+00 0.0000000e+00
     50    119 1.0000000e+00 0.0000000e+00 0.0000000e+00
     50    120 0.0000000e+00 4.1438000e-10 1.5960000e-10
     50    121 0.0000000e+00 6.2887000e-06 3.7065000e-06
     50    121 1.0000000e+00 1.7595000e-05 1.0371000e-05
     50    122 0.0000000e+00 2.0824000e-05 7.6714000e-06
     50    123 0.0000000e+00 7.7044000e-05 4.2281000e-05
     50    123 1.0000000e+00 2.7536000e-05 1.5111000e-05
     50    124 0.0000000e+00 3.0587000e-04 8.8033000e-05
     50    125 0.0000000e+00 3.6592000e-04 9.5329000e-05
     50    125 1.0000000e+00 1.3078000e-04 3.4071000e-05
     50    126 0.0000000e+00 1.8702000e-03 5.0086000e-04
     50    127 0.0000000e+00 2.7856000e-03 7.4223000e-04
     50    127 1.0000000e+00 9.9559000e-04 2.6527000e-04
     50    128 0.0000000e+00 2.7181000e-03 5.7204000e-04
     50    128 1.0000000e+00 7.4089000e-03 1.5593000e-03
     50    129 0.0000000e+00 2.3505000e-03 4.9377000e-04
     50    129 1.0000000e+00 6.5765000e-03 1.3815000e-03
     50    130 0.0000000e+00 1.8934000e-03 6.0755000e-04
     50    130 1.0000000e+00 5.1610000e-03 1.6561000e-03
     50    131 0.0000000e+00 9.1939000e-04 3.0416000e-04
     50    131 1.0000000e+00 2.5724000e-03 8.5104000e-04
     50    132 0.0000000e+00 1.0275000e-03 3.7550000e-04
     50    133 0.0000000e+00 6.2731000e-05 2.3138000e-05
     50    134 0.0000000e+00 9.2744000e-06 3.3272000e-06
     50    135 0.0000000e+00 5.9605000e-08 2.1690000e-08
     50    136 0.0000000e+00 2.5249000e-09 9.4954000e-10
     51    121 0.0000000e+00 0.0000000e+00 0.0000000e+00
     51    122 0.0000000e+00 1.6369000e-11 6.1443000e-12
     51    122 1.0000000e+00 2.1931000e-11 8.2317000e-12
     51    123 0.0000000e+00 4.1403000e-06 2.3931000e-06
     51    124 0.0000000e+00 2.6798000e-06 9.7040000e-07
     51    124 1.0000000e+00 2.1618000e-06 7.8281000e-07
     51    124 2.0000000e+00 3.4610000e-06 1.2533000e-06
     51    125 0.0000000e+00 2.6626000e-05 9.5275000e-06
     51    126 0.0000000e+00 3.8981000e-05 1.6522000e-05
     51    126 1.0000000e+00 2.4348000e-05 1.0320000e-05
     51    126 2.0000000e+00 3.0182000e-05 1.2793000e-05
     51    127 0.0000000e+00 3.8875000e-04 1.7117000e-04
     51    128 0.0000000e+00 9.6967000e-04 3.8858000e-04
     51    128 1.0000000e+00 1.3562000e-03 5.4348000e-04
     51    129 0.0000000e+00 4.2104000e-03 1.0350000e-03
     51    129 1.0000000e+00 3.1159000e-03 7.6592000e-04
     51    130 0.0000000e+00 6.0090000e-03 1.5141000e-03
     51    130 1.0000000e+00 6.0090000e-03 1.5141000e-03
     51    131 0.0000000e+00 1.8665000e-02 3.4653000e-03
     51    132 0.0000000e+00 6.4619000e-03 1.7879000e-03
     51    132 1.0000000e+00 5.7211000e-03 1.5830000e-03
     51    133 0.0000000e+00 6.9522000e-03 2.3213000e-03
     51    134 0.0000000e+00 3.0463000e-04 1.0858000e-04
     51    134 1.0000000e+00 8.3037000e-04 2.9595000e-04
     51    135 0.0000000e+00 1.5936000e-04 5.7956000e-05
     51    136 0.0000000e+00 1.5441000e-05 5.8071000e-06
     51    137 0.0000000e+00 1.7204000e-06 6.5581000e-07
     51    138 0.0000000e+00 7.6457000e-09 2.8623000e-09
     52    122 0.0000000e+00 0.0000000e+00 0.0000000e+00
     52    124 0.0000000e+00 0.0000000e+00 0.0000000e+00
     52    125 0.0000000e+00 1.1018000e-10 3.9979000e-11
     52    125 1.0000000e+00 4.1724000e-10 1.5140000e-10
     52    126 0.0000000e+00 5.9566000e-06 2.5651000e-06
     52    127 0.0000000e+00 4.3605000e-06 1.9893000e-06
     52    127 1.0000000e+00 1.2200000e-05 5.5659000e-06
     52    128 0.0000000e+00 1.8597000e-04 8.1873000e-05
     52    129 0.0000000e+00 2.8120000e-04 1.0186000e-04
     52    129 1.0000000e+00 7.8680000e-04 2.8501000e-04
     52    130 0.0000000e+00 4.8406000e-03 1.7471000e-03
     52    131 0.0000000e+00 4.2594000e-03 8.8966000e-04
     52    131 1.0000000e+00 1.1918000e-02 2.4892000e-03
     52    132 0.0000000e+00 3.1920000e-02 3.7225000e-03
     52    133 0.0000000e+00 1.0833000e-02 1.0760000e-03
     52    133 1.0000000e+00 3.0310000e-02 3.0106000e-03
     52    134 0.0000000e+00 3.6588000e-02 5.3630000e-03
     52    135 0.0000000e+00 1.1601000e-02 3.6830000e-03
     52    136 0.0000000e+00 3.2865000e-03 1.2234000e-03
     52    137 0.0000000e+00 6.3877000e-04 2.4346000e-04
     52    138 0.0000000e+00 9.9501000e-05 3.7259000e-05
     52    139 0.0000000e+00 9.8126000e-06 3.4797000e-06
     52    140 0.0000000e+00 1.1149000e-06 3.8797000e-07
     52    141 0.0000000e+00 1.7764000e-09 6.3169000e-10
     53    127 0.0000000e+00 3.4805000e-10 1.5903000e-10
     53    128 0.0000000e+00 2.6617000e-08 1.1808000e-08
     53    129 0.0000000e+00 2.2201000e-06 8.4148000e-07
     53    130 0.0000000e+00 2.7117000e-05 1.1384000e-05
     53    130 1.0000000e+00 9.9482000e-06 4.1763000e-06
     53    131 0.0000000e+00 3.8181000e-04 1.3588000e-04
     53    132 0.0000000e+00 1.1032000e-03 3.9139000e-04
     53    132 1.0000000e+00 9.7677000e-04 3.4653000e-04
     53    133 0.0000000e+00 4.9128000e-03 1.5332000e-03
     53    133 1.0000000e+00 3.6357000e-03 1.1346000e-03
     53    134 0.0000000e+00 1.1815000e-02 2.6309000e-03
     53    134 1.0000000e+00 1.0461000e-02 2.3293000e-03
     53    135 0.0000000e+00 3.8737000e-02 5.2652000e-03
     53    136 0.0000000e+00 5.9918000e-03 1.4950000e-03
     53    136 1.0000000e+00 1.6332000e-02 4.0750000e-03
     53    137 0.0000000e+00 1.2478000e-02 4.0938000e-03
     53    138 0.0000000e+00 3.5999000e-03 1.3231000e-03
     53    139 0.0000000e+00 1.5692000e-03 5.5255000e-04
     53    140 0.0000000e+00 2.2255000e-04 7.7383000e-05
     53    141 0.0000000e+00 4.4570000e-05 1.5848000e-05
     53    142 0.0000000e+00 1.1078000e-06 4.2067000e-07
     53    143 0.0000000e+00 8.9684000e-09 3.2500000e-09
     54    128 0.0000000e+00 0.0000000e+00 0.0000000e+00
     54    130 0.0000000e+00 1.1056000e-08 4.6471000e-09
     54    131 0.0000000e+00 1.7484000e-06 6.2839000e-07
     54    131 1.0000000e+00 4.8920000e-06 1.7582000e-06
     54    132 0.0000000e+00 1.9259000e-05 7.1290000e-06
     54    132 1.0000000e+00 2.5802000e-05 9.5510000e-06
     54    133 0.0000000e+00 1.0383000e-04 3.7970000e-05
     54    133 1.0000000e+00 2.9050000e-04 1.0624000e-04
     54    134 0.0000000e+00 7.3963000e-04 2.5057000e-04
     54    134 1.0000000e+00 2.0161000e-03 6.8299000e-04
     54    135 0.0000000e+00 3.1688000e-03 9.0504000e-04
     54    135 1.0000000e+00 8.8662000e-03 2.5323000e-03
     54    136 0.0000000e+00 4.1836000e-02 5.8216000e-03
     54    137 0.0000000e+00 4.6911000e-02 5.1411000e-03
     54    138 0.0000000e+00 4.6861000e-02 5.1479000e-03
     54    139 0.0000000e+00 2.7703000e-02 5.6498000e-03
     54    140 0.0000000e+00 1.5417000e-02 4.2052000e-03
     54    141 0.0000000e+00 5.6176000e-03 1.9021000e-03
     54    142 0.0000000e+00 1.1691000e-03 4.4151000e-04
     54    143 0.0000000e+00 1.4704000e-04 5.3259000e-05
     54    144 0.0000000e+00 2.0878000e-05 7.1684000e-06
     54    145 0.0000000e+00 3.3330000e-08 1.1588000e-08
     54    146 0.0000000e+00 9.1938000e-10 3.3065000e-10
     55    132 0.0000000e+00 2.1855000e-09 8.0991000e-10
     55    133 0.0000000e+00 9.5077000e-07 3.5084000e-07
     55    134 0.0000000e+00 2.4598000e-06 8.8237000e-07
     55    134 1.0000000e+00 2.1778000e-06 7.8123000e-07
     55    135 0.0000000e+00 4.4627000e-05 1.6215000e-05
     55    135 1.0000000e+00 3.3026000e-05 1.1999000e-05
     55    136 0.0000000e+00 3.1178000e-04 1.1633000e-04
     55    136 1.0000000e+00 2.2292000e-04 8.3172000e-05
     55    137 0.0000000e+00 5.3903000e-03 1.8953000e-03
     55    138 0.0000000e+00 5.0573000e-03 1.5258000e-03
     55    138 1.0000000e+00 8.4577000e-03 2.5516000e-03
     55    139 0.0000000e+00 2.8579000e-02 5.6368000e-03
     55    140 0.0000000e+00 2.5855000e-02 5.3279000e-03
     55    141 0.0000000e+00 2.8704000e-02 5.6630000e-03
     55    142 0.0000000e+00 1.4067000e-02 4.5025000e-03
     55    143 0.0000000e+00 5.8315000e-03 2.0228000e-03
     55    144 0.0000000e+00 7.3265000e-04 2.4973000e-04
     55    144 1.0000000e+00 7.3265000e-04 2.4973000e-04
     55    145 0.0000000e+00 2.4506000e-04 8.5059000e-05
     55    146 0.0000000e+00 1.7734000e-05 6.3774000e-06
     55    147 0.0000000e+00 2.5576000e-06 9.3834000e-07
     55    148 0.0000000e+00 1.4419000e-09 5.3139000e-10
     56    132 0.0000000e+00 0.0000000e+00 0.0000000e+00
     56    134 0.0000000e+00 0.0000000e+00 0.0000000e+00
     56    135 0.0000000e+00 5.3808000e-09 1.9581000e-09
     56    135 1.0000000e+00 1.5055000e-08 5.4785000e-09
     56    136 0.0000000e+00 1.9638000e-06 7.3839000e-07
     56    136 1.0000000e+00 5.3528000e-06 2.0127000e-06
     56    137 0.0000000e+00 2.5843000e-05 9.8327000e-06
     56    137 1.0000000e+00 7.2308000e-05 2.7511000e-05
     56    138 0.0000000e+00 1.4889000e-03 5.4235000e-04
     56    139 0.0000000e+00 6.2037000e-03 1.9587000e-03
     56    140 0.0000000e+00 2.0403000e-02 4.5495000e-03
     56    141 0.0000000e+00 2.9238000e-02 5.5143000e-03
     56    142 0.0000000e+00 4.6180000e-02 5.2190000e-03
     56    143 0.0000000e+00 3.7306000e-02 4.1127000e-03
     56    144 0.0000000e+00 2.4535000e-02 3.8429000e-03
     56    145 0.0000000e+00 9.0199000e-03 2.5369000e-03
     56    146 0.0000000e+00 2.5598000e-03 8.8286000e-04
     56    147 0.0000000e+00 5.4267000e-04 1.9722000e-04
     56    148 0.0000000e+00 7.0200000e-05 2.5833000e-05
     56    149 0.0000000e+00 5.9854000e-06 2.1283000e-06
     56    150 0.0000000e+00 6.9083000e-09 2.4081000e-09
     56    151 0.0000000e+00 8.4827000e-11 3.0462000e-11
     57    137 0.0000000e+00 2.0833000e-09 7.9417000e-10
     57    138 0.0000000e+00 9.3977000e-07 3.5181000e-07
     57    139 0.0000000e+00 2.3999000e-05 8.5046000e-06
     57    140 0.0000000e+00 1.7101000e-04 5.9238000e-05
     57    141 0.0000000e+00 1.2957000e-03 4.4639000e-04
     57    142 0.0000000e+00 2.4760000e-03 8.9023000e-04
     57    143 0.0000000e+00 9.8602000e-03 2.8084000e-03
     57    144 0.0000000e+00 1.5688000e-02 3.4880000e-03
     57    145 0.0000000e+00 1.6848000e-02 2.9308000e-03
     57    146 0.0000000e+00 2.9926000e-03 6.9069000e-04
     57    146 1.0000000e+00 6.2782000e-03 1.4490000e-03
     57    147 0.0000000e+00 4.9520000e-03 1.4429000e-03
     57    148 0.0000000e+00 1.6344000e-03 5.6652000e-04
     57    149 0.0000000e+00 3.8003000e-04 1.3211000e-04
     57    150 0.0000000e+00 5.1876000e-05 1.7987000e-05
     57    151 0.0000000e+00 7.5514000e-06 2.7084000e-06
     57    152 0.0000000e+00 1.0616000e-08 4.0722000e-09
     57    153 0.0000000e+00 1.6156000e-10 7.9095000e-11
     58    140 0.0000000e+00 2.2301000e-06 7.7593000e-07
     58    141 0.0000000e+00 1.7350000e-05 6.1652000e-06
     58    142 0.0000000e+00 1.6366000e-04 6.1735000e-05
     58    143 0.0000000e+00 5.5816000e-04 1.9794000e-04
     58    144 0.0000000e+00 3.4006000e-03 1.0203000e-03
     58    145 0.0000000e+00 6.3888000e-03 1.6549000e-03
     58    146 0.0000000e+00 1.2322000e-02 2.1203000e-03
     58    147 0.0000000e+00 1.1255000e-02 1.5522000e-03
     58    148 0.0000000e+00 9.0052000e-03 9.2234000e-04
     58    149 0.0000000e+00 4.3417000e-03 6.4544000e-04
     58    150 0.0000000e+00 1.7157000e-03 4.1498000e-04
     58    151 0.0000000e+00 4.5846000e-04 1.4870000e-04
     58    152 0.0000000e+00 7.5982000e-05 2.8396000e-05
     58    153 0.0000000e+00 3.8174000e-06 1.8644000e-06
     58    154 0.0000000e+00 2.1078000e-08 1.5495000e-08
     58    155 0.0000000e+00 1.7901000e-10 1.8356000e-10
     58    156 0.0000000e+00 6.1479000e-12 2.5272000e-12
     59    141 0.0000000e+00 0.0000000e+00 0.0000000e+00
     59    142 0.0000000e+00 3.9200000e-10 1.4885000e-10
     59    142 1.0000000e+00 1.0685000e-09 4.0572000e-10
     59    143 0.0000000e+00 1.1326000e-06 4.1040000e-07
     59    144 0.0000000e+00 1.0384000e-07 3.5653000e-08
     59    144 1.0000000e+00 1.0564000e-06 3.6271000e-07
     59    145 0.0000000e+00 5.7203000e-05 1.9792000e-05
     59    146 0.0000000e+00 1.9633000e-04 6.9406000e-05
     59    147 0.0000000e+00 7.6184000e-04 2.5893000e-04
     59    148 0.0000000e+00 2.3453000e-04 7.4050000e-05
     59    148 1.0000000e+00 1.1370000e-03 3.5899000e-04
     59    149 0.0000000e+00 2.2787000e-03 5.5985000e-04
     59    150 0.0000000e+00 2.0404000e-03 4.1970000e-04
     59    151 0.0000000e+00 1.4827000e-03 2.8649000e-04
     59    152 0.0000000e+00 6.1130000e-04 1.7110000e-04
     59    153 0.0000000e+00 1.7120000e-04 7.4072000e-05
     59    154 0.0000000e+00 2.6049000e-05 1.8311000e-05
     59    155 0.0000000e+00 5.3848000e-06 5.3747000e-06
     59    156 0.0000000e+00 2.3822000e-08 9.7914000e-09
     59    157 0.0000000e+00 9.0245000e-10 3.8572000e-10
     59    158 0.0000000e+00 3.6990000e-12 5.6866000e-12
     60    142 0.0000000e+00 0.0000000e+00 0.0000000e+00
     60    143 0.0000000e+00 0.0000000e+00 0.0000000e+00
     60    144 0.0000000e+00 0.0000000e+00 0.0000000e+00
     60    145 0.0000000e+00 9.9085000e-09 3.4448000e-09
     60    146 0.0000000e+00 2.8020000e-06 1.0074000e-06
     60    147 0.0000000e+00 1.7934000e-05 6.5640000e-06
     60    148 0.0000000e+00 1.3420000e-04 4.8534000e-05
     60    149 0.0000000e+00 2.7049000e-04 9.1744000e-05
     60    150 0.0000000e+00 9.1391000e-04 2.4772000e-04
     60    151 0.0000000e+00 1.1891000e-03 2.6350000e-04
     60    152 0.0000000e+00 1.2243000e-03 1.8501000e-04
     60    153 0.0000000e+00 8.4529000e-04 1.8134000e-04
     60    154 0.0000000e+00 3.5437000e-04 1.4548000e-04
     60    155 0.0000000e+00 8.7859000e-05 6.2473000e-05
     60    156 0.0000000e+00 2.6558000e-05 9.4487000e-06
     60    157 0.0000000e+00 8.5428000e-07 3.6299000e-07
     60    158 0.0000000e+00 2.6796000e-08 4.1182000e-08
     60    159 0.0000000e+00 6.7663000e-10 2.9542000e-10
     60    160 0.0000000e+00 1.6159000e-12 1.7908000e-12
     61    147 0.0000000e+00 5.6560000e-10 2.0752000e-10
     61    148 0.0000000e+00 2.1190000e-07 7.8180000e-08
     61    148 1.0000000e+00 5.7758000e-07 2.1310000e-07
     61    149 0.0000000e+00 1.4934000e-06 5.3230000e-07
     61    150 0.0000000e+00 5.3883000e-06 1.8927000e-06
     61    151 0.0000000e+00 1.5533000e-05 5.7045000e-06
     61    152 0.0000000e+00 7.2819000e-06 2.9723000e-06
     61    152 1.0000000e+00 1.5309000e-05 6.2488000e-06
     61    152 2.0000000e+00 1.9997000e-05 8.1626000e-06
     61    153 0.0000000e+00 8.4171000e-05 4.8035000e-05
     61    154 0.0000000e+00 3.3531000e-05 2.9025000e-05
     61    154 1.0000000e+00 3.3531000e-05 2.9025000e-05
     61    155 0.0000000e+00 5.5877000e-05 5.9214000e-05
     61    156 0.0000000e+00 7.4050000e-05 2.0484000e-05
     61    157 0.0000000e+00 3.9102000e-05 1.3004000e-05
     61    158 0.0000000e+00 7.3488000e-06 1.0823000e-05
     61    159 0.0000000e+00 4.4893000e-07 1.9374000e-07
     61    160 0.0000000e+00 2.2399000e-09 2.4821000e-09
     61    161 0.0000000e+00 1.0392000e-09 4.2278000e-10
     61    162 0.0000000e+00 4.1118000e-11 4.0390000e-11
     62    147 0.0000000e+00 0.0000000e+00 0.0000000e+00
     62    148 0.0000000e+00 0.0000000e+00 0.0000000e+00
     62    149 0.0000000e+00 0.0000000e+00 0.0000000e+00
     62    150 0.0000000e+00 1.9998000e-09 6.9709000e-10
     62    151 0.0000000e+00 8.3824000e-07 3.0140000e-07
     62    152 0.0000000e+00 7.2092000e-07 2.7684000e-07
     62    153 0.0000000e+00 1.1938000e-06 5.8837000e-07
     62    153 1.0000000e+00 3.3400000e-06 1.6462000e-06
     62    154 0.0000000e+00 1.5712000e-05 1.1914000e-05
     62    155 0.0000000e+00 1.6913000e-05 1.7651000e-05
     62    156 0.0000000e+00 5.7225000e-05 1.8025000e-05
     62    157 0.0000000e+00 6.6638000e-05 1.6370000e-05
     62    158 0.0000000e+00 1.7391000e-05 2.4151000e-05
     62    159 0.0000000e+00 1.6414000e-05 2.8732000e-06
     62    160 0.0000000e+00 1.0292000e-06 1.0862000e-06
     62    161 0.0000000e+00 2.4094000e-07 9.5387000e-08
     62    162 0.0000000e+00 7.5575000e-08 7.4144000e-08
     62    163 0.0000000e+00 7.6627000e-10 8.5373000e-10
     62    164 0.0000000e+00 2.3040000e-11 2.4878000e-11
     63    151 0.0000000e+00 0.0000000e+00 0.0000000e+00
     63    152 0.0000000e+00 1.6972000e-11 6.5108000e-12
     63    152 1.0000000e+00 3.8779000e-12 1.4877000e-12
     63    152 2.0000000e+00 2.2479000e-11 8.6235000e-12
     63    153 0.0000000e+00 2.3265000e-09 1.1390000e-09
     63    154 0.0000000e+00 1.0127000e-08 7.4456000e-09
     63    154 1.0000000e+00 1.0919000e-08 8.0274000e-09
     63    155 0.0000000e+00 2.0695000e-07 2.1226000e-07
     63    156 0.0000000e+00 1.0626000e-06 4.3529000e-07
     63    157 0.0000000e+00 3.7126000e-06 1.5579000e-06
     63    158 0.0000000e+00 1.8316000e-06 2.7904000e-06
     63    159 0.0000000e+00 1.4917000e-06 6.2604000e-07
     63    160 0.0000000e+00 5.3138000e-07 5.7458000e-07
     63    161 0.0000000e+00 3.0675000e-06 7.0940000e-07
     63    162 0.0000000e+00 1.6985000e-06 1.6219000e-06
     63    163 0.0000000e+00 1.0423000e-06 1.1107000e-06
     63    164 0.0000000e+00 7.6665000e-09 8.2666000e-09
     63    165 0.0000000e+00 5.8364000e-10 6.2851000e-10
     63    166 0.0000000e+00 1.3662000e-11 1.4619000e-11
     64    152 0.0000000e+00 0.0000000e+00 0.0000000e+00
     64    154 0.0000000e+00 0.0000000e+00 0.0000000e+00
     64    155 0.0000000e+00 1.1784000e-11 1.2083000e-11
     64    155 1.0000000e+00 3.2971000e-11 3.3809000e-11
     64    156 0.0000000e+00 2.6005000e-09 1.0690000e-09
     64    157 0.0000000e+00 2.9423000e-08 1.2574000e-08
     64    158 0.0000000e+00 1.3234000e-07 2.0333000e-07
     64    159 0.0000000e+00 4.8335000e-07 2.0843000e-07
     64    160 0.0000000e+00 1.7442000e-07 1.9177000e-07
     64    161 0.0000000e+00 1.5878000e-06 5.2072000e-07
     64    162 0.0000000e+00 5.0938000e-06 4.5753000e-06
     64    163 0.0000000e+00 6.2428000e-07 6.7762000e-07
     64    164 0.0000000e+00 2.4838000e-07 2.5580000e-07
     64    165 0.0000000e+00 3.4709000e-08 3.6857000e-08
     64    166 0.0000000e+00 6.1633000e-09 6.5577000e-09
     64    167 0.0000000e+00 3.1456000e-10 3.3628000e-10
     64    168 0.0000000e+00 1.6190000e-11 1.7415000e-11
     65    157 0.0000000e+00 3.5670000e-12 1.5246000e-12
     65    158 0.0000000e+00 3.9291000e-11 6.0404000e-11
     65    158 1.0000000e+00 3.8622000e-12 5.9376000e-12
     65    159 0.0000000e+00 1.2586000e-09 5.4952000e-10
     65    160 0.0000000e+00 9.0523000e-10 1.0032000e-09
     65    161 0.0000000e+00 6.0207000e-08 2.4333000e-08
     65    162 0.0000000e+00 3.4942000e-07 3.4131000e-07
     65    163 0.0000000e+00 2.6121000e-07 2.8792000e-07
     65    164 0.0000000e+00 1.6090000e-07 1.6858000e-07
     65    165 0.0000000e+00 1.3549000e-07 1.3771000e-07
     65    166 0.0000000e+00 3.9418000e-08 4.0627000e-08
     65    167 0.0000000e+00 1.3794000e-08 1.4331000e-08
     65    168 0.0000000e+00 1.3477000e-09 1.4409000e-09
     65    169 0.0000000e+00 1.9520000e-10 2.0832000e-10
     65    170 0.0000000e+00 8.0756000e-12 8.6153000e-12
     66    158 0.0000000e+00 0.0000000e+00 0.0000000e+00
     66    160 0.0000000e+00 0.0000000e+00 0.0000000e+00
     66    161 0.0000000e+00 5.4397000e-11 2.2132000e-11
     66    162 0.0000000e+00 2.4954000e-09 2.4511000e-09
     66    163 0.0000000e+00 3.6233000e-09 4.0363000e-09
     66    164 0.0000000e+00 1.5752000e-08 1.6960000e-08
     66    165 0.0000000e+00 1.9725000e-08 2.1053000e-08
     66    165 1.0000000e+00 2.6262000e-09 2.8031000e-09
     66    166 0.0000000e+00 3.9799000e-08 4.1005000e-08
     66    167 0.0000000e+00 2.1446000e-08 2.1907000e-08
     66    168 0.0000000e+00 1.2900000e-08 1.3035000e-08
     66    169 0.0000000e+00 3.1759000e-09 3.2823000e-09
     66    170 0.0000000e+00 9.3497000e-10 9.7553000e-10
     66    171 0.0000000e+00 7.4819000e-11 7.9786000e-11
     66    172 0.0000000e+00 7.0764000e-12 7.5904000e-12
     67    163 0.0000000e+00 2.0057000e-12 2.2347000e-12
     67    164 0.0000000e+00 5.5218000e-12 5.9622000e-12
     67    164 1.0000000e+00 1.5051000e-11 1.6252000e-11
     67    165 0.0000000e+00 2.2577000e-10 2.4316000e-10
     67    166 0.0000000e+00 2.0335000e-10 2.1744000e-10
     67    166 1.0000000e+00 5.5428000e-10 5.9269000e-10
     67    167 0.0000000e+00 2.7748000e-09 2.9513000e-09
     67    168 0.0000000e+00 1.0154000e-09 1.0787000e-09
     67    168 1.0000000e+00 1.6981000e-09 1.8041000e-09
     67    169 0.0000000e+00 4.0126000e-09 4.1083000e-09
     67    170 0.0000000e+00 1.3423000e-09 1.3692000e-09
     67    170 1.0000000e+00 4.9243000e-10 5.0231000e-10
     67    171 0.0000000e+00 9.3239000e-10 9.4819000e-10
     67    172 0.0000000e+00 1.5578000e-10 1.6415000e-10
     67    173 0.0000000e+00 3.7885000e-11 4.0100000e-11
     67    174 0.0000000e+00 2.4039000e-12 2.5680000e-12
     68    164 0.0000000e+00 0.0000000e+00 0.0000000e+00
     68    166 0.0000000e+00 1.3323000e-12 1.4256000e-12
     68    167 0.0000000e+00 8.7722000e-12 9.3836000e-12
     68    167 1.0000000e+00 1.1680000e-12 1.2494000e-12
     68    168 0.0000000e+00 7.3278000e-11 7.8805000e-11
     68    169 0.0000000e+00 1.9728000e-10 2.1054000e-10
     68    170 0.0000000e+00 5.9001000e-10 6.2079000e-10
     68    171 0.0000000e+00 4.7334000e-10 4.9403000e-10
     68    172 0.0000000e+00 4.7235000e-10 4.7818000e-10
     68    173 0.0000000e+00 1.8224000e-10 1.8518000e-10
     68    174 0.0000000e+00 7.6186000e-11 7.7707000e-11
     68    175 0.0000000e+00 1.0703000e-11 1.1313000e-11
     68    176 0.0000000e+00 1.9160000e-12 2.0341000e-12
     69    169 0.0000000e+00 0.0000000e+00 0.0000000e+00
     69    170 0.0000000e+00 2.9904000e-12 3.1906000e-12
     69    171 0.0000000e+00 1.7547000e-11 1.8768000e-11
     69    172 0.0000000e+00 3.0706000e-11 3.2844000e-11
     69    173 0.0000000e+00 7.4746000e-11 7.8320000e-11
     69    174 0.0000000e+00 4.8400000e-11 5.0259000e-11
     69    175 0.0000000e+00 4.0950000e-11 4.1445000e-11
     69    176 0.0000000e+00 1.1995000e-11 1.2335000e-11
     69    177 0.0000000e+00 4.2180000e-12 4.3766000e-12
     70    170 0.0000000e+00 0.0000000e+00 0.0000000e+00
     70    171 0.0000000e+00 0.0000000e+00 0.0000000e+00
     70    172 0.0000000e+00 0.0000000e+00 0.0000000e+00
     70    173 0.0000000e+00 1.0131000e-12 1.0830000e-12
     70    174 0.0000000e+00 4.6358000e-12 4.9457000e-12
     70    175 0.0000000e+00 5.8405000e-12 6.2083000e-12
     70    175 1.0000000e+00 7.7763000e-13 8.2660000e-13
     70    176 0.0000000e+00 3.8336000e-12 3.9437000e-12
     70    176 1.0000000e+00 8.0424000e-12 8.2733000e-12
     70    177 0.0000000e+00 5.3525000e-12 5.4642000e-12
     70    177 1.0000000e+00 1.0777000e-12 1.1002000e-12
     70    178 0.0000000e+00 3.8957000e-12 3.9347000e-12
     71    175 0.0000000e+00 0.0000000e+00 0.0000000e+00
     71    176 0.0000000e+00 0.0000000e+00 0.0000000e+00
     71    177 0.0000000e+00 0.0000000e+00 0.0000000e+00
     71    178 0.0000000e+00 0.0000000e+00 0.0000000e+00
     71    179 0.0000000e+00 1.0580000e-12 1.0834000e-12
     72    177 0.0000000e+00 0.0000000e+00 0.0000000e+00
     72    178 0.0000000e+00 0.0000000e+00 0.0000000e+00
     72    179 0.0000000e+00 0.0000000e+00 0.0000000e+00


