# header:
#   title: "U233+n induced fission product yield"
#   source: "ENDF"
#   creator: "Shin Okumura"
#   date: 2023-07-14
#   format: "YANDF-0.1"
# endf:
#   library: "jeff3.3"
#   author: "R.MILLS"
#   year: 2016
# target:
#   Z: 92
#   A: 233
#   nuclide: "U233"
# reaction:
#   type: "(n,f)"
#   Incident energy [MeV]:  2.530000e-02
# datablock:
#   quantity: "independent fission product yield"
#   columns: 4
#   entries: 966
##   A      Z  ISO           Yield         dYield
##                           %/fission     %/fission
      1      1 0.0000000e+00 3.3377000e-05 1.1412000e-05
      1      2 0.0000000e+00 8.4660000e-06 2.2832000e-06
      1      3 0.0000000e+00 1.1400000e-04 2.2627000e-05
      2      3 0.0000000e+00 0.0000000e+00 0.0000000e+00
      2      4 0.0000000e+00 2.1100000e-03 1.2274000e-04
      2      6 0.0000000e+00 2.1530000e-05 5.9269000e-06
      2      8 0.0000000e+00 3.7170000e-07 1.0025000e-07
      3      6 0.0000000e+00 0.0000000e+00 0.0000000e+00
      3      7 0.0000000e+00 7.6400000e-07 2.0605000e-07
      3      8 0.0000000e+00 3.7170000e-07 1.0025000e-07
      3      9 0.0000000e+00 7.4340000e-07 2.0049000e-07
      4      8 0.0000000e+00 0.0000000e+00 0.0000000e+00
      4      9 0.0000000e+00 7.4340000e-07 2.3181000e-07
      4     10 0.0000000e+00 8.8800000e-06 9.1965000e-06
     24     59 0.0000000e+00 2.3747000e-12 2.4280000e-12
     24     60 0.0000000e+00 6.3120000e-12 6.4756000e-12
     24     61 0.0000000e+00 5.4901000e-12 5.8372000e-12
     24     62 0.0000000e+00 6.3588000e-12 6.7870000e-12
     24     63 0.0000000e+00 2.0643000e-12 2.2164000e-12
     25     59 0.0000000e+00 1.0189000e-12 1.0725000e-12
     25     60 0.0000000e+00 4.0680000e-13 4.2478000e-13
     25     60 1.0000000e+00 3.6130000e-12 3.7726000e-12
     25     61 0.0000000e+00 2.1549000e-11 2.1935000e-11
     25     62 0.0000000e+00 3.3205000e-11 3.4357000e-11
     25     62 1.0000000e+00 5.9611000e-12 6.1679000e-12
     25     63 0.0000000e+00 8.8945000e-11 9.2776000e-11
     25     64 0.0000000e+00 5.4782000e-11 5.8863000e-11
     25     65 0.0000000e+00 5.2898000e-11 5.6730000e-11
     25     66 0.0000000e+00 1.4145000e-11 1.5168000e-11
     25     67 0.0000000e+00 3.9008000e-12 4.1994000e-12
     26     59 0.0000000e+00 0.0000000e+00 0.0000000e+00
     26     60 0.0000000e+00 0.0000000e+00 0.0000000e+00
     26     61 0.0000000e+00 3.4968000e-12 3.7371000e-12
     26     62 0.0000000e+00 3.9798000e-11 4.1154000e-11
     26     63 0.0000000e+00 1.3346000e-10 1.3707000e-10
     26     64 0.0000000e+00 5.1679000e-10 5.2496000e-10
     26     65 0.0000000e+00 8.1058000e-10 8.4177000e-10
     26     66 0.0000000e+00 1.5702000e-09 1.6449000e-09
     26     67 0.0000000e+00 8.0770000e-10 8.6589000e-10
     26     68 0.0000000e+00 5.1577000e-10 5.5604000e-10
     26     69 0.0000000e+00 1.1232000e-10 1.2078000e-10
     26     70 0.0000000e+00 2.4081000e-11 2.5946000e-11
     26     71 0.0000000e+00 1.5553000e-12 1.6829000e-12
     27     59 0.0000000e+00 0.0000000e+00 0.0000000e+00
     27     61 0.0000000e+00 0.0000000e+00 0.0000000e+00
     27     62 0.0000000e+00 0.0000000e+00 0.0000000e+00
     27     63 0.0000000e+00 1.7032000e-11 1.8198000e-11
     27     64 0.0000000e+00 1.0295000e-10 1.1000000e-10
     27     65 0.0000000e+00 9.9292000e-10 1.0228000e-09
     27     66 0.0000000e+00 2.8610000e-09 2.9371000e-09
     27     67 0.0000000e+00 9.5214000e-09 9.7315000e-09
     27     68 0.0000000e+00 5.4410000e-09 5.7598000e-09
     27     68 1.0000000e+00 4.8000000e-09 5.0812000e-09
     27     69 0.0000000e+00 1.6683000e-08 1.7742000e-08
     27     70 0.0000000e+00 3.4164000e-09 3.6752000e-09
     27     70 1.0000000e+00 3.4164000e-09 3.6752000e-09
     27     71 0.0000000e+00 3.6075000e-09 3.9022000e-09
     27     72 0.0000000e+00 2.0074000e-10 2.1757000e-10
     27     73 0.0000000e+00 1.0918000e-10 6.9672000e-11
     27     74 0.0000000e+00 4.4902000e-12 4.6771000e-12
     28     61 0.0000000e+00 0.0000000e+00 0.0000000e+00
     28     62 0.0000000e+00 0.0000000e+00 0.0000000e+00
     28     63 0.0000000e+00 0.0000000e+00 0.0000000e+00
     28     64 0.0000000e+00 2.7338000e-12 2.9550000e-12
     28     65 0.0000000e+00 4.6079000e-11 4.9431000e-11
     28     66 0.0000000e+00 8.9039000e-10 9.4242000e-10
     28     67 0.0000000e+00 4.4966000e-09 4.7267000e-09
     28     68 0.0000000e+00 2.9543000e-08 3.0099000e-08
     28     69 0.0000000e+00 3.6473000e-08 3.7287000e-08
     28     69 1.0000000e+00 3.6473000e-08 3.7287000e-08
     28     70 0.0000000e+00 2.0001000e-07 2.0513000e-07
     28     71 0.0000000e+00 1.8424000e-07 1.9626000e-07
     28     72 0.0000000e+00 7.8892000e-08 8.5144000e-08
     28     73 0.0000000e+00 8.3633000e-08 5.3252000e-08
     28     74 0.0000000e+00 2.9468000e-08 3.0691000e-08
     28     75 0.0000000e+00 3.2574000e-09 2.8046000e-09
     28     76 0.0000000e+00 3.5945000e-10 3.0196000e-10
     28     77 0.0000000e+00 1.0352000e-11 3.7974000e-12
     29     63 0.0000000e+00 0.0000000e+00 0.0000000e+00
     29     65 0.0000000e+00 0.0000000e+00 0.0000000e+00
     29     66 0.0000000e+00 4.1591000e-12 4.4605000e-12
     29     67 0.0000000e+00 1.5735000e-10 1.6926000e-10
     29     68 0.0000000e+00 5.2192000e-10 5.6139000e-10
     29     68 1.0000000e+00 1.2225000e-09 1.3149000e-09
     29     69 0.0000000e+00 2.7910000e-08 2.9456000e-08
     29     70 0.0000000e+00 8.6686000e-09 9.0863000e-09
     29     70 1.0000000e+00 9.6573000e-08 1.0123000e-07
     29     70 2.0000000e+00 8.6686000e-09 9.0863000e-09
     29     71 0.0000000e+00 6.4480000e-07 6.5901000e-07
     29     72 0.0000000e+00 4.3031000e-07 4.5550000e-07
     29     73 0.0000000e+00 2.6921000e-06 1.5930000e-06
     29     74 0.0000000e+00 2.0108000e-06 2.0759000e-06
     29     75 0.0000000e+00 1.3100000e-06 1.1237000e-06
     29     76 0.0000000e+00 1.9134000e-07 1.6065000e-07
     29     76 1.0000000e+00 1.9134000e-07 1.6065000e-07
     29     77 0.0000000e+00 1.3585000e-07 4.9821000e-08
     29     78 0.0000000e+00 7.0066000e-09 2.7014000e-09
     29     79 0.0000000e+00 5.3218000e-10 2.0555000e-10
     30     66 0.0000000e+00 0.0000000e+00 0.0000000e+00
     30     67 0.0000000e+00 0.0000000e+00 0.0000000e+00
     30     68 0.0000000e+00 1.1411000e-11 1.2313000e-11
     30     69 0.0000000e+00 6.4030000e-11 6.8844000e-11
     30     69 1.0000000e+00 2.7692000e-10 2.9774000e-10
     30     70 0.0000000e+00 1.0097000e-08 1.0854000e-08
     30     71 0.0000000e+00 1.7467000e-08 1.8753000e-08
     30     71 1.0000000e+00 7.5543000e-08 8.1101000e-08
     30     72 0.0000000e+00 9.2888000e-07 9.5528000e-07
     30     73 0.0000000e+00 5.3252000e-07 2.8828000e-07
     30     73 1.0000000e+00 7.2797000e-07 3.9409000e-07
     30     73 2.0000000e+00 4.1239000e-06 2.2325000e-06
     30     74 0.0000000e+00 1.7119000e-05 1.6433000e-05
     30     75 0.0000000e+00 3.2743000e-05 2.5432000e-05
     30     76 0.0000000e+00 4.6091000e-05 3.5817000e-05
     30     77 0.0000000e+00 3.6186000e-05 1.2255000e-05
     30     77 1.0000000e+00 5.5318000e-06 1.8735000e-06
     30     78 0.0000000e+00 2.9469000e-05 1.1032000e-05
     30     79 0.0000000e+00 6.3206000e-06 2.4340000e-06
     30     80 0.0000000e+00 2.3802000e-06 8.9256000e-07
     30     81 0.0000000e+00 9.5170000e-09 3.3327000e-09
     30     82 0.0000000e+00 4.4879000e-10 1.6496000e-10
     31     69 0.0000000e+00 0.0000000e+00 0.0000000e+00
     31     70 0.0000000e+00 1.1306000e-11 1.2181000e-11
     31     71 0.0000000e+00 8.2555000e-10 8.9321000e-10
     31     72 0.0000000e+00 5.6627000e-09 6.1354000e-09
     31     72 1.0000000e+00 6.3759000e-10 6.9081000e-10
     31     73 0.0000000e+00 4.7975000e-07 3.0229000e-07
     31     74 0.0000000e+00 1.2228000e-06 1.2599000e-06
     31     74 1.0000000e+00 1.2228000e-06 1.2599000e-06
     31     75 0.0000000e+00 1.3102000e-05 1.0850000e-05
     31     76 0.0000000e+00 4.9681000e-05 3.8320000e-05
     31     77 0.0000000e+00 1.6975000e-04 3.9124000e-05
     31     78 0.0000000e+00 1.1169000e-04 3.8022000e-05
     31     79 0.0000000e+00 1.6926000e-04 5.9803000e-05
     31     80 0.0000000e+00 7.2501000e-05 2.6724000e-05
     31     81 0.0000000e+00 3.2155000e-05 1.1202000e-05
     31     82 0.0000000e+00 3.8342000e-06 1.4089000e-06
     31     83 0.0000000e+00 1.9133000e-07 7.7205000e-08
     31     84 0.0000000e+00 5.5929000e-09 2.2580000e-09
     32     70 0.0000000e+00 0.0000000e+00 0.0000000e+00
     32     72 0.0000000e+00 9.6693000e-12 1.0480000e-11
     32     73 0.0000000e+00 1.1690000e-09 7.4593000e-10
     32     73 1.0000000e+00 2.7030000e-10 1.7248000e-10
     32     74 0.0000000e+00 6.9629000e-08 7.2504000e-08
     32     75 0.0000000e+00 6.9493000e-07 5.8926000e-07
     32     75 1.0000000e+00 4.5459000e-06 3.8546000e-06
     32     76 0.0000000e+00 2.4849000e-05 2.0030000e-05
     32     77 0.0000000e+00 1.4381000e-04 3.3714000e-05
     32     77 1.0000000e+00 2.1984000e-05 5.1539000e-06
     32     78 0.0000000e+00 4.5525000e-04 5.4579000e-05
     32     79 0.0000000e+00 1.2577000e-04 1.2663000e-05
     32     79 1.0000000e+00 8.2269000e-04 8.2833000e-05
     32     80 0.0000000e+00 1.6621000e-03 2.2749000e-04
     32     81 0.0000000e+00 1.1182000e-03 2.6985000e-04
     32     81 1.0000000e+00 2.5856000e-04 6.2397000e-05
     32     82 0.0000000e+00 9.7342000e-04 3.2026000e-04
     32     83 0.0000000e+00 2.3353000e-04 9.3891000e-05
     32     84 0.0000000e+00 5.0213000e-05 2.0299000e-05
     32     85 0.0000000e+00 9.4535000e-06 3.4059000e-06
     32     86 0.0000000e+00 1.0962000e-06 3.8086000e-07
     32     87 0.0000000e+00 2.0977000e-09 7.7180000e-10
     33     74 0.0000000e+00 1.7961000e-11 1.8709000e-11
     33     75 0.0000000e+00 5.2764000e-10 4.5427000e-10
     33     75 1.0000000e+00 1.7263000e-09 1.4862000e-09
     33     76 0.0000000e+00 6.8161000e-08 5.7253000e-08
     33     77 0.0000000e+00 4.3196000e-06 1.5721000e-06
     33     78 0.0000000e+00 2.5813000e-05 9.6901000e-06
     33     79 0.0000000e+00 1.2030000e-04 4.3567000e-05
     33     80 0.0000000e+00 6.5138000e-04 1.9836000e-04
     33     81 0.0000000e+00 1.5911000e-03 3.4503000e-04
     33     82 0.0000000e+00 5.3160000e-04 1.3199000e-04
     33     82 1.0000000e+00 1.6042000e-03 3.9831000e-04
     33     83 0.0000000e+00 2.5218000e-03 7.8177000e-04
     33     84 0.0000000e+00 6.6540000e-04 2.6774000e-04
     33     84 1.0000000e+00 6.6540000e-04 2.6774000e-04
     33     85 0.0000000e+00 8.0460000e-04 2.9620000e-04
     33     86 0.0000000e+00 1.7505000e-04 6.1404000e-05
     33     87 0.0000000e+00 6.3711000e-05 2.3553000e-05
     33     88 0.0000000e+00 6.5581000e-06 2.5893000e-06
     33     89 0.0000000e+00 1.1475000e-06 4.4975000e-07
     34     74 0.0000000e+00 0.0000000e+00 0.0000000e+00
     34     76 0.0000000e+00 2.3341000e-11 1.9608000e-11
     34     77 0.0000000e+00 3.0885000e-10 1.1329000e-10
     34     77 1.0000000e+00 2.0203000e-09 7.4111000e-10
     34     78 0.0000000e+00 1.3610000e-07 5.2468000e-08
     34     79 0.0000000e+00 5.4861000e-06 2.1112000e-06
     34     79 1.0000000e+00 8.3867000e-07 3.2275000e-07
     34     80 0.0000000e+00 1.1401000e-04 4.1154000e-05
     34     81 0.0000000e+00 9.7486000e-05 2.7712000e-05
     34     81 1.0000000e+00 6.3770000e-04 1.8128000e-04
     34     82 0.0000000e+00 2.7230000e-03 5.3466000e-04
     34     83 0.0000000e+00 6.0984000e-03 7.0651000e-04
     34     83 1.0000000e+00 1.4101000e-03 1.6336000e-04
     34     84 0.0000000e+00 1.3659000e-02 9.9079000e-04
     34     85 0.0000000e+00 1.2458000e-02 1.8973000e-03
     34     86 0.0000000e+00 9.4663000e-03 2.3221000e-03
     34     87 0.0000000e+00 4.2060000e-03 1.5274000e-03
     34     88 0.0000000e+00 1.6013000e-03 6.4790000e-04
     34     89 0.0000000e+00 2.9415000e-04 1.1604000e-04
     34     90 0.0000000e+00 6.5336000e-05 2.3954000e-05
     34     91 0.0000000e+00 2.4016000e-07 8.4581000e-08
     34     92 0.0000000e+00 7.5473000e-09 2.7104000e-09
     35     78 0.0000000e+00 1.4269000e-11 5.5017000e-12
     35     79 0.0000000e+00 3.1625000e-10 1.2215000e-10
     35     79 1.0000000e+00 1.0346000e-09 3.9963000e-10
     35     80 0.0000000e+00 1.6034000e-08 6.0157000e-09
     35     80 1.0000000e+00 4.8386000e-08 1.8153000e-08
     35     81 0.0000000e+00 5.3673000e-06 1.8768000e-06
     35     82 0.0000000e+00 2.1545000e-05 7.8728000e-06
     35     82 1.0000000e+00 9.1986000e-06 3.3612000e-06
     35     83 0.0000000e+00 3.1428000e-04 1.2242000e-04
     35     84 0.0000000e+00 8.5670000e-04 3.0815000e-04
     35     84 1.0000000e+00 8.5670000e-04 3.0815000e-04
     35     85 0.0000000e+00 7.7711000e-03 1.7766000e-03
     35     86 0.0000000e+00 1.3734000e-02 2.5306000e-03
     35     87 0.0000000e+00 1.7383000e-02 3.5101000e-03
     35     88 0.0000000e+00 1.1908000e-02 3.7409000e-03
     35     89 0.0000000e+00 7.9011000e-03 2.8970000e-03
     35     90 0.0000000e+00 2.4294000e-03 8.8887000e-04
     35     91 0.0000000e+00 8.1244000e-04 2.8636000e-04
     35     92 0.0000000e+00 5.5910000e-05 2.0082000e-05
     35     93 0.0000000e+00 1.2171000e-05 4.4621000e-06
     35     94 0.0000000e+00 3.7270000e-08 1.3775000e-08
     36     80 0.0000000e+00 0.0000000e+00 0.0000000e+00
     36     81 0.0000000e+00 3.5504000e-10 1.2433000e-10
     36     81 1.0000000e+00 5.4276000e-11 1.9007000e-11
     36     82 0.0000000e+00 9.5882000e-07 3.5235000e-07
     36     83 0.0000000e+00 8.9772000e-06 3.6175000e-06
     36     83 1.0000000e+00 2.0757000e-06 8.3644000e-07
     36     84 0.0000000e+00 1.2333000e-04 4.9320000e-05
     36     85 0.0000000e+00 7.7743000e-04 2.6475000e-04
     36     85 1.0000000e+00 1.7976000e-04 6.1217000e-05
     36     86 0.0000000e+00 7.3221000e-03 1.8442000e-03
     36     87 0.0000000e+00 1.7883000e-02 3.4133000e-03
     36     88 0.0000000e+00 3.9042000e-02 4.1035000e-03
     36     89 0.0000000e+00 4.5419000e-02 4.6686000e-03
     36     90 0.0000000e+00 4.1201000e-02 5.4335000e-03
     36     91 0.0000000e+00 2.1584000e-02 5.1792000e-03
     36     92 0.0000000e+00 9.0397000e-03 2.9493000e-03
     36     93 0.0000000e+00 2.2692000e-03 8.2281000e-04
     36     94 0.0000000e+00 4.9248000e-04 1.8185000e-04
     36     95 0.0000000e+00 4.6650000e-05 1.6201000e-05
     36     96 0.0000000e+00 2.6250000e-06 9.0095000e-07
     36     97 0.0000000e+00 4.4799000e-09 1.6027000e-09
     37     84 0.0000000e+00 3.5969000e-09 1.4522000e-09
     37     84 1.0000000e+00 6.4701000e-09 2.6122000e-09
     37     85 0.0000000e+00 6.8825000e-07 2.4785000e-07
     37     86 0.0000000e+00 8.6224000e-06 2.9921000e-06
     37     86 1.0000000e+00 1.5510000e-05 5.3822000e-06
     37     87 0.0000000e+00 4.0978000e-04 1.4879000e-04
     37     88 0.0000000e+00 1.8171000e-03 6.8992000e-04
     37     89 0.0000000e+00 8.8753000e-03 2.9447000e-03
     37     90 0.0000000e+00 1.9091000e-03 4.8927000e-04
     37     90 1.0000000e+00 1.6956000e-02 4.3454000e-03
     37     91 0.0000000e+00 3.1486000e-02 5.6548000e-03
     37     92 0.0000000e+00 2.6158000e-02 5.5566000e-03
     37     93 0.0000000e+00 2.1278000e-02 5.4620000e-03
     37     94 0.0000000e+00 8.5855000e-03 2.9509000e-03
     37     95 0.0000000e+00 3.8019000e-03 1.2960000e-03
     37     96 0.0000000e+00 3.0559000e-04 1.0475000e-04
     37     96 1.0000000e+00 3.0559000e-04 1.0475000e-04
     37     97 0.0000000e+00 1.2476000e-04 4.4643000e-05
     37     98 0.0000000e+00 2.2143000e-06 8.6620000e-07
     37     98 1.0000000e+00 2.2143000e-06 8.6620000e-07
     37     99 0.0000000e+00 4.1045000e-08 1.5764000e-08
     38     84 0.0000000e+00 0.0000000e+00 0.0000000e+00
     38     86 0.0000000e+00 3.5985000e-09 1.2501000e-09
     38     87 0.0000000e+00 1.7652000e-06 6.4940000e-07
     38     87 1.0000000e+00 4.0817000e-07 1.5016000e-07
     38     88 0.0000000e+00 9.0889000e-05 3.5782000e-05
     38     89 0.0000000e+00 5.2829000e-04 2.0475000e-04
     38     90 0.0000000e+00 4.2483000e-03 1.4339000e-03
     38     91 0.0000000e+00 1.1831000e-02 3.3186000e-03
     38     92 0.0000000e+00 3.0045000e-02 5.4788000e-03
     38     93 0.0000000e+00 4.2780000e-02 5.8173000e-03
     38     94 0.0000000e+00 5.0848000e-02 4.5948000e-03
     38     95 0.0000000e+00 3.4294000e-02 5.3626000e-03
     38     96 0.0000000e+00 1.9020000e-02 4.6574000e-03
     38     97 0.0000000e+00 6.9823000e-03 2.4045000e-03
     38     98 0.0000000e+00 2.0382000e-03 7.9944000e-04
     38     99 0.0000000e+00 3.1668000e-04 1.2176000e-04
     38    100 0.0000000e+00 5.2292000e-05 1.9591000e-05
     38    101 0.0000000e+00 4.7801000e-06 1.7371000e-06
     38    102 0.0000000e+00 3.7856000e-09 1.3367000e-09
     39     89 0.0000000e+00 2.1554000e-07 8.4463000e-08
     39     89 1.0000000e+00 9.3216000e-07 3.6529000e-07
     39     90 0.0000000e+00 3.4455000e-06 1.2610000e-06
     39     90 1.0000000e+00 4.8891000e-06 1.7893000e-06
     39     91 0.0000000e+00 2.3565000e-05 8.2732000e-06
     39     91 1.0000000e+00 1.0192000e-04 3.5780000e-05
     39     92 0.0000000e+00 5.1873000e-04 1.8411000e-04
     39     93 0.0000000e+00 4.4477000e-04 1.5240000e-04
     39     93 1.0000000e+00 2.9094000e-03 9.9690000e-04
     39     94 0.0000000e+00 8.1589000e-03 2.5876000e-03
     39     95 0.0000000e+00 2.3170000e-02 4.9166000e-03
     39     96 0.0000000e+00 8.9564000e-03 1.7433000e-03
     39     96 1.0000000e+00 1.6111000e-02 3.1357000e-03
     39     97 0.0000000e+00 4.7055000e-03 8.9757000e-04
     39     97 1.0000000e+00 1.6038000e-02 3.0593000e-03
     39     97 2.0000000e+00 4.3096000e-03 8.2206000e-04
     39     98 0.0000000e+00 2.4189000e-03 7.6052000e-04
     39     98 1.0000000e+00 1.0173000e-02 3.1985000e-03
     39     99 0.0000000e+00 7.6813000e-03 2.6961000e-03
     39    100 0.0000000e+00 1.1842000e-03 4.3677000e-04
     39    100 1.0000000e+00 1.1842000e-03 4.3677000e-04
     39    101 0.0000000e+00 6.3052000e-04 2.2716000e-04
     39    102 0.0000000e+00 3.4860000e-05 1.2290000e-05
     39    102 1.0000000e+00 3.4860000e-05 1.2290000e-05
     39    103 0.0000000e+00 1.2348000e-05 4.4477000e-06
     39    104 0.0000000e+00 7.8111000e-09 2.8438000e-09
     39    105 0.0000000e+00 1.6705000e-10 5.9764000e-11
     40     90 0.0000000e+00 0.0000000e+00 0.0000000e+00
     40     90 1.0000000e+00 0.0000000e+00 0.0000000e+00
     40     91 0.0000000e+00 2.2777000e-06 8.0210000e-07
     40     92 0.0000000e+00 1.5994000e-05 5.7408000e-06
     40     93 0.0000000e+00 1.1695000e-04 4.2718000e-05
     40     94 0.0000000e+00 8.6854000e-04 3.1334000e-04
     40     95 0.0000000e+00 3.3479000e-03 1.0648000e-03
     40     96 0.0000000e+00 1.2858000e-02 3.1391000e-03
     40     97 0.0000000e+00 2.2644000e-02 4.3894000e-03
     40     98 0.0000000e+00 3.4206000e-02 4.3074000e-03
     40     99 0.0000000e+00 3.0947000e-02 3.7680000e-03
     40    100 0.0000000e+00 2.6867000e-02 3.4709000e-03
     40    101 0.0000000e+00 1.0937000e-02 2.6142000e-03
     40    102 0.0000000e+00 4.5201000e-03 1.3301000e-03
     40    103 0.0000000e+00 7.7578000e-04 2.6890000e-04
     40    104 0.0000000e+00 1.2396000e-04 4.4717000e-05
     40    105 0.0000000e+00 8.4217000e-06 3.0093000e-06
     40    106 0.0000000e+00 2.0997000e-06 7.4631000e-07
     40    107 0.0000000e+00 1.5867000e-10 5.6264000e-11
     41     94 0.0000000e+00 1.7110000e-08 6.3241000e-09
     41     94 1.0000000e+00 1.2058000e-08 4.4569000e-09
     41     95 0.0000000e+00 1.1849000e-05 4.1133000e-06
     41     95 1.0000000e+00 2.7398000e-06 9.5109000e-07
     41     96 0.0000000e+00 9.1999000e-05 3.1496000e-05
     41     97 0.0000000e+00 5.1660000e-04 1.8196000e-04
     41     97 1.0000000e+00 1.1945000e-04 4.2073000e-05
     41     98 0.0000000e+00 4.5574000e-04 1.7108000e-04
     41     98 1.0000000e+00 1.3753000e-03 5.1626000e-04
     41     99 0.0000000e+00 5.4040000e-03 1.7435000e-03
     41     99 1.0000000e+00 1.2495000e-03 4.0315000e-04
     41    100 0.0000000e+00 2.1901000e-03 5.8151000e-04
     41    100 1.0000000e+00 9.2109000e-03 2.4456000e-03
     41    101 0.0000000e+00 1.5705000e-02 2.8028000e-03
     41    102 0.0000000e+00 5.9135000e-03 1.0441000e-03
     41    102 1.0000000e+00 5.9135000e-03 1.0441000e-03
     41    103 0.0000000e+00 7.2665000e-03 1.4740000e-03
     41    104 0.0000000e+00 1.1824000e-03 3.4737000e-04
     41    104 1.0000000e+00 1.1824000e-03 3.4737000e-04
     41    105 0.0000000e+00 6.9234000e-04 2.2178000e-04
     41    106 0.0000000e+00 1.2607000e-04 4.3206000e-05
     41    107 0.0000000e+00 4.9244000e-06 1.7409000e-06
     41    108 0.0000000e+00 2.4880000e-08 8.8595000e-09
     41    109 0.0000000e+00 5.7153000e-10 2.1580000e-10
     41    110 0.0000000e+00 9.2339000e-12 3.5116000e-12
     42     94 0.0000000e+00 0.0000000e+00 0.0000000e+00
     42     95 0.0000000e+00 0.0000000e+00 0.0000000e+00
     42     96 0.0000000e+00 4.5632000e-09 1.5661000e-09
     42     97 0.0000000e+00 7.6530000e-06 2.7377000e-06
     42     98 0.0000000e+00 9.5890000e-05 3.7487000e-05
     42     99 0.0000000e+00 4.5590000e-04 1.7445000e-04
     42    100 0.0000000e+00 2.1310000e-03 7.7448000e-04
     42    101 0.0000000e+00 4.1183000e-03 1.3379000e-03
     42    102 0.0000000e+00 7.9318000e-03 1.8724000e-03
     42    103 0.0000000e+00 7.2557000e-03 1.4884000e-03
     42    104 0.0000000e+00 6.4806000e-03 8.1833000e-04
     42    105 0.0000000e+00 2.9485000e-03 4.5485000e-04
     42    106 0.0000000e+00 1.3038000e-03 2.4246000e-04
     42    107 0.0000000e+00 2.6990000e-04 7.8469000e-05
     42    108 0.0000000e+00 9.0791000e-05 2.9670000e-05
     42    109 0.0000000e+00 6.3080000e-06 2.3596000e-06
     42    110 0.0000000e+00 1.0439000e-07 3.9691000e-08
     42    111 0.0000000e+00 1.8721000e-09 6.8938000e-10
     42    112 0.0000000e+00 3.3709000e-11 1.1941000e-11
     43     99 0.0000000e+00 1.9960000e-06 7.6655000e-07
     43     99 1.0000000e+00 4.6152000e-07 1.7724000e-07
     43    100 0.0000000e+00 2.8553000e-06 1.0694000e-06
     43    101 0.0000000e+00 3.8247000e-05 1.3884000e-05
     43    102 0.0000000e+00 1.0368000e-04 3.6342000e-05
     43    102 1.0000000e+00 1.0368000e-04 3.6342000e-05
     43    103 0.0000000e+00 5.8022000e-04 2.0298000e-04
     43    104 0.0000000e+00 8.5080000e-04 2.8992000e-04
     43    105 0.0000000e+00 1.3089000e-03 3.7257000e-04
     43    106 0.0000000e+00 9.0093000e-04 2.2581000e-04
     43    107 0.0000000e+00 6.1548000e-04 1.0794000e-04
     43    108 0.0000000e+00 3.5132000e-04 7.7139000e-05
     43    109 0.0000000e+00 1.1972000e-04 3.6227000e-05
     43    110 0.0000000e+00 3.8293000e-05 1.3672000e-05
     43    111 0.0000000e+00 9.3484000e-06 3.3566000e-06
     43    112 0.0000000e+00 3.2261000e-06 1.1246000e-06
     43    113 0.0000000e+00 8.3899000e-09 4.8935000e-09
     43    114 0.0000000e+00 2.0142000e-10 1.5369000e-10
     43    115 0.0000000e+00 6.4318000e-12 2.4743000e-12
     43    118 0.0000000e+00 1.9877000e-11 6.9680000e-12
     44     99 0.0000000e+00 0.0000000e+00 0.0000000e+00
     44    100 0.0000000e+00 0.0000000e+00 0.0000000e+00
     44    101 0.0000000e+00 1.6751000e-09 6.0877000e-10
     44    102 0.0000000e+00 3.1710000e-06 1.1195000e-06
     44    103 0.0000000e+00 2.9597000e-06 1.0660000e-06
     44    103 1.0000000e+00 7.1452000e-06 2.5734000e-06
     44    104 0.0000000e+00 5.2211000e-05 1.8923000e-05
     44    105 0.0000000e+00 1.1141000e-04 3.9160000e-05
     44    106 0.0000000e+00 2.1923000e-04 7.2793000e-05
     44    107 0.0000000e+00 2.6928000e-04 7.7930000e-05
     44    108 0.0000000e+00 3.5290000e-04 7.7138000e-05
     44    109 0.0000000e+00 2.5568000e-04 4.6669000e-05
     44    110 0.0000000e+00 2.5846000e-04 4.3199000e-05
     44    111 0.0000000e+00 1.3703000e-04 2.6359000e-05
     44    112 0.0000000e+00 5.0518000e-05 1.2678000e-05
     44    113 0.0000000e+00 9.8690000e-06 5.5575000e-06
     44    113 1.0000000e+00 9.8690000e-06 5.5575000e-06
     44    114 0.0000000e+00 5.9827000e-06 4.5381000e-06
     44    115 0.0000000e+00 4.1432000e-08 1.5936000e-08
     44    116 0.0000000e+00 2.1637000e-09 1.3205000e-09
     44    117 0.0000000e+00 3.2855000e-11 1.1980000e-11
     44    118 0.0000000e+00 1.5161000e-07 5.3111000e-08
     44    119 0.0000000e+00 6.0647000e-09 2.2257000e-09
     44    120 0.0000000e+00 2.9422000e-10 1.1035000e-10
     45    103 0.0000000e+00 0.0000000e+00 0.0000000e+00
     45    103 1.0000000e+00 0.0000000e+00 0.0000000e+00
     45    104 0.0000000e+00 6.8619000e-10 2.4982000e-10
     45    104 1.0000000e+00 2.0707000e-09 7.5388000e-10
     45    105 0.0000000e+00 6.9554000e-08 2.4883000e-08
     45    105 1.0000000e+00 1.0633000e-08 3.8039000e-09
     45    106 0.0000000e+00 1.8744000e-07 6.6650000e-08
     45    106 1.0000000e+00 4.3903000e-07 1.5611000e-07
     45    107 0.0000000e+00 9.8513000e-06 3.4711000e-06
     45    108 0.0000000e+00 2.9529000e-06 1.0402000e-06
     45    108 1.0000000e+00 8.9111000e-06 3.1391000e-06
     45    109 0.0000000e+00 4.1033000e-05 1.4501000e-05
     45    110 0.0000000e+00 9.3390000e-05 2.9707000e-05
     45    110 1.0000000e+00 2.4930000e-06 7.9300000e-07
     45    111 0.0000000e+00 9.0442000e-05 2.4012000e-05
     45    112 0.0000000e+00 3.0654000e-05 6.8260000e-06
     45    112 1.0000000e+00 3.0654000e-05 6.8260000e-06
     45    113 0.0000000e+00 7.6880000e-05 3.8404000e-05
     45    114 0.0000000e+00 2.7908000e-05 2.0080000e-05
     45    114 1.0000000e+00 2.7908000e-05 2.0080000e-05
     45    115 0.0000000e+00 3.2736000e-05 1.1246000e-05
     45    116 0.0000000e+00 1.2364000e-06 7.4997000e-07
     45    116 1.0000000e+00 2.8959000e-06 1.7566000e-06
     45    117 0.0000000e+00 1.0584000e-06 3.8411000e-07
     45    118 0.0000000e+00 1.2448000e-05 4.1034000e-06
     45    119 0.0000000e+00 4.0050000e-06 1.4452000e-06
     45    120 0.0000000e+00 3.8894000e-07 1.4568000e-07
     45    121 0.0000000e+00 3.9107000e-08 1.4404000e-08
     45    122 0.0000000e+00 1.1969000e-09 4.2948000e-10
     46    104 0.0000000e+00 0.0000000e+00 0.0000000e+00
     46    105 0.0000000e+00 0.0000000e+00 0.0000000e+00
     46    106 0.0000000e+00 9.9045000e-11 3.5226000e-11
     46    107 0.0000000e+00 8.2657000e-10 2.9310000e-10
     46    107 1.0000000e+00 1.5534000e-09 5.5084000e-10
     46    108 0.0000000e+00 6.9946000e-08 2.4906000e-08
     46    109 0.0000000e+00 1.0956000e-06 4.1169000e-07
     46    109 1.0000000e+00 2.0591000e-06 7.7371000e-07
     46    110 0.0000000e+00 9.5809000e-06 3.5879000e-06
     46    111 0.0000000e+00 4.8723000e-06 1.7256000e-06
     46    111 1.0000000e+00 9.1567000e-06 3.2431000e-06
     46    112 0.0000000e+00 3.0125000e-05 8.9430000e-06
     46    113 0.0000000e+00 1.8884000e-05 9.6985000e-06
     46    113 1.0000000e+00 4.5587000e-05 2.3413000e-05
     46    114 0.0000000e+00 1.0676000e-04 7.2205000e-05
     46    115 0.0000000e+00 4.9904000e-05 6.3368000e-06
     46    115 1.0000000e+00 9.3786000e-05 1.1909000e-05
     46    116 0.0000000e+00 1.2392000e-04 6.0062000e-05
     46    117 0.0000000e+00 1.6901000e-05 4.6372000e-06
     46    117 1.0000000e+00 3.1764000e-05 8.7149000e-06
     46    118 0.0000000e+00 2.9888000e-05 8.8978000e-06
     46    119 0.0000000e+00 6.9313000e-06 2.4693000e-06
     46    120 0.0000000e+00 2.6789000e-06 9.9507000e-07
     46    121 0.0000000e+00 8.8604000e-06 3.1601000e-06
     46    122 0.0000000e+00 2.2243000e-06 7.9191000e-07
     46    123 0.0000000e+00 1.5269000e-07 8.9963000e-08
     46    124 0.0000000e+00 1.8224000e-08 6.4486000e-09
     47    109 0.0000000e+00 1.8483000e-11 6.9791000e-12
     47    109 1.0000000e+00 1.2091000e-10 4.5654000e-11
     47    110 0.0000000e+00 1.1134000e-09 4.2340000e-10
     47    110 1.0000000e+00 2.6078000e-09 9.9170000e-10
     47    111 0.0000000e+00 1.0050000e-08 3.7001000e-09
     47    111 1.0000000e+00 6.5742000e-08 2.4204000e-08
     47    112 0.0000000e+00 4.0345000e-07 1.4263000e-07
     47    113 0.0000000e+00 1.3781000e-07 8.0231000e-08
     47    113 1.0000000e+00 9.0149000e-07 5.2483000e-07
     47    114 0.0000000e+00 1.3412000e-06 1.0160000e-06
     47    114 1.0000000e+00 5.6405000e-06 4.2730000e-06
     47    115 0.0000000e+00 2.5220000e-06 9.1099000e-07
     47    115 1.0000000e+00 1.6498000e-05 5.9592000e-06
     47    116 0.0000000e+00 1.0823000e-05 6.2365000e-06
     47    116 1.0000000e+00 2.5350000e-05 1.4608000e-05
     47    117 0.0000000e+00 1.1090000e-05 2.0375000e-06
     47    117 1.0000000e+00 7.2546000e-05 1.3328000e-05
     47    118 0.0000000e+00 1.2279000e-05 2.7318000e-06
     47    118 1.0000000e+00 5.1643000e-05 1.1489000e-05
     47    119 0.0000000e+00 1.0720000e-05 2.2392000e-06
     47    119 1.0000000e+00 7.0125000e-05 1.4648000e-05
     47    120 0.0000000e+00 1.4946000e-05 4.8198000e-06
     47    120 1.0000000e+00 2.1208000e-05 6.8392000e-06
     47    121 0.0000000e+00 2.6891000e-05 8.9116000e-06
     47    122 0.0000000e+00 5.3599000e-06 1.8531000e-06
     47    122 1.0000000e+00 4.8281000e-06 1.6692000e-06
     47    123 0.0000000e+00 7.6884000e-06 4.4866000e-06
     47    124 0.0000000e+00 1.4663000e-06 5.1573000e-07
     47    124 1.0000000e+00 1.3209000e-06 4.6456000e-07
     47    125 0.0000000e+00 3.6833000e-06 1.3658000e-06
     47    126 0.0000000e+00 3.7153000e-07 1.8502000e-07
     47    127 0.0000000e+00 3.9891000e-08 1.7561000e-08
     47    128 0.0000000e+00 1.3648000e-09 5.6809000e-10
     48    110 0.0000000e+00 0.0000000e+00 0.0000000e+00
     48    111 0.0000000e+00 1.5936000e-12 5.8684000e-13
     48    111 1.0000000e+00 5.2139000e-12 1.9200000e-12
     48    112 0.0000000e+00 3.4833000e-10 1.2339000e-10
     48    113 0.0000000e+00 1.9679000e-09 1.1478000e-09
     48    113 1.0000000e+00 6.4384000e-09 3.7553000e-09
     48    114 0.0000000e+00 2.2775000e-07 1.7373000e-07
     48    115 0.0000000e+00 2.4730000e-07 9.4825000e-08
     48    115 1.0000000e+00 8.0910000e-07 3.1024000e-07
     48    116 0.0000000e+00 6.1998000e-06 3.7481000e-06
     48    117 0.0000000e+00 4.2133000e-06 1.4072000e-06
     48    117 1.0000000e+00 1.3785000e-05 4.6039000e-06
     48    118 0.0000000e+00 4.9519000e-05 1.2720000e-05
     48    119 0.0000000e+00 1.8961000e-05 4.7119000e-06
     48    119 1.0000000e+00 4.5773000e-05 1.1375000e-05
     48    120 0.0000000e+00 1.1925000e-04 1.6637000e-05
     48    121 0.0000000e+00 3.5022000e-05 4.9983000e-06
     48    121 1.0000000e+00 8.4548000e-05 1.2067000e-05
     48    122 0.0000000e+00 1.0693000e-04 1.8915000e-05
     48    123 0.0000000e+00 2.1157000e-05 1.1259000e-05
     48    123 1.0000000e+00 5.1077000e-05 2.7181000e-05
     48    124 0.0000000e+00 1.2109000e-04 2.9270000e-05
     48    125 0.0000000e+00 7.1260000e-05 2.2646000e-05
     48    125 1.0000000e+00 1.7203000e-04 5.4671000e-05
     48    126 0.0000000e+00 1.4837000e-04 7.2321000e-05
     48    127 0.0000000e+00 4.8386000e-05 2.1213000e-05
     48    128 0.0000000e+00 1.7378000e-05 7.2296000e-06
     48    129 0.0000000e+00 1.3047000e-06 4.9937000e-07
     48    129 1.0000000e+00 3.1497000e-06 1.2055000e-06
     48    130 0.0000000e+00 4.1774000e-08 1.5088000e-08
     48    131 0.0000000e+00 9.9123000e-10 3.4836000e-10
     49    113 0.0000000e+00 0.0000000e+00 0.0000000e+00
     49    114 0.0000000e+00 8.0215000e-12 6.1205000e-12
     49    114 1.0000000e+00 1.2295000e-11 9.3811000e-12
     49    114 2.0000000e+00 1.1908000e-11 9.0860000e-12
     49    115 0.0000000e+00 1.7709000e-09 6.8124000e-10
     49    115 1.0000000e+00 4.0948000e-10 1.5752000e-10
     49    116 0.0000000e+00 7.7674000e-09 4.7403000e-09
     49    116 1.0000000e+00 1.1906000e-08 7.2657000e-09
     49    116 2.0000000e+00 1.1531000e-08 7.0371000e-09
     49    117 0.0000000e+00 4.3304000e-07 1.5752000e-07
     49    117 1.0000000e+00 1.0013000e-07 3.6422000e-08
     49    118 0.0000000e+00 2.5662000e-07 8.9524000e-08
     49    118 1.0000000e+00 3.9333000e-07 1.3722000e-07
     49    118 2.0000000e+00 3.8096000e-07 1.3290000e-07
     49    119 0.0000000e+00 2.8153000e-06 1.0181000e-06
     49    119 1.0000000e+00 6.5097000e-07 2.3541000e-07
     49    120 0.0000000e+00 6.2524000e-06 2.1798000e-06
     49    120 1.0000000e+00 6.2524000e-06 2.1798000e-06
     49    120 2.0000000e+00 6.2524000e-06 2.1798000e-06
     49    121 0.0000000e+00 2.5501000e-05 8.2763000e-06
     49    121 1.0000000e+00 5.8964000e-06 1.9137000e-06
     49    122 0.0000000e+00 2.3179000e-05 6.4577000e-06
     49    122 1.0000000e+00 1.6445000e-05 4.5816000e-06
     49    122 2.0000000e+00 1.6445000e-05 4.5816000e-06
     49    123 0.0000000e+00 7.6222000e-05 3.9121000e-05
     49    123 1.0000000e+00 1.7624000e-05 9.0458000e-06
     49    124 0.0000000e+00 6.3069000e-05 1.5323000e-05
     49    124 1.0000000e+00 5.6811000e-05 1.3802000e-05
     49    125 0.0000000e+00 4.5070000e-04 1.0306000e-04
     49    125 1.0000000e+00 1.0421000e-04 2.3830000e-05
     49    126 0.0000000e+00 4.4673000e-04 1.9066000e-04
     49    126 1.0000000e+00 4.0241000e-04 1.7174000e-04
     49    127 0.0000000e+00 8.0417000e-04 3.1679000e-04
     49    127 1.0000000e+00 1.8594000e-04 7.3249000e-05
     49    128 0.0000000e+00 2.9453000e-04 1.1801000e-04
     49    128 1.0000000e+00 1.1989000e-04 4.8039000e-05
     49    128 2.0000000e+00 3.7330000e-04 1.4958000e-04
     49    129 0.0000000e+00 3.9302000e-04 1.4818000e-04
     49    129 1.0000000e+00 9.0876000e-05 3.4262000e-05
     49    130 0.0000000e+00 2.7825000e-05 1.0023000e-05
     49    130 1.0000000e+00 3.1078000e-05 1.1194000e-05
     49    130 2.0000000e+00 5.2877000e-05 1.9047000e-05
     49    131 0.0000000e+00 6.3267000e-06 2.2226000e-06
     49    131 1.0000000e+00 6.3267000e-06 2.2226000e-06
     49    131 2.0000000e+00 6.3267000e-06 2.2226000e-06
     49    132 0.0000000e+00 3.0245000e-07 1.1040000e-07
     49    133 0.0000000e+00 9.9308000e-09 3.6063000e-09
     49    133 1.0000000e+00 2.2962000e-09 8.3385000e-10
     50    114 0.0000000e+00 0.0000000e+00 0.0000000e+00
     50    115 0.0000000e+00 0.0000000e+00 0.0000000e+00
     50    116 0.0000000e+00 6.5967000e-12 4.0260000e-12
     50    117 0.0000000e+00 4.9035000e-11 1.7879000e-11
     50    117 1.0000000e+00 1.6042000e-10 5.8495000e-11
     50    118 0.0000000e+00 0.0000000e+00 0.0000000e+00
     50    119 0.0000000e+00 0.0000000e+00 0.0000000e+00
     50    119 1.0000000e+00 0.0000000e+00 0.0000000e+00
     50    120 0.0000000e+00 6.8427000e-11 2.5665000e-11
     50    121 0.0000000e+00 5.6820000e-10 2.0930000e-10
     50    121 1.0000000e+00 1.3717000e-09 5.0529000e-10
     50    122 0.0000000e+00 2.2089000e-05 7.2773000e-06
     50    123 0.0000000e+00 2.2849000e-05 1.2888000e-05
     50    123 1.0000000e+00 9.4648000e-06 5.3384000e-06
     50    124 0.0000000e+00 8.0929000e-05 2.2948000e-05
     50    125 0.0000000e+00 2.5151000e-04 7.2287000e-05
     50    125 1.0000000e+00 1.0418000e-04 2.9943000e-05
     50    126 0.0000000e+00 1.3355000e-03 5.0044000e-04
     50    127 0.0000000e+00 2.2411000e-03 5.6249000e-04
     50    127 1.0000000e+00 9.2832000e-04 2.3300000e-04
     50    128 0.0000000e+00 2.2508000e-03 3.9773000e-04
     50    128 1.0000000e+00 5.2719000e-03 9.3157000e-04
     50    129 0.0000000e+00 2.8043000e-03 5.3557000e-04
     50    129 1.0000000e+00 6.7700000e-03 1.2929000e-03
     50    130 0.0000000e+00 2.5298000e-03 5.8251000e-04
     50    130 1.0000000e+00 5.9254000e-03 1.3644000e-03
     50    131 0.0000000e+00 1.0887000e-03 3.3232000e-04
     50    131 1.0000000e+00 2.6282000e-03 8.0228000e-04
     50    132 0.0000000e+00 1.2656000e-03 4.4564000e-04
     50    133 0.0000000e+00 8.3682000e-05 3.0336000e-05
     50    134 0.0000000e+00 1.0463000e-05 3.6136000e-06
     50    135 0.0000000e+00 6.4813000e-08 2.3341000e-08
     50    136 0.0000000e+00 2.9289000e-09 1.0127000e-09
     51    121 0.0000000e+00 0.0000000e+00 0.0000000e+00
     51    122 0.0000000e+00 2.1011000e-12 7.5395000e-13
     51    122 1.0000000e+00 2.3817000e-12 8.5465000e-13
     51    123 0.0000000e+00 4.5197000e-10 2.6635000e-10
     51    124 0.0000000e+00 4.9797000e-07 1.7567000e-07
     51    124 1.0000000e+00 3.8076000e-07 1.3432000e-07
     51    124 2.0000000e+00 5.1497000e-07 1.8167000e-07
     51    125 0.0000000e+00 1.4359000e-05 5.2923000e-06
     51    126 0.0000000e+00 2.4211000e-05 1.1938000e-05
     51    126 1.0000000e+00 1.7901000e-05 8.8265000e-06
     51    126 2.0000000e+00 2.3411000e-05 1.1544000e-05
     51    127 0.0000000e+00 3.3802000e-04 1.4389000e-04
     51    128 0.0000000e+00 6.0184000e-04 2.3026000e-04
     51    128 1.0000000e+00 1.0270000e-03 3.9290000e-04
     51    129 0.0000000e+00 3.8630000e-03 1.0566000e-03
     51    129 1.0000000e+00 2.3607000e-03 6.4564000e-04
     51    130 0.0000000e+00 5.7720000e-03 1.1745000e-03
     51    130 1.0000000e+00 5.7720000e-03 1.1745000e-03
     51    131 0.0000000e+00 1.7143000e-02 3.2007000e-03
     51    132 0.0000000e+00 7.2884000e-03 1.9538000e-03
     51    132 1.0000000e+00 5.3716000e-03 1.4400000e-03
     51    133 0.0000000e+00 7.5746000e-03 2.4734000e-03
     51    134 0.0000000e+00 3.7131000e-04 1.2752000e-04
     51    134 1.0000000e+00 8.6969000e-04 2.9870000e-04
     51    135 0.0000000e+00 1.6775000e-04 6.0392000e-05
     51    136 0.0000000e+00 1.1213000e-05 3.8773000e-06
     51    137 0.0000000e+00 1.6075000e-06 6.1598000e-07
     51    138 0.0000000e+00 8.3447000e-09 3.0696000e-09
     52    122 0.0000000e+00 0.0000000e+00 0.0000000e+00
     52    124 0.0000000e+00 0.0000000e+00 0.0000000e+00
     52    125 0.0000000e+00 7.4189000e-11 2.7565000e-11
     52    125 1.0000000e+00 2.4272000e-10 9.0185000e-11
     52    126 0.0000000e+00 1.7716000e-06 8.8209000e-07
     52    127 0.0000000e+00 4.6105000e-06 2.0266000e-06
     52    127 1.0000000e+00 1.1130000e-05 4.8924000e-06
     52    128 0.0000000e+00 1.0654000e-04 4.4131000e-05
     52    129 0.0000000e+00 2.6052000e-04 9.6678000e-05
     52    129 1.0000000e+00 6.2893000e-04 2.3339000e-04
     52    130 0.0000000e+00 4.7590000e-03 1.4718000e-03
     52    131 0.0000000e+00 4.3212000e-03 9.1086000e-04
     52    131 1.0000000e+00 1.0432000e-02 2.1989000e-03
     52    132 0.0000000e+00 3.2203000e-02 3.7458000e-03
     52    133 0.0000000e+00 1.2838000e-02 1.1976000e-03
     52    133 1.0000000e+00 3.0993000e-02 2.8912000e-03
     52    134 0.0000000e+00 3.6420000e-02 5.0115000e-03
     52    135 0.0000000e+00 1.0483000e-02 3.3936000e-03
     52    136 0.0000000e+00 3.9440000e-03 1.3779000e-03
     52    137 0.0000000e+00 7.1137000e-04 2.7382000e-04
     52    138 0.0000000e+00 1.1468000e-04 4.2222000e-05
     52    139 0.0000000e+00 7.6767000e-06 2.7062000e-06
     52    140 0.0000000e+00 1.1543000e-06 3.9755000e-07
     52    141 0.0000000e+00 1.7038000e-09 6.0530000e-10
     53    127 0.0000000e+00 1.4829000e-10 6.5282000e-11
     53    128 0.0000000e+00 1.1590000e-06 4.8242000e-07
     53    129 0.0000000e+00 2.2275000e-06 8.5255000e-07
     53    130 0.0000000e+00 1.8268000e-05 6.5918000e-06
     53    130 1.0000000e+00 7.7992000e-06 2.8143000e-06
     53    131 0.0000000e+00 3.1317000e-04 1.0904000e-04
     53    132 0.0000000e+00 1.1690000e-03 4.0663000e-04
     53    132 1.0000000e+00 8.6154000e-04 2.9970000e-04
     53    133 0.0000000e+00 5.2100000e-03 1.5837000e-03
     53    133 1.0000000e+00 3.1838000e-03 9.6775000e-04
     53    134 0.0000000e+00 1.3036000e-02 2.7191000e-03
     53    134 1.0000000e+00 9.6074000e-03 2.0040000e-03
     53    135 0.0000000e+00 3.3584000e-02 4.6848000e-03
     53    136 0.0000000e+00 7.4462000e-03 1.7549000e-03
     53    136 1.0000000e+00 1.7441000e-02 4.1103000e-03
     53    137 0.0000000e+00 1.1654000e-02 3.9666000e-03
     53    138 0.0000000e+00 3.4762000e-03 1.2646000e-03
     53    139 0.0000000e+00 1.5036000e-03 5.2796000e-04
     53    140 0.0000000e+00 2.6234000e-04 9.0361000e-05
     53    141 0.0000000e+00 3.6719000e-05 1.3046000e-05
     53    142 0.0000000e+00 4.2870000e-07 1.5823000e-07
     53    143 0.0000000e+00 1.2124000e-08 4.3557000e-09
     54    128 0.0000000e+00 0.0000000e+00 0.0000000e+00
     54    130 0.0000000e+00 8.7433000e-09 3.1580000e-09
     54    131 0.0000000e+00 3.0889000e-07 1.0856000e-07
     54    131 1.0000000e+00 7.4571000e-07 2.6207000e-07
     54    132 0.0000000e+00 2.3175000e-05 8.4460000e-06
     54    132 1.0000000e+00 2.6271000e-05 9.5740000e-06
     54    133 0.0000000e+00 1.1909000e-04 4.2757000e-05
     54    133 1.0000000e+00 2.8751000e-04 1.0322000e-04
     54    134 0.0000000e+00 7.9273000e-04 2.5623000e-04
     54    134 1.0000000e+00 1.8568000e-03 6.0015000e-04
     54    135 0.0000000e+00 3.0339000e-03 8.5269000e-04
     54    135 1.0000000e+00 7.3241000e-03 2.0585000e-03
     54    136 0.0000000e+00 4.9825000e-02 6.2446000e-03
     54    137 0.0000000e+00 4.6264000e-02 4.7521000e-03
     54    138 0.0000000e+00 4.3708000e-02 4.4184000e-03
     54    139 0.0000000e+00 2.5671000e-02 5.0104000e-03
     54    140 0.0000000e+00 1.6613000e-02 4.4225000e-03
     54    141 0.0000000e+00 5.9288000e-03 1.9963000e-03
     54    142 0.0000000e+00 1.4241000e-03 5.2236000e-04
     54    143 0.0000000e+00 1.6656000e-04 5.9814000e-05
     54    144 0.0000000e+00 1.5574000e-05 5.3004000e-06
     54    145 0.0000000e+00 4.2978000e-08 1.4743000e-08
     54    146 0.0000000e+00 9.7750000e-10 3.5055000e-10
     55    132 0.0000000e+00 1.1161000e-09 4.0738000e-10
     55    133 0.0000000e+00 1.3246000e-07 4.8101000e-08
     55    134 0.0000000e+00 1.8170000e-06 6.2757000e-07
     55    134 1.0000000e+00 1.3392000e-06 4.6253000e-07
     55    135 0.0000000e+00 3.0987000e-05 1.1144000e-05
     55    135 1.0000000e+00 1.8935000e-05 6.8099000e-06
     55    136 0.0000000e+00 3.9592000e-04 1.3561000e-04
     55    136 1.0000000e+00 2.3203000e-04 7.9472000e-05
     55    137 0.0000000e+00 4.6035000e-03 1.6273000e-03
     55    138 0.0000000e+00 4.8823000e-03 1.4584000e-03
     55    138 1.0000000e+00 6.9277000e-03 2.0695000e-03
     55    139 0.0000000e+00 2.4883000e-02 4.9468000e-03
     55    140 0.0000000e+00 2.7457000e-02 5.4582000e-03
     55    141 0.0000000e+00 2.8285000e-02 5.4640000e-03
     55    142 0.0000000e+00 1.5721000e-02 4.7159000e-03
     55    143 0.0000000e+00 6.6646000e-03 2.2696000e-03
     55    144 0.0000000e+00 8.2710000e-04 2.7876000e-04
     55    144 1.0000000e+00 8.2710000e-04 2.7876000e-04
     55    145 0.0000000e+00 2.5440000e-04 8.7113000e-05
     55    146 0.0000000e+00 2.6483000e-05 9.4959000e-06
     55    147 0.0000000e+00 9.0152000e-07 3.2743000e-07
     55    148 0.0000000e+00 1.8551000e-09 6.7693000e-10
     56    132 0.0000000e+00 0.0000000e+00 0.0000000e+00
     56    134 0.0000000e+00 0.0000000e+00 0.0000000e+00
     56    135 0.0000000e+00 3.8830000e-09 1.3983000e-09
     56    135 1.0000000e+00 9.3740000e-09 3.3758000e-09
     56    136 0.0000000e+00 5.5926000e-07 1.9336000e-07
     56    136 1.0000000e+00 1.3099000e-06 4.5290000e-07
     56    137 0.0000000e+00 1.9081000e-05 7.3017000e-06
     56    137 1.0000000e+00 4.6065000e-05 1.7627000e-05
     56    138 0.0000000e+00 1.2582000e-03 4.5191000e-04
     56    139 0.0000000e+00 4.9303000e-03 1.5754000e-03
     56    140 0.0000000e+00 2.0481000e-02 4.5940000e-03
     56    141 0.0000000e+00 2.7615000e-02 5.3141000e-03
     56    142 0.0000000e+00 4.8921000e-02 5.2066000e-03
     56    143 0.0000000e+00 4.2473000e-02 4.1428000e-03
     56    144 0.0000000e+00 2.6254000e-02 3.8511000e-03
     56    145 0.0000000e+00 9.9355000e-03 2.6934000e-03
     56    146 0.0000000e+00 2.7500000e-03 9.4819000e-04
     56    147 0.0000000e+00 6.1809000e-04 2.2269000e-04
     56    148 0.0000000e+00 8.8390000e-05 3.2215000e-05
     56    149 0.0000000e+00 3.2565000e-06 1.1385000e-06
     56    150 0.0000000e+00 8.6754000e-09 3.0271000e-09
     56    151 0.0000000e+00 9.2507000e-11 3.2660000e-11
     57    137 0.0000000e+00 1.9946000e-09 7.6431000e-10
     57    138 0.0000000e+00 9.0404000e-08 3.3255000e-08
     57    139 0.0000000e+00 2.5923000e-05 9.1311000e-06
     57    140 0.0000000e+00 1.5384000e-04 5.2780000e-05
     57    141 0.0000000e+00 1.0500000e-03 3.6371000e-04
     57    142 0.0000000e+00 2.4521000e-03 8.6068000e-04
     57    143 0.0000000e+00 9.9547000e-03 2.8427000e-03
     57    144 0.0000000e+00 1.5962000e-02 3.5333000e-03
     57    145 0.0000000e+00 1.7336000e-02 3.0169000e-03
     57    146 0.0000000e+00 3.4480000e-03 7.8195000e-04
     57    146 1.0000000e+00 6.2023000e-03 1.4065000e-03
     57    147 0.0000000e+00 5.1650000e-03 1.5178000e-03
     57    148 0.0000000e+00 1.8146000e-03 6.2709000e-04
     57    149 0.0000000e+00 4.3856000e-04 1.5035000e-04
     57    150 0.0000000e+00 5.5950000e-05 1.9430000e-05
     57    151 0.0000000e+00 9.9630000e-06 3.5129000e-06
     57    152 0.0000000e+00 1.7871000e-06 6.5393000e-07
     57    153 0.0000000e+00 2.7242000e-10 1.0453000e-10
     58    140 0.0000000e+00 1.1543000e-06 3.9755000e-07
     58    141 0.0000000e+00 1.5414000e-05 5.4722000e-06
     58    142 0.0000000e+00 1.7607000e-04 6.4510000e-05
     58    143 0.0000000e+00 5.6653000e-04 1.9887000e-04
     58    144 0.0000000e+00 3.2505000e-03 9.6716000e-04
     58    145 0.0000000e+00 6.8799000e-03 1.7102000e-03
     58    146 0.0000000e+00 1.3027000e-02 2.1674000e-03
     58    147 0.0000000e+00 1.2074000e-02 1.6344000e-03
     58    148 0.0000000e+00 9.6596000e-03 8.9333000e-04
     58    149 0.0000000e+00 4.6829000e-03 6.5921000e-04
     58    150 0.0000000e+00 1.8556000e-03 4.3406000e-04
     58    151 0.0000000e+00 5.5692000e-04 1.7636000e-04
     58    152 0.0000000e+00 8.3504000e-05 2.9871000e-05
     58    153 0.0000000e+00 9.0306000e-06 3.4550000e-06
     58    154 0.0000000e+00 2.7355000e-08 1.0115000e-08
     58    155 0.0000000e+00 2.9647000e-10 1.6151000e-10
     58    156 0.0000000e+00 4.4276000e-12 1.6264000e-12
     59    141 0.0000000e+00 0.0000000e+00 0.0000000e+00
     59    142 0.0000000e+00 4.6645000e-10 1.7216000e-10
     59    142 1.0000000e+00 1.0925000e-09 4.0324000e-10
     59    143 0.0000000e+00 1.2932000e-07 4.6460000e-08
     59    144 0.0000000e+00 6.0658000e-07 2.0633000e-07
     59    144 1.0000000e+00 5.3873000e-06 1.8325000e-06
     59    145 0.0000000e+00 5.3286000e-05 1.8175000e-05
     59    146 0.0000000e+00 1.8525000e-04 6.5093000e-05
     59    147 0.0000000e+00 7.0057000e-04 2.3498000e-04
     59    148 0.0000000e+00 2.7856000e-04 8.4989000e-05
     59    148 1.0000000e+00 1.1715000e-03 3.5743000e-04
     59    149 0.0000000e+00 2.4252000e-03 5.7457000e-04
     59    150 0.0000000e+00 2.2181000e-03 4.4355000e-04
     59    151 0.0000000e+00 1.6181000e-03 3.2284000e-04
     59    152 0.0000000e+00 6.5631000e-04 1.8018000e-04
     59    153 0.0000000e+00 2.3663000e-04 8.2005000e-05
     59    154 0.0000000e+00 3.0383000e-05 1.0751000e-05
     59    155 0.0000000e+00 1.9820000e-06 1.0776000e-06
     59    156 0.0000000e+00 1.0036000e-06 3.6653000e-07
     59    157 0.0000000e+00 6.1623000e-10 2.3540000e-10
     59    158 0.0000000e+00 6.3638000e-12 4.8740000e-12
     60    142 0.0000000e+00 0.0000000e+00 0.0000000e+00
     60    143 0.0000000e+00 0.0000000e+00 0.0000000e+00
     60    144 0.0000000e+00 0.0000000e+00 0.0000000e+00
     60    145 0.0000000e+00 1.1053000e-06 3.7912000e-07
     60    146 0.0000000e+00 1.9634000e-06 7.0393000e-07
     60    147 0.0000000e+00 1.6250000e-05 5.8899000e-06
     60    148 0.0000000e+00 1.0989000e-04 3.9524000e-05
     60    149 0.0000000e+00 2.9191000e-04 9.7731000e-05
     60    150 0.0000000e+00 8.2396000e-04 2.4334000e-04
     60    151 0.0000000e+00 1.2214000e-03 2.9705000e-04
     60    152 0.0000000e+00 1.2207000e-03 1.9240000e-04
     60    153 0.0000000e+00 1.0088000e-03 1.7258000e-04
     60    154 0.0000000e+00 3.1408000e-04 4.0344000e-05
     60    155 0.0000000e+00 1.0398000e-04 5.0219000e-05
     60    156 0.0000000e+00 2.4079000e-05 7.5250000e-06
     60    157 0.0000000e+00 5.5107000e-07 2.0952000e-07
     60    158 0.0000000e+00 5.0920000e-08 3.8994000e-08
     60    159 0.0000000e+00 3.8097000e-10 1.4583000e-10
     60    160 0.0000000e+00 4.5176000e-12 4.8131000e-12
     61    147 0.0000000e+00 6.0175000e-10 2.1855000e-10
     61    148 0.0000000e+00 5.9206000e-09 2.1604000e-09
     61    148 1.0000000e+00 1.3867000e-08 5.0602000e-09
     61    149 0.0000000e+00 8.1427000e-07 2.8468000e-07
     61    150 0.0000000e+00 2.5525000e-06 8.9019000e-07
     61    151 0.0000000e+00 2.7218000e-05 9.5460000e-06
     61    152 0.0000000e+00 8.9355000e-06 3.2167000e-06
     61    152 1.0000000e+00 1.7843000e-05 6.4234000e-06
     61    152 2.0000000e+00 1.9736000e-05 7.1049000e-06
     61    153 0.0000000e+00 1.2218000e-04 4.4478000e-05
     61    154 0.0000000e+00 5.2850000e-05 1.6386000e-05
     61    154 1.0000000e+00 5.2850000e-05 1.6386000e-05
     61    155 0.0000000e+00 1.1600000e-04 5.5070000e-05
     61    156 0.0000000e+00 4.9173000e-05 1.1916000e-05
     61    157 0.0000000e+00 2.7482000e-05 7.6553000e-06
     61    158 0.0000000e+00 1.2053000e-05 8.8902000e-06
     61    159 0.0000000e+00 2.4533000e-07 9.2443000e-08
     61    160 0.0000000e+00 5.8267000e-09 6.2073000e-09
     61    161 0.0000000e+00 2.7469000e-10 1.0754000e-10
     61    162 0.0000000e+00 2.5392000e-12 2.7375000e-12
     62    147 0.0000000e+00 0.0000000e+00 0.0000000e+00
     62    148 0.0000000e+00 0.0000000e+00 0.0000000e+00
     62    149 0.0000000e+00 0.0000000e+00 0.0000000e+00
     62    150 0.0000000e+00 1.7351000e-09 6.0542000e-10
     62    151 0.0000000e+00 9.0649000e-07 3.1997000e-07
     62    152 0.0000000e+00 7.0523000e-07 2.5810000e-07
     62    153 0.0000000e+00 3.3092000e-06 1.2637000e-06
     62    153 1.0000000e+00 7.9888000e-06 3.0509000e-06
     62    154 0.0000000e+00 1.8406000e-05 6.6257000e-06
     62    155 0.0000000e+00 2.0818000e-05 1.1091000e-05
     62    156 0.0000000e+00 4.0163000e-05 1.0825000e-05
     62    157 0.0000000e+00 3.9276000e-05 8.6266000e-06
     62    158 0.0000000e+00 3.0139000e-05 2.0875000e-05
     62    159 0.0000000e+00 4.6213000e-06 1.1419000e-06
     62    160 0.0000000e+00 2.5378000e-06 2.5756000e-06
     62    161 0.0000000e+00 6.0721000e-08 2.3064000e-08
     62    162 0.0000000e+00 4.6076000e-09 4.9634000e-09
     62    163 0.0000000e+00 1.1891000e-10 1.2775000e-10
     62    164 0.0000000e+00 3.0053000e-12 3.2319000e-12
     63    151 0.0000000e+00 0.0000000e+00 0.0000000e+00
     63    152 0.0000000e+00 1.9515000e-11 7.1438000e-12
     63    152 1.0000000e+00 4.6479000e-12 1.7015000e-12
     63    152 2.0000000e+00 2.1765000e-11 7.9677000e-12
     63    153 0.0000000e+00 2.8604000e-09 1.0976000e-09
     63    154 0.0000000e+00 1.1332000e-08 4.1899000e-09
     63    154 1.0000000e+00 1.0207000e-08 3.7742000e-09
     63    155 0.0000000e+00 2.8393000e-07 1.5463000e-07
     63    156 0.0000000e+00 9.5534000e-07 3.4899000e-07
     63    157 0.0000000e+00 4.6974000e-06 1.7210000e-06
     63    158 0.0000000e+00 2.0092000e-06 1.5294000e-06
     63    159 0.0000000e+00 4.6216000e-06 1.1419000e-06
     63    160 0.0000000e+00 1.2937000e-06 1.3454000e-06
     63    161 0.0000000e+00 7.5809000e-07 1.5276000e-07
     63    162 0.0000000e+00 9.8461000e-08 1.0424000e-07
     63    163 0.0000000e+00 1.9327000e-08 2.0554000e-08
     63    164 0.0000000e+00 9.4853000e-10 1.0186000e-09
     63    165 0.0000000e+00 5.8289000e-11 6.2830000e-11
     63    166 0.0000000e+00 1.0691000e-12 1.1476000e-12
     64    152 0.0000000e+00 0.0000000e+00 0.0000000e+00
     64    154 0.0000000e+00 0.0000000e+00 0.0000000e+00
     64    155 0.0000000e+00 1.7367000e-11 9.4616000e-12
     64    155 1.0000000e+00 4.1927000e-11 2.2841000e-11
     64    156 0.0000000e+00 1.6869000e-09 6.1966000e-10
     64    157 0.0000000e+00 1.6390000e-08 6.2599000e-09
     64    158 0.0000000e+00 2.0093000e-06 1.5294000e-06
     64    159 0.0000000e+00 2.3660000e-07 8.9206000e-08
     64    160 0.0000000e+00 4.2082000e-07 4.4490000e-07
     64    161 0.0000000e+00 3.7752000e-07 1.1769000e-07
     64    162 0.0000000e+00 3.0278000e-07 3.0794000e-07
     64    163 0.0000000e+00 9.1370000e-08 9.3363000e-08
     64    164 0.0000000e+00 3.0539000e-08 3.1314000e-08
     64    165 0.0000000e+00 3.3344000e-09 3.5441000e-09
     64    166 0.0000000e+00 4.7918000e-10 5.1141000e-10
     64    167 0.0000000e+00 1.9101000e-11 2.0508000e-11
     65    157 0.0000000e+00 2.1852000e-12 8.3474000e-13
     65    158 0.0000000e+00 6.0059000e-11 4.5998000e-11
     65    158 1.0000000e+00 6.7623000e-12 5.1791000e-12
     65    159 0.0000000e+00 6.0118000e-10 2.3012000e-10
     65    160 0.0000000e+00 2.0687000e-09 2.2039000e-09
     65    161 0.0000000e+00 1.4041000e-08 5.4602000e-09
     65    162 0.0000000e+00 1.9153000e-08 2.0577000e-08
     65    163 0.0000000e+00 3.7718000e-08 3.9718000e-08
     65    164 0.0000000e+00 1.8930000e-08 1.9776000e-08
     65    165 0.0000000e+00 1.2869000e-08 1.3100000e-08
     65    166 0.0000000e+00 2.9332000e-09 3.0346000e-09
     65    167 0.0000000e+00 8.2778000e-10 8.6352000e-10
     65    168 0.0000000e+00 6.2823000e-11 6.7508000e-11
     65    169 0.0000000e+00 7.3858000e-12 7.9219000e-12
     66    158 0.0000000e+00 0.0000000e+00 0.0000000e+00
     66    160 0.0000000e+00 0.0000000e+00 0.0000000e+00
     66    161 0.0000000e+00 1.2150000e-11 4.7573000e-12
     66    162 0.0000000e+00 1.3552000e-10 1.4610000e-10
     66    163 0.0000000e+00 5.0316000e-10 5.4046000e-10
     66    164 0.0000000e+00 1.8457000e-09 1.9794000e-09
     66    165 0.0000000e+00 1.7804000e-09 1.9029000e-09
     66    165 1.0000000e+00 2.7217000e-10 2.9090000e-10
     66    166 0.0000000e+00 2.9636000e-09 3.0649000e-09
     66    167 0.0000000e+00 1.2484000e-09 1.2820000e-09
     66    168 0.0000000e+00 6.0253000e-10 6.1208000e-10
     66    169 0.0000000e+00 1.1658000e-10 1.2114000e-10
     66    170 0.0000000e+00 2.7694000e-11 2.9032000e-11
     66    171 0.0000000e+00 1.7253000e-12 1.8497000e-12
     67    164 0.0000000e+00 6.8771000e-13 7.3959000e-13
     67    164 1.0000000e+00 1.6108000e-12 1.7323000e-12
     67    165 0.0000000e+00 2.0462000e-11 2.2060000e-11
     67    166 0.0000000e+00 1.6168000e-11 1.7345000e-11
     67    166 1.0000000e+00 3.7870000e-11 4.0627000e-11
     67    167 0.0000000e+00 1.6019000e-10 1.7115000e-10
     67    168 0.0000000e+00 5.0422000e-11 5.3866000e-11
     67    168 1.0000000e+00 7.1548000e-11 7.6434000e-11
     67    169 0.0000000e+00 1.4662000e-10 1.5097000e-10
     67    170 0.0000000e+00 3.6732000e-11 3.7699000e-11
     67    170 1.0000000e+00 1.5682000e-11 1.6095000e-11
     67    171 0.0000000e+00 2.1423000e-11 2.1906000e-11
     67    172 0.0000000e+00 2.7866000e-12 2.9529000e-12
     68    164 0.0000000e+00 0.0000000e+00 0.0000000e+00
     68    166 0.0000000e+00 0.0000000e+00 0.0000000e+00
     68    167 0.0000000e+00 0.0000000e+00 0.0000000e+00
     68    167 1.0000000e+00 0.0000000e+00 0.0000000e+00
     68    168 0.0000000e+00 3.2997000e-12 3.5665000e-12
     68    169 0.0000000e+00 7.0088000e-12 7.5183000e-12
     68    170 0.0000000e+00 1.6960000e-11 1.7940000e-11
     68    171 0.0000000e+00 1.0615000e-11 1.1146000e-11
     68    172 0.0000000e+00 8.5260000e-12 8.6810000e-12
     68    173 0.0000000e+00 2.5790000e-12 2.6362000e-12
     69    169 0.0000000e+00 0.0000000e+00 0.0000000e+00
     69    171 0.0000000e+00 0.0000000e+00 0.0000000e+00
     69    172 0.0000000e+00 0.0000000e+00 0.0000000e+00
     69    173 0.0000000e+00 1.0592000e-12 1.1159000e-12
     70    171 0.0000000e+00 0.0000000e+00 0.0000000e+00
     70    172 0.0000000e+00 0.0000000e+00 0.0000000e+00
     70    173 0.0000000e+00 0.0000000e+00 0.0000000e+00


