#            E  2.530000e-02  neutron energy
#    Z      A   Level         FPY           delta-FPY   
      1      1 0.0000000e+00 2.1339000e-05 3.4142400e-06
      1      2 0.0000000e+00 6.5213800e-06 9.3255800e-07
      1      3 0.0000000e+00 9.3039600e-05 7.4431700e-06
      2      3 0.0000000e+00 0.0000000e+00 0.0000000e+00
      2      4 0.0000000e+00 1.6555500e-03 1.0595500e-04
      2      6 0.0000000e+00 2.3119100e-05 3.4216200e-06
      2      8 0.0000000e+00 4.3219300e-07 1.0718400e-07
      3      6 0.0000000e+00 0.0000000e+00 0.0000000e+00
      3      7 0.0000000e+00 9.9316500e-07 1.8770800e-07
      3      9 0.0000000e+00 7.0683500e-07 1.6469300e-07
      4      9 0.0000000e+00 0.0000000e+00 0.0000000e+00
      4     10 0.0000000e+00 6.1000000e-06 1.0187000e-06
     23     66 0.0000000e+00 0.0000000e+00 0.0000000e+00
     24     66 0.0000000e+00 6.4066300e-16 5.1253000e-16
     24     67 0.0000000e+00 0.0000000e+00 0.0000000e+00
     24     68 0.0000000e+00 0.0000000e+00 0.0000000e+00
     24     69 0.0000000e+00 0.0000000e+00 0.0000000e+00
     24     70 0.0000000e+00 0.0000000e+00 0.0000000e+00
     25     66 0.0000000e+00 6.9704900e-13 4.4611100e-13
     25     67 0.0000000e+00 1.3500900e-13 8.6406100e-14
     25     68 0.0000000e+00 1.0100700e-14 6.4644600e-15
     25     69 0.0000000e+00 1.7089800e-15 1.3671900e-15
     25     70 0.0000000e+00 0.0000000e+00 0.0000000e+00
     25     71 0.0000000e+00 0.0000000e+00 0.0000000e+00
     25     72 0.0000000e+00 0.0000000e+00 0.0000000e+00
     25     73 0.0000000e+00 0.0000000e+00 0.0000000e+00
     26     66 0.0000000e+00 2.5701800e-10 1.6449100e-10
     26     67 0.0000000e+00 1.1300800e-10 7.2325100e-11
     26     68 0.0000000e+00 6.0804300e-11 3.8914700e-11
     26     69 0.0000000e+00 1.2300800e-11 7.8725500e-12
     26     70 0.0000000e+00 1.7401200e-12 1.1136800e-12
     26     71 0.0000000e+00 9.6706800e-14 6.1892400e-14
     26     72 0.0000000e+00 0.0000000e+00 0.0000000e+00
     26     73 0.0000000e+00 0.0000000e+00 0.0000000e+00
     26     74 0.0000000e+00 0.0000000e+00 0.0000000e+00
     26     75 0.0000000e+00 0.0000000e+00 0.0000000e+00
     26     76 0.0000000e+00 0.0000000e+00 0.0000000e+00
     27     66 0.0000000e+00 3.2302200e-10 2.0673400e-10
     27     67 0.0000000e+00 8.1205700e-10 5.1971600e-10
     27     68 0.0000000e+00 8.9506300e-10 5.7283900e-10
     27     69 0.0000000e+00 1.2400900e-09 7.9365600e-10
     27     70 0.0000000e+00 4.0902800e-10 2.6177800e-10
     27     71 0.0000000e+00 1.7101200e-10 1.0944800e-10
     27     72 0.0000000e+00 2.9002000e-11 1.8561300e-11
     27     73 0.0000000e+00 2.1901500e-12 1.4017000e-12
     27     74 0.0000000e+00 7.1205000e-14 4.5571100e-14
     27     75 0.0000000e+00 0.0000000e+00 0.0000000e+00
     27     76 0.0000000e+00 0.0000000e+00 0.0000000e+00
     27     77 0.0000000e+00 5.3515800e-18 3.4250100e-18
     27     78 0.0000000e+00 0.0000000e+00 0.0000000e+00
     28     66 0.0000000e+00 2.7101900e-10 1.7345200e-10
     28     67 0.0000000e+00 1.2100800e-09 7.7445400e-10
     28     68 0.0000000e+00 7.0204900e-09 4.4931100e-09
     28     69 0.0000000e+00 1.8301300e-08 1.1712800e-08
     28     70 0.0000000e+00 3.5702500e-08 2.2849600e-08
     28     71 0.0000000e+00 3.2802300e-08 2.0993400e-08
     28     72 0.0000000e+00 3.9402700e-08 2.5217700e-08
     28     73 0.0000000e+00 7.0505000e-09 4.5123100e-09
     28     74 0.0000000e+00 1.7401200e-09 1.1136800e-09
     28     75 0.0000000e+00 2.3901600e-10 1.5297100e-10
     28     76 0.0000000e+00 2.6701800e-11 1.7089200e-11
     28     77 0.0000000e+00 1.3000900e-12 8.3205400e-13
     28     78 0.0000000e+00 3.6902500e-14 2.3617600e-14
     28     79 0.0000000e+00 3.5117800e-15 2.2475300e-15
     28     80 0.0000000e+00 0.0000000e+00 0.0000000e+00
     28     81 0.0000000e+00 0.0000000e+00 0.0000000e+00
     28     82 0.0000000e+00 0.0000000e+00 0.0000000e+00
     29     66 0.0000000e+00 7.7605400e-13 4.9667400e-13
     29     67 0.0000000e+00 2.2301500e-11 1.4273000e-11
     29     68 0.0000000e+00 7.6489500e-11 4.8953200e-11
     29     68 1.0000000e+00 1.7932800e-10 1.1477000e-10
     29     69 0.0000000e+00 3.8002600e-09 2.4321700e-09
     29     70 0.0000000e+00 3.2247700e-09 2.0638600e-09
     29     70 1.0000000e+00 9.7261300e-09 6.2247300e-09
     29     71 0.0000000e+00 6.5404600e-08 4.1858900e-08
     29     72 0.0000000e+00 1.5301100e-07 9.7926900e-08
     29     73 0.0000000e+00 1.6801200e-07 1.0752700e-07
     29     74 0.0000000e+00 9.4706600e-08 6.0612300e-08
     29     75 0.0000000e+00 9.4206600e-08 6.0292300e-08
     29     76 0.0000000e+00 2.5301700e-08 1.6193100e-08
     29     77 0.0000000e+00 9.4306600e-09 6.0356300e-09
     29     78 0.0000000e+00 6.7204700e-10 4.3011000e-10
     29     79 0.0000000e+00 3.7602300e-10 2.4065500e-10
     29     80 0.0000000e+00 9.8906900e-12 6.3300500e-12
     29     81 0.0000000e+00 2.0201400e-13 1.2928900e-13
     29     82 0.0000000e+00 0.0000000e+00 0.0000000e+00
     29     83 0.0000000e+00 0.0000000e+00 0.0000000e+00
     29     84 0.0000000e+00 0.0000000e+00 0.0000000e+00
     30     66 0.0000000e+00 8.0082900e-16 6.4066300e-16
     30     67 0.0000000e+00 5.0203500e-14 3.2130200e-14
     30     68 0.0000000e+00 4.0402800e-12 2.5857800e-12
     30     69 0.0000000e+00 2.5776600e-11 1.6497000e-11
     30     69 1.0000000e+00 1.1133300e-10 7.1253100e-11
     30     70 0.0000000e+00 2.9102000e-09 1.8625300e-09
     30     71 0.0000000e+00 5.4316900e-09 3.4762800e-09
     30     71 1.0000000e+00 2.3460300e-08 1.5014600e-08
     30     72 0.0000000e+00 3.7302600e-07 2.3873600e-07
     30     73 0.0000000e+00 7.1805000e-07 4.5955200e-07
     30     74 0.0000000e+00 2.2801600e-06 1.4593000e-06
     30     75 0.0000000e+00 4.5903200e-06 2.9378000e-06
     30     76 0.0000000e+00 7.8605500e-06 5.0307500e-06
     30     77 0.0000000e+00 6.8704800e-06 4.3971000e-06
     30     78 0.0000000e+00 3.4802400e-06 2.2273500e-06
     30     79 0.0000000e+00 4.7403300e-06 3.0338100e-06
     30     80 0.0000000e+00 9.3106500e-07 5.9588200e-07
     30     81 0.0000000e+00 4.7803300e-08 3.0594100e-08
     30     82 0.0000000e+00 1.2800900e-09 8.1925700e-10
     30     83 0.0000000e+00 8.5506000e-12 5.4723800e-12
     30     84 0.0000000e+00 4.9603400e-14 3.1746200e-14
     30     85 0.0000000e+00 8.7981300e-16 5.6308000e-16
     30     86 0.0000000e+00 0.0000000e+00 0.0000000e+00
     31     67 0.0000000e+00 0.0000000e+00 0.0000000e+00
     31     68 0.0000000e+00 4.9058000e-16 3.9246400e-16
     31     69 0.0000000e+00 3.6502500e-14 2.3361600e-14
     31     70 0.0000000e+00 1.8401300e-12 1.1776800e-12
     31     71 0.0000000e+00 1.3000900e-10 8.3205800e-11
     31     72 0.0000000e+00 3.7102600e-09 1.6790700e-09
     31     73 0.0000000e+00 4.2702900e-08 2.7329900e-08
     31     74 0.0000000e+00 2.3105900e-07 1.4787800e-07
     31     74 1.0000000e+00 2.5958800e-08 1.6613600e-08
     31     75 0.0000000e+00 2.8101900e-06 1.7985200e-06
     31     76 0.0000000e+00 8.5106000e-06 5.4467800e-06
     31     77 0.0000000e+00 4.3433000e-05 2.7797100e-05
     31     78 0.0000000e+00 4.4863100e-05 2.8712400e-05
     31     79 0.0000000e+00 4.0213800e-04 2.5736900e-04
     31     80 0.0000000e+00 1.8273300e-04 1.1694900e-04
     31     81 0.0000000e+00 6.7614800e-05 4.3273400e-05
     31     82 0.0000000e+00 4.4403100e-06 2.8418000e-06
     31     83 0.0000000e+00 2.3201600e-07 1.4849000e-07
     31     84 0.0000000e+00 3.4002300e-09 2.1761500e-09
     31     85 0.0000000e+00 9.4205700e-11 6.0291700e-11
     31     86 0.0000000e+00 5.7604000e-13 3.6866500e-13
     31     87 0.0000000e+00 1.1032500e-14 7.0607900e-15
     31     88 0.0000000e+00 0.0000000e+00 0.0000000e+00
     31     89 0.0000000e+00 0.0000000e+00 0.0000000e+00
     32     69 0.0000000e+00 0.0000000e+00 0.0000000e+00
     32     70 0.0000000e+00 0.0000000e+00 0.0000000e+00
     32     71 0.0000000e+00 6.2604300e-14 2.8331500e-14
     32     72 0.0000000e+00 1.3500900e-11 8.6406000e-12
     32     73 0.0000000e+00 2.9469500e-10 1.8860500e-10
     32     73 1.0000000e+00 6.8229900e-11 4.3667100e-11
     32     74 0.0000000e+00 1.5101000e-08 9.6646800e-09
     32     75 0.0000000e+00 4.6925600e-08 3.0032400e-08
     32     75 1.0000000e+00 3.0589900e-07 1.9577500e-07
     32     76 0.0000000e+00 6.1504300e-06 3.9362700e-06
     32     77 0.0000000e+00 5.0003300e-05 3.2002100e-05
     32     77 1.0000000e+00 7.6706400e-06 4.9092000e-06
     32     78 0.0000000e+00 3.1347200e-04 2.0062200e-04
     32     79 0.0000000e+00 6.7672700e-04 4.3310400e-04
     32     79 1.0000000e+00 4.4114400e-03 2.8233200e-03
     32     80 0.0000000e+00 1.3557500e-02 4.3384000e-03
     32     81 0.0000000e+00 6.9710600e-03 2.2307500e-03
     32     81 1.0000000e+00 2.4781100e-03 1.9824900e-03
     32     82 0.0000000e+00 4.7007300e-03 3.0084700e-03
     32     83 0.0000000e+00 5.9941200e-04 3.8362300e-04
     32     84 0.0000000e+00 6.4204500e-05 4.1090800e-05
     32     85 0.0000000e+00 4.2402900e-06 2.7137900e-06
     32     86 0.0000000e+00 1.9601400e-07 1.2544900e-07
     32     87 0.0000000e+00 2.6801700e-09 1.7153100e-09
     32     88 0.0000000e+00 2.6401800e-11 1.6897200e-11
     32     89 0.0000000e+00 1.1861600e-13 7.5914200e-14
     32     90 0.0000000e+00 1.3315400e-14 8.5218800e-15
     32     91 0.0000000e+00 0.0000000e+00 0.0000000e+00
     33     72 0.0000000e+00 0.0000000e+00 0.0000000e+00
     33     73 0.0000000e+00 2.0301400e-14 1.2992900e-14
     33     74 0.0000000e+00 2.1431500e-12 1.0445600e-12
     33     75 0.0000000e+00 3.7202600e-10 2.3809600e-10
     33     76 0.0000000e+00 1.4801000e-08 9.4726600e-09
     33     77 0.0000000e+00 9.3306500e-07 5.9716200e-07
     33     78 0.0000000e+00 1.0110700e-05 6.4708600e-06
     33     79 0.0000000e+00 9.1180400e-04 5.8355400e-04
     33     80 0.0000000e+00 4.2672000e-03 2.7310100e-03
     33     81 0.0000000e+00 1.7668400e-02 5.6539000e-03
     33     82 0.0000000e+00 3.6468100e-03 2.3339600e-03
     33     82 1.0000000e+00 1.0999000e-02 7.0393700e-03
     33     83 0.0000000e+00 1.1725400e-02 3.7521200e-03
     33     84 0.0000000e+00 2.3006400e-03 1.4724100e-03
     33     84 1.0000000e+00 4.3171100e-04 2.7629500e-04
     33     85 0.0000000e+00 1.2046500e-03 7.7097800e-04
     33     86 0.0000000e+00 1.3291900e-04 8.5068400e-05
     33     87 0.0000000e+00 1.3440900e-05 8.6022000e-06
     33     88 0.0000000e+00 3.2902300e-07 2.1057500e-07
     33     89 0.0000000e+00 1.2700800e-08 8.1284900e-09
     33     90 0.0000000e+00 1.0482100e-09 6.7085400e-10
     33     91 0.0000000e+00 8.9330200e-13 5.7171300e-13
     33     92 0.0000000e+00 1.0653400e-14 6.8181700e-15
     33     93 0.0000000e+00 0.0000000e+00 0.0000000e+00
     33     94 0.0000000e+00 0.0000000e+00 0.0000000e+00
     33     95 0.0000000e+00 0.0000000e+00 0.0000000e+00
     34     74 0.0000000e+00 0.0000000e+00 0.0000000e+00
     34     75 0.0000000e+00 3.8902700e-14 2.4897700e-14
     34     76 0.0000000e+00 1.1500800e-11 7.3605200e-12
     34     77 0.0000000e+00 2.4154500e-10 1.5458900e-10
     34     77 1.0000000e+00 1.5745800e-09 1.0077300e-09
     34     78 0.0000000e+00 1.3901000e-07 8.8966200e-08
     34     79 0.0000000e+00 2.4165000e-05 1.5465600e-05
     34     79 1.0000000e+00 3.7069700e-06 2.3724600e-06
     34     80 0.0000000e+00 8.1881700e-04 5.2404300e-04
     34     81 0.0000000e+00 8.6808700e-04 5.5557500e-04
     34     81 1.0000000e+00 5.6588800e-03 2.5465000e-03
     34     82 0.0000000e+00 2.9259800e-02 1.3166900e-02
     34     83 0.0000000e+00 3.4192600e-02 1.0941600e-02
     34     83 1.0000000e+00 7.9165200e-03 5.0665600e-03
     34     84 0.0000000e+00 5.2986800e-02 1.2186900e-02
     34     85 0.0000000e+00 4.3867900e-02 9.9261900e-03
     34     86 0.0000000e+00 3.0418500e-02 9.7339300e-03
     34     87 0.0000000e+00 6.8618400e-03 4.3915700e-03
     34     88 0.0000000e+00 1.1836600e-03 7.5754400e-04
     34     89 0.0000000e+00 1.1071800e-04 7.0859400e-05
     34     90 0.0000000e+00 8.1095200e-06 5.1900900e-06
     34     91 0.0000000e+00 2.1701400e-07 1.3889000e-07
     34     92 0.0000000e+00 3.5202300e-09 2.2529600e-09
     34     93 0.0000000e+00 4.1842500e-12 2.6779100e-12
     34     94 0.0000000e+00 1.0600700e-13 6.7844800e-14
     34     95 0.0000000e+00 6.4193500e-15 4.1083800e-15
     34     96 0.0000000e+00 0.0000000e+00 0.0000000e+00
     35     77 0.0000000e+00 0.0000000e+00 0.0000000e+00
     35     77 1.0000000e+00 1.2869700e-14 8.2366000e-15
     35     78 0.0000000e+00 4.1602900e-12 2.6625800e-12
     35     79 0.0000000e+00 1.4415400e-09 9.2258600e-10
     35     79 1.0000000e+00 4.7188800e-09 3.0200900e-09
     35     80 0.0000000e+00 1.0757500e-07 6.8848400e-08
     35     80 1.0000000e+00 3.2445400e-07 2.0765100e-07
     35     81 0.0000000e+00 2.3781600e-05 1.5220200e-05
     35     82 0.0000000e+00 1.6213200e-04 1.0376500e-04
     35     82 1.0000000e+00 6.9154500e-05 4.4258800e-05
     35     83 0.0000000e+00 2.0826200e-03 1.3328800e-03
     35     84 0.0000000e+00 1.7455400e-03 1.1171500e-03
     35     84 1.0000000e+00 3.1439300e-03 2.0121100e-03
     35     85 0.0000000e+00 2.0788300e-02 6.6522800e-03
     35     86 0.0000000e+00 2.5319700e-02 5.7292000e-03
     35     87 0.0000000e+00 3.1773800e-02 1.0167600e-02
     35     88 0.0000000e+00 1.0943100e-02 3.5017800e-03
     35     89 0.0000000e+00 6.6375200e-03 4.2480100e-03
     35     90 0.0000000e+00 1.1100800e-03 7.1045000e-04
     35     91 0.0000000e+00 2.1299500e-04 1.3631600e-04
     35     92 0.0000000e+00 8.7506100e-06 5.6003900e-06
     35     93 0.0000000e+00 4.4802700e-07 2.8673800e-07
     35     94 0.0000000e+00 5.1503500e-09 3.2962300e-09
     35     95 0.0000000e+00 6.8735000e-10 4.3990400e-10
     35     96 0.0000000e+00 5.3103700e-13 3.3986300e-13
     35     97 0.0000000e+00 8.1508600e-15 5.2165500e-15
     35     98 0.0000000e+00 0.0000000e+00 0.0000000e+00
     35     99 0.0000000e+00 0.0000000e+00 0.0000000e+00
     35    100 0.0000000e+00 0.0000000e+00 0.0000000e+00
     36     79 0.0000000e+00 1.6892200e-14 1.0811000e-14
     36     79 1.0000000e+00 1.1011700e-13 7.0474600e-14
     36     80 0.0000000e+00 6.7304700e-11 4.3075000e-11
     36     81 0.0000000e+00 7.9596200e-09 5.0941500e-09
     36     81 1.0000000e+00 1.2210300e-09 7.8145700e-10
     36     82 0.0000000e+00 6.5204600e-07 4.1730900e-07
     36     83 0.0000000e+00 1.1604300e-05 7.4267500e-06
     36     83 1.0000000e+00 2.6867100e-06 1.7194900e-06
     36     84 0.0000000e+00 2.2644600e-04 1.4492500e-04
     36     85 0.0000000e+00 1.5899100e-03 1.0175400e-03
     36     85 1.0000000e+00 3.6810700e-04 2.3558800e-04
     36     86 0.0000000e+00 1.3969500e-02 4.4702200e-03
     36     87 0.0000000e+00 3.1598300e-02 1.0111400e-02
     36     88 0.0000000e+00 5.7156000e-02 1.8290000e-02
     36     89 0.0000000e+00 6.1524300e-02 1.4150600e-02
     36     90 0.0000000e+00 5.9807300e-02 1.9138300e-02
     36     91 0.0000000e+00 2.3721200e-02 7.5908000e-03
     36     92 0.0000000e+00 6.7273700e-03 4.3055200e-03
     36     93 0.0000000e+00 8.0328600e-04 5.1410300e-04
     36     94 0.0000000e+00 6.9524900e-05 4.4495900e-05
     36     95 0.0000000e+00 3.9095900e-06 2.5021300e-06
     36     96 0.0000000e+00 1.3901000e-07 8.8966200e-08
     36     97 0.0000000e+00 1.9801300e-09 1.2672900e-09
     36     98 0.0000000e+00 1.1000800e-11 7.0405000e-12
     36     99 0.0000000e+00 0.0000000e+00 0.0000000e+00
     36    100 0.0000000e+00 0.0000000e+00 0.0000000e+00
     36    101 0.0000000e+00 0.0000000e+00 0.0000000e+00
     36    102 0.0000000e+00 0.0000000e+00 0.0000000e+00
     37     81 0.0000000e+00 1.1444800e-15 7.3246700e-16
     37     81 1.0000000e+00 0.0000000e+00 0.0000000e+00
     37     82 0.0000000e+00 0.0000000e+00 0.0000000e+00
     37     82 1.0000000e+00 0.0000000e+00 0.0000000e+00
     37     83 0.0000000e+00 6.4004500e-10 4.0962800e-10
     37     84 0.0000000e+00 3.1737000e-09 2.0311700e-09
     37     84 1.0000000e+00 4.3604000e-08 3.4883200e-08
     37     85 0.0000000e+00 1.5001000e-06 9.6006700e-07
     37     86 0.0000000e+00 8.7970900e-06 5.6301400e-06
     37     86 1.0000000e+00 1.5844600e-05 1.0140600e-05
     37     87 0.0000000e+00 3.6836500e-04 2.3575400e-04
     37     88 0.0000000e+00 1.3586300e-03 8.6952600e-04
     37     89 0.0000000e+00 8.1142900e-03 5.1931500e-03
     37     90 0.0000000e+00 2.7213600e-03 1.7416700e-03
     37     90 1.0000000e+00 1.1452400e-02 3.6647800e-03
     37     91 0.0000000e+00 2.9650100e-02 9.4880500e-03
     37     92 0.0000000e+00 1.5875400e-02 5.0801100e-03
     37     93 0.0000000e+00 1.1303700e-02 3.6171900e-03
     37     94 0.0000000e+00 2.1654200e-03 1.3858700e-03
     37     95 0.0000000e+00 8.3312800e-04 5.3320200e-04
     37     96 0.0000000e+00 7.2735100e-05 4.6550400e-05
     37     97 0.0000000e+00 7.6505400e-06 4.8963400e-06
     37     98 0.0000000e+00 1.1000800e-07 7.0405000e-08
     37     99 0.0000000e+00 6.1328800e-14 3.9250400e-14
     37    100 0.0000000e+00 0.0000000e+00 0.0000000e+00
     37    101 0.0000000e+00 3.8123300e-16 2.4398900e-16
     37    102 0.0000000e+00 2.0984600e-17 1.3430200e-17
     37    103 0.0000000e+00 5.2921100e-17 3.3869500e-17
     37    104 0.0000000e+00 2.1912100e-14 1.4023800e-14
     37    105 0.0000000e+00 1.7612400e-15 1.1272000e-15
     38     83 0.0000000e+00 0.0000000e+00 0.0000000e+00
     38     84 0.0000000e+00 7.6605400e-13 4.9027400e-13
     38     85 0.0000000e+00 9.0138200e-11 5.7688500e-11
     38     85 1.0000000e+00 2.0869400e-11 1.3356400e-11
     38     86 0.0000000e+00 1.3700900e-08 8.7686100e-09
     38     87 0.0000000e+00 4.0497200e-07 2.5918200e-07
     38     87 1.0000000e+00 9.3762100e-08 6.0007800e-08
     38     88 0.0000000e+00 1.3070900e-05 8.3653900e-06
     38     89 0.0000000e+00 1.8107200e-04 1.1588600e-04
     38     90 0.0000000e+00 1.9719400e-03 1.2620400e-03
     38     91 0.0000000e+00 8.1001100e-03 5.1840700e-03
     38     92 0.0000000e+00 2.4479600e-02 7.8334600e-03
     38     93 0.0000000e+00 3.0475800e-02 9.7522500e-03
     38     94 0.0000000e+00 3.2214000e-02 1.0308500e-02
     38     95 0.0000000e+00 2.3525900e-02 7.5282800e-03
     38     96 0.0000000e+00 1.3140800e-02 4.2050500e-03
     38     97 0.0000000e+00 3.0490900e-03 1.9514100e-03
     38     98 0.0000000e+00 3.1809200e-04 2.0357900e-04
     38     99 0.0000000e+00 1.8501300e-06 1.1840800e-06
     38    100 0.0000000e+00 1.6001100e-07 1.0240700e-07
     38    101 0.0000000e+00 1.1500800e-08 7.3605200e-09
     38    102 0.0000000e+00 8.6106000e-10 5.5107800e-10
     38    103 0.0000000e+00 1.5964900e-09 1.0217500e-09
     38    104 0.0000000e+00 7.2404800e-09 4.6339100e-09
     38    105 0.0000000e+00 4.2786700e-10 2.7383500e-10
     38    106 0.0000000e+00 1.5745400e-14 1.0077100e-14
     38    107 0.0000000e+00 7.3722600e-16 4.7182500e-16
     39     86 0.0000000e+00 0.0000000e+00 0.0000000e+00
     39     86 1.0000000e+00 0.0000000e+00 0.0000000e+00
     39     87 0.0000000e+00 1.4527400e-13 9.2975300e-14
     39     87 1.0000000e+00 0.0000000e+00 0.0000000e+00
     39     88 0.0000000e+00 2.6901900e-10 1.7217200e-10
     39     89 0.0000000e+00 4.9447400e-09 3.1646300e-09
     39     89 1.0000000e+00 2.1357100e-08 1.3668500e-08
     39     90 0.0000000e+00 2.7672900e-07 1.7710700e-07
     39     90 1.0000000e+00 3.9331700e-07 2.5172300e-07
     39     91 0.0000000e+00 3.9069100e-06 2.5004300e-06
     39     91 1.0000000e+00 1.6874500e-05 1.0799700e-05
     39     92 0.0000000e+00 1.4355000e-04 9.1872000e-05
     39     93 0.0000000e+00 9.5757200e-04 6.1284600e-04
     39     93 1.0000000e+00 1.4689400e-04 9.4012200e-05
     39     94 0.0000000e+00 2.2757800e-03 1.4565000e-03
     39     95 0.0000000e+00 8.8801200e-03 5.6832700e-03
     39     96 0.0000000e+00 9.0248700e-04 5.7759100e-04
     39     96 1.0000000e+00 8.0330300e-03 5.1411300e-03
     39     97 0.0000000e+00 2.1422100e-03 1.3710100e-03
     39     97 1.0000000e+00 9.2525200e-03 5.9216100e-03
     39     98 0.0000000e+00 3.6737300e-04 2.3511900e-04
     39     98 1.0000000e+00 2.0495500e-03 1.3117200e-03
     39     99 0.0000000e+00 1.6672400e-03 1.0670300e-03
     39    100 0.0000000e+00 6.7075500e-06 4.2928300e-06
     39    100 1.0000000e+00 7.4952900e-04 5.9962300e-04
     39    101 0.0000000e+00 1.4110000e-04 9.0303900e-05
     39    102 0.0000000e+00 2.2351500e-05 1.4305000e-05
     39    103 0.0000000e+00 8.9090200e-06 5.7017700e-06
     39    104 0.0000000e+00 5.2903600e-06 3.3858300e-06
     39    105 0.0000000e+00 1.0726500e-06 6.8649600e-07
     39    106 0.0000000e+00 1.2395000e-09 7.9328000e-10
     39    107 0.0000000e+00 7.8938200e-11 5.0520500e-11
     39    108 0.0000000e+00 9.4427800e-15 6.0433800e-15
     39    109 0.0000000e+00 1.0521400e-16 6.7337200e-17
     40     88 0.0000000e+00 0.0000000e+00 0.0000000e+00
     40     89 0.0000000e+00 2.4529300e-13 1.5698700e-13
     40     89 1.0000000e+00 0.0000000e+00 0.0000000e+00
     40     90 0.0000000e+00 1.3767300e-11 8.8111000e-12
     40     90 1.0000000e+00 5.7937600e-11 3.7080100e-11
     40     91 0.0000000e+00 5.5303800e-09 3.5394400e-09
     40     92 0.0000000e+00 2.9102000e-07 1.8625300e-07
     40     93 0.0000000e+00 5.3103700e-06 3.3986300e-06
     40     94 0.0000000e+00 7.7435400e-05 4.9558600e-05
     40     95 0.0000000e+00 6.4546500e-04 4.1309700e-04
     40     96 0.0000000e+00 3.9854800e-03 2.5507200e-03
     40     97 0.0000000e+00 9.2966000e-03 5.9498200e-03
     40     98 0.0000000e+00 1.0692600e-02 3.4216500e-03
     40     99 0.0000000e+00 1.2521200e-02 2.8798700e-03
     40    100 0.0000000e+00 8.8932900e-03 4.0019800e-03
     40    101 0.0000000e+00 6.7266600e-03 3.0270000e-03
     40    102 0.0000000e+00 5.1654000e-03 2.3244300e-03
     40    103 0.0000000e+00 3.8410100e-03 2.4582500e-03
     40    104 0.0000000e+00 1.2958100e-03 8.2931900e-04
     40    105 0.0000000e+00 1.6782900e-04 1.0741000e-04
     40    106 0.0000000e+00 9.5894300e-06 6.1372300e-06
     40    107 0.0000000e+00 4.4899400e-07 2.8735600e-07
     40    108 0.0000000e+00 3.1202000e-09 1.9969400e-09
     40    109 0.0000000e+00 2.5560300e-11 1.6358600e-11
     40    110 0.0000000e+00 4.5703100e-14 2.9250000e-14
     40    111 0.0000000e+00 3.5134000e-16 2.2485700e-16
     40    112 0.0000000e+00 0.0000000e+00 0.0000000e+00
     41     90 0.0000000e+00 0.0000000e+00 0.0000000e+00
     41     91 0.0000000e+00 0.0000000e+00 0.0000000e+00
     41     91 1.0000000e+00 0.0000000e+00 0.0000000e+00
     41     92 0.0000000e+00 4.1006500e-13 2.6244200e-13
     41     92 1.0000000e+00 0.0000000e+00 0.0000000e+00
     41     93 0.0000000e+00 1.3236500e-10 8.4713800e-11
     41     93 1.0000000e+00 3.0646100e-11 1.9613500e-11
     41     94 0.0000000e+00 3.5809500e-09 2.2918100e-09
     41     94 1.0000000e+00 2.5194700e-09 1.6124600e-09
     41     95 0.0000000e+00 2.9883700e-07 1.9125500e-07
     41     95 1.0000000e+00 6.9188800e-08 4.4280800e-08
     41     96 0.0000000e+00 5.5003800e-06 3.5202400e-06
     41     97 0.0000000e+00 6.8521400e-05 4.3853600e-05
     41     97 1.0000000e+00 1.5864600e-05 1.0153300e-05
     41     98 0.0000000e+00 1.6021000e-04 1.0253400e-04
     41     98 1.0000000e+00 4.9214700e-05 3.1497400e-05
     41     99 0.0000000e+00 1.3847200e-04 8.8622000e-05
     41     99 1.0000000e+00 3.2060000e-05 2.0518300e-05
     41    100 0.0000000e+00 3.5649200e-05 2.2815500e-05
     41    100 1.0000000e+00 1.5002400e-04 9.6015300e-05
     41    101 0.0000000e+00 6.2547400e-04 4.0030400e-04
     41    102 0.0000000e+00 1.5604400e-04 9.9868300e-05
     41    102 1.0000000e+00 4.7063900e-04 3.0120900e-04
     41    103 0.0000000e+00 1.8354100e-03 1.1746600e-03
     41    104 0.0000000e+00 2.8465700e-04 1.8218000e-04
     41    104 1.0000000e+00 8.5854200e-04 5.4946800e-04
     41    105 0.0000000e+00 1.1014000e-03 7.0489400e-04
     41    106 0.0000000e+00 1.6713200e-04 1.0696400e-04
     41    107 0.0000000e+00 3.0963100e-05 1.9816400e-05
     41    108 0.0000000e+00 1.5801100e-06 1.0112700e-06
     41    109 0.0000000e+00 6.4078900e-08 4.1010500e-08
     41    110 0.0000000e+00 7.7205400e-10 4.9411400e-10
     41    111 0.0000000e+00 3.7619700e-11 2.4076600e-11
     41    112 0.0000000e+00 1.5284000e-14 9.7817400e-15
     41    113 0.0000000e+00 3.4141400e-16 2.1850500e-16
     41    114 0.0000000e+00 0.0000000e+00 0.0000000e+00
     41    115 0.0000000e+00 0.0000000e+00 0.0000000e+00
     42     92 0.0000000e+00 0.0000000e+00 0.0000000e+00
     42     93 0.0000000e+00 0.0000000e+00 0.0000000e+00
     42     93 1.0000000e+00 0.0000000e+00 0.0000000e+00
     42     94 0.0000000e+00 1.3300900e-13 8.5126000e-14
     42     95 0.0000000e+00 2.0301400e-11 1.2992900e-11
     42     96 0.0000000e+00 2.3601600e-09 1.5105000e-09
     42     97 0.0000000e+00 8.8306200e-08 5.6515900e-08
     42     98 0.0000000e+00 1.6301100e-06 1.0432700e-06
     42     99 0.0000000e+00 7.9705600e-09 5.1011500e-09
     42    100 0.0000000e+00 5.4903800e-08 3.5138400e-08
     42    101 0.0000000e+00 4.0702800e-07 2.6049800e-07
     42    102 0.0000000e+00 2.4301700e-06 1.5553100e-06
     42    103 0.0000000e+00 1.4361000e-05 9.1910400e-06
     42    104 0.0000000e+00 6.6983700e-04 4.2869600e-04
     42    105 0.0000000e+00 1.5008800e-03 9.6056600e-04
     42    106 0.0000000e+00 1.4908700e-03 9.5416000e-04
     42    107 0.0000000e+00 6.9039900e-04 4.4185400e-04
     42    108 0.0000000e+00 2.7600900e-04 1.7664600e-04
     42    109 0.0000000e+00 3.2742300e-05 2.0955000e-05
     42    110 0.0000000e+00 3.7202600e-06 2.3809600e-06
     42    111 0.0000000e+00 2.1397800e-07 1.3694500e-07
     42    112 0.0000000e+00 5.0503400e-09 3.2322100e-09
     42    113 0.0000000e+00 8.2941300e-11 5.3082500e-11
     42    114 0.0000000e+00 3.6102500e-13 2.3105600e-13
     42    115 0.0000000e+00 9.1775400e-16 5.8736200e-16
     42    116 0.0000000e+00 0.0000000e+00 0.0000000e+00
     42    117 0.0000000e+00 0.0000000e+00 0.0000000e+00
     43     95 0.0000000e+00 0.0000000e+00 0.0000000e+00
     43     95 1.0000000e+00 0.0000000e+00 0.0000000e+00
     43     96 0.0000000e+00 0.0000000e+00 0.0000000e+00
     43     96 1.0000000e+00 0.0000000e+00 0.0000000e+00
     43     97 0.0000000e+00 4.5393900e-13 2.9052100e-13
     43     97 1.0000000e+00 1.0509900e-13 6.7263500e-14
     43     98 0.0000000e+00 2.6801800e-11 1.7153200e-11
     43     99 0.0000000e+00 0.0000000e+00 0.0000000e+00
     43     99 1.0000000e+00 0.0000000e+00 0.0000000e+00
     43    100 0.0000000e+00 0.0000000e+00 0.0000000e+00
     43    101 0.0000000e+00 3.0102100e-14 1.9265300e-14
     43    102 0.0000000e+00 7.6037200e-14 4.8663800e-14
     43    102 1.0000000e+00 3.1999000e-13 2.0479400e-13
     43    103 0.0000000e+00 1.6701200e-11 1.0688700e-11
     43    104 0.0000000e+00 1.2700900e-06 8.1285700e-07
     43    105 0.0000000e+00 2.5151700e-05 1.6097100e-05
     43    106 0.0000000e+00 6.4254500e-05 4.1122800e-05
     43    107 0.0000000e+00 2.0756400e-04 1.3284100e-04
     43    108 0.0000000e+00 1.8234300e-04 1.1669900e-04
     43    109 0.0000000e+00 1.5161000e-04 9.7030800e-05
     43    110 0.0000000e+00 4.4793100e-05 2.8667600e-05
     43    111 0.0000000e+00 2.1691500e-05 1.3882600e-05
     43    112 0.0000000e+00 1.5901100e-06 1.0176700e-06
     43    113 0.0000000e+00 2.0793100e-07 1.3307600e-07
     43    114 0.0000000e+00 3.2102200e-09 2.0545400e-09
     43    115 0.0000000e+00 9.8268200e-11 6.2891600e-11
     43    116 0.0000000e+00 5.8804100e-13 3.7634600e-13
     43    117 0.0000000e+00 4.6105900e-15 2.9507700e-15
     43    118 0.0000000e+00 8.5045600e-17 5.4429100e-17
     43    119 0.0000000e+00 0.0000000e+00 0.0000000e+00
     43    120 0.0000000e+00 0.0000000e+00 0.0000000e+00
     44     98 0.0000000e+00 0.0000000e+00 0.0000000e+00
     44     99 0.0000000e+00 0.0000000e+00 0.0000000e+00
     44    100 0.0000000e+00 0.0000000e+00 0.0000000e+00
     44    101 0.0000000e+00 0.0000000e+00 0.0000000e+00
     44    102 0.0000000e+00 0.0000000e+00 0.0000000e+00
     44    103 0.0000000e+00 0.0000000e+00 0.0000000e+00
     44    104 0.0000000e+00 7.5905300e-10 4.8579300e-10
     44    105 0.0000000e+00 5.0803500e-08 3.2514200e-08
     44    106 0.0000000e+00 1.2100800e-06 7.7445400e-07
     44    107 0.0000000e+00 1.1590800e-05 7.4181200e-06
     44    108 0.0000000e+00 7.8885500e-05 5.0486700e-05
     44    109 0.0000000e+00 4.4328200e-05 2.8370000e-05
     44    109 1.0000000e+00 1.0696200e-04 6.8455900e-05
     44    110 0.0000000e+00 2.9557000e-04 1.8916500e-04
     44    111 0.0000000e+00 3.1946200e-04 2.0445600e-04
     44    112 0.0000000e+00 1.7991200e-04 1.1514400e-04
     44    113 0.0000000e+00 6.2744400e-05 4.0156400e-05
     44    114 0.0000000e+00 8.3205800e-06 5.3251700e-06
     44    115 0.0000000e+00 5.5894100e-07 3.5772200e-07
     44    116 0.0000000e+00 3.6602500e-08 2.3425600e-08
     44    117 0.0000000e+00 1.1200800e-09 7.1684700e-10
     44    118 0.0000000e+00 2.8101800e-11 1.7985200e-11
     44    119 0.0000000e+00 2.0901400e-13 1.3376900e-13
     44    120 0.0000000e+00 0.0000000e+00 0.0000000e+00
     44    121 0.0000000e+00 1.4756900e-17 9.4444400e-18
     44    122 0.0000000e+00 0.0000000e+00 0.0000000e+00
     44    123 0.0000000e+00 0.0000000e+00 0.0000000e+00
     44    124 0.0000000e+00 0.0000000e+00 0.0000000e+00
     45    100 0.0000000e+00 0.0000000e+00 0.0000000e+00
     45    100 1.0000000e+00 0.0000000e+00 0.0000000e+00
     45    101 0.0000000e+00 0.0000000e+00 0.0000000e+00
     45    101 1.0000000e+00 0.0000000e+00 0.0000000e+00
     45    102 0.0000000e+00 0.0000000e+00 0.0000000e+00
     45    102 1.0000000e+00 0.0000000e+00 0.0000000e+00
     45    103 0.0000000e+00 0.0000000e+00 0.0000000e+00
     45    103 1.0000000e+00 0.0000000e+00 0.0000000e+00
     45    104 0.0000000e+00 0.0000000e+00 0.0000000e+00
     45    104 1.0000000e+00 0.0000000e+00 0.0000000e+00
     45    105 0.0000000e+00 5.4017800e-13 3.4571400e-13
     45    105 1.0000000e+00 8.2864700e-14 5.3033400e-14
     45    106 0.0000000e+00 1.3874600e-11 8.8797100e-12
     45    106 1.0000000e+00 3.2528600e-11 2.0818300e-11
     45    107 0.0000000e+00 4.9603400e-09 3.1746200e-09
     45    108 0.0000000e+00 2.6146800e-08 1.6734000e-08
     45    108 1.0000000e+00 7.8860400e-08 5.0470700e-08
     45    109 0.0000000e+00 1.7581200e-06 7.9563500e-07
     45    110 0.0000000e+00 1.7204400e-06 1.1010800e-06
     45    110 1.0000000e+00 7.2401800e-06 4.6337100e-06
     45    111 0.0000000e+00 6.6154700e-05 4.2338900e-05
     45    112 0.0000000e+00 8.1915700e-05 5.2426000e-05
     45    113 0.0000000e+00 1.8408300e-04 1.1781300e-04
     45    114 0.0000000e+00 5.7364000e-05 3.6712900e-05
     45    115 0.0000000e+00 2.9172000e-05 1.8670100e-05
     45    116 0.0000000e+00 4.8303300e-06 3.0914100e-06
     45    117 0.0000000e+00 1.1800800e-06 7.5525300e-07
     45    118 0.0000000e+00 7.5305300e-08 4.8195300e-08
     45    119 0.0000000e+00 4.5303100e-09 2.8994000e-09
     45    120 0.0000000e+00 7.0505000e-11 4.5123100e-11
     45    121 0.0000000e+00 1.5801000e-12 1.0112600e-12
     45    122 0.0000000e+00 0.0000000e+00 0.0000000e+00
     45    123 0.0000000e+00 0.0000000e+00 0.0000000e+00
     45    124 0.0000000e+00 0.0000000e+00 0.0000000e+00
     45    125 0.0000000e+00 0.0000000e+00 0.0000000e+00
     45    126 0.0000000e+00 0.0000000e+00 0.0000000e+00
     45    127 0.0000000e+00 0.0000000e+00 0.0000000e+00
     45    128 0.0000000e+00 0.0000000e+00 0.0000000e+00
     46    102 0.0000000e+00 0.0000000e+00 0.0000000e+00
     46    103 0.0000000e+00 0.0000000e+00 0.0000000e+00
     46    104 0.0000000e+00 0.0000000e+00 0.0000000e+00
     46    105 0.0000000e+00 0.0000000e+00 0.0000000e+00
     46    106 0.0000000e+00 0.0000000e+00 0.0000000e+00
     46    107 0.0000000e+00 6.9994800e-14 4.4796600e-14
     46    107 1.0000000e+00 1.3171900e-13 8.4300400e-14
     46    108 0.0000000e+00 4.3403000e-11 2.7777900e-11
     46    109 0.0000000e+00 8.2661100e-10 5.2903100e-10
     46    109 1.0000000e+00 1.5555500e-09 9.9555600e-10
     46    110 0.0000000e+00 1.1500800e-07 7.3605200e-08
     46    111 0.0000000e+00 8.3216400e-07 5.3258400e-07
     46    111 1.0000000e+00 1.5660000e-06 1.0022400e-06
     46    112 0.0000000e+00 2.3711600e-05 1.5175400e-05
     46    113 0.0000000e+00 1.1911800e-04 7.6235800e-05
     46    114 0.0000000e+00 2.3318600e-04 1.4923900e-04
     46    115 0.0000000e+00 2.4298700e-04 1.5551200e-04
     46    116 0.0000000e+00 2.5242700e-04 1.6155400e-04
     46    117 0.0000000e+00 1.4081000e-04 9.0118300e-05
     46    118 0.0000000e+00 6.2144400e-05 3.9772300e-05
     46    119 0.0000000e+00 9.3906600e-06 6.0100200e-06
     46    120 0.0000000e+00 1.1500800e-06 7.3605200e-07
     46    121 0.0000000e+00 7.1005000e-08 4.5443100e-08
     46    122 0.0000000e+00 2.1001400e-09 1.3440900e-09
     46    123 0.0000000e+00 2.9602000e-11 1.8945300e-11
     46    124 0.0000000e+00 0.0000000e+00 0.0000000e+00
     46    125 0.0000000e+00 0.0000000e+00 0.0000000e+00
     46    126 0.0000000e+00 0.0000000e+00 0.0000000e+00
     46    127 0.0000000e+00 0.0000000e+00 0.0000000e+00
     46    128 0.0000000e+00 0.0000000e+00 0.0000000e+00
     46    129 0.0000000e+00 0.0000000e+00 0.0000000e+00
     46    130 0.0000000e+00 0.0000000e+00 0.0000000e+00
     46    131 0.0000000e+00 0.0000000e+00 0.0000000e+00
     47    105 0.0000000e+00 0.0000000e+00 0.0000000e+00
     47    105 1.0000000e+00 0.0000000e+00 0.0000000e+00
     47    106 0.0000000e+00 0.0000000e+00 0.0000000e+00
     47    106 1.0000000e+00 0.0000000e+00 0.0000000e+00
     47    107 0.0000000e+00 0.0000000e+00 0.0000000e+00
     47    107 1.0000000e+00 0.0000000e+00 0.0000000e+00
     47    108 0.0000000e+00 0.0000000e+00 0.0000000e+00
     47    108 1.0000000e+00 0.0000000e+00 0.0000000e+00
     47    109 0.0000000e+00 2.7266900e-15 1.7450800e-15
     47    109 1.0000000e+00 1.7774700e-14 1.1375800e-14
     47    110 0.0000000e+00 9.5268000e-13 6.0971600e-13
     47    110 1.0000000e+00 2.2335400e-12 1.4294700e-12
     47    111 0.0000000e+00 8.4553900e-11 5.4114400e-11
     47    111 1.0000000e+00 5.5119000e-10 3.5276200e-10
     47    112 0.0000000e+00 1.9901400e-08 1.2736900e-08
     47    113 0.0000000e+00 1.1106300e-07 7.1080300e-08
     47    113 1.0000000e+00 7.2399600e-07 4.6335700e-07
     47    114 0.0000000e+00 4.1502900e-06 2.6561800e-06
     47    115 0.0000000e+00 3.8439600e-06 2.4601400e-06
     47    115 1.0000000e+00 2.5058000e-05 1.6037200e-05
     47    116 0.0000000e+00 1.7385100e-05 1.1126400e-05
     47    116 1.0000000e+00 4.0758900e-05 2.6085700e-05
     47    117 0.0000000e+00 2.4800900e-05 1.5872600e-05
     47    117 1.0000000e+00 1.6167200e-04 1.0347000e-04
     47    118 0.0000000e+00 2.9946400e-05 1.9165700e-05
     47    118 1.0000000e+00 1.2602500e-04 8.0655600e-05
     47    119 0.0000000e+00 1.5061000e-04 9.6390700e-05
     47    120 0.0000000e+00 1.7516500e-05 1.1210600e-05
     47    120 1.0000000e+00 2.4896400e-05 1.5933700e-05
     47    121 0.0000000e+00 2.0171400e-05 1.2909700e-05
     47    122 0.0000000e+00 1.6501200e-06 7.4675600e-07
     47    123 0.0000000e+00 2.0801400e-07 1.3312900e-07
     47    124 0.0000000e+00 1.5001000e-12 9.6006700e-13
     47    125 0.0000000e+00 1.4401000e-13 9.2166400e-14
     47    126 0.0000000e+00 0.0000000e+00 0.0000000e+00
     47    127 0.0000000e+00 0.0000000e+00 0.0000000e+00
     47    128 0.0000000e+00 0.0000000e+00 0.0000000e+00
     47    129 0.0000000e+00 2.8939700e-12 1.8521400e-12
     47    130 0.0000000e+00 1.0300700e-13 6.5924600e-14
     47    131 0.0000000e+00 2.9104300e-15 1.8626800e-15
     47    132 0.0000000e+00 0.0000000e+00 0.0000000e+00
     47    133 0.0000000e+00 0.0000000e+00 0.0000000e+00
     48    108 0.0000000e+00 0.0000000e+00 0.0000000e+00
     48    109 0.0000000e+00 0.0000000e+00 0.0000000e+00
     48    110 0.0000000e+00 0.0000000e+00 0.0000000e+00
     48    111 0.0000000e+00 0.0000000e+00 0.0000000e+00
     48    111 1.0000000e+00 9.3458400e-15 5.9813500e-15
     48    112 0.0000000e+00 5.0603500e-12 3.2386200e-12
     48    113 0.0000000e+00 1.5234400e-10 9.7500600e-11
     48    113 1.0000000e+00 4.9870000e-10 3.1916800e-10
     48    114 0.0000000e+00 2.8902000e-08 1.8497300e-08
     48    115 0.0000000e+00 1.2800700e-07 8.1924500e-08
     48    115 1.0000000e+00 4.1903100e-07 2.6818000e-07
     48    116 0.0000000e+00 7.8205500e-06 5.0051400e-06
     48    117 0.0000000e+00 1.2667300e-05 8.1070800e-06
     48    117 1.0000000e+00 4.1466400e-05 2.6538500e-05
     48    118 0.0000000e+00 2.5499800e-04 1.6319800e-04
     48    119 0.0000000e+00 1.3353500e-04 8.5462900e-05
     48    119 1.0000000e+00 3.2221600e-04 2.0621900e-04
     48    120 0.0000000e+00 7.3256100e-04 4.6883900e-04
     48    121 0.0000000e+00 2.1529700e-04 1.3779000e-04
     48    121 1.0000000e+00 5.1950400e-04 3.3248300e-04
     48    122 0.0000000e+00 4.3276000e-04 2.7696600e-04
     48    123 0.0000000e+00 1.4599000e-04 9.3433700e-05
     48    124 0.0000000e+00 4.0802800e-06 2.6113800e-06
     48    125 0.0000000e+00 7.9805600e-07 5.1075500e-07
     48    126 0.0000000e+00 1.6101100e-07 1.0304700e-07
     48    127 0.0000000e+00 2.3401600e-08 1.4977000e-08
     48    128 0.0000000e+00 2.8101900e-09 1.7985200e-09
     48    129 0.0000000e+00 7.0304600e-07 4.4995000e-07
     48    130 0.0000000e+00 3.9402700e-08 2.5217700e-08
     48    131 0.0000000e+00 7.0704700e-10 4.5251000e-10
     48    132 0.0000000e+00 7.4405200e-12 4.7619300e-12
     48    133 0.0000000e+00 4.0067900e-14 2.5643500e-14
     48    134 0.0000000e+00 0.0000000e+00 0.0000000e+00
     48    135 0.0000000e+00 0.0000000e+00 0.0000000e+00
     48    136 0.0000000e+00 0.0000000e+00 0.0000000e+00
     49    110 0.0000000e+00 0.0000000e+00 0.0000000e+00
     49    110 1.0000000e+00 0.0000000e+00 0.0000000e+00
     49    111 0.0000000e+00 0.0000000e+00 0.0000000e+00
     49    111 1.0000000e+00 0.0000000e+00 0.0000000e+00
     49    112 0.0000000e+00 0.0000000e+00 0.0000000e+00
     49    112 1.0000000e+00 0.0000000e+00 0.0000000e+00
     49    113 0.0000000e+00 0.0000000e+00 0.0000000e+00
     49    113 1.0000000e+00 0.0000000e+00 0.0000000e+00
     49    114 0.0000000e+00 1.0583200e-13 6.7732800e-14
     49    114 1.0000000e+00 3.1919700e-13 2.0428600e-13
     49    115 0.0000000e+00 5.8549300e-11 3.7471500e-11
     49    115 1.0000000e+00 1.3555800e-11 8.6756900e-12
     49    116 0.0000000e+00 5.1155500e-10 3.2739600e-10
     49    116 1.0000000e+00 1.5430100e-09 9.8752500e-10
     49    116 2.0000000e+00 7.2563000e-10 4.6440300e-10
     49    117 0.0000000e+00 1.2124000e-07 7.7593700e-08
     49    117 1.0000000e+00 2.8070300e-08 1.7965000e-08
     49    118 0.0000000e+00 2.9423600e-07 1.8831100e-07
     49    118 1.0000000e+00 8.8750600e-07 5.6800400e-07
     49    118 2.0000000e+00 4.1736800e-07 2.6711500e-07
     49    119 0.0000000e+00 1.5177300e-05 9.7135000e-06
     49    119 1.0000000e+00 3.5139600e-06 2.2489400e-06
     49    120 0.0000000e+00 2.4740400e-05 1.5833900e-05
     49    120 1.0000000e+00 5.5131900e-05 2.5880200e-05
     49    121 0.0000000e+00 2.8271700e-04 1.8093900e-04
     49    121 1.0000000e+00 6.5456700e-05 4.1892200e-05
     49    122 0.0000000e+00 1.0078700e-04 6.4503900e-05
     49    122 1.0000000e+00 4.3890200e-04 2.1285000e-04
     49    123 0.0000000e+00 7.2603600e-04 4.6466200e-04
     49    123 1.0000000e+00 1.6809700e-04 1.0758200e-04
     49    124 0.0000000e+00 2.6815200e-04 1.7161700e-04
     49    124 1.0000000e+00 2.4164300e-04 1.5465100e-04
     49    125 0.0000000e+00 4.3609000e-04 2.7909900e-04
     49    125 1.0000000e+00 1.0096700e-04 6.4618900e-05
     49    126 0.0000000e+00 1.1391800e-04 7.2907900e-05
     49    126 1.0000000e+00 1.0265700e-04 6.5700300e-05
     49    127 0.0000000e+00 1.4725800e-04 9.4245300e-05
     49    127 1.0000000e+00 3.4094300e-05 2.1820300e-05
     49    128 0.0000000e+00 2.6107200e-05 1.6708600e-05
     49    128 1.0000000e+00 2.3526200e-05 1.5056800e-05
     49    129 0.0000000e+00 1.8084500e-04 1.1574100e-04
     49    129 1.0000000e+00 4.1870500e-05 2.6797100e-05
     49    130 0.0000000e+00 3.9842800e-05 1.2749700e-05
     49    131 0.0000000e+00 2.3088400e-06 1.4776600e-06
     49    131 1.0000000e+00 5.3463700e-07 3.4216800e-07
     49    131 2.0000000e+00 1.8732600e-06 1.4986100e-06
     49    132 0.0000000e+00 1.0800700e-07 6.9124900e-08
     49    133 0.0000000e+00 4.2902600e-09 2.7457700e-09
     49    134 0.0000000e+00 4.2402900e-11 2.7137900e-11
     49    135 0.0000000e+00 4.6517600e-13 2.9771300e-13
     49    136 0.0000000e+00 0.0000000e+00 0.0000000e+00
     49    137 0.0000000e+00 0.0000000e+00 0.0000000e+00
     49    138 0.0000000e+00 0.0000000e+00 0.0000000e+00
     50    113 0.0000000e+00 0.0000000e+00 0.0000000e+00
     50    113 1.0000000e+00 0.0000000e+00 0.0000000e+00
     50    114 0.0000000e+00 0.0000000e+00 0.0000000e+00
     50    115 0.0000000e+00 0.0000000e+00 0.0000000e+00
     50    116 0.0000000e+00 2.8602000e-13 1.8305300e-13
     50    117 0.0000000e+00 1.0015900e-11 6.4101700e-12
     50    117 1.0000000e+00 3.2787100e-11 2.0983700e-11
     50    118 0.0000000e+00 3.4802400e-09 2.2273500e-09
     50    119 0.0000000e+00 2.4244100e-08 1.5516200e-08
     50    119 1.0000000e+00 7.9363100e-08 5.0792300e-08
     50    120 0.0000000e+00 2.4201700e-06 1.5489100e-06
     50    121 0.0000000e+00 2.3184100e-05 1.4837900e-05
     50    121 1.0000000e+00 9.6081300e-06 6.1492100e-06
     50    122 0.0000000e+00 2.5180700e-04 1.6115700e-04
     50    123 0.0000000e+00 8.1579400e-04 5.2210700e-04
     50    123 1.0000000e+00 3.3808700e-04 2.1637600e-04
     50    124 0.0000000e+00 2.6177000e-03 1.6753300e-03
     50    125 0.0000000e+00 3.1303000e-03 1.0016900e-03
     50    125 1.0000000e+00 1.2972800e-03 8.3025900e-04
     50    126 0.0000000e+00 5.3844300e-03 1.7230200e-03
     50    127 0.0000000e+00 4.3333800e-03 2.7733600e-03
     50    127 1.0000000e+00 1.7958700e-03 1.1493600e-03
     50    128 0.0000000e+00 8.4049600e-03 3.8036500e-03
     50    129 0.0000000e+00 2.6166800e-03 1.6746800e-03
     50    129 1.0000000e+00 6.3139800e-03 4.0409600e-03
     50    130 0.0000000e+00 2.2640600e-03 1.4490000e-03
     50    130 1.0000000e+00 5.3080400e-03 3.3971500e-03
     50    131 0.0000000e+00 6.5896700e-04 4.2173800e-04
     50    131 1.0000000e+00 1.5900700e-03 1.0176400e-03
     50    132 0.0000000e+00 4.4946100e-04 2.8765500e-04
     50    133 0.0000000e+00 4.6573200e-05 2.9806900e-05
     50    134 0.0000000e+00 3.5602500e-06 2.2785600e-06
     50    135 0.0000000e+00 1.1300800e-07 7.2324800e-08
     50    136 0.0000000e+00 1.9601300e-09 1.2544900e-09
     50    137 0.0000000e+00 1.0700700e-11 6.8484800e-12
     50    138 0.0000000e+00 5.1203500e-14 3.2770300e-14
     50    139 0.0000000e+00 0.0000000e+00 0.0000000e+00
     50    140 0.0000000e+00 0.0000000e+00 0.0000000e+00
     51    116 0.0000000e+00 0.0000000e+00 0.0000000e+00
     51    116 1.0000000e+00 0.0000000e+00 0.0000000e+00
     51    117 0.0000000e+00 0.0000000e+00 0.0000000e+00
     51    118 0.0000000e+00 0.0000000e+00 0.0000000e+00
     51    118 1.0000000e+00 0.0000000e+00 0.0000000e+00
     51    119 0.0000000e+00 3.7102600e-12 2.3745600e-12
     51    120 0.0000000e+00 9.4624900e-11 6.0559900e-11
     51    120 1.0000000e+00 1.3449100e-10 8.6074400e-11
     51    121 0.0000000e+00 2.5101700e-08 1.6065100e-08
     51    122 0.0000000e+00 2.3967600e-07 1.5339200e-07
     51    122 1.0000000e+00 2.7136000e-07 1.7367000e-07
     51    123 0.0000000e+00 1.8061200e-05 1.1559200e-05
     51    124 0.0000000e+00 1.5769100e-06 1.0092200e-06
     51    124 1.0000000e+00 2.8384400e-06 1.8166000e-06
     51    124 2.0000000e+00 1.4250600e-06 9.1204000e-07
     51    125 0.0000000e+00 3.5582500e-05 2.2772800e-05
     51    126 0.0000000e+00 3.3335600e-05 2.1334800e-05
     51    126 1.0000000e+00 8.5142600e-05 4.0615100e-05
     51    127 0.0000000e+00 4.2129900e-04 2.6963200e-04
     51    128 0.0000000e+00 2.9847700e-04 1.9102600e-04
     51    128 1.0000000e+00 5.0821800e-04 3.2525900e-04
     51    129 0.0000000e+00 1.7950800e-03 1.1488500e-03
     51    129 1.0000000e+00 3.1863800e-03 2.5491000e-03
     51    130 0.0000000e+00 2.5452400e-03 1.6289500e-03
     51    130 1.0000000e+00 4.3337800e-03 2.7736200e-03
     51    131 0.0000000e+00 1.1426900e-02 3.6566000e-03
     51    132 0.0000000e+00 2.7316500e-03 1.7482600e-03
     51    132 1.0000000e+00 2.0108000e-03 1.2869100e-03
     51    133 0.0000000e+00 3.4395000e-03 2.2012800e-03
     51    134 0.0000000e+00 1.8768600e-04 1.2012000e-04
     51    134 1.0000000e+00 4.4002700e-04 2.8161800e-04
     51    135 0.0000000e+00 1.4800000e-04 9.4720200e-05
     51    136 0.0000000e+00 6.8304800e-06 4.3715000e-06
     51    137 0.0000000e+00 2.9002000e-07 1.8561300e-07
     51    138 0.0000000e+00 3.6502500e-09 2.3361600e-09
     51    139 0.0000000e+00 7.4105200e-11 4.7427300e-11
     51    140 0.0000000e+00 4.5095300e-13 2.8861000e-13
     51    141 0.0000000e+00 1.4953200e-14 9.5700900e-15
     51    142 0.0000000e+00 0.0000000e+00 0.0000000e+00
     51    143 0.0000000e+00 0.0000000e+00 0.0000000e+00
     52    119 0.0000000e+00 0.0000000e+00 0.0000000e+00
     52    119 1.0000000e+00 0.0000000e+00 0.0000000e+00
     52    120 0.0000000e+00 0.0000000e+00 0.0000000e+00
     52    121 0.0000000e+00 4.3761100e-13 2.8007100e-13
     52    121 1.0000000e+00 1.4325200e-12 9.1681400e-13
     52    122 0.0000000e+00 3.3002300e-10 2.1121500e-10
     52    123 0.0000000e+00 7.9331500e-09 5.0772100e-09
     52    123 1.0000000e+00 2.5969200e-08 1.6620300e-08
     52    124 0.0000000e+00 1.0100700e-10 6.4644600e-11
     52    125 0.0000000e+00 2.8620200e-10 1.8316900e-10
     52    125 1.0000000e+00 9.3688300e-10 5.9960600e-10
     52    126 0.0000000e+00 1.9701400e-08 1.2608900e-08
     52    127 0.0000000e+00 5.2069700e-08 3.3324600e-08
     52    127 1.0000000e+00 1.2564300e-07 8.0411300e-08
     52    128 0.0000000e+00 2.1801500e-06 1.3953000e-06
     52    129 0.0000000e+00 1.4003100e-04 8.9620200e-05
     52    129 1.0000000e+00 3.3789200e-04 2.1625100e-04
     52    130 0.0000000e+00 4.1528500e-03 2.6578200e-03
     52    131 0.0000000e+00 3.6407200e-03 2.3300600e-03
     52    131 1.0000000e+00 8.7849500e-03 5.6223700e-03
     52    132 0.0000000e+00 2.7908900e-02 3.0699800e-03
     52    133 0.0000000e+00 1.1306200e-02 3.6179700e-03
     52    133 1.0000000e+00 2.7281400e-02 8.7300300e-03
     52    134 0.0000000e+00 4.2285500e-02 1.3531300e-02
     52    135 0.0000000e+00 2.1614600e-02 6.9166900e-03
     52    136 0.0000000e+00 7.2211200e-03 4.6215100e-03
     52    137 0.0000000e+00 7.4897300e-04 4.7934200e-04
     52    138 0.0000000e+00 7.1395000e-05 4.5692700e-05
     52    139 0.0000000e+00 3.7302600e-06 2.3873600e-06
     52    140 0.0000000e+00 1.4901000e-07 9.5366400e-08
     52    141 0.0000000e+00 3.6326700e-09 2.3249100e-09
     52    142 0.0000000e+00 9.6406700e-12 6.1700300e-12
     52    143 0.0000000e+00 8.4502300e-14 5.4081400e-14
     52    144 0.0000000e+00 0.0000000e+00 0.0000000e+00
     52    145 0.0000000e+00 0.0000000e+00 0.0000000e+00
     53    122 0.0000000e+00 0.0000000e+00 0.0000000e+00
     53    123 0.0000000e+00 3.9302700e-13 2.5153700e-13
     53    124 0.0000000e+00 0.0000000e+00 0.0000000e+00
     53    125 0.0000000e+00 0.0000000e+00 0.0000000e+00
     53    126 0.0000000e+00 0.0000000e+00 0.0000000e+00
     53    127 0.0000000e+00 0.0000000e+00 0.0000000e+00
     53    128 0.0000000e+00 2.4001700e-13 1.5361100e-13
     53    129 0.0000000e+00 4.0702800e-07 2.6049800e-07
     53    130 0.0000000e+00 5.6995200e-06 3.6476900e-06
     53    130 1.0000000e+00 2.4310400e-06 1.5558600e-06
     53    131 0.0000000e+00 1.5949100e-04 1.0207400e-04
     53    132 0.0000000e+00 4.4418600e-04 2.8428000e-04
     53    132 1.0000000e+00 3.3508800e-04 2.1445700e-04
     53    133 0.0000000e+00 3.8221600e-03 2.4461800e-03
     53    133 1.0000000e+00 2.3326900e-03 1.4929200e-03
     53    134 0.0000000e+00 7.0408700e-03 4.5061500e-03
     53    134 1.0000000e+00 5.1828600e-03 3.3170400e-03
     53    135 0.0000000e+00 3.4057000e-02 1.0898300e-02
     53    136 0.0000000e+00 6.7240500e-03 2.1517000e-03
     53    136 1.0000000e+00 1.5764400e-02 5.0445900e-03
     53    137 0.0000000e+00 1.4650800e-02 4.6882700e-03
     53    138 0.0000000e+00 3.1463100e-03 2.0136400e-03
     53    139 0.0000000e+00 1.1823400e-03 7.5669900e-04
     53    140 0.0000000e+00 1.1716800e-04 7.4987700e-05
     53    141 0.0000000e+00 9.1070100e-06 5.8284800e-06
     53    142 0.0000000e+00 1.6301100e-07 1.0432700e-07
     53    143 0.0000000e+00 9.0480600e-09 5.7907600e-09
     53    144 0.0000000e+00 7.6571300e-12 4.9005600e-12
     53    145 0.0000000e+00 1.3049600e-13 8.3517600e-14
     53    146 0.0000000e+00 4.5095300e-16 2.8861000e-16
     53    147 0.0000000e+00 0.0000000e+00 0.0000000e+00
     53    148 0.0000000e+00 0.0000000e+00 0.0000000e+00
     54    125 0.0000000e+00 0.0000000e+00 0.0000000e+00
     54    126 0.0000000e+00 0.0000000e+00 0.0000000e+00
     54    127 0.0000000e+00 0.0000000e+00 0.0000000e+00
     54    127 1.0000000e+00 0.0000000e+00 0.0000000e+00
     54    128 0.0000000e+00 0.0000000e+00 0.0000000e+00
     54    129 0.0000000e+00 7.9331500e-12 5.0772100e-12
     54    129 1.0000000e+00 2.5969200e-11 1.6620300e-11
     54    130 0.0000000e+00 5.0603500e-09 3.2386200e-09
     54    131 0.0000000e+00 7.0940200e-08 4.5401700e-08
     54    131 1.0000000e+00 1.7117700e-07 1.0955300e-07
     54    132 0.0000000e+00 8.6506100e-06 5.5363800e-06
     54    133 0.0000000e+00 4.8348300e-05 3.0942900e-05
     54    133 1.0000000e+00 1.1666300e-04 7.4664500e-05
     54    134 0.0000000e+00 6.3703100e-04 4.0769900e-04
     54    134 1.0000000e+00 1.4935100e-03 9.5584600e-04
     54    135 0.0000000e+00 3.4731000e-03 2.2227800e-03
     54    135 1.0000000e+00 8.3804700e-03 5.3635000e-03
     54    136 0.0000000e+00 4.4947600e-02 1.4383300e-02
     54    137 0.0000000e+00 5.2569700e-02 1.6822400e-02
     54    138 0.0000000e+00 6.3074700e-02 2.0183900e-02
     54    139 0.0000000e+00 4.7407100e-02 1.5170200e-02
     54    140 0.0000000e+00 3.0723500e-02 9.8315200e-03
     54    141 0.0000000e+00 5.7547600e-03 3.6830400e-03
     54    142 0.0000000e+00 7.8382500e-04 5.0164800e-04
     54    143 0.0000000e+00 1.5079100e-05 9.6506200e-06
     54    143 1.0000000e+00 3.6385400e-05 2.3286600e-05
     54    144 0.0000000e+00 2.5301600e-06 1.6193100e-06
     54    145 0.0000000e+00 3.1702100e-08 2.0289300e-08
     54    146 0.0000000e+00 1.4901000e-10 9.5366400e-11
     54    147 0.0000000e+00 2.3970000e-14 1.5340800e-14
     54    148 0.0000000e+00 0.0000000e+00 0.0000000e+00
     54    149 0.0000000e+00 0.0000000e+00 0.0000000e+00
     54    150 0.0000000e+00 0.0000000e+00 0.0000000e+00
     55    128 0.0000000e+00 0.0000000e+00 0.0000000e+00
     55    129 0.0000000e+00 0.0000000e+00 0.0000000e+00
     55    130 0.0000000e+00 0.0000000e+00 0.0000000e+00
     55    131 0.0000000e+00 2.2301500e-12 1.4273000e-12
     55    132 0.0000000e+00 2.0701400e-10 1.3248900e-10
     55    133 0.0000000e+00 3.1502200e-08 2.0161400e-08
     55    134 0.0000000e+00 5.8180000e-07 3.7235200e-07
     55    134 1.0000000e+00 4.2826900e-07 2.7409200e-07
     55    135 0.0000000e+00 2.5021800e-05 1.6014000e-05
     55    135 1.0000000e+00 1.5271000e-05 9.7734200e-06
     55    136 0.0000000e+00 6.2613700e-04 4.0072800e-04
     55    136 1.0000000e+00 3.6773100e-04 2.3534800e-04
     55    137 0.0000000e+00 2.6010500e-03 1.6646700e-03
     55    138 0.0000000e+00 2.4669400e-03 1.5788400e-03
     55    138 1.0000000e+00 3.5062800e-03 2.2440200e-03
     55    139 0.0000000e+00 2.4460100e-02 7.8272200e-03
     55    140 0.0000000e+00 2.8737500e-02 9.1959800e-03
     55    141 0.0000000e+00 3.2093400e-02 1.0269900e-02
     55    142 0.0000000e+00 9.4441200e-03 6.0442400e-03
     55    143 0.0000000e+00 4.3714900e-03 2.7977500e-03
     55    144 0.0000000e+00 5.3316700e-04 3.4122700e-04
     55    145 0.0000000e+00 5.0213500e-05 3.2136600e-05
     55    146 0.0000000e+00 6.2604400e-07 4.0066800e-07
     55    147 0.0000000e+00 2.5665800e-09 1.6426100e-09
     55    148 0.0000000e+00 1.0400700e-11 6.6564700e-12
     55    149 0.0000000e+00 1.6178200e-14 1.0354100e-14
     55    150 0.0000000e+00 0.0000000e+00 0.0000000e+00
     55    151 0.0000000e+00 9.8813000e-19 6.3240400e-19
     55    152 0.0000000e+00 0.0000000e+00 0.0000000e+00
     56    131 0.0000000e+00 0.0000000e+00 0.0000000e+00
     56    132 0.0000000e+00 0.0000000e+00 0.0000000e+00
     56    133 0.0000000e+00 3.0556000e-14 1.9555800e-14
     56    133 1.0000000e+00 0.0000000e+00 0.0000000e+00
     56    134 0.0000000e+00 1.4001000e-10 8.9606300e-11
     56    135 0.0000000e+00 4.2195000e-09 2.7004700e-09
     56    135 1.0000000e+00 1.0181500e-08 6.5161600e-09
     56    136 0.0000000e+00 2.9902100e-07 1.9137300e-07
     56    136 1.0000000e+00 7.0104800e-07 4.4867100e-07
     56    137 0.0000000e+00 5.2538500e-06 3.3624700e-06
     56    137 1.0000000e+00 1.2677400e-05 8.1135400e-06
     56    138 0.0000000e+00 2.8621000e-04 1.8317500e-04
     56    139 0.0000000e+00 2.5371100e-03 1.6237500e-03
     56    140 0.0000000e+00 1.7875900e-02 5.7203000e-03
     56    141 0.0000000e+00 3.8023000e-02 1.2167300e-02
     56    142 0.0000000e+00 6.2293200e-02 1.9933900e-02
     56    143 0.0000000e+00 5.5312300e-02 1.7699900e-02
     56    144 0.0000000e+00 4.2205600e-02 1.3505800e-02
     56    145 0.0000000e+00 8.7007300e-03 5.5684600e-03
     56    146 0.0000000e+00 7.9120600e-04 5.0637100e-04
     56    147 0.0000000e+00 1.4598400e-05 9.3430100e-06
     56    148 0.0000000e+00 2.3601600e-07 1.5105000e-07
     56    149 0.0000000e+00 3.9302600e-09 2.5153600e-09
     56    150 0.0000000e+00 3.2102200e-11 2.0545400e-11
     56    151 0.0000000e+00 2.4005200e-13 1.5363300e-13
     56    152 0.0000000e+00 0.0000000e+00 0.0000000e+00
     56    153 0.0000000e+00 9.2651200e-19 5.9296800e-19
     56    154 0.0000000e+00 0.0000000e+00 0.0000000e+00
     57    133 0.0000000e+00 0.0000000e+00 0.0000000e+00
     57    134 0.0000000e+00 0.0000000e+00 0.0000000e+00
     57    135 0.0000000e+00 3.0402100e-14 1.9457300e-14
     57    136 0.0000000e+00 0.0000000e+00 0.0000000e+00
     57    137 0.0000000e+00 8.0305600e-10 5.1395500e-10
     57    138 0.0000000e+00 3.2602200e-08 2.0865400e-08
     57    139 0.0000000e+00 2.1601500e-06 1.3825000e-06
     57    140 0.0000000e+00 3.6432500e-05 2.3316800e-05
     57    141 0.0000000e+00 5.3903700e-04 3.4498400e-04
     57    142 0.0000000e+00 1.8895300e-03 1.2093000e-03
     57    143 0.0000000e+00 9.9132800e-03 6.3445000e-03
     57    144 0.0000000e+00 1.4058700e-02 4.4987600e-03
     57    145 0.0000000e+00 1.5874600e-02 5.0798600e-03
     57    146 0.0000000e+00 1.0287300e-03 6.5838800e-04
     57    146 1.0000000e+00 1.8528700e-03 1.1858400e-03
     57    147 0.0000000e+00 3.3732300e-04 2.1588700e-04
     57    148 0.0000000e+00 1.1960800e-05 7.6549400e-06
     57    149 0.0000000e+00 1.3901000e-06 8.8966200e-07
     57    150 0.0000000e+00 2.7201900e-08 1.7409200e-08
     57    151 0.0000000e+00 6.0180100e-10 3.8515400e-10
     57    152 0.0000000e+00 5.8604100e-12 3.7506600e-12
     57    153 0.0000000e+00 9.9206000e-14 6.3491900e-14
     57    154 0.0000000e+00 0.0000000e+00 0.0000000e+00
     57    155 0.0000000e+00 1.1073700e-18 7.0871400e-19
     57    156 0.0000000e+00 0.0000000e+00 0.0000000e+00
     57    157 0.0000000e+00 0.0000000e+00 0.0000000e+00
     58    135 0.0000000e+00 0.0000000e+00 0.0000000e+00
     58    136 0.0000000e+00 0.0000000e+00 0.0000000e+00
     58    137 0.0000000e+00 0.0000000e+00 0.0000000e+00
     58    137 1.0000000e+00 0.0000000e+00 0.0000000e+00
     58    138 0.0000000e+00 1.0400700e-12 6.6564700e-13
     58    139 0.0000000e+00 5.2802200e-11 3.3793400e-11
     58    139 1.0000000e+00 1.2741000e-10 8.1542600e-11
     58    140 0.0000000e+00 2.3501600e-08 1.5041000e-08
     58    141 0.0000000e+00 9.0806400e-07 5.8116100e-07
     58    142 0.0000000e+00 2.4151700e-05 1.5457100e-05
     58    143 0.0000000e+00 3.0307100e-04 1.9396500e-04
     58    144 0.0000000e+00 2.8748800e-03 1.8399300e-03
     58    145 0.0000000e+00 6.4137500e-03 4.1048000e-03
     58    146 0.0000000e+00 6.6389700e-03 4.2489300e-03
     58    147 0.0000000e+00 1.4008100e-03 8.9651700e-04
     58    148 0.0000000e+00 2.7060900e-04 1.7319000e-04
     58    149 0.0000000e+00 6.1284300e-05 3.9221900e-05
     58    150 0.0000000e+00 7.6205400e-06 4.8771400e-06
     58    151 0.0000000e+00 3.8002600e-07 2.4321700e-07
     58    152 0.0000000e+00 2.5301700e-08 1.6193100e-08
     58    153 0.0000000e+00 1.0400700e-09 6.6564700e-10
     58    154 0.0000000e+00 3.1602200e-11 2.0225400e-11
     58    155 0.0000000e+00 2.6901800e-13 1.7217100e-13
     58    156 0.0000000e+00 3.1607500e-15 2.5286000e-15
     58    157 0.0000000e+00 0.0000000e+00 0.0000000e+00
     58    158 0.0000000e+00 0.0000000e+00 0.0000000e+00
     58    159 0.0000000e+00 0.0000000e+00 0.0000000e+00
     58    160 0.0000000e+00 0.0000000e+00 0.0000000e+00
     59    138 0.0000000e+00 0.0000000e+00 0.0000000e+00
     59    138 1.0000000e+00 0.0000000e+00 0.0000000e+00
     59    139 0.0000000e+00 0.0000000e+00 0.0000000e+00
     59    140 0.0000000e+00 2.9602000e-14 1.8945300e-14
     59    141 0.0000000e+00 9.4106600e-12 6.0228300e-12
     59    142 0.0000000e+00 2.0094200e-10 1.2860300e-10
     59    142 1.0000000e+00 4.7110400e-10 3.0150700e-10
     59    143 0.0000000e+00 6.7104700e-08 4.2947000e-08
     59    144 0.0000000e+00 1.6494400e-07 1.0556400e-07
     59    144 1.0000000e+00 1.4681700e-06 9.3962900e-07
     59    145 0.0000000e+00 2.5931800e-05 1.6596300e-05
     59    146 0.0000000e+00 6.1884400e-05 3.9605900e-05
     59    147 0.0000000e+00 8.0675700e-05 5.1632400e-05
     59    148 0.0000000e+00 5.5223000e-06 3.5342800e-06
     59    148 1.0000000e+00 2.3239700e-05 1.4873400e-05
     59    149 0.0000000e+00 3.4422400e-05 2.2030300e-05
     59    150 0.0000000e+00 7.5605300e-06 4.8387300e-06
     59    151 0.0000000e+00 2.1201500e-06 1.3568900e-06
     59    152 0.0000000e+00 2.7601900e-07 1.7665200e-07
     59    153 0.0000000e+00 7.4105200e-08 4.7427300e-08
     59    154 0.0000000e+00 4.9903400e-09 3.1938200e-09
     59    155 0.0000000e+00 2.9502000e-10 1.8881300e-10
     59    156 0.0000000e+00 8.0105600e-12 5.1267500e-12
     59    157 0.0000000e+00 1.4201000e-13 9.0886400e-14
     59    158 0.0000000e+00 2.4034200e-15 1.9227400e-15
     59    159 0.0000000e+00 0.0000000e+00 0.0000000e+00
     59    160 0.0000000e+00 0.0000000e+00 0.0000000e+00
     59    161 0.0000000e+00 0.0000000e+00 0.0000000e+00
     59    162 0.0000000e+00 0.0000000e+00 0.0000000e+00
     60    141 0.0000000e+00 0.0000000e+00 0.0000000e+00
     60    142 0.0000000e+00 0.0000000e+00 0.0000000e+00
     60    143 0.0000000e+00 1.3801000e-12 8.8326200e-13
     60    144 0.0000000e+00 2.7401900e-10 1.7537200e-10
     60    145 0.0000000e+00 1.1200800e-08 7.1685000e-09
     60    146 0.0000000e+00 2.0901400e-07 1.3376900e-07
     60    147 0.0000000e+00 6.6104700e-07 4.2306900e-07
     60    148 0.0000000e+00 1.5801100e-06 1.0112700e-06
     60    149 0.0000000e+00 3.9302700e-06 2.5153700e-06
     60    150 0.0000000e+00 4.9903400e-06 3.1938200e-06
     60    151 0.0000000e+00 2.5101700e-06 1.6065100e-06
     60    152 0.0000000e+00 1.6701200e-06 1.0688700e-06
     60    153 0.0000000e+00 8.0705700e-07 5.1651600e-07
     60    154 0.0000000e+00 3.0502100e-07 1.9521300e-07
     60    155 0.0000000e+00 3.6302500e-08 2.3233600e-08
     60    156 0.0000000e+00 6.6104700e-09 4.2306900e-09
     60    157 0.0000000e+00 2.6401800e-10 1.6897200e-10
     60    158 0.0000000e+00 1.1600800e-11 7.4245200e-12
     60    159 0.0000000e+00 2.5101700e-13 1.6065100e-13
     60    160 0.0000000e+00 8.0283200e-16 6.4226500e-16
     60    161 0.0000000e+00 1.0186700e-17 8.1493300e-18
     60    162 0.0000000e+00 0.0000000e+00 0.0000000e+00
     60    163 0.0000000e+00 0.0000000e+00 0.0000000e+00
     60    164 0.0000000e+00 0.0000000e+00 0.0000000e+00
     61    144 0.0000000e+00 0.0000000e+00 0.0000000e+00
     61    145 0.0000000e+00 2.8502000e-14 1.8241300e-14
     61    146 0.0000000e+00 1.4501000e-12 9.2806400e-13
     61    147 0.0000000e+00 3.6202500e-11 2.3169600e-11
     61    148 0.0000000e+00 6.2375700e-11 3.9920400e-11
     61    148 1.0000000e+00 1.4623900e-10 9.3592900e-11
     61    149 0.0000000e+00 3.7302600e-09 2.3873600e-09
     61    150 0.0000000e+00 1.0900800e-08 6.9764900e-09
     61    151 0.0000000e+00 3.5602500e-08 2.2785600e-08
     61    152 0.0000000e+00 6.9766800e-09 4.4650800e-09
     61    152 1.0000000e+00 2.9339000e-08 1.8777000e-08
     61    152 2.0000000e+00 9.8874800e-09 6.3280000e-09
     61    153 0.0000000e+00 1.2500900e-07 8.0005600e-08
     61    154 0.0000000e+00 7.0069800e-08 4.4844700e-08
     61    154 1.0000000e+00 1.0935800e-08 6.9988800e-09
     61    155 0.0000000e+00 4.9503400e-08 3.1682200e-08
     61    156 0.0000000e+00 1.6601100e-08 1.0624700e-08
     61    157 0.0000000e+00 3.8302600e-09 2.4513700e-09
     61    158 0.0000000e+00 3.4902400e-10 2.2337500e-10
     61    159 0.0000000e+00 5.1603600e-11 3.3026300e-11
     61    160 0.0000000e+00 3.2802300e-13 2.0993400e-13
     61    161 0.0000000e+00 2.4201700e-14 1.5489100e-14
     61    162 0.0000000e+00 8.6785300e-16 6.9428200e-16
     61    163 0.0000000e+00 1.1017500e-17 8.8139900e-18
     61    164 0.0000000e+00 1.8061500e-19 1.4449200e-19
     61    165 0.0000000e+00 0.0000000e+00 0.0000000e+00
     61    166 0.0000000e+00 0.0000000e+00 0.0000000e+00
     62    146 0.0000000e+00 0.0000000e+00 0.0000000e+00
     62    147 0.0000000e+00 0.0000000e+00 0.0000000e+00
     62    148 0.0000000e+00 0.0000000e+00 0.0000000e+00
     62    149 0.0000000e+00 3.4802400e-13 2.2273500e-13
     62    150 0.0000000e+00 7.5505300e-12 4.8323300e-12
     62    151 0.0000000e+00 6.0004200e-11 3.8402600e-11
     62    152 0.0000000e+00 5.3103700e-10 3.3986300e-10
     62    153 0.0000000e+00 3.2202200e-09 2.0609400e-09
     62    154 0.0000000e+00 1.2800900e-08 8.1925700e-09
     62    155 0.0000000e+00 1.4801000e-08 9.4726600e-09
     62    156 0.0000000e+00 2.7101900e-08 1.7345200e-08
     62    157 0.0000000e+00 1.0700700e-08 6.8484800e-09
     62    158 0.0000000e+00 5.0403500e-09 3.2258200e-09
     62    159 0.0000000e+00 1.4101000e-09 9.0246300e-10
     62    160 0.0000000e+00 5.3603700e-11 3.4306400e-11
     62    161 0.0000000e+00 8.6706100e-12 5.5491800e-12
     62    162 0.0000000e+00 9.2706500e-13 5.9332200e-13
     62    163 0.0000000e+00 3.0902100e-14 1.9777400e-14
     62    164 0.0000000e+00 2.2711900e-15 1.8169500e-15
     62    165 0.0000000e+00 4.4334900e-17 3.5468000e-17
     62    166 0.0000000e+00 4.4250600e-19 3.5400500e-19
     62    167 0.0000000e+00 0.0000000e+00 0.0000000e+00
     62    168 0.0000000e+00 0.0000000e+00 0.0000000e+00
     63    149 0.0000000e+00 0.0000000e+00 0.0000000e+00
     63    150 0.0000000e+00 0.0000000e+00 0.0000000e+00
     63    150 1.0000000e+00 0.0000000e+00 0.0000000e+00
     63    151 0.0000000e+00 0.0000000e+00 0.0000000e+00
     63    152 0.0000000e+00 2.9921800e-14 2.3937400e-14
     63    152 1.0000000e+00 3.3714700e-15 2.6971800e-15
     63    152 2.0000000e+00 2.6911600e-14 2.1529300e-14
     63    153 0.0000000e+00 5.9304200e-13 3.7954600e-13
     63    154 0.0000000e+00 2.8616400e-12 1.8314500e-12
     63    154 1.0000000e+00 2.5787400e-12 1.6503900e-12
     63    155 0.0000000e+00 4.2302900e-11 2.7073900e-11
     63    156 0.0000000e+00 1.7001200e-10 1.0880700e-10
     63    157 0.0000000e+00 3.9802700e-10 2.5473800e-10
     63    158 0.0000000e+00 3.4502400e-10 2.2081500e-10
     63    159 0.0000000e+00 5.1903600e-10 3.3218300e-10
     63    160 0.0000000e+00 3.3402300e-11 2.1377500e-11
     63    161 0.0000000e+00 2.9602000e-11 1.8945300e-11
     63    162 0.0000000e+00 5.9904200e-12 3.8338600e-12
     63    163 0.0000000e+00 1.2300800e-12 7.8725500e-13
     63    164 0.0000000e+00 1.3500900e-13 8.6406100e-14
     63    165 0.0000000e+00 2.0601400e-14 1.3184900e-14
     63    166 0.0000000e+00 9.8826200e-16 7.9061000e-16
     63    167 0.0000000e+00 4.0918900e-17 3.2735200e-17
     63    168 0.0000000e+00 5.9602800e-19 4.7682200e-19
     63    169 0.0000000e+00 3.6725000e-21 2.9380000e-21
     63    170 0.0000000e+00 0.0000000e+00 0.0000000e+00
     64    151 0.0000000e+00 0.0000000e+00 0.0000000e+00
     64    152 0.0000000e+00 0.0000000e+00 0.0000000e+00
     64    153 0.0000000e+00 0.0000000e+00 0.0000000e+00
     64    154 0.0000000e+00 0.0000000e+00 0.0000000e+00
     64    155 0.0000000e+00 1.2600900e-14 8.0645700e-15
     64    156 0.0000000e+00 3.7102600e-13 2.3745600e-13
     64    157 0.0000000e+00 1.9801400e-12 1.2672900e-12
     64    158 0.0000000e+00 1.1400800e-11 7.2965100e-12
     64    159 0.0000000e+00 3.6502500e-11 2.3361600e-11
     64    160 0.0000000e+00 1.3600900e-11 8.7046100e-12
     64    161 0.0000000e+00 2.2101500e-11 1.4145000e-11
     64    162 0.0000000e+00 2.3001600e-11 1.4721000e-11
     64    163 0.0000000e+00 8.0805700e-12 5.1715600e-12
     64    164 0.0000000e+00 5.0003400e-12 3.2002200e-12
     64    165 0.0000000e+00 1.4901000e-12 9.5366700e-13
     64    166 0.0000000e+00 2.5201700e-13 1.6129100e-13
     64    167 0.0000000e+00 2.3901600e-14 1.5297100e-14
     64    168 0.0000000e+00 2.6134100e-15 2.0907300e-15
     64    169 0.0000000e+00 6.5749200e-17 5.2599400e-17
     64    170 0.0000000e+00 2.0102400e-18 1.6081900e-18
     64    171 0.0000000e+00 2.5382600e-20 2.0306100e-20
     64    172 0.0000000e+00 0.0000000e+00 0.0000000e+00
     65    154 0.0000000e+00 0.0000000e+00 0.0000000e+00
     65    154 1.0000000e+00 0.0000000e+00 0.0000000e+00
     65    154 2.0000000e+00 0.0000000e+00 0.0000000e+00
     65    155 0.0000000e+00 0.0000000e+00 0.0000000e+00
     65    156 0.0000000e+00 0.0000000e+00 0.0000000e+00
     65    156 1.0000000e+00 0.0000000e+00 0.0000000e+00
     65    156 2.0000000e+00 0.0000000e+00 0.0000000e+00
     65    157 0.0000000e+00 0.0000000e+00 0.0000000e+00
     65    158 0.0000000e+00 2.1606800e-15 1.7285400e-15
     65    158 1.0000000e+00 2.4274600e-16 1.9419700e-16
     65    159 0.0000000e+00 2.0101400e-14 1.2864900e-14
     65    160 0.0000000e+00 1.6901200e-14 1.0816700e-14
     65    161 0.0000000e+00 1.8401300e-13 1.1776800e-13
     65    162 0.0000000e+00 3.8402600e-13 1.7379100e-13
     65    163 0.0000000e+00 7.5705300e-13 4.8451300e-13
     65    164 0.0000000e+00 8.4205900e-13 5.3891700e-13
     65    165 0.0000000e+00 1.2800900e-12 8.1925700e-13
     65    166 0.0000000e+00 3.7802600e-13 2.4193700e-13
     65    167 0.0000000e+00 2.0801400e-13 1.3312900e-13
     65    168 0.0000000e+00 2.8802000e-14 1.8433300e-14
     65    169 0.0000000e+00 9.5428100e-15 7.6342500e-15
     65    170 0.0000000e+00 8.6481500e-16 6.9185200e-16
     65    171 0.0000000e+00 6.0675100e-17 4.8540100e-17
     65    172 0.0000000e+00 1.1592200e-18 9.2737900e-19
     66    157 0.0000000e+00 0.0000000e+00 0.0000000e+00
     66    158 0.0000000e+00 0.0000000e+00 0.0000000e+00
     66    159 0.0000000e+00 0.0000000e+00 0.0000000e+00
     66    160 0.0000000e+00 6.3215100e-18 5.0572100e-18
     66    161 0.0000000e+00 2.2410600e-16 1.7928500e-16
     66    162 0.0000000e+00 3.5217100e-15 2.8173700e-15
     66    163 0.0000000e+00 1.0900800e-14 6.9764900e-15
     66    164 0.0000000e+00 7.9005500e-14 5.0563500e-14
     66    165 0.0000000e+00 2.0332600e-13 1.3012800e-13
     66    165 1.0000000e+00 3.1190600e-14 1.9962000e-14
     66    166 0.0000000e+00 3.7802600e-13 2.4193700e-13
     66    167 0.0000000e+00 3.6602500e-13 2.3425600e-13
     66    168 0.0000000e+00 2.6101800e-13 1.6705200e-13
     66    169 0.0000000e+00 7.7805500e-14 4.9795400e-14
     66    170 0.0000000e+00 4.0302800e-14 2.5793800e-14
     66    171 0.0000000e+00 9.3833700e-15 7.5066900e-15
     66    172 0.0000000e+00 9.6054300e-16 7.6843400e-16
     67    160 0.0000000e+00 0.0000000e+00 0.0000000e+00
     67    160 1.0000000e+00 0.0000000e+00 0.0000000e+00
     67    161 0.0000000e+00 0.0000000e+00 0.0000000e+00
     67    161 1.0000000e+00 0.0000000e+00 0.0000000e+00
     67    162 0.0000000e+00 0.0000000e+00 0.0000000e+00
     67    162 1.0000000e+00 0.0000000e+00 0.0000000e+00
     67    163 0.0000000e+00 1.9104300e-18 1.5283500e-18
     67    163 1.0000000e+00 2.9306500e-19 2.3445200e-19
     67    164 0.0000000e+00 1.4149000e-17 1.1319200e-17
     67    164 1.0000000e+00 3.3172000e-17 2.6537600e-17
     67    165 0.0000000e+00 6.5755000e-16 5.2604000e-16
     67    166 0.0000000e+00 7.2377600e-16 5.7902100e-16
     67    166 1.0000000e+00 1.6968800e-15 1.3575000e-15
     67    167 0.0000000e+00 1.4854700e-14 1.1883800e-14
     67    168 0.0000000e+00 1.1100800e-14 7.1045000e-15
     67    169 0.0000000e+00 1.7601200e-14 1.1264800e-14
     67    170 0.0000000e+00 2.3208300e-14 1.8566600e-14
     67    170 1.0000000e+00 9.8991000e-15 7.9192800e-15
     67    171 0.0000000e+00 1.5501100e-14 9.9206900e-15
     67    172 0.0000000e+00 6.1303200e-15 4.9042600e-15
     68    163 0.0000000e+00 0.0000000e+00 0.0000000e+00
     68    164 0.0000000e+00 0.0000000e+00 0.0000000e+00
     68    165 0.0000000e+00 1.6921700e-19 1.3537400e-19
     68    166 0.0000000e+00 1.7700200e-18 1.4160200e-18
     68    167 0.0000000e+00 2.8291300e-17 2.2633000e-17
     68    167 1.0000000e+00 4.3399600e-18 3.4719700e-18
     68    168 0.0000000e+00 3.3711300e-16 2.6969100e-16
     68    169 0.0000000e+00 1.0989500e-15 8.7915800e-16
     68    170 0.0000000e+00 5.0267300e-15 4.0213800e-15
     68    171 0.0000000e+00 8.8450300e-15 7.0760300e-15
     68    172 0.0000000e+00 9.1582800e-15 7.3266200e-15
     69    166 0.0000000e+00 0.0000000e+00 0.0000000e+00
     69    167 0.0000000e+00 0.0000000e+00 0.0000000e+00
     69    168 0.0000000e+00 2.7092200e-20 2.1673700e-20
     69    169 0.0000000e+00 4.2600900e-19 3.4080800e-19
     69    170 0.0000000e+00 5.8537200e-18 4.6829700e-18
     69    171 0.0000000e+00 5.3385800e-17 4.2708700e-17
     69    172 0.0000000e+00 1.5063800e-16 1.2051100e-16
     70    168 0.0000000e+00 0.0000000e+00 0.0000000e+00
     70    169 0.0000000e+00 0.0000000e+00 0.0000000e+00
     70    170 0.0000000e+00 0.0000000e+00 0.0000000e+00
     70    171 0.0000000e+00 2.0306100e-20 1.6244900e-20
     70    172 0.0000000e+00 3.3764400e-19 2.7011500e-19
     71    172 0.0000000e+00 0.0000000e+00 0.0000000e+00
     71    172 1.0000000e+00 0.0000000e+00 0.0000000e+00


