   66   1.3600E-09
   67   2.5200E-09
   68   5.8100E-09
   69   1.2600E-08
   70   4.5500E-08
   71   6.7800E-08
   72   9.9300E-08
   73   3.9800E-07
   74   8.9400E-07
   75   2.4800E-06
   76   5.1600E-06
   77   3.3830E-05
   78   7.1480E-05
   79   1.1939E-04
   80   2.1845E-04
   81   4.3684E-04
   82   6.3540E-04
   83   1.7721E-03
   84   2.7776E-03
   85   3.1802E-03
   86   4.4332E-03
   87   6.9791E-03
   88   7.6888E-03
   89   9.8831E-03
   90   1.3666E-02
   91   1.8479E-02
   92   2.0105E-02
   93   2.6871E-02
   94   3.1927E-02
   95   3.9775E-02
   96   4.2564E-02
   97   5.2674E-02
   98   5.8760E-02
   99   6.6244E-02
  100   6.2540E-02
  101   5.9983E-02
  102   6.1779E-02
  103   6.2295E-02
  104   6.2191E-02
  105   6.6444E-02
  106   5.9585E-02
  107   5.2709E-02
  108   4.2548E-02
  109   2.4946E-02
  110   1.4924E-02
  111   9.5114E-03
  112   5.5986E-03
  113   1.9658E-03
  114   1.4892E-03
  115   5.1124E-04
  116   3.9796E-04
  117   3.1885E-04
  118   3.6024E-04
  119   2.7857E-04
  120   2.5867E-04
  121   2.6180E-04
  122   2.9322E-04
  123   3.9794E-04
  124   5.0266E-04
  125   8.1637E-04
  126   1.7010E-03
  127   5.8563E-03
  128   9.3012E-03
  129   1.3617E-02
  130   2.2321E-02
  131   3.5633E-02
  132   4.7751E-02
  133   5.5076E-02
  134   7.2385E-02
  135   7.0126E-02
  136   7.6731E-02
  137   6.4160E-02
  138   6.9344E-02
  139   6.6681E-02
  140   5.9365E-02
  141   4.7920E-02
  142   4.7206E-02
  143   3.6711E-02
  144   3.4884E-02
  145   3.3131E-02
  146   2.6455E-02
  147   2.0324E-02
  148   1.8292E-02
  149   1.4325E-02
  150   1.1471E-02
  151   8.3948E-03
  152   7.2258E-03
  153   6.0239E-03
  154   3.7700E-03
  155   3.0772E-03
  156   1.9114E-03
  157   1.6426E-03
  158   8.5871E-04
  159   7.3005E-04
  160   3.4558E-04
  161   2.2102E-04
  162   1.0472E-04
  163   2.8270E-05
  164   3.2500E-06
  165   1.0000E-06
  166   6.8100E-07
  167   3.0400E-07
  168   1.3600E-07
  169   5.8600E-08
  170   1.6800E-08
  171   3.2500E-09
  172   1.0500E-09
