   66   1.0101E-06
   67   1.6201E-06
   68   2.2201E-06
   69   3.0302E-06
   70   4.0402E-06
   71   5.2503E-06
   72   7.0704E-06
   73   1.0071E-05
   74   1.3131E-05
   75   1.8181E-05
   76   2.5241E-05
   77   3.4242E-05
   78   4.6453E-05
   79   7.0694E-05
   80   9.0895E-05
   81   1.2119E-04
   82   1.6158E-04
   83   2.2148E-04
   84   3.0422E-04
   85   4.0286E-04
   86   5.4872E-04
   87   7.4714E-04
   88   1.1148E-03
   89   1.5171E-03
   90   2.0144E-03
   91   2.4216E-03
   92   3.0333E-03
   93   4.0413E-03
   94   5.2543E-03
   95   6.6660E-03
   96   7.4530E-03
   97   7.6780E-03
   98   1.0104E-02
   99   1.2086E-02
  100   1.5105E-02
  101   1.8126E-02
  102   2.0100E-02
  103   2.2110E-02
  104   2.7201E-02
  105   3.1085E-02
  106   3.6178E-02
  107   4.5223E-02
  108   5.2263E-02
  109   5.4197E-02
  110   5.6197E-02
  111   5.4339E-02
  112   5.6278E-02
  113   6.0297E-02
  114   6.0297E-02
  115   6.1317E-02
  116   5.6197E-02
  117   4.7165E-02
  118   4.0198E-02
  119   3.2223E-02
  120   2.6181E-02
  121   2.7201E-02
  122   1.5105E-02
  123   9.0887E-03
  124   4.5443E-03
  125   4.4307E-03
  126   4.1868E-03
  127   4.2935E-03
  128   5.7094E-03
  129   8.5891E-03
  130   1.5452E-02
  131   2.5372E-02
  132   4.0242E-02
  133   3.8278E-02
  134   4.1014E-02
  135   6.2117E-02
  136   4.7922E-02
  137   5.0903E-02
  138   5.2761E-02
  139   6.0988E-02
  140   5.9609E-02
  141   5.7578E-02
  142   5.2736E-02
  143   4.8804E-02
  144   4.4895E-02
  145   3.9033E-02
  146   3.4153E-02
  147   3.1226E-02
  148   2.7041E-02
  149   2.6538E-02
  150   2.2212E-02
  151   2.0501E-02
  152   1.6418E-02
  153   1.3523E-02
  154   1.0623E-02
  155   8.3736E-03
  156   7.2194E-03
  157   5.2034E-03
  158   3.9966E-03
  159   3.0449E-03
  160   2.2837E-03
  161   1.6176E-03
  162   1.1419E-03
  163   7.9931E-04
  164   5.7095E-04
  165   4.3459E-04
  166   3.3304E-04
  167   2.4741E-04
  168   1.9031E-04
  169   1.3322E-04
  170   9.5156E-05
  171   7.0414E-05
  172   4.7573E-05
