# header:
#   title: "U236+n induced fission product yield"
#   source: "ENDF"
#   creator: "Shin Okumura"
#   date: 2023-07-14
#   format: "YANDF-0.1"
# endf:
#   library: "jendl4.0"
#   author: "J. KATAKURA"
#   year: 2010
# target:
#   Z: 92
#   A: 236
#   nuclide: "U236"
# reaction:
#   type: "(n,f)"
#   Incident energy [MeV]: 1.4000000e+07
# datablock:
#   quantity: "independent fission product yield"
#   columns: 4
#   entries: 1241
##   A      Z  ISO           Yield         dYield
##                           %/fission     %/fission
      1      1 0.0000000e+00 1.8673800e-05 2.9878100e-06
      1      2 0.0000000e+00 5.7068800e-06 8.1608400e-07
      1      3 0.0000000e+00 8.1419300e-05 6.5135400e-06
      2      3 0.0000000e+00 0.0000000e+00 0.0000000e+00
      2      4 0.0000000e+00 1.4908900e-03 9.5417000e-05
      2      6 0.0000000e+00 2.0819700e-05 3.0813100e-06
      2      8 0.0000000e+00 3.8920700e-07 9.6523500e-08
      3      6 0.0000000e+00 0.0000000e+00 0.0000000e+00
      3      7 0.0000000e+00 8.7632200e-07 1.6562500e-07
      3      9 0.0000000e+00 6.2367800e-07 1.4531700e-07
      4      9 0.0000000e+00 0.0000000e+00 0.0000000e+00
      4     10 0.0000000e+00 5.6000000e-06 9.3520000e-07
     23     66 0.0000000e+00 1.5734100e-13 1.0069800e-13
     24     66 0.0000000e+00 5.1346700e-10 3.2861900e-10
     24     67 0.0000000e+00 1.0509600e-10 6.7261200e-11
     24     68 0.0000000e+00 1.2411300e-11 7.9432300e-12
     24     69 0.0000000e+00 4.2019100e-13 2.6892200e-13
     24     70 0.0000000e+00 4.3853300e-14 2.8066100e-14
     25     66 0.0000000e+00 6.0173200e-08 3.8510800e-08
     25     67 0.0000000e+00 2.9936400e-08 1.9159300e-08
     25     68 0.0000000e+00 9.0109500e-09 5.7670100e-09
     25     69 0.0000000e+00 1.3712500e-09 8.7759800e-10
     25     70 0.0000000e+00 2.0625100e-10 1.3200000e-10
     25     71 0.0000000e+00 1.7220900e-11 1.1021400e-11
     25     72 0.0000000e+00 7.7904100e-13 4.9858600e-13
     25     73 0.0000000e+00 9.9373700e-14 6.3599100e-14
     26     66 0.0000000e+00 6.9584600e-07 4.4534100e-07
     26     67 0.0000000e+00 7.9997300e-07 5.1198200e-07
     26     68 0.0000000e+00 5.8270800e-07 3.7293300e-07
     26     69 0.0000000e+00 2.1926700e-07 1.4033100e-07
     26     70 0.0000000e+00 8.0898300e-08 5.1774900e-08
     26     71 0.0000000e+00 1.7220900e-08 1.1021400e-08
     26     72 0.0000000e+00 2.5423100e-09 1.6270800e-09
     26     73 0.0000000e+00 3.2429500e-10 2.0754800e-10
     26     74 0.0000000e+00 2.6432100e-11 1.6916600e-11
     26     75 0.0000000e+00 1.3709900e-12 8.7743300e-13
     26     76 0.0000000e+00 4.2151200e-14 2.6976800e-14
     27     66 0.0000000e+00 9.3914200e-07 6.0105100e-07
     27     67 0.0000000e+00 2.3528600e-06 1.5058300e-06
     27     68 0.0000000e+00 3.8847200e-06 2.4862200e-06
     27     69 0.0000000e+00 3.3941300e-06 2.1722400e-06
     27     70 0.0000000e+00 2.9135400e-06 1.8646700e-06
     27     71 0.0000000e+00 1.5218500e-06 9.7398400e-07
     27     72 0.0000000e+00 5.5567600e-07 3.5563200e-07
     27     73 0.0000000e+00 1.7521300e-07 1.1213600e-07
     27     74 0.0000000e+00 3.6544400e-08 2.3388400e-08
     27     75 0.0000000e+00 4.4740700e-09 2.8634000e-09
     27     76 0.0000000e+00 3.8947300e-10 2.4926300e-10
     27     77 0.0000000e+00 2.0242800e-11 1.2955300e-11
     27     78 0.0000000e+00 2.5916900e-12 1.6586900e-12
     28     66 0.0000000e+00 1.5218500e-07 9.7398400e-08
     28     67 0.0000000e+00 8.4602900e-07 5.4145800e-07
     28     68 0.0000000e+00 3.1037700e-06 1.9864100e-06
     28     69 0.0000000e+00 6.0273300e-06 3.8574900e-06
     28     70 0.0000000e+00 1.1323800e-05 7.2472100e-06
     28     71 0.0000000e+00 1.3456400e-05 8.6120700e-06
     28     72 0.0000000e+00 1.1544000e-05 7.3881800e-06
     28     73 0.0000000e+00 8.5403800e-06 5.4658400e-06
     28     74 0.0000000e+00 4.3753200e-06 2.8002000e-06
     28     75 0.0000000e+00 1.3416300e-06 8.5864400e-07
     28     76 0.0000000e+00 2.9736200e-07 1.9031100e-07
     28     77 0.0000000e+00 6.6060100e-08 4.2278500e-08
     28     78 0.0000000e+00 8.4576900e-09 5.4129200e-09
     28     79 0.0000000e+00 2.1715000e-10 1.3897600e-10
     28     80 0.0000000e+00 2.6231900e-11 1.6788400e-11
     28     81 0.0000000e+00 1.8341200e-12 1.1738400e-12
     28     82 0.0000000e+00 1.1313800e-14 7.2408000e-15
     29     66 0.0000000e+00 2.5731300e-09 1.6468000e-09
     29     67 0.0000000e+00 3.3741000e-08 2.1594300e-08
     29     68 0.0000000e+00 5.2807600e-08 3.3796900e-08
     29     68 1.0000000e+00 2.3894700e-07 1.5292600e-07
     29     69 0.0000000e+00 1.3015800e-06 8.3301300e-07
     29     70 0.0000000e+00 8.0392700e-07 5.1451400e-07
     29     70 1.0000000e+00 4.5555900e-06 2.9155800e-06
     29     71 0.0000000e+00 1.4137200e-05 9.0478000e-06
     29     72 0.0000000e+00 2.6912700e-05 1.7224100e-05
     29     73 0.0000000e+00 4.3883300e-05 2.8085300e-05
     29     74 0.0000000e+00 5.1772900e-05 3.3134700e-05
     29     75 0.0000000e+00 3.7565700e-05 2.4042000e-05
     29     76 0.0000000e+00 2.0134500e-05 1.2886100e-05
     29     77 0.0000000e+00 1.1083500e-05 7.0934200e-06
     29     78 0.0000000e+00 3.6644500e-06 2.3452500e-06
     29     79 0.0000000e+00 7.0864500e-07 4.5353200e-07
     29     80 0.0000000e+00 8.0497900e-08 5.1518600e-08
     29     81 0.0000000e+00 5.9854500e-09 3.8306900e-09
     29     82 0.0000000e+00 2.8034100e-10 1.7941800e-10
     29     83 0.0000000e+00 1.2115000e-11 7.7536100e-12
     29     84 0.0000000e+00 0.0000000e+00 0.0000000e+00
     30     66 0.0000000e+00 3.8847200e-12 2.4862200e-12
     30     67 0.0000000e+00 1.2615300e-10 8.0738200e-11
     30     68 0.0000000e+00 2.7233100e-09 1.7429200e-09
     30     69 0.0000000e+00 3.3259600e-09 2.1286200e-09
     30     69 1.0000000e+00 2.6370100e-08 1.6876900e-08
     30     70 0.0000000e+00 2.8734900e-07 1.8390400e-07
     30     71 0.0000000e+00 1.9780800e-07 1.2659700e-07
     30     71 1.0000000e+00 1.5683400e-06 1.0037400e-06
     30     72 0.0000000e+00 7.6593100e-06 4.9019600e-06
     30     73 0.0000000e+00 2.7303200e-05 1.7474000e-05
     30     74 0.0000000e+00 7.1376800e-05 4.5681100e-05
     30     75 0.0000000e+00 1.1542000e-04 7.3869000e-05
     30     76 0.0000000e+00 1.4027100e-04 8.9773100e-05
     30     77 0.0000000e+00 1.7949800e-04 1.1487900e-04
     30     78 0.0000000e+00 1.4478600e-04 9.2663100e-05
     30     79 0.0000000e+00 7.0235400e-05 4.4950600e-05
     30     80 0.0000000e+00 2.0865400e-05 1.3353800e-05
     30     81 0.0000000e+00 4.2351500e-06 2.7105000e-06
     30     82 0.0000000e+00 5.6168300e-07 3.5947700e-07
     30     83 0.0000000e+00 3.9536000e-08 2.5303100e-08
     30     84 0.0000000e+00 2.3228200e-09 1.4866100e-09
     30     85 0.0000000e+00 8.8945600e-11 5.6925200e-11
     30     86 0.0000000e+00 1.3115900e-12 8.3942000e-13
     31     67 0.0000000e+00 3.9748300e-14 2.5438900e-14
     31     68 0.0000000e+00 2.2126900e-12 1.4161200e-12
     31     69 0.0000000e+00 6.1574900e-11 3.9407900e-11
     31     70 0.0000000e+00 1.4717900e-09 9.4194500e-10
     31     71 0.0000000e+00 2.2427300e-08 1.4353400e-08
     31     72 0.0000000e+00 2.3628700e-07 1.0693100e-07
     31     73 0.0000000e+00 1.9623900e-06 1.2559300e-06
     31     74 0.0000000e+00 1.1157400e-05 7.1407500e-06
     31     74 1.0000000e+00 6.8697500e-07 4.3966400e-07
     31     75 0.0000000e+00 4.3292600e-05 2.7707300e-05
     31     76 0.0000000e+00 1.1702200e-04 7.4894300e-05
     31     77 0.0000000e+00 3.3199400e-04 2.1247600e-04
     31     78 0.0000000e+00 6.1293500e-04 3.9227900e-04
     31     79 0.0000000e+00 6.9582600e-04 4.4532800e-04
     31     80 0.0000000e+00 5.0850800e-04 3.2544600e-04
     31     81 0.0000000e+00 2.6738500e-04 1.7112600e-04
     31     82 0.0000000e+00 9.6457300e-05 6.1732700e-05
     31     83 0.0000000e+00 1.8422400e-05 1.1790300e-05
     31     84 0.0000000e+00 2.9736100e-06 1.9031100e-06
     31     85 0.0000000e+00 2.9026400e-07 1.8576900e-07
     31     86 0.0000000e+00 1.4117200e-08 9.0349800e-09
     31     87 0.0000000e+00 4.5392900e-10 2.9051500e-10
     31     88 0.0000000e+00 2.4966200e-11 1.5978300e-11
     31     89 0.0000000e+00 0.0000000e+00 0.0000000e+00
     32     69 0.0000000e+00 1.0612900e-14 6.7922600e-15
     32     70 0.0000000e+00 6.4077900e-13 4.1009900e-13
     32     71 0.0000000e+00 2.5230700e-11 1.1418100e-11
     32     72 0.0000000e+00 6.7582200e-10 4.3252600e-10
     32     73 0.0000000e+00 1.2189300e-08 7.8011500e-09
     32     73 1.0000000e+00 1.5373900e-09 9.8392900e-10
     32     74 0.0000000e+00 2.0424800e-07 1.3071900e-07
     32     75 0.0000000e+00 1.3907700e-07 8.9009300e-08
     32     75 1.0000000e+00 1.6671200e-06 1.0669600e-06
     32     76 0.0000000e+00 1.1473900e-05 7.3433300e-06
     32     77 0.0000000e+00 6.8856400e-05 4.4068100e-05
     32     77 1.0000000e+00 5.7442500e-06 3.6763200e-06
     32     78 0.0000000e+00 3.1558400e-04 2.0197400e-04
     32     79 0.0000000e+00 6.2470600e-05 3.9981100e-05
     32     79 1.0000000e+00 7.4883600e-04 4.7925400e-04
     32     80 0.0000000e+00 1.3678600e-03 8.7543200e-04
     32     81 0.0000000e+00 1.3710800e-03 8.7748600e-04
     32     81 1.0000000e+00 1.9488100e-04 1.5590500e-04
     32     82 0.0000000e+00 1.5944400e-03 1.0204400e-03
     32     83 0.0000000e+00 7.8140000e-04 5.0009600e-04
     32     84 0.0000000e+00 3.3221400e-04 2.1261600e-04
     32     85 0.0000000e+00 9.1301000e-05 5.8432600e-05
     32     86 0.0000000e+00 1.2495200e-05 7.9969200e-06
     32     87 0.0000000e+00 1.4813500e-06 9.4806300e-07
     32     88 0.0000000e+00 8.1474100e-08 5.2143400e-08
     32     89 0.0000000e+00 2.0856300e-09 1.3347900e-09
     32     90 0.0000000e+00 1.9477000e-10 1.2465300e-10
     32     91 0.0000000e+00 0.0000000e+00 0.0000000e+00
     33     72 0.0000000e+00 1.6219700e-13 1.0380600e-13
     33     73 0.0000000e+00 8.2800700e-12 5.2992400e-12
     33     74 0.0000000e+00 3.1628400e-10 1.6992000e-10
     33     75 0.0000000e+00 7.0685900e-09 4.5239000e-09
     33     76 0.0000000e+00 1.1213600e-07 7.1767200e-08
     33     77 0.0000000e+00 1.7821700e-06 1.1405900e-06
     33     78 0.0000000e+00 1.8492500e-05 1.1835200e-05
     33     79 0.0000000e+00 1.1311800e-04 7.2395200e-05
     33     80 0.0000000e+00 4.5415200e-04 2.9065700e-04
     33     81 0.0000000e+00 1.3662800e-03 8.7442000e-04
     33     82 0.0000000e+00 4.5263500e-04 2.8968700e-04
     33     82 1.0000000e+00 2.5649300e-03 1.6415600e-03
     33     83 0.0000000e+00 3.5238500e-03 2.2552600e-03
     33     84 0.0000000e+00 3.3425600e-03 2.1392400e-03
     33     84 1.0000000e+00 3.3058300e-04 2.1157400e-04
     33     85 0.0000000e+00 2.6729200e-03 1.7106700e-03
     33     86 0.0000000e+00 9.7565600e-04 6.2442000e-04
     33     87 0.0000000e+00 3.1628500e-04 2.0242200e-04
     33     88 0.0000000e+00 4.7347600e-05 3.0302400e-05
     33     89 0.0000000e+00 6.8061900e-06 4.3559700e-06
     33     90 0.0000000e+00 6.3561000e-07 4.0679100e-07
     33     91 0.0000000e+00 6.9193500e-09 4.4283800e-09
     33     92 0.0000000e+00 6.5329000e-10 4.1810500e-10
     33     93 0.0000000e+00 8.1818300e-11 5.2363700e-11
     33     94 0.0000000e+00 0.0000000e+00 0.0000000e+00
     33     95 0.0000000e+00 0.0000000e+00 0.0000000e+00
     34     74 0.0000000e+00 4.0449200e-14 2.5887500e-14
     34     75 0.0000000e+00 2.3428500e-12 1.4994200e-12
     34     76 0.0000000e+00 9.6016700e-11 6.1450700e-11
     34     77 0.0000000e+00 3.0004900e-10 1.9203100e-10
     34     77 1.0000000e+00 3.5966900e-09 2.3018800e-09
     34     78 0.0000000e+00 1.0412700e-07 6.6641000e-08
     34     79 0.0000000e+00 1.4906100e-06 9.5399100e-07
     34     79 1.0000000e+00 1.2435200e-07 7.9585400e-08
     34     80 0.0000000e+00 1.6490000e-05 1.0553600e-05
     34     81 0.0000000e+00 9.6536800e-06 6.1783500e-06
     34     81 1.0000000e+00 1.1571900e-04 7.4060000e-05
     34     82 0.0000000e+00 6.9291200e-04 4.4346400e-04
     34     83 0.0000000e+00 1.7180200e-03 1.0995300e-03
     34     83 1.0000000e+00 2.1668700e-04 1.3867900e-04
     34     84 0.0000000e+00 4.6034600e-03 2.9462100e-03
     34     85 0.0000000e+00 8.5295700e-03 3.8600900e-03
     34     86 0.0000000e+00 7.7158000e-03 4.9381100e-03
     34     87 0.0000000e+00 6.4237700e-03 4.1112100e-03
     34     88 0.0000000e+00 2.4776400e-03 1.5856900e-03
     34     89 0.0000000e+00 9.4271600e-04 6.0333800e-04
     34     90 0.0000000e+00 1.7530800e-04 1.1219700e-04
     34     91 0.0000000e+00 2.2580600e-05 1.4451600e-05
     34     92 0.0000000e+00 2.1319400e-06 1.3644400e-06
     34     93 0.0000000e+00 2.6700500e-07 1.7088300e-07
     34     94 0.0000000e+00 4.4153700e-09 2.8258400e-09
     34     95 0.0000000e+00 2.2706700e-10 1.4532300e-10
     34     96 0.0000000e+00 1.9724000e-12 1.2623300e-12
     35     77 0.0000000e+00 9.8545700e-14 6.3069200e-14
     35     77 1.0000000e+00 6.1041600e-13 3.9066600e-13
     35     78 0.0000000e+00 5.0261100e-11 3.2167100e-11
     35     79 0.0000000e+00 2.8627100e-10 1.8321300e-10
     35     79 1.0000000e+00 1.7732300e-09 1.1348700e-09
     35     80 0.0000000e+00 8.3756800e-09 5.3604400e-09
     35     80 1.0000000e+00 4.7462200e-08 3.0375800e-08
     35     81 0.0000000e+00 1.1413900e-06 7.3048800e-07
     35     82 0.0000000e+00 1.3907100e-05 8.9005700e-06
     35     82 1.0000000e+00 3.0735000e-06 1.9670400e-06
     35     83 0.0000000e+00 1.2130700e-04 7.7636800e-05
     35     84 0.0000000e+00 1.6435500e-04 1.0518700e-04
     35     84 1.0000000e+00 5.7598500e-04 3.6863000e-04
     35     85 0.0000000e+00 3.3517400e-03 2.1451200e-03
     35     86 0.0000000e+00 7.3244800e-03 3.3146800e-03
     35     87 0.0000000e+00 1.4663100e-02 4.6921900e-03
     35     88 0.0000000e+00 1.3569700e-02 4.3423100e-03
     35     89 0.0000000e+00 1.2751000e-02 4.0803400e-03
     35     90 0.0000000e+00 6.0535700e-03 3.8742800e-03
     35     91 0.0000000e+00 2.0332500e-03 1.3012800e-03
     35     92 0.0000000e+00 5.0071900e-04 3.2046000e-04
     35     93 0.0000000e+00 7.3642700e-05 4.7131400e-05
     35     94 0.0000000e+00 7.8195100e-06 5.0044800e-06
     35     95 0.0000000e+00 7.4100900e-07 4.7424600e-07
     35     96 0.0000000e+00 2.5330800e-08 1.6211700e-08
     35     97 0.0000000e+00 7.9437600e-10 5.0840100e-10
     35     98 0.0000000e+00 4.6619800e-11 2.9836700e-11
     35     99 0.0000000e+00 0.0000000e+00 0.0000000e+00
     35    100 0.0000000e+00 0.0000000e+00 0.0000000e+00
     36     79 0.0000000e+00 1.6498100e-14 1.0558800e-14
     36     79 1.0000000e+00 1.9776200e-13 1.2656800e-13
     36     80 0.0000000e+00 1.5919400e-11 1.0188400e-11
     36     81 0.0000000e+00 8.3670100e-10 5.3548900e-10
     36     81 1.0000000e+00 6.9800700e-11 4.4672400e-11
     36     82 0.0000000e+00 3.8046300e-08 2.4349600e-08
     36     83 0.0000000e+00 6.5240800e-07 4.1754100e-07
     36     83 1.0000000e+00 8.2285600e-08 5.2662800e-08
     36     84 0.0000000e+00 1.1914500e-05 7.6252700e-06
     36     85 0.0000000e+00 1.2989500e-04 8.3132600e-05
     36     85 1.0000000e+00 1.6383100e-05 1.0485200e-05
     36     86 0.0000000e+00 8.2076800e-04 5.2529200e-04
     36     87 0.0000000e+00 3.9518600e-03 2.5291900e-03
     36     88 0.0000000e+00 8.8458600e-03 5.6613500e-03
     36     89 0.0000000e+00 1.9628600e-02 6.2811400e-03
     36     90 0.0000000e+00 2.2438100e-02 7.1802000e-03
     36     91 0.0000000e+00 1.8373100e-02 5.8794000e-03
     36     92 0.0000000e+00 1.1133100e-02 3.5626100e-03
     36     93 0.0000000e+00 4.2479100e-03 2.7186600e-03
     36     94 0.0000000e+00 1.1908100e-03 7.6211700e-04
     36     95 0.0000000e+00 2.0437800e-04 1.3080200e-04
     36     96 0.0000000e+00 2.6592300e-05 1.7019100e-05
     36     97 0.0000000e+00 2.5923600e-06 1.6591100e-06
     36     98 0.0000000e+00 1.5213800e-07 9.7368600e-08
     36     99 0.0000000e+00 1.5492200e-09 9.9150500e-10
     36    100 0.0000000e+00 2.0725200e-10 1.3264100e-10
     36    101 0.0000000e+00 3.6376000e-11 2.3280600e-11
     36    102 0.0000000e+00 0.0000000e+00 0.0000000e+00
     37     81 0.0000000e+00 1.1316500e-15 7.2425900e-16
     37     81 1.0000000e+00 0.0000000e+00 0.0000000e+00
     37     82 0.0000000e+00 0.0000000e+00 0.0000000e+00
     37     82 1.0000000e+00 0.0000000e+00 0.0000000e+00
     37     83 0.0000000e+00 3.8246500e-10 2.4477800e-10
     37     84 0.0000000e+00 8.4378200e-10 5.4002100e-10
     37     84 1.0000000e+00 1.4683900e-08 1.1747100e-08
     37     85 0.0000000e+00 6.0173200e-07 3.8510800e-07
     37     86 0.0000000e+00 2.0560000e-06 1.3158400e-06
     37     86 1.0000000e+00 7.2052600e-06 4.6113700e-06
     37     87 0.0000000e+00 1.2336000e-04 7.8950400e-05
     37     88 0.0000000e+00 6.9074000e-04 4.4207300e-04
     37     89 0.0000000e+00 3.6689600e-03 2.3481300e-03
     37     90 0.0000000e+00 1.1551600e-03 7.3930000e-04
     37     90 1.0000000e+00 9.0674700e-03 5.8031800e-03
     37     91 0.0000000e+00 1.9761800e-02 6.3238000e-03
     37     92 0.0000000e+00 2.7658400e-02 8.8507000e-03
     37     93 0.0000000e+00 2.5391300e-02 8.1252200e-03
     37     94 0.0000000e+00 1.7621000e-02 5.6387300e-03
     37     95 0.0000000e+00 7.5670900e-03 4.8429400e-03
     37     96 0.0000000e+00 2.4513700e-03 1.5688800e-03
     37     97 0.0000000e+00 5.9514400e-04 3.8089200e-04
     37     98 0.0000000e+00 9.0600100e-05 5.7984100e-05
     37     99 0.0000000e+00 5.0557300e-06 3.2356600e-06
     37    100 0.0000000e+00 8.1599200e-07 5.2223500e-07
     37    101 0.0000000e+00 1.1870900e-07 7.5973800e-08
     37    102 0.0000000e+00 8.7412100e-10 5.5943700e-10
     37    103 0.0000000e+00 9.3090200e-11 5.9577700e-11
     37    104 0.0000000e+00 0.0000000e+00 0.0000000e+00
     37    105 0.0000000e+00 0.0000000e+00 0.0000000e+00
     38     83 0.0000000e+00 1.6119600e-14 1.0316500e-14
     38     84 0.0000000e+00 2.0324700e-12 1.3007800e-12
     38     85 0.0000000e+00 1.8670700e-10 1.1949200e-10
     38     85 1.0000000e+00 2.3548600e-11 1.5071100e-11
     38     86 0.0000000e+00 9.1911700e-09 5.8823500e-09
     38     87 0.0000000e+00 3.0566600e-07 1.9562600e-07
     38     87 1.0000000e+00 3.8552500e-08 2.4673600e-08
     38     88 0.0000000e+00 5.1963200e-06 3.3256400e-06
     38     89 0.0000000e+00 7.4941100e-05 4.7962300e-05
     38     90 0.0000000e+00 5.2308600e-04 3.3477500e-04
     38     91 0.0000000e+00 2.5244900e-03 1.6156700e-03
     38     92 0.0000000e+00 8.3829300e-03 5.3650700e-03
     38     93 0.0000000e+00 1.8049300e-02 5.7758000e-03
     38     94 0.0000000e+00 2.9817400e-02 9.5415900e-03
     38     95 0.0000000e+00 2.9944300e-02 9.5821700e-03
     38     96 0.0000000e+00 2.2676400e-02 7.2564300e-03
     38     97 0.0000000e+00 1.2937200e-02 4.1399100e-03
     38     98 0.0000000e+00 4.8533600e-03 3.1061500e-03
     38     99 0.0000000e+00 1.3944300e-03 8.9243100e-04
     38    100 0.0000000e+00 2.6979800e-04 1.7267100e-04
     38    101 0.0000000e+00 3.2741200e-05 2.0954400e-05
     38    102 0.0000000e+00 2.8526000e-06 1.8256600e-06
     38    103 0.0000000e+00 3.0378900e-07 1.9442500e-07
     38    104 0.0000000e+00 7.4590700e-09 4.7738000e-09
     38    105 0.0000000e+00 4.0638700e-10 2.6008700e-10
     38    106 0.0000000e+00 8.9676400e-11 5.7392900e-11
     38    107 0.0000000e+00 3.5553200e-11 2.2754100e-11
     39     86 0.0000000e+00 0.0000000e+00 0.0000000e+00
     39     86 1.0000000e+00 0.0000000e+00 0.0000000e+00
     39     87 0.0000000e+00 1.0072500e-12 6.4464200e-13
     39     87 1.0000000e+00 0.0000000e+00 0.0000000e+00
     39     88 0.0000000e+00 3.3841100e-09 2.1658300e-09
     39     89 0.0000000e+00 1.5116000e-08 9.6742200e-09
     39     89 1.0000000e+00 1.1984800e-07 7.6702800e-08
     39     90 0.0000000e+00 6.6125400e-07 4.2320200e-07
     39     90 1.0000000e+00 1.8918500e-06 1.2107800e-06
     39     91 0.0000000e+00 3.6803100e-06 2.3554000e-06
     39     91 1.0000000e+00 2.9179600e-05 1.8675000e-05
     39     92 0.0000000e+00 2.7803800e-04 1.7794400e-04
     39     93 0.0000000e+00 1.4176300e-03 9.0728600e-04
     39     93 1.0000000e+00 1.1826400e-04 7.5689100e-05
     39     94 0.0000000e+00 6.1747300e-03 3.9518200e-03
     39     95 0.0000000e+00 1.4501700e-02 4.6405600e-03
     39     96 0.0000000e+00 1.4433700e-03 9.2375500e-04
     39     96 1.0000000e+00 2.3442300e-02 7.5015300e-03
     39     97 0.0000000e+00 3.5261900e-03 2.2567700e-03
     39     97 1.0000000e+00 2.7957700e-02 1.7892900e-02
     39     98 0.0000000e+00 2.4480200e-03 7.8336500e-04
     39     98 1.0000000e+00 2.4752200e-02 7.9206900e-03
     39     99 0.0000000e+00 1.8107700e-02 5.7944800e-03
     39    100 0.0000000e+00 6.7011000e-05 4.2887000e-05
     39    100 1.0000000e+00 7.5776600e-03 6.0621300e-03
     39    101 0.0000000e+00 2.5062800e-03 1.6040200e-03
     39    102 0.0000000e+00 5.3919500e-04 3.4508600e-04
     39    103 0.0000000e+00 8.3788400e-05 5.3624600e-05
     39    104 0.0000000e+00 9.3213300e-06 5.9656500e-06
     39    105 0.0000000e+00 1.3262000e-06 8.4876700e-07
     39    106 0.0000000e+00 2.9264900e-07 1.8729600e-07
     39    107 0.0000000e+00 1.1602400e-07 7.4255300e-08
     39    108 0.0000000e+00 3.1591000e-10 2.0218300e-10
     39    109 0.0000000e+00 3.6387000e-11 2.3287700e-11
     40     88 0.0000000e+00 1.7821700e-13 1.1405900e-13
     40     89 0.0000000e+00 1.5790100e-11 1.0105600e-11
     40     89 1.0000000e+00 0.0000000e+00 0.0000000e+00
     40     90 0.0000000e+00 1.1992600e-10 7.6752500e-11
     40     90 1.0000000e+00 9.4136400e-10 6.0247300e-10
     40     91 0.0000000e+00 3.7846000e-08 2.4221400e-08
     40     92 0.0000000e+00 8.5504000e-07 5.4722500e-07
     40     93 0.0000000e+00 1.2715500e-05 8.1378900e-06
     40     94 0.0000000e+00 1.3482400e-04 8.6287300e-05
     40     95 0.0000000e+00 7.9483600e-04 5.0869500e-04
     40     96 0.0000000e+00 3.2490400e-03 2.0793900e-03
     40     97 0.0000000e+00 9.3330600e-03 5.9731500e-03
     40     98 0.0000000e+00 1.8375800e-02 5.8802700e-03
     40     99 0.0000000e+00 2.7132500e-02 8.6823900e-03
     40    100 0.0000000e+00 2.7676500e-02 8.8565000e-03
     40    101 0.0000000e+00 1.9483600e-02 6.2347600e-03
     40    102 0.0000000e+00 9.7770200e-03 6.2572900e-03
     40    103 0.0000000e+00 3.7363100e-03 2.3912400e-03
     40    104 0.0000000e+00 1.0153300e-03 6.4981400e-04
     40    105 0.0000000e+00 3.6578000e-04 2.3409900e-04
     40    106 0.0000000e+00 8.0715700e-05 5.1658100e-05
     40    107 0.0000000e+00 3.2000600e-05 2.0480400e-05
     40    108 0.0000000e+00 1.0309300e-06 6.5980000e-07
     40    109 0.0000000e+00 1.1874500e-07 7.5996900e-08
     40    110 0.0000000e+00 4.0849700e-09 2.6143800e-09
     40    111 0.0000000e+00 1.1244200e-10 7.1962800e-11
     40    112 0.0000000e+00 2.0205200e-11 1.2931300e-11
     41     90 0.0000000e+00 1.3361900e-14 8.5516200e-15
     41     91 0.0000000e+00 2.8185300e-12 1.8038600e-12
     41     91 1.0000000e+00 0.0000000e+00 0.0000000e+00
     41     92 0.0000000e+00 1.2094500e-10 7.7404700e-11
     41     92 1.0000000e+00 0.0000000e+00 0.0000000e+00
     41     93 0.0000000e+00 8.1084200e-09 5.1893900e-09
     41     93 1.0000000e+00 1.0226800e-09 6.5451700e-10
     41     94 0.0000000e+00 1.9756800e-07 1.2644400e-07
     41     94 1.0000000e+00 6.9055700e-08 4.4195600e-08
     41     95 0.0000000e+00 3.6968000e-06 2.3659500e-06
     41     95 1.0000000e+00 4.6626300e-07 2.9840800e-07
     41     96 0.0000000e+00 1.3736700e-05 8.7914900e-06
     41     97 0.0000000e+00 2.6865400e-04 1.7193800e-04
     41     97 1.0000000e+00 3.3884200e-05 2.1685900e-05
     41     98 0.0000000e+00 1.2272900e-03 7.8546300e-04
     41     98 1.0000000e+00 2.1658000e-04 1.3861100e-04
     41     99 0.0000000e+00 4.3642100e-03 2.7931000e-03
     41     99 1.0000000e+00 5.5044100e-04 3.5228200e-04
     41    100 0.0000000e+00 1.2767100e-03 8.1709500e-04
     41    100 1.0000000e+00 1.0021600e-02 6.4138400e-03
     41    101 0.0000000e+00 1.8046500e-02 5.7748900e-03
     41    102 0.0000000e+00 3.0135300e-03 1.9286500e-03
     41    102 1.0000000e+00 1.7076700e-02 1.0929000e-02
     41    103 0.0000000e+00 1.7613900e-02 5.6364400e-03
     41    104 0.0000000e+00 1.6486100e-03 1.0551100e-03
     41    104 1.0000000e+00 9.3421500e-03 5.9789800e-03
     41    105 0.0000000e+00 6.8091100e-03 4.3578300e-03
     41    106 0.0000000e+00 2.7879200e-03 1.7842700e-03
     41    107 0.0000000e+00 8.2770800e-04 5.2973400e-04
     41    108 0.0000000e+00 2.0045400e-04 1.2829000e-04
     41    109 0.0000000e+00 3.2751200e-05 2.0960800e-05
     41    110 0.0000000e+00 4.8559000e-06 3.1077800e-06
     41    111 0.0000000e+00 3.6694200e-07 2.3484300e-07
     41    112 0.0000000e+00 6.5937400e-08 4.2199900e-08
     41    113 0.0000000e+00 3.0243500e-10 1.9355800e-10
     41    114 0.0000000e+00 5.0913700e-11 3.2584700e-11
     41    115 0.0000000e+00 2.7475300e-11 1.7584200e-11
     42     92 0.0000000e+00 0.0000000e+00 0.0000000e+00
     42     93 0.0000000e+00 2.2626700e-13 1.4481100e-13
     42     93 1.0000000e+00 3.0738200e-13 1.9672400e-13
     42     94 0.0000000e+00 4.3853300e-11 2.8066100e-11
     42     95 0.0000000e+00 1.8622600e-09 1.1918500e-09
     42     96 0.0000000e+00 5.1062100e-08 3.2679700e-08
     42     97 0.0000000e+00 9.0710300e-07 5.8054600e-07
     42     98 0.0000000e+00 1.1123500e-05 7.1190500e-06
     42     99 0.0000000e+00 9.3223300e-05 5.9662900e-05
     42    100 0.0000000e+00 5.1576700e-04 3.3009100e-04
     42    101 0.0000000e+00 1.9758200e-03 1.2645300e-03
     42    102 0.0000000e+00 5.0260400e-03 3.2166700e-03
     42    103 0.0000000e+00 1.0074400e-02 3.2238400e-03
     42    104 0.0000000e+00 1.3909600e-02 4.4510600e-03
     42    105 0.0000000e+00 1.4284600e-02 4.5710600e-03
     42    106 0.0000000e+00 1.0378000e-02 3.3209600e-03
     42    107 0.0000000e+00 7.1396500e-03 4.5693700e-03
     42    108 0.0000000e+00 3.7179900e-03 2.3795100e-03
     42    109 0.0000000e+00 1.4268500e-03 9.1318700e-04
     42    110 0.0000000e+00 5.0409300e-04 3.2261900e-04
     42    111 0.0000000e+00 1.0120600e-04 6.4772100e-05
     42    112 0.0000000e+00 1.8186200e-05 1.1639200e-05
     42    113 0.0000000e+00 9.8696300e-07 6.3165600e-07
     42    114 0.0000000e+00 1.6615100e-07 1.0633600e-07
     42    115 0.0000000e+00 8.9662500e-08 5.7384000e-08
     42    116 0.0000000e+00 6.5479600e-10 4.1906900e-10
     42    117 0.0000000e+00 4.4467000e-11 2.8458800e-11
     43     95 0.0000000e+00 5.3255900e-14 3.4083800e-14
     43     95 1.0000000e+00 0.0000000e+00 0.0000000e+00
     43     96 0.0000000e+00 0.0000000e+00 0.0000000e+00
     43     96 1.0000000e+00 0.0000000e+00 0.0000000e+00
     43     97 0.0000000e+00 2.0271000e-10 1.2973500e-10
     43     97 1.0000000e+00 2.5567100e-11 1.6362900e-11
     43     98 0.0000000e+00 7.4190200e-09 4.7481700e-09
     43     99 0.0000000e+00 1.4180800e-07 9.0757400e-08
     43     99 1.0000000e+00 1.7885700e-08 1.1446900e-08
     43    100 0.0000000e+00 2.2327100e-06 1.4289400e-06
     43    101 0.0000000e+00 2.1776500e-05 1.3936900e-05
     43    102 0.0000000e+00 1.5280400e-05 9.7794300e-06
     43    102 1.0000000e+00 1.1994400e-04 7.6764200e-05
     43    103 0.0000000e+00 6.6070300e-04 4.2285000e-04
     43    104 0.0000000e+00 2.1199800e-03 1.3567900e-03
     43    105 0.0000000e+00 3.6519000e-03 2.3372100e-03
     43    106 0.0000000e+00 4.7086200e-03 3.0135200e-03
     43    107 0.0000000e+00 7.0414400e-03 4.5065200e-03
     43    108 0.0000000e+00 7.8021300e-03 4.9933600e-03
     43    109 0.0000000e+00 6.5833200e-03 4.2133200e-03
     43    110 0.0000000e+00 5.2203400e-03 3.3410100e-03
     43    111 0.0000000e+00 2.4198900e-03 1.5487300e-03
     43    112 0.0000000e+00 1.0245600e-03 6.5571500e-04
     43    113 0.0000000e+00 2.7221500e-04 1.7421800e-04
     43    114 0.0000000e+00 5.6228400e-05 3.5986100e-05
     43    115 0.0000000e+00 2.4729900e-05 1.5827100e-05
     43    116 0.0000000e+00 1.3115900e-06 8.3942000e-07
     43    117 0.0000000e+00 1.4511200e-07 9.2872200e-08
     43    118 0.0000000e+00 1.7819800e-09 1.1404700e-09
     43    119 0.0000000e+00 1.8126500e-10 1.1601000e-10
     43    120 0.0000000e+00 1.4844700e-11 9.5006200e-12
     44     98 0.0000000e+00 4.0148800e-13 2.5695200e-13
     44     99 0.0000000e+00 2.2527400e-11 1.4417500e-11
     44    100 0.0000000e+00 8.1699300e-10 5.2287600e-10
     44    101 0.0000000e+00 2.1125700e-08 1.3520400e-08
     44    102 0.0000000e+00 3.3340500e-07 2.1337900e-07
     44    103 0.0000000e+00 4.2051100e-06 2.6912700e-06
     44    104 0.0000000e+00 3.3330500e-05 2.1331500e-05
     44    105 0.0000000e+00 1.0056200e-04 6.4359800e-05
     44    106 0.0000000e+00 2.4083300e-04 1.5413300e-04
     44    107 0.0000000e+00 8.2365100e-04 5.2713700e-04
     44    108 0.0000000e+00 1.9942000e-03 1.2762900e-03
     44    109 0.0000000e+00 6.5958300e-04 4.2213300e-04
     44    109 1.0000000e+00 3.0252400e-03 1.9361500e-03
     44    110 0.0000000e+00 6.3469600e-03 4.0620500e-03
     44    111 0.0000000e+00 6.4075900e-03 4.1008600e-03
     44    112 0.0000000e+00 5.9969400e-03 3.8380500e-03
     44    113 0.0000000e+00 3.6968000e-03 2.3659600e-03
     44    114 0.0000000e+00 1.7644200e-03 1.1292300e-03
     44    115 0.0000000e+00 6.3964900e-04 4.0937500e-04
     44    116 0.0000000e+00 2.2553400e-04 1.4434100e-04
     44    117 0.0000000e+00 4.0023700e-05 2.5615100e-05
     44    118 0.0000000e+00 5.8152900e-06 3.7217800e-06
     44    119 0.0000000e+00 5.9153800e-07 3.7858400e-07
     44    120 0.0000000e+00 4.8444100e-08 3.1004200e-08
     44    121 0.0000000e+00 1.1133500e-09 7.1254600e-10
     44    122 0.0000000e+00 1.1113500e-10 7.1126500e-11
     44    123 0.0000000e+00 7.1463200e-12 4.5736400e-12
     44    124 0.0000000e+00 5.9372200e-14 3.7998200e-14
     45    100 0.0000000e+00 0.0000000e+00 0.0000000e+00
     45    100 1.0000000e+00 0.0000000e+00 0.0000000e+00
     45    101 0.0000000e+00 1.8648300e-13 1.1934900e-13
     45    101 1.0000000e+00 1.4785400e-12 9.4626700e-13
     45    102 0.0000000e+00 1.2431700e-11 7.9563000e-12
     45    102 1.0000000e+00 5.6251800e-11 3.6001100e-11
     45    103 0.0000000e+00 1.7677600e-10 1.1313700e-10
     45    103 1.0000000e+00 2.1190200e-09 1.3561700e-09
     45    104 0.0000000e+00 7.0135300e-09 4.4886600e-09
     45    104 1.0000000e+00 3.9743300e-08 2.5435700e-08
     45    105 0.0000000e+00 2.3454300e-07 1.5010700e-07
     45    105 1.0000000e+00 1.9566400e-08 1.2522500e-08
     45    106 0.0000000e+00 2.1239000e-07 1.3593000e-07
     45    106 1.0000000e+00 9.6103600e-07 6.1506300e-07
     45    107 0.0000000e+00 9.7518600e-06 6.2411900e-06
     45    108 0.0000000e+00 8.2360100e-06 5.2710500e-06
     45    108 1.0000000e+00 4.6670700e-05 2.9869300e-05
     45    109 0.0000000e+00 2.3642700e-04 1.0699500e-04
     45    110 0.0000000e+00 1.0446400e-04 6.6857300e-05
     45    110 1.0000000e+00 8.1999900e-04 5.2480000e-04
     45    111 0.0000000e+00 2.0713500e-03 1.3256600e-03
     45    112 0.0000000e+00 4.2309600e-03 2.7078100e-03
     45    113 0.0000000e+00 5.7806200e-03 3.6996000e-03
     45    114 0.0000000e+00 6.0300400e-03 3.8592200e-03
     45    115 0.0000000e+00 4.9439500e-03 3.1641300e-03
     45    116 0.0000000e+00 3.7360100e-03 2.3910500e-03
     45    117 0.0000000e+00 1.5522900e-03 9.9346400e-04
     45    118 0.0000000e+00 5.2374700e-04 3.3519800e-04
     45    119 0.0000000e+00 1.2638400e-04 8.0885500e-05
     45    120 0.0000000e+00 2.4910300e-05 1.5942600e-05
     45    121 0.0000000e+00 3.6333100e-06 2.3253200e-06
     45    122 0.0000000e+00 3.4942500e-07 2.2363200e-07
     45    123 0.0000000e+00 2.3321300e-08 1.4925500e-08
     45    124 0.0000000e+00 1.2315000e-09 7.8815800e-10
     45    125 0.0000000e+00 5.7661300e-11 3.6903300e-11
     45    126 0.0000000e+00 3.8031900e-12 2.4340400e-12
     45    127 0.0000000e+00 0.0000000e+00 0.0000000e+00
     45    128 0.0000000e+00 0.0000000e+00 0.0000000e+00
     46    102 0.0000000e+00 0.0000000e+00 0.0000000e+00
     46    103 0.0000000e+00 1.0112300e-13 6.4718700e-14
     46    104 0.0000000e+00 5.3965600e-12 3.4538000e-12
     46    105 0.0000000e+00 5.3765400e-11 3.4409800e-11
     46    106 0.0000000e+00 4.8759300e-10 3.1205900e-10
     46    107 0.0000000e+00 2.1645800e-09 1.3853300e-09
     46    107 1.0000000e+00 7.9977700e-09 5.1185700e-09
     46    108 0.0000000e+00 1.3916900e-07 8.9068300e-08
     46    109 0.0000000e+00 3.1306500e-07 2.0036100e-07
     46    109 1.0000000e+00 1.1567200e-06 7.4030200e-07
     46    110 0.0000000e+00 1.3856800e-05 8.8683800e-06
     46    111 0.0000000e+00 1.5659600e-05 1.0022200e-05
     46    111 1.0000000e+00 5.7859800e-05 3.7030200e-05
     46    112 0.0000000e+00 3.4713200e-04 2.2216400e-04
     46    113 0.0000000e+00 1.0929000e-03 6.9945500e-04
     46    114 0.0000000e+00 2.5142400e-03 1.6091200e-03
     46    115 0.0000000e+00 4.3856600e-03 2.8068200e-03
     46    116 0.0000000e+00 7.0567600e-03 4.5163300e-03
     46    117 0.0000000e+00 6.4319400e-03 4.1164400e-03
     46    118 0.0000000e+00 4.7496000e-03 3.0397500e-03
     46    119 0.0000000e+00 2.5668100e-03 1.6427600e-03
     46    120 0.0000000e+00 1.1598400e-03 7.4229700e-04
     46    121 0.0000000e+00 4.0542300e-04 2.5947000e-04
     46    122 0.0000000e+00 9.2762800e-05 5.9368200e-05
     46    123 0.0000000e+00 1.5739100e-05 1.0073000e-05
     46    124 0.0000000e+00 2.0825300e-06 1.3328200e-06
     46    125 0.0000000e+00 1.8817100e-07 1.2042900e-07
     46    126 0.0000000e+00 1.2411300e-08 7.9432300e-09
     46    127 0.0000000e+00 4.2325900e-10 2.7088500e-10
     46    128 0.0000000e+00 4.9159800e-11 3.1462200e-11
     46    129 0.0000000e+00 4.1829100e-11 2.6770500e-11
     46    130 0.0000000e+00 1.2315000e-13 7.8815800e-14
     46    131 0.0000000e+00 0.0000000e+00 0.0000000e+00
     47    105 0.0000000e+00 0.0000000e+00 0.0000000e+00
     47    105 1.0000000e+00 0.0000000e+00 0.0000000e+00
     47    106 0.0000000e+00 0.0000000e+00 0.0000000e+00
     47    106 1.0000000e+00 1.0988000e-14 7.0322900e-15
     47    107 0.0000000e+00 6.6786300e-14 4.2743200e-14
     47    107 1.0000000e+00 8.0056800e-13 5.1236400e-13
     47    108 0.0000000e+00 5.3097500e-12 3.3982400e-12
     47    108 1.0000000e+00 2.4025900e-11 1.5376600e-11
     47    109 0.0000000e+00 6.0210200e-11 3.8534500e-11
     47    109 1.0000000e+00 7.2174000e-10 4.6191400e-10
     47    110 0.0000000e+00 3.3580100e-09 2.1491300e-09
     47    110 1.0000000e+00 1.5194500e-08 9.7245100e-09
     47    111 0.0000000e+00 1.8687500e-08 1.1960000e-08
     47    111 1.0000000e+00 2.2400800e-07 1.4336500e-07
     47    112 0.0000000e+00 2.8034100e-06 1.7941800e-06
     47    113 0.0000000e+00 1.6729300e-06 1.0706800e-06
     47    113 1.0000000e+00 2.0053500e-05 1.2834200e-05
     47    114 0.0000000e+00 1.1742300e-04 7.5150600e-05
     47    115 0.0000000e+00 3.5423000e-05 2.2670800e-05
     47    115 1.0000000e+00 4.2461600e-04 2.7175500e-04
     47    116 0.0000000e+00 2.9324700e-04 1.8767800e-04
     47    116 1.0000000e+00 1.3269000e-03 8.4921800e-04
     47    117 0.0000000e+00 2.4968300e-04 1.5979700e-04
     47    117 1.0000000e+00 2.9929600e-03 1.9154900e-03
     47    118 0.0000000e+00 5.7553100e-04 3.6834000e-04
     47    118 1.0000000e+00 4.5176600e-03 2.8913000e-03
     47    119 0.0000000e+00 5.8611200e-03 3.7511100e-03
     47    120 0.0000000e+00 1.4786300e-03 9.4632400e-04
     47    120 1.0000000e+00 4.2303500e-03 2.7074400e-03
     47    121 0.0000000e+00 4.4877100e-03 2.8721300e-03
     47    122 0.0000000e+00 2.3132300e-03 1.0468500e-03
     47    123 0.0000000e+00 9.4817300e-04 6.0683100e-04
     47    124 0.0000000e+00 3.0194700e-04 1.9324600e-04
     47    125 0.0000000e+00 6.8623400e-05 4.3919000e-05
     47    126 0.0000000e+00 1.1233700e-05 7.1895400e-06
     47    127 0.0000000e+00 1.3812600e-06 8.8400400e-07
     47    128 0.0000000e+00 2.3028000e-07 1.4737900e-07
     47    129 0.0000000e+00 1.3650500e-07 8.7362800e-08
     47    130 0.0000000e+00 2.6932700e-09 1.7237000e-09
     47    131 0.0000000e+00 1.0428100e-10 6.6739800e-11
     47    132 0.0000000e+00 0.0000000e+00 0.0000000e+00
     47    133 0.0000000e+00 0.0000000e+00 0.0000000e+00
     48    108 0.0000000e+00 0.0000000e+00 0.0000000e+00
     48    109 0.0000000e+00 3.3741000e-14 2.1594300e-14
     48    110 0.0000000e+00 2.0324700e-12 1.3007800e-12
     48    111 0.0000000e+00 9.4022700e-12 6.0174500e-12
     48    111 1.0000000e+00 5.8240000e-11 3.7273600e-11
     48    112 0.0000000e+00 1.9623900e-09 1.2559300e-09
     48    113 0.0000000e+00 5.4206400e-09 3.4692100e-09
     48    113 1.0000000e+00 3.3576800e-08 2.1489100e-08
     48    114 0.0000000e+00 5.1963200e-07 3.3256400e-07
     48    115 0.0000000e+00 6.7163100e-07 4.2984400e-07
     48    115 1.0000000e+00 4.1602400e-06 2.6625600e-06
     48    116 0.0000000e+00 3.9718300e-05 2.5419700e-05
     48    117 0.0000000e+00 2.5817300e-05 1.6523100e-05
     48    117 1.0000000e+00 1.5991900e-04 1.0234800e-04
     48    118 0.0000000e+00 6.5052100e-04 4.1633300e-04
     48    119 0.0000000e+00 2.9212200e-04 1.8695800e-04
     48    119 1.0000000e+00 1.3398400e-03 8.5750000e-04
     48    120 0.0000000e+00 3.4054900e-03 2.1795100e-03
     48    121 0.0000000e+00 1.0398400e-03 6.6549700e-04
     48    121 1.0000000e+00 4.7693100e-03 3.0523600e-03
     48    122 0.0000000e+00 6.3892300e-03 4.0891000e-03
     48    123 0.0000000e+00 5.9239300e-03 3.7913200e-03
     48    124 0.0000000e+00 4.2730600e-03 2.7347600e-03
     48    125 0.0000000e+00 2.3077400e-03 1.4769600e-03
     48    126 0.0000000e+00 8.9830200e-04 5.7491300e-04
     48    127 0.0000000e+00 2.7380300e-04 1.7523400e-04
     48    128 0.0000000e+00 9.0490000e-05 5.7913600e-05
     48    129 0.0000000e+00 3.7649400e-05 2.4095600e-05
     48    130 0.0000000e+00 4.7557800e-06 3.0437000e-06
     48    131 0.0000000e+00 3.4031000e-07 2.1779800e-07
     48    132 0.0000000e+00 1.6620200e-08 1.0636900e-08
     48    133 0.0000000e+00 4.5699700e-10 2.9247800e-10
     48    134 0.0000000e+00 7.6593100e-12 4.9019600e-12
     48    135 0.0000000e+00 0.0000000e+00 0.0000000e+00
     48    136 0.0000000e+00 0.0000000e+00 0.0000000e+00
     49    110 0.0000000e+00 0.0000000e+00 0.0000000e+00
     49    110 1.0000000e+00 0.0000000e+00 0.0000000e+00
     49    111 0.0000000e+00 0.0000000e+00 0.0000000e+00
     49    111 1.0000000e+00 0.0000000e+00 0.0000000e+00
     49    112 0.0000000e+00 1.2660100e-14 8.1024600e-15
     49    112 1.0000000e+00 9.9376100e-14 6.3600700e-14
     49    113 0.0000000e+00 5.1442200e-12 3.2923000e-12
     49    113 1.0000000e+00 6.4882100e-13 4.1524500e-13
     49    114 0.0000000e+00 2.9330700e-11 1.8771600e-11
     49    114 1.0000000e+00 1.6620700e-10 1.0637300e-10
     49    115 0.0000000e+00 3.9555200e-09 2.5315300e-09
     49    115 1.0000000e+00 4.9889500e-10 3.1929200e-10
     49    116 0.0000000e+00 9.3353500e-09 5.9746200e-09
     49    116 1.0000000e+00 5.2811400e-08 3.3799300e-08
     49    116 2.0000000e+00 2.6672400e-08 1.7070400e-08
     49    117 0.0000000e+00 9.0775200e-07 5.8096100e-07
     49    117 1.0000000e+00 1.1449100e-07 7.3274400e-08
     49    118 0.0000000e+00 8.8938100e-07 5.6920400e-07
     49    118 1.0000000e+00 5.0313600e-06 3.2200700e-06
     49    118 2.0000000e+00 2.5410900e-06 1.6263000e-06
     49    119 0.0000000e+00 4.3778300e-05 2.8018100e-05
     49    119 1.0000000e+00 5.5215900e-06 3.5338200e-06
     49    120 0.0000000e+00 6.0503400e-05 3.8722200e-05
     49    120 1.0000000e+00 2.5096800e-04 1.2147700e-04
     49    121 0.0000000e+00 8.0229800e-04 5.1347000e-04
     49    121 1.0000000e+00 1.0119100e-04 6.4762000e-05
     49    122 0.0000000e+00 3.2333600e-04 2.0693500e-04
     49    122 1.0000000e+00 2.3711400e-03 1.2223000e-03
     49    123 0.0000000e+00 3.9521300e-03 2.5293600e-03
     49    123 1.0000000e+00 4.9846700e-04 3.1901900e-04
     49    124 0.0000000e+00 2.3896800e-03 1.5294000e-03
     49    124 1.0000000e+00 4.5773100e-03 2.9294800e-03
     49    125 0.0000000e+00 7.4670000e-03 4.7788800e-03
     49    125 1.0000000e+00 9.4178400e-04 6.0274200e-04
     49    126 0.0000000e+00 2.5028500e-03 1.6018200e-03
     49    126 1.0000000e+00 4.7940800e-03 3.0682100e-03
     49    127 0.0000000e+00 4.6130300e-03 2.9523400e-03
     49    127 1.0000000e+00 5.8182400e-04 3.7236700e-04
     49    128 0.0000000e+00 1.1187600e-03 7.1601200e-04
     49    128 1.0000000e+00 2.1429400e-03 1.3714900e-03
     49    129 0.0000000e+00 2.0210900e-03 1.2935000e-03
     49    129 1.0000000e+00 2.5491300e-04 1.6314400e-04
     49    130 0.0000000e+00 9.6670700e-04 3.0934600e-04
     49    131 0.0000000e+00 6.1912300e-05 3.9623900e-05
     49    131 1.0000000e+00 7.7214900e-06 4.9417500e-06
     49    131 2.0000000e+00 7.1922300e-05 5.7537900e-05
     49    132 0.0000000e+00 1.9293500e-05 1.2347800e-05
     49    133 0.0000000e+00 1.4913500e-06 9.5446800e-07
     49    134 0.0000000e+00 7.2788500e-08 4.6584600e-08
     49    135 0.0000000e+00 1.4630000e-09 9.3632100e-10
     49    136 0.0000000e+00 5.4266000e-11 3.4730200e-11
     49    137 0.0000000e+00 0.0000000e+00 0.0000000e+00
     49    138 0.0000000e+00 0.0000000e+00 0.0000000e+00
     50    113 0.0000000e+00 0.0000000e+00 0.0000000e+00
     50    113 1.0000000e+00 0.0000000e+00 0.0000000e+00
     50    114 0.0000000e+00 0.0000000e+00 0.0000000e+00
     50    115 0.0000000e+00 3.3540800e-13 2.1466100e-13
     50    116 0.0000000e+00 1.6520100e-11 1.0572900e-11
     50    117 0.0000000e+00 6.6801200e-11 4.2752800e-11
     50    117 1.0000000e+00 4.1378300e-10 2.6482100e-10
     50    118 0.0000000e+00 9.7418400e-09 6.2347800e-09
     50    119 0.0000000e+00 1.9094000e-08 1.2220200e-08
     50    119 1.0000000e+00 1.1827300e-07 7.5694700e-08
     50    120 0.0000000e+00 1.5619000e-06 9.9961500e-07
     50    121 0.0000000e+00 1.1935400e-05 7.6386800e-06
     50    121 1.0000000e+00 2.6022400e-06 1.6654400e-06
     50    122 0.0000000e+00 8.0097400e-05 5.1262300e-05
     50    123 0.0000000e+00 3.2052200e-04 2.0513500e-04
     50    123 1.0000000e+00 6.9882400e-05 4.4724800e-05
     50    124 0.0000000e+00 1.3755100e-03 8.8032800e-04
     50    125 0.0000000e+00 3.0668200e-03 1.9627700e-03
     50    125 1.0000000e+00 6.6864900e-04 4.2793600e-04
     50    126 0.0000000e+00 7.0431400e-03 4.5076100e-03
     50    127 0.0000000e+00 9.1412300e-03 5.8503900e-03
     50    127 1.0000000e+00 1.9930300e-03 1.2755400e-03
     50    128 0.0000000e+00 1.2664400e-02 5.7312400e-03
     50    129 0.0000000e+00 2.5447000e-03 8.1429900e-04
     50    129 1.0000000e+00 1.1671500e-02 7.4697400e-03
     50    130 0.0000000e+00 1.9423000e-03 1.2430700e-03
     50    130 1.0000000e+00 8.7886600e-03 5.6247400e-03
     50    131 0.0000000e+00 9.4876500e-04 6.0721200e-04
     50    131 1.0000000e+00 4.3516000e-03 2.7850300e-03
     50    132 0.0000000e+00 1.9562400e-03 1.2519900e-03
     50    133 0.0000000e+00 4.1545500e-04 2.6589100e-04
     50    134 0.0000000e+00 5.6829100e-05 3.6370600e-05
     50    135 0.0000000e+00 4.7743400e-06 3.0555700e-06
     50    136 0.0000000e+00 3.1938800e-07 2.0440900e-07
     50    137 0.0000000e+00 1.1814400e-08 7.5611900e-09
     50    138 0.0000000e+00 3.2139100e-10 2.0569000e-10
     50    139 0.0000000e+00 1.8463800e-11 1.1816900e-11
     50    140 0.0000000e+00 0.0000000e+00 0.0000000e+00
     51    116 0.0000000e+00 0.0000000e+00 0.0000000e+00
     51    116 1.0000000e+00 0.0000000e+00 0.0000000e+00
     51    117 0.0000000e+00 1.8322300e-14 1.1726300e-14
     51    118 0.0000000e+00 2.3831100e-13 1.5251900e-13
     51    118 1.0000000e+00 6.8180800e-13 4.3635700e-13
     51    119 0.0000000e+00 3.2139100e-11 2.0569000e-11
     51    120 0.0000000e+00 2.3208700e-10 1.4853600e-10
     51    120 1.0000000e+00 6.6400200e-10 4.2496100e-10
     51    121 0.0000000e+00 2.0925400e-08 1.3392300e-08
     51    122 0.0000000e+00 8.3846500e-08 5.3661800e-08
     51    122 1.0000000e+00 1.9379100e-07 1.2402600e-07
     51    123 0.0000000e+00 3.3941300e-06 2.1722400e-06
     51    124 0.0000000e+00 4.4701500e-06 2.8609000e-06
     51    124 1.0000000e+00 1.5616900e-05 9.9948100e-06
     51    124 2.0000000e+00 8.5678000e-06 5.4833900e-06
     51    125 0.0000000e+00 1.8676700e-04 1.1953100e-04
     51    126 0.0000000e+00 4.0445700e-04 2.5885200e-04
     51    126 1.0000000e+00 4.5616400e-04 2.1753600e-04
     51    127 0.0000000e+00 2.9074400e-03 1.8607600e-03
     51    128 0.0000000e+00 3.4245200e-03 2.1916900e-03
     51    128 1.0000000e+00 2.5728900e-03 1.6466500e-03
     51    129 0.0000000e+00 1.9205400e-03 6.1457400e-04
     51    129 1.0000000e+00 6.1188500e-03 4.8950800e-03
     51    130 0.0000000e+00 1.0419500e-02 3.3342400e-03
     51    130 1.0000000e+00 7.8282900e-03 5.0101100e-03
     51    131 0.0000000e+00 2.1497200e-02 6.8791200e-03
     51    132 0.0000000e+00 7.6483100e-03 4.8949200e-03
     51    132 1.0000000e+00 1.2166000e-02 3.8931300e-03
     51    133 0.0000000e+00 1.0843700e-02 3.4699900e-03
     51    134 0.0000000e+00 7.1364200e-04 4.5673000e-04
     51    134 1.0000000e+00 3.2291300e-03 2.0666400e-03
     51    135 0.0000000e+00 8.8180200e-04 5.6435300e-04
     51    136 0.0000000e+00 1.5633000e-04 1.0005100e-04
     51    137 0.0000000e+00 1.5518900e-05 9.9320700e-06
     51    138 0.0000000e+00 1.1514000e-06 7.3689600e-07
     51    139 0.0000000e+00 6.0254800e-08 3.8563100e-08
     51    140 0.0000000e+00 1.0796100e-09 6.9095400e-10
     51    141 0.0000000e+00 1.2349200e-10 7.9035000e-11
     51    142 0.0000000e+00 0.0000000e+00 0.0000000e+00
     51    143 0.0000000e+00 0.0000000e+00 0.0000000e+00
     52    119 0.0000000e+00 0.0000000e+00 0.0000000e+00
     52    119 1.0000000e+00 0.0000000e+00 0.0000000e+00
     52    120 0.0000000e+00 4.1650600e-14 2.6656400e-14
     52    121 0.0000000e+00 3.4374800e-13 2.1999900e-13
     52    121 1.0000000e+00 2.1292600e-12 1.3627300e-12
     52    122 0.0000000e+00 8.1399000e-11 5.2095300e-11
     52    123 0.0000000e+00 3.5599500e-10 2.2783700e-10
     52    123 1.0000000e+00 2.2051200e-09 1.4112800e-09
     52    124 0.0000000e+00 5.3965600e-08 3.4538000e-08
     52    125 0.0000000e+00 1.2358200e-07 7.9092600e-08
     52    125 1.0000000e+00 7.6549900e-07 4.8991900e-07
     52    126 0.0000000e+00 8.1899600e-06 5.2415700e-06
     52    127 0.0000000e+00 1.4665400e-05 9.3858600e-06
     52    127 1.0000000e+00 6.7264200e-05 4.3049100e-05
     52    128 0.0000000e+00 3.2099000e-04 2.0543400e-04
     52    129 0.0000000e+00 1.6774600e-04 1.0735700e-04
     52    129 1.0000000e+00 7.6938300e-04 4.9240500e-04
     52    130 0.0000000e+00 3.7617200e-03 2.4075100e-03
     52    131 0.0000000e+00 1.8995400e-03 1.2157000e-03
     52    131 1.0000000e+00 8.7124000e-03 5.5759300e-03
     52    132 0.0000000e+00 2.3591500e-02 5.4260500e-03
     52    133 0.0000000e+00 5.5960300e-03 3.5814500e-03
     52    133 1.0000000e+00 2.5666700e-02 8.2133300e-03
     52    134 0.0000000e+00 2.8032700e-02 8.9704600e-03
     52    135 0.0000000e+00 1.5616600e-02 4.9973300e-03
     52    136 0.0000000e+00 6.9448000e-03 4.4446700e-03
     52    137 0.0000000e+00 1.7729500e-03 1.1346900e-03
     52    138 0.0000000e+00 3.4402800e-04 2.2017800e-04
     52    139 0.0000000e+00 4.8268700e-05 3.0892000e-05
     52    140 0.0000000e+00 3.5232000e-06 2.2548500e-06
     52    141 0.0000000e+00 4.0300300e-07 2.5792200e-07
     52    142 0.0000000e+00 1.0412700e-08 6.6641000e-09
     52    143 0.0000000e+00 3.0819900e-10 1.9724700e-10
     52    144 0.0000000e+00 3.9723200e-11 2.5422800e-11
     52    145 0.0000000e+00 0.0000000e+00 0.0000000e+00
     53    122 0.0000000e+00 0.0000000e+00 0.0000000e+00
     53    123 0.0000000e+00 1.5719100e-13 1.0060200e-13
     53    124 0.0000000e+00 0.0000000e+00 0.0000000e+00
     53    125 0.0000000e+00 3.6043800e-10 2.3068000e-10
     53    126 0.0000000e+00 8.3301300e-09 5.3312800e-09
     53    127 0.0000000e+00 2.1225800e-07 1.3584500e-07
     53    128 0.0000000e+00 1.6420000e-06 1.0508800e-06
     53    129 0.0000000e+00 8.1399000e-06 5.2095300e-06
     53    130 0.0000000e+00 6.7231500e-05 4.3028200e-05
     53    130 1.0000000e+00 1.4858300e-05 9.5092800e-06
     53    131 0.0000000e+00 5.9426200e-04 3.8032800e-04
     53    132 0.0000000e+00 1.2809000e-03 8.1978100e-04
     53    132 1.0000000e+00 2.0810500e-03 1.3318800e-03
     53    133 0.0000000e+00 4.6652600e-03 2.9857700e-03
     53    133 1.0000000e+00 6.3377100e-03 4.0561500e-03
     53    134 0.0000000e+00 9.2325200e-03 5.9088200e-03
     53    134 1.0000000e+00 1.4685900e-02 4.6995100e-03
     53    135 0.0000000e+00 3.1430200e-02 1.0057600e-02
     53    136 0.0000000e+00 5.9224300e-03 1.8951800e-03
     53    136 1.0000000e+00 2.6798200e-02 8.5754200e-03
     53    137 0.0000000e+00 2.0059500e-02 6.4190200e-03
     53    138 0.0000000e+00 9.6202600e-03 6.1569700e-03
     53    139 0.0000000e+00 3.4293500e-03 2.1947900e-03
     53    140 0.0000000e+00 6.5126200e-04 4.1680800e-04
     53    141 0.0000000e+00 1.1115200e-04 7.1137600e-05
     53    142 0.0000000e+00 1.3316200e-05 8.5223600e-06
     53    143 0.0000000e+00 1.0057700e-06 6.4369400e-07
     53    144 0.0000000e+00 1.2963300e-07 8.2964700e-08
     53    145 0.0000000e+00 8.1277900e-10 5.2017800e-10
     53    146 0.0000000e+00 4.0792300e-11 2.6107000e-11
     53    147 0.0000000e+00 0.0000000e+00 0.0000000e+00
     53    148 0.0000000e+00 0.0000000e+00 0.0000000e+00
     54    125 0.0000000e+00 1.1714200e-14 5.3012600e-15
     54    126 0.0000000e+00 6.9284200e-13 4.4341900e-13
     54    127 0.0000000e+00 5.1470600e-12 3.2941200e-12
     54    127 1.0000000e+00 4.0808800e-11 2.6117600e-11
     54    128 0.0000000e+00 7.1787300e-10 4.5943900e-10
     54    129 0.0000000e+00 8.5449900e-10 5.4687900e-10
     54    129 1.0000000e+00 5.2929700e-09 3.3875000e-09
     54    130 0.0000000e+00 1.6219700e-07 1.0380600e-07
     54    131 0.0000000e+00 5.7063000e-07 3.6520300e-07
     54    131 1.0000000e+00 2.6172500e-06 1.6750400e-06
     54    132 0.0000000e+00 4.9229800e-05 3.1507100e-05
     54    133 0.0000000e+00 7.6619200e-05 4.9036300e-05
     54    133 1.0000000e+00 3.5142100e-04 2.2491000e-04
     54    134 0.0000000e+00 4.3388900e-04 2.7768900e-04
     54    134 1.0000000e+00 1.9632900e-03 1.2565100e-03
     54    135 0.0000000e+00 1.3783600e-03 8.8214900e-04
     54    135 1.0000000e+00 6.3219600e-03 4.0460600e-03
     54    136 0.0000000e+00 1.8729000e-02 5.9932700e-03
     54    137 0.0000000e+00 2.6383600e-02 8.4427300e-03
     54    138 0.0000000e+00 2.9475700e-02 9.4322400e-03
     54    139 0.0000000e+00 2.4944600e-02 7.9822900e-03
     54    140 0.0000000e+00 1.1537100e-02 3.6918800e-03
     54    141 0.0000000e+00 4.8415800e-03 3.0986100e-03
     54    142 0.0000000e+00 1.4854700e-03 9.5069800e-04
     54    143 0.0000000e+00 4.9655200e-05 3.1779200e-05
     54    143 1.0000000e+00 2.2774800e-04 1.4575800e-04
     54    144 0.0000000e+00 3.5754000e-05 2.2882500e-05
     54    145 0.0000000e+00 2.6524100e-06 1.6975400e-06
     54    146 0.0000000e+00 1.3312100e-07 8.5197500e-08
     54    147 0.0000000e+00 7.4409000e-10 4.7621700e-10
     54    148 0.0000000e+00 1.1614100e-10 7.4330400e-11
     54    149 0.0000000e+00 1.1781700e-11 7.5403200e-12
     54    150 0.0000000e+00 1.7921800e-14 1.1469900e-14
     55    128 0.0000000e+00 0.0000000e+00 0.0000000e+00
     55    129 0.0000000e+00 3.7745900e-13 2.4157400e-13
     55    130 0.0000000e+00 0.0000000e+00 0.0000000e+00
     55    131 0.0000000e+00 1.4617800e-09 9.3553700e-10
     55    132 0.0000000e+00 6.4077900e-08 4.1009900e-08
     55    133 0.0000000e+00 1.5619000e-06 9.9961500e-07
     55    134 0.0000000e+00 9.2714100e-06 5.9337000e-06
     55    134 1.0000000e+00 1.4747800e-05 9.4385900e-06
     55    135 0.0000000e+00 8.5837100e-05 5.4935800e-05
     55    135 1.0000000e+00 1.1660900e-04 7.4629700e-05
     55    136 0.0000000e+00 5.0044900e-04 3.2028800e-04
     55    136 1.0000000e+00 6.6609900e-04 4.2630400e-04
     55    137 0.0000000e+00 4.1712700e-03 2.6696200e-03
     55    138 0.0000000e+00 2.8711700e-03 1.8375500e-03
     55    138 1.0000000e+00 8.2144300e-03 5.2572400e-03
     55    139 0.0000000e+00 2.1712500e-02 6.9479900e-03
     55    140 0.0000000e+00 2.3226200e-02 7.4324200e-03
     55    141 0.0000000e+00 2.2339400e-02 7.1485900e-03
     55    142 0.0000000e+00 1.6440400e-02 5.2609200e-03
     55    143 0.0000000e+00 7.6090000e-03 4.8697600e-03
     55    144 0.0000000e+00 2.4320700e-03 1.5565200e-03
     55    145 0.0000000e+00 4.5532400e-04 2.9140700e-04
     55    146 0.0000000e+00 6.0563600e-05 3.8760700e-05
     55    147 0.0000000e+00 2.4282500e-06 1.5540800e-06
     55    148 0.0000000e+00 3.7545600e-07 2.4029200e-07
     55    149 0.0000000e+00 3.8448400e-08 2.4607000e-08
     55    150 0.0000000e+00 4.2251400e-10 2.7040900e-10
     55    151 0.0000000e+00 1.8853000e-11 1.2066000e-11
     55    152 0.0000000e+00 0.0000000e+00 0.0000000e+00
     56    131 0.0000000e+00 5.4266000e-14 3.4730200e-14
     56    132 0.0000000e+00 6.8683500e-12 4.3957400e-12
     56    133 0.0000000e+00 9.2853700e-12 5.9426400e-12
     56    133 1.0000000e+00 0.0000000e+00 0.0000000e+00
     56    134 0.0000000e+00 2.1025600e-08 1.3456400e-08
     56    135 0.0000000e+00 8.7279100e-08 5.5858600e-08
     56    135 1.0000000e+00 4.0031400e-07 2.5620100e-07
     56    136 0.0000000e+00 1.4733200e-06 9.4292600e-07
     56    136 1.0000000e+00 6.6665700e-06 4.2666100e-06
     56    137 0.0000000e+00 1.2434100e-05 7.9578500e-06
     56    137 1.0000000e+00 5.7030300e-05 3.6499400e-05
     56    138 0.0000000e+00 4.6195200e-04 2.9564900e-04
     56    139 0.0000000e+00 2.2249100e-03 1.4239400e-03
     56    140 0.0000000e+00 5.6853600e-03 3.6386300e-03
     56    141 0.0000000e+00 1.2511300e-02 4.0036300e-03
     56    142 0.0000000e+00 2.1264800e-02 6.8047100e-03
     56    143 0.0000000e+00 2.2867300e-02 7.3175500e-03
     56    144 0.0000000e+00 1.6927400e-02 5.4167400e-03
     56    145 0.0000000e+00 7.5400500e-03 4.8256300e-03
     56    146 0.0000000e+00 2.5095000e-03 1.6060800e-03
     56    147 0.0000000e+00 6.6973800e-04 4.2863200e-04
     56    148 0.0000000e+00 1.0232400e-04 6.5487600e-05
     56    149 0.0000000e+00 1.0604500e-05 6.7868700e-06
     56    150 0.0000000e+00 8.0598000e-07 5.1582700e-07
     56    151 0.0000000e+00 6.1524700e-08 3.9375800e-08
     56    152 0.0000000e+00 1.4317400e-09 9.1631400e-10
     56    153 0.0000000e+00 3.3124600e-11 2.1199700e-11
     56    154 0.0000000e+00 3.8346600e-13 2.4541800e-13
     57    133 0.0000000e+00 1.1814400e-14 7.5611900e-15
     57    134 0.0000000e+00 0.0000000e+00 0.0000000e+00
     57    135 0.0000000e+00 9.7919000e-11 6.2668200e-11
     57    136 0.0000000e+00 3.6461100e-09 2.9168900e-09
     57    137 0.0000000e+00 1.0212400e-07 6.5359500e-08
     57    138 0.0000000e+00 1.8122000e-06 1.1598100e-06
     57    139 0.0000000e+00 2.2837800e-05 1.4616200e-05
     57    140 0.0000000e+00 1.4952200e-04 9.5693900e-05
     57    141 0.0000000e+00 8.0230500e-04 5.1347500e-04
     57    142 0.0000000e+00 3.3100100e-03 2.1184100e-03
     57    143 0.0000000e+00 8.3966000e-03 5.3738200e-03
     57    144 0.0000000e+00 1.4131500e-02 4.5220800e-03
     57    145 0.0000000e+00 1.4246500e-02 4.5588800e-03
     57    146 0.0000000e+00 2.4621100e-03 1.5757500e-03
     57    146 1.0000000e+00 8.6284700e-03 5.5222400e-03
     57    147 0.0000000e+00 6.9608500e-03 4.4549500e-03
     57    148 0.0000000e+00 2.6108100e-03 1.6709200e-03
     57    149 0.0000000e+00 6.7220700e-04 4.3021300e-04
     57    150 0.0000000e+00 1.3192000e-04 8.4429000e-05
     57    151 0.0000000e+00 1.6969100e-05 1.0860300e-05
     57    152 0.0000000e+00 1.5819200e-06 1.0124300e-06
     57    153 0.0000000e+00 1.0809800e-07 6.9182900e-08
     57    154 0.0000000e+00 3.0537100e-09 1.9543800e-09
     57    155 0.0000000e+00 4.2632500e-11 2.7284900e-11
     57    156 0.0000000e+00 2.2297700e-12 1.4270500e-12
     57    157 0.0000000e+00 0.0000000e+00 0.0000000e+00
     58    135 0.0000000e+00 0.0000000e+00 0.0000000e+00
     58    136 0.0000000e+00 0.0000000e+00 0.0000000e+00
     58    137 0.0000000e+00 3.9779200e-13 2.5458700e-13
     58    137 1.0000000e+00 0.0000000e+00 0.0000000e+00
     58    138 0.0000000e+00 6.0073000e-10 3.8446700e-10
     58    139 0.0000000e+00 3.6721700e-09 2.3501900e-09
     58    139 1.0000000e+00 1.6842800e-08 1.0779400e-08
     58    140 0.0000000e+00 3.6043800e-07 2.3068000e-07
     58    141 0.0000000e+00 4.9760500e-06 3.1846700e-06
     58    142 0.0000000e+00 5.3264800e-05 3.4089400e-05
     58    143 0.0000000e+00 3.4224600e-04 2.1903700e-04
     58    144 0.0000000e+00 1.3852500e-03 8.8656300e-04
     58    145 0.0000000e+00 3.2709200e-03 2.0933800e-03
     58    146 0.0000000e+00 5.9557300e-03 3.8116600e-03
     58    147 0.0000000e+00 8.4631000e-03 3.8083900e-03
     58    148 0.0000000e+00 7.3656600e-03 4.7140200e-03
     58    149 0.0000000e+00 4.3866800e-03 2.8074700e-03
     58    150 0.0000000e+00 2.0889400e-03 1.3369300e-03
     58    151 0.0000000e+00 6.5793000e-04 4.2107500e-04
     58    152 0.0000000e+00 1.5310600e-04 9.7987900e-05
     58    153 0.0000000e+00 2.6812600e-05 1.7160100e-05
     58    154 0.0000000e+00 2.0024300e-06 1.2815600e-06
     58    155 0.0000000e+00 1.3912600e-07 8.9040900e-08
     58    156 0.0000000e+00 7.2766200e-09 4.6570300e-09
     58    157 0.0000000e+00 2.1626300e-10 1.3840800e-10
     58    158 0.0000000e+00 3.6844800e-12 2.3580700e-12
     58    159 0.0000000e+00 9.9680400e-14 6.3795500e-14
     58    160 0.0000000e+00 0.0000000e+00 0.0000000e+00
     59    138 0.0000000e+00 0.0000000e+00 0.0000000e+00
     59    138 1.0000000e+00 0.0000000e+00 0.0000000e+00
     59    139 0.0000000e+00 1.5018300e-12 9.6116800e-13
     59    140 0.0000000e+00 7.2287900e-11 4.6264200e-11
     59    141 0.0000000e+00 2.6532300e-09 1.6980600e-09
     59    142 0.0000000e+00 1.3863400e-08 8.8725500e-09
     59    142 1.0000000e+00 6.2729800e-08 4.0147000e-08
     59    143 0.0000000e+00 1.3115900e-06 8.3942000e-07
     59    144 0.0000000e+00 7.8645000e-07 5.0332800e-07
     59    144 1.0000000e+00 1.2773000e-05 8.1747400e-06
     59    145 0.0000000e+00 8.0197500e-05 5.1326400e-05
     59    146 0.0000000e+00 3.6505400e-04 2.3363400e-04
     59    147 0.0000000e+00 1.2327000e-03 7.8892700e-04
     59    148 0.0000000e+00 2.8681700e-04 1.8356400e-04
     59    148 1.0000000e+00 2.2513900e-03 1.4409000e-03
     59    149 0.0000000e+00 3.4367700e-03 2.1995300e-03
     59    150 0.0000000e+00 3.7831400e-03 2.4212100e-03
     59    151 0.0000000e+00 2.7261600e-03 1.7447400e-03
     59    152 0.0000000e+00 1.4836400e-03 9.4953200e-04
     59    153 0.0000000e+00 6.2440900e-04 3.9962200e-04
     59    154 0.0000000e+00 1.1793300e-04 7.5477400e-05
     59    155 0.0000000e+00 2.0685100e-05 1.3238500e-05
     59    156 0.0000000e+00 2.8534700e-06 1.8262200e-06
     59    157 0.0000000e+00 2.3328400e-07 1.4930100e-07
     59    158 0.0000000e+00 1.0713000e-08 6.8563400e-09
     59    159 0.0000000e+00 3.2529500e-10 2.0818900e-10
     59    160 0.0000000e+00 7.2888600e-12 4.6648700e-12
     59    161 0.0000000e+00 1.7727800e-13 1.1345800e-13
     59    162 0.0000000e+00 0.0000000e+00 0.0000000e+00
     60    141 0.0000000e+00 3.6571200e-15 2.3405600e-15
     60    142 0.0000000e+00 9.0710300e-12 5.8054600e-12
     60    143 0.0000000e+00 4.2351500e-10 2.7105000e-10
     60    144 0.0000000e+00 1.1614100e-08 7.4330400e-09
     60    145 0.0000000e+00 1.7921800e-07 1.1469900e-07
     60    146 0.0000000e+00 2.1626300e-06 1.3840800e-06
     60    147 0.0000000e+00 1.8482500e-05 1.1828800e-05
     60    148 0.0000000e+00 9.6517300e-05 6.1771100e-05
     60    149 0.0000000e+00 3.1518300e-04 2.0171700e-04
     60    150 0.0000000e+00 8.3197100e-04 5.3246100e-04
     60    151 0.0000000e+00 1.3743800e-03 8.7960300e-04
     60    152 0.0000000e+00 1.6940500e-03 1.0841900e-03
     60    153 0.0000000e+00 1.6187100e-03 1.0359700e-03
     60    154 0.0000000e+00 7.2092600e-04 4.6139300e-04
     60    155 0.0000000e+00 2.9938400e-04 1.9160600e-04
     60    156 0.0000000e+00 1.0300500e-04 6.5923300e-05
     60    157 0.0000000e+00 2.1996700e-05 1.4077900e-05
     60    158 0.0000000e+00 2.6532300e-06 1.6980600e-06
     60    159 0.0000000e+00 2.1926700e-07 1.4033100e-07
     60    160 0.0000000e+00 1.3216100e-08 8.4582800e-09
     60    161 0.0000000e+00 5.7852600e-10 3.7025700e-10
     60    162 0.0000000e+00 1.6920600e-11 1.0829200e-11
     60    163 0.0000000e+00 3.6444300e-13 2.3324400e-13
     60    164 0.0000000e+00 0.0000000e+00 0.0000000e+00
     61    144 0.0000000e+00 8.0798200e-13 5.1710900e-13
     61    145 0.0000000e+00 3.3440700e-11 2.1402000e-11
     61    146 0.0000000e+00 1.0913300e-09 6.9844900e-10
     61    147 0.0000000e+00 2.4629900e-08 1.5763200e-08
     61    148 0.0000000e+00 6.2104200e-08 3.9746700e-08
     61    148 1.0000000e+00 2.8101300e-07 1.7984800e-07
     61    149 0.0000000e+00 2.8734900e-06 1.8390400e-06
     61    150 0.0000000e+00 1.9473700e-05 1.2463200e-05
     61    151 0.0000000e+00 7.8725700e-05 5.0384500e-05
     61    152 0.0000000e+00 1.9641900e-05 1.2570800e-05
     61    152 1.0000000e+00 1.5482400e-04 9.9087400e-05
     61    152 2.0000000e+00 5.6383700e-05 3.6085600e-05
     61    153 0.0000000e+00 5.1225300e-04 3.2784200e-04
     61    154 0.0000000e+00 4.9592900e-04 3.1739400e-04
     61    154 1.0000000e+00 3.4476300e-05 2.2064800e-05
     61    155 0.0000000e+00 4.9847600e-04 3.1902500e-04
     61    156 0.0000000e+00 4.0020700e-04 2.5613200e-04
     61    157 0.0000000e+00 2.0848300e-04 1.3342900e-04
     61    158 0.0000000e+00 6.1865200e-05 3.9593700e-05
     61    159 0.0000000e+00 1.3196000e-05 8.4454700e-06
     61    160 0.0000000e+00 2.0625100e-06 1.3200000e-06
     61    161 0.0000000e+00 2.3829000e-07 1.5250500e-07
     61    162 0.0000000e+00 1.8122000e-08 1.1598100e-08
     61    163 0.0000000e+00 1.0112300e-09 6.4718700e-10
     61    164 0.0000000e+00 4.0549300e-11 2.5951500e-11
     61    165 0.0000000e+00 1.0212400e-12 6.5359500e-13
     61    166 0.0000000e+00 2.1868400e-14 1.3995700e-14
     62    146 0.0000000e+00 4.4854500e-14 2.8706900e-14
     62    147 0.0000000e+00 2.7133000e-12 1.7365100e-12
     62    148 0.0000000e+00 1.0312500e-10 6.6000200e-11
     62    149 0.0000000e+00 2.2827800e-09 1.4609800e-09
     62    150 0.0000000e+00 4.1450400e-08 2.6528200e-08
     62    151 0.0000000e+00 4.3352700e-07 2.7745700e-07
     62    152 0.0000000e+00 3.2239200e-06 2.0633100e-06
     62    153 0.0000000e+00 1.7771600e-05 1.1373800e-05
     62    154 0.0000000e+00 4.5505300e-05 2.9123400e-05
     62    155 0.0000000e+00 1.0056200e-04 6.4359800e-05
     62    156 0.0000000e+00 1.8940000e-04 1.2121600e-04
     62    157 0.0000000e+00 2.3312300e-04 1.4919900e-04
     62    158 0.0000000e+00 1.6036500e-04 1.0263400e-04
     62    159 0.0000000e+00 8.2420200e-05 5.2748900e-05
     62    160 0.0000000e+00 3.1268000e-05 2.0011500e-05
     62    161 0.0000000e+00 9.0009400e-06 5.7606000e-06
     62    162 0.0000000e+00 1.7120800e-06 1.0957300e-06
     62    163 0.0000000e+00 2.3728800e-07 1.5186500e-07
     62    164 0.0000000e+00 2.4129300e-08 1.5442800e-08
     62    165 0.0000000e+00 1.5518900e-09 9.9320800e-10
     62    166 0.0000000e+00 7.1365000e-11 4.5673500e-11
     62    167 0.0000000e+00 2.7424900e-12 1.7551900e-12
     62    168 0.0000000e+00 6.4278100e-14 4.1138000e-14
     63    149 0.0000000e+00 1.4717900e-13 9.4194500e-14
     63    150 0.0000000e+00 0.0000000e+00 0.0000000e+00
     63    150 1.0000000e+00 0.0000000e+00 0.0000000e+00
     63    151 0.0000000e+00 2.0424800e-10 1.3071900e-10
     63    152 0.0000000e+00 1.3456300e-09 8.6120700e-10
     63    152 1.0000000e+00 8.4102000e-11 5.3825400e-11
     63    152 2.0000000e+00 2.5751200e-09 1.6480800e-09
     63    153 0.0000000e+00 5.7369700e-08 3.6716600e-08
     63    154 0.0000000e+00 1.3221600e-07 8.4618100e-08
     63    154 1.0000000e+00 2.5325300e-07 1.6208200e-07
     63    155 0.0000000e+00 2.1426000e-06 1.3712700e-06
     63    156 0.0000000e+00 1.0132300e-05 6.4846800e-06
     63    157 0.0000000e+00 3.1107800e-05 1.9909000e-05
     63    158 0.0000000e+00 5.0751700e-05 3.2481100e-05
     63    159 0.0000000e+00 6.1915300e-05 3.9625800e-05
     63    160 0.0000000e+00 5.4296000e-05 3.4749400e-05
     63    161 0.0000000e+00 3.6494400e-05 2.3356400e-05
     63    162 0.0000000e+00 1.6259800e-05 1.0406300e-05
     63    163 0.0000000e+00 5.2864300e-06 3.3833100e-06
     63    164 0.0000000e+00 1.2915700e-06 8.2660500e-07
     63    165 0.0000000e+00 2.0424800e-07 1.3071900e-07
     63    166 0.0000000e+00 2.3628700e-08 1.5122400e-08
     63    167 0.0000000e+00 2.2427300e-09 1.4353400e-09
     63    168 0.0000000e+00 1.3516400e-10 8.6505200e-11
     63    169 0.0000000e+00 7.9572300e-12 5.0926300e-12
     63    170 0.0000000e+00 1.6520100e-13 1.0572900e-13
     64    151 0.0000000e+00 0.0000000e+00 0.0000000e+00
     64    152 0.0000000e+00 4.0749500e-13 2.6079700e-13
     64    153 0.0000000e+00 1.5619000e-11 9.9961500e-12
     64    154 0.0000000e+00 2.8434600e-10 1.8198100e-10
     64    155 0.0000000e+00 4.1350300e-09 2.6464200e-09
     64    156 0.0000000e+00 5.1863100e-08 3.3192400e-08
     64    157 0.0000000e+00 4.2451600e-07 2.7169000e-07
     64    158 0.0000000e+00 1.7621400e-06 1.1277700e-06
     64    159 0.0000000e+00 5.4266000e-06 3.4730200e-06
     64    160 0.0000000e+00 1.1433900e-05 7.3177000e-06
     64    161 0.0000000e+00 1.8011900e-05 1.1527600e-05
     64    162 0.0000000e+00 1.8182100e-05 1.1636500e-05
     64    163 0.0000000e+00 1.3146000e-05 8.4134300e-06
     64    164 0.0000000e+00 7.2588200e-06 4.6456500e-06
     64    165 0.0000000e+00 2.6432100e-06 1.6916600e-06
     64    166 0.0000000e+00 7.2388000e-07 4.6328300e-07
     64    167 0.0000000e+00 1.6319800e-07 1.0444700e-07
     64    168 0.0000000e+00 2.4429700e-08 1.5635000e-08
     64    169 0.0000000e+00 3.6143900e-09 2.3132100e-09
     64    170 0.0000000e+00 1.8722800e-10 1.1982600e-10
     64    171 0.0000000e+00 9.5987300e-12 6.1431900e-12
     64    172 0.0000000e+00 3.4731600e-13 2.2228200e-13
     65    154 0.0000000e+00 0.0000000e+00 0.0000000e+00
     65    154 1.0000000e+00 0.0000000e+00 0.0000000e+00
     65    154 2.0000000e+00 0.0000000e+00 0.0000000e+00
     65    155 0.0000000e+00 6.6380700e-13 4.2483600e-13
     65    156 0.0000000e+00 6.7382100e-12 4.3124600e-12
     65    156 1.0000000e+00 4.0837600e-13 2.6136100e-13
     65    156 2.0000000e+00 1.4405700e-11 1.1524600e-11
     65    157 0.0000000e+00 5.1362400e-10 3.2872000e-10
     65    158 0.0000000e+00 5.3476400e-09 3.4224900e-09
     65    158 1.0000000e+00 3.2926000e-10 2.1072700e-10
     65    159 0.0000000e+00 4.7157300e-08 3.0180700e-08
     65    160 0.0000000e+00 2.5531000e-07 1.6339900e-07
     65    161 0.0000000e+00 1.0112300e-06 6.4718700e-07
     65    162 0.0000000e+00 2.4229500e-06 1.0965000e-06
     65    163 0.0000000e+00 3.9848400e-06 2.5503000e-06
     65    164 0.0000000e+00 4.9059600e-06 3.1398200e-06
     65    165 0.0000000e+00 3.9648200e-06 2.5374800e-06
     65    166 0.0000000e+00 2.4229500e-06 1.5506900e-06
     65    167 0.0000000e+00 1.2114700e-06 7.7534300e-07
     65    168 0.0000000e+00 4.2351500e-07 2.7105000e-07
     65    169 0.0000000e+00 1.5018300e-07 9.6116800e-08
     65    170 0.0000000e+00 1.8522500e-08 1.1854400e-08
     65    171 0.0000000e+00 2.3728800e-09 1.5186500e-09
     65    172 0.0000000e+00 2.1726400e-10 1.3904900e-10
     66    157 0.0000000e+00 5.0962000e-14 3.2615700e-14
     66    158 0.0000000e+00 1.5418700e-12 9.8679900e-13
     66    159 0.0000000e+00 3.5643300e-11 2.2811700e-11
     66    160 0.0000000e+00 5.1762900e-10 3.3128300e-10
     66    161 0.0000000e+00 5.4165800e-09 3.4666100e-09
     66    162 0.0000000e+00 3.3140300e-08 2.1209800e-08
     66    163 0.0000000e+00 1.3216100e-07 8.4582800e-08
     66    164 0.0000000e+00 3.8546900e-07 2.4670000e-07
     66    165 0.0000000e+00 6.6278100e-07 4.2418000e-07
     66    165 1.0000000e+00 5.5291600e-08 3.5386600e-08
     66    166 0.0000000e+00 9.8820100e-07 6.3244900e-07
     66    167 0.0000000e+00 1.0813100e-06 6.9204100e-07
     66    168 0.0000000e+00 8.3401400e-07 5.3376900e-07
     66    169 0.0000000e+00 6.6180500e-07 4.2355500e-07
     66    170 0.0000000e+00 1.8322300e-07 1.1726300e-07
     66    171 0.0000000e+00 5.5267200e-08 3.5371000e-08
     66    172 0.0000000e+00 1.2214800e-08 7.8175000e-09
     67    160 0.0000000e+00 0.0000000e+00 0.0000000e+00
     67    160 1.0000000e+00 0.0000000e+00 0.0000000e+00
     67    161 0.0000000e+00 2.2955200e-12 1.4691300e-12
     67    161 1.0000000e+00 1.9150100e-13 1.2256100e-13
     67    162 0.0000000e+00 7.2488100e-12 4.6392400e-12
     67    162 1.0000000e+00 3.2799900e-11 2.0991900e-11
     67    163 0.0000000e+00 3.7464000e-10 2.3976900e-10
     67    163 1.0000000e+00 3.1253800e-11 2.0002400e-11
     67    164 0.0000000e+00 5.3713700e-10 3.4376800e-10
     67    164 1.0000000e+00 2.4304700e-09 1.5555000e-09
     67    165 0.0000000e+00 1.3616600e-08 8.7145900e-09
     67    166 0.0000000e+00 8.1567300e-09 5.2203100e-09
     67    166 1.0000000e+00 3.6908100e-08 2.3621200e-08
     67    167 0.0000000e+00 1.1313800e-07 7.2408000e-08
     67    168 0.0000000e+00 2.0024300e-07 1.2815600e-07
     67    169 0.0000000e+00 3.5543200e-07 2.2747700e-07
     67    170 0.0000000e+00 1.7547900e-07 1.1230700e-07
     67    170 1.0000000e+00 3.8781100e-08 2.4819900e-08
     67    171 0.0000000e+00 1.4317400e-07 9.1631400e-08
     67    172 0.0000000e+00 7.1386800e-08 4.5687500e-08
     68    163 0.0000000e+00 1.0512800e-13 6.7281800e-14
     68    164 0.0000000e+00 1.9824100e-12 1.2687400e-12
     68    165 0.0000000e+00 2.3228200e-11 1.4866100e-11
     68    166 0.0000000e+00 1.9523700e-10 1.2495200e-10
     68    167 0.0000000e+00 1.0933300e-09 6.9973100e-10
     68    167 1.0000000e+00 9.1209600e-11 5.8374100e-11
     68    168 0.0000000e+00 5.1262300e-09 3.2807900e-09
     68    169 0.0000000e+00 2.1826500e-08 1.3969000e-08
     68    170 0.0000000e+00 2.9836300e-08 1.9095200e-08
     68    171 0.0000000e+00 4.5355100e-08 2.9027300e-08
     68    172 0.0000000e+00 5.0361200e-08 3.2231200e-08
     69    166 0.0000000e+00 7.1486900e-14 4.5751600e-14
     69    167 0.0000000e+00 1.0913300e-12 6.9844900e-13
     69    168 0.0000000e+00 1.2014600e-11 7.6893500e-12
     69    169 0.0000000e+00 1.2915700e-10 8.2660500e-11
     69    170 0.0000000e+00 4.2651900e-10 2.7297200e-10
     69    171 0.0000000e+00 1.5719100e-09 1.0060200e-09
     69    172 0.0000000e+00 4.1350300e-09 2.6464200e-09
     70    168 0.0000000e+00 0.0000000e+00 0.0000000e+00
     70    169 0.0000000e+00 6.0773900e-14 3.8895300e-14
     70    170 0.0000000e+00 5.4165900e-13 3.4666100e-13
     70    171 0.0000000e+00 5.0761700e-12 3.2487500e-12
     70    172 0.0000000e+00 3.3440700e-11 2.1402000e-11
     71    172 0.0000000e+00 2.0781100e-14 1.3299900e-14
     71    172 1.0000000e+00 2.6474200e-15 1.6943500e-15


