#            E  5.000000e+05  neutron energy
#    Z      A   Level         FPY           delta-FPY   
      1      1 0.0000000e+00 1.8885600e-05 3.0217000e-06
      1      2 0.0000000e+00 5.7716100e-06 8.2534100e-07
      1      3 0.0000000e+00 8.2342800e-05 6.5874200e-06
      2      3 0.0000000e+00 0.0000000e+00 0.0000000e+00
      2      4 0.0000000e+00 1.4650600e-03 9.3763700e-05
      2      6 0.0000000e+00 2.0459000e-05 3.0279300e-06
      2      8 0.0000000e+00 3.8246400e-07 9.4851000e-08
      3      6 0.0000000e+00 0.0000000e+00 0.0000000e+00
      3      7 0.0000000e+00 8.7632200e-07 1.6562500e-07
      3      9 0.0000000e+00 6.2367800e-07 1.4531700e-07
      4      9 0.0000000e+00 0.0000000e+00 0.0000000e+00
      4     10 0.0000000e+00 5.5000000e-06 9.1850000e-07
     23     66 0.0000000e+00 1.8677300e-17 1.1953500e-17
     24     66 0.0000000e+00 6.2404000e-13 3.9938500e-13
     24     67 0.0000000e+00 6.7496100e-14 4.3197500e-14
     24     68 0.0000000e+00 5.7051000e-15 4.5640800e-15
     24     69 0.0000000e+00 4.3928900e-17 2.8114500e-17
     24     70 0.0000000e+00 0.0000000e+00 0.0000000e+00
     25     66 0.0000000e+00 1.3379800e-10 8.5630700e-11
     25     67 0.0000000e+00 5.9510200e-11 3.8086500e-11
     25     68 0.0000000e+00 9.9849300e-12 6.3903500e-12
     25     69 0.0000000e+00 1.4677400e-12 9.3935400e-13
     25     70 0.0000000e+00 9.7153400e-14 6.2178100e-14
     25     71 0.0000000e+00 1.6987600e-14 1.3590100e-14
     25     72 0.0000000e+00 4.0342900e-16 2.5819400e-16
     25     73 0.0000000e+00 3.5561500e-17 2.2759400e-17
     26     66 0.0000000e+00 4.3734000e-09 2.7989700e-09
     26     67 0.0000000e+00 4.7428400e-09 3.0354200e-09
     26     68 0.0000000e+00 3.0953200e-09 1.9810100e-09
     26     69 0.0000000e+00 1.1981900e-09 7.6684200e-10
     26     70 0.0000000e+00 3.3948700e-10 2.1727200e-10
     26     71 0.0000000e+00 6.7997300e-11 4.3518300e-11
     26     72 0.0000000e+00 1.3479300e-11 8.6267100e-12
     26     73 0.0000000e+00 1.1881700e-12 7.6042900e-13
     26     74 0.0000000e+00 8.9564800e-14 5.7321500e-14
     26     75 0.0000000e+00 2.1366800e-15 1.3674800e-15
     26     76 0.0000000e+00 0.0000000e+00 0.0000000e+00
     27     66 0.0000000e+00 3.2451000e-09 2.0768600e-09
     27     67 0.0000000e+00 1.1582500e-08 7.4128100e-09
     27     68 0.0000000e+00 1.7074300e-08 1.0927500e-08
     27     69 0.0000000e+00 2.3764100e-08 1.5209100e-08
     27     70 0.0000000e+00 1.7274000e-08 1.1055400e-08
     27     71 0.0000000e+00 1.3679400e-08 8.7547800e-09
     27     72 0.0000000e+00 7.4687200e-09 4.7799800e-09
     27     73 0.0000000e+00 2.9156000e-09 1.8659800e-09
     27     74 0.0000000e+00 6.3104800e-10 4.0387000e-10
     27     75 0.0000000e+00 7.1390000e-11 4.5689600e-11
     27     76 0.0000000e+00 4.1137900e-12 2.6328200e-12
     27     77 0.0000000e+00 1.2192500e-13 7.8032100e-14
     27     78 0.0000000e+00 5.1997500e-15 3.3278400e-15
     28     66 0.0000000e+00 5.3020000e-10 3.3932800e-10
     28     67 0.0000000e+00 4.2735400e-09 2.7350700e-09
     28     68 0.0000000e+00 2.0768600e-08 1.3292000e-08
     28     69 0.0000000e+00 6.2106200e-08 3.9748000e-08
     28     70 0.0000000e+00 1.5376800e-07 9.8411400e-08
     28     71 0.0000000e+00 2.7957800e-07 1.7893000e-07
     28     72 0.0000000e+00 5.7912600e-07 3.7064100e-07
     28     73 0.0000000e+00 6.0908000e-07 3.8981100e-07
     28     74 0.0000000e+00 5.4517700e-07 3.4891300e-07
     28     75 0.0000000e+00 1.7174100e-07 1.0991400e-07
     28     76 0.0000000e+00 4.2835300e-08 2.7414600e-08
     28     77 0.0000000e+00 4.0737300e-09 2.6071800e-09
     28     78 0.0000000e+00 1.7373200e-10 1.1118900e-10
     28     79 0.0000000e+00 1.1833900e-12 7.5737100e-13
     28     80 0.0000000e+00 9.9849200e-14 6.3903500e-14
     28     81 0.0000000e+00 2.7522800e-15 1.7614600e-15
     28     82 0.0000000e+00 0.0000000e+00 0.0000000e+00
     29     66 0.0000000e+00 1.5177100e-12 9.7133400e-13
     29     67 0.0000000e+00 4.7827800e-11 3.0609800e-11
     29     68 0.0000000e+00 1.5253000e-10 9.7618900e-11
     29     68 1.0000000e+00 4.1661100e-10 2.6663100e-10
     29     69 0.0000000e+00 6.0608500e-09 3.8789400e-09
     29     70 0.0000000e+00 7.6240000e-09 4.8793600e-09
     29     70 1.0000000e+00 2.6564300e-08 1.7001300e-08
     29     71 0.0000000e+00 2.0369200e-07 1.3036400e-07
     29     72 0.0000000e+00 9.3259200e-07 5.9685900e-07
     29     73 0.0000000e+00 3.5147000e-06 2.2494000e-06
     29     74 0.0000000e+00 7.5785600e-06 4.8502700e-06
     29     75 0.0000000e+00 9.2859800e-06 5.9430300e-06
     29     76 0.0000000e+00 6.1607000e-06 3.9428500e-06
     29     77 0.0000000e+00 2.4562900e-06 1.5720300e-06
     29     78 0.0000000e+00 2.9455600e-07 1.8851500e-07
     29     79 0.0000000e+00 3.9539100e-08 2.5305000e-08
     29     80 0.0000000e+00 2.1467600e-09 1.3739300e-09
     29     81 0.0000000e+00 9.1958400e-11 5.8853400e-11
     29     82 0.0000000e+00 1.6475100e-12 1.0544100e-12
     29     83 0.0000000e+00 6.0962600e-14 3.9016000e-14
     29     84 0.0000000e+00 0.0000000e+00 0.0000000e+00
     30     66 0.0000000e+00 7.6068000e-16 6.0854400e-16
     30     67 0.0000000e+00 4.7827800e-14 3.0609800e-14
     30     68 0.0000000e+00 2.3364800e-12 1.4953400e-12
     30     69 0.0000000e+00 1.0970600e-11 7.0211800e-12
     30     69 1.0000000e+00 5.4330800e-11 3.4771700e-11
     30     70 0.0000000e+00 1.4677800e-09 9.3938200e-10
     30     71 0.0000000e+00 3.5176500e-09 2.2512900e-09
     30     71 1.0000000e+00 1.7420800e-08 1.1149300e-08
     30     72 0.0000000e+00 3.4348100e-07 2.1982800e-07
     30     73 0.0000000e+00 2.9655200e-06 1.8979300e-06
     30     74 0.0000000e+00 2.1467600e-05 1.3739300e-05
     30     75 0.0000000e+00 5.8841100e-05 3.7658400e-05
     30     76 0.0000000e+00 1.3917000e-04 8.9068800e-05
     30     77 0.0000000e+00 1.3701300e-04 8.7688400e-05
     30     78 0.0000000e+00 6.5161700e-05 4.1703400e-05
     30     79 0.0000000e+00 2.3634300e-05 1.5126000e-05
     30     80 0.0000000e+00 5.4318000e-06 3.4763500e-06
     30     81 0.0000000e+00 6.6100200e-07 4.2304100e-07
     30     82 0.0000000e+00 5.3619100e-08 3.4316200e-08
     30     83 0.0000000e+00 2.0368600e-09 1.3036000e-09
     30     84 0.0000000e+00 6.0308900e-11 3.8597700e-11
     30     85 0.0000000e+00 6.6939300e-13 4.2841200e-13
     30     86 0.0000000e+00 0.0000000e+00 0.0000000e+00
     31     67 0.0000000e+00 0.0000000e+00 0.0000000e+00
     31     68 0.0000000e+00 0.0000000e+00 0.0000000e+00
     31     69 0.0000000e+00 1.5277000e-14 9.7772400e-15
     31     70 0.0000000e+00 9.6254700e-13 6.1603000e-13
     31     71 0.0000000e+00 5.6015400e-11 3.5849900e-11
     31     72 0.0000000e+00 2.4463000e-09 1.1070700e-09
     31     73 0.0000000e+00 8.4772000e-08 5.4254100e-08
     31     74 0.0000000e+00 1.3462500e-06 8.6159900e-07
     31     74 1.0000000e+00 1.3152100e-07 8.4173800e-08
     31     75 0.0000000e+00 1.4178600e-05 9.0743000e-06
     31     76 0.0000000e+00 7.4168000e-05 4.7467600e-05
     31     77 0.0000000e+00 2.4534900e-04 1.5702400e-04
     31     78 0.0000000e+00 2.6558900e-04 1.6997700e-04
     31     79 0.0000000e+00 3.5179900e-04 2.2515100e-04
     31     80 0.0000000e+00 2.0457100e-04 1.3092600e-04
     31     81 0.0000000e+00 1.0051800e-04 6.4331700e-05
     31     82 0.0000000e+00 2.3055200e-05 1.4755300e-05
     31     83 0.0000000e+00 3.8641600e-06 2.4730600e-06
     31     84 0.0000000e+00 3.3749100e-07 2.1599400e-07
     31     85 0.0000000e+00 2.2365500e-08 1.4314000e-08
     31     86 0.0000000e+00 5.0923100e-10 3.2590800e-10
     31     87 0.0000000e+00 1.0070800e-11 6.4453000e-12
     31     88 0.0000000e+00 4.6319600e-13 2.9644600e-13
     31     89 0.0000000e+00 0.0000000e+00 0.0000000e+00
     32     69 0.0000000e+00 0.0000000e+00 0.0000000e+00
     32     70 0.0000000e+00 0.0000000e+00 0.0000000e+00
     32     71 0.0000000e+00 2.2238400e-14 1.7790700e-14
     32     72 0.0000000e+00 2.3464600e-12 1.5017400e-12
     32     73 0.0000000e+00 1.9422900e-10 1.2430600e-10
     32     73 1.0000000e+00 3.9219200e-11 2.5100300e-11
     32     74 0.0000000e+00 1.6874500e-08 1.0799700e-08
     32     75 0.0000000e+00 4.9944800e-08 3.1964700e-08
     32     75 1.0000000e+00 3.7331600e-07 2.3892200e-07
     32     76 0.0000000e+00 8.4172900e-06 5.3870700e-06
     32     77 0.0000000e+00 5.7974500e-05 3.7103700e-05
     32     77 1.0000000e+00 7.7562300e-06 4.9639900e-06
     32     78 0.0000000e+00 2.4377200e-04 1.5601400e-04
     32     79 0.0000000e+00 8.3799900e-05 5.3631800e-05
     32     79 1.0000000e+00 6.2636800e-04 4.0087500e-04
     32     80 0.0000000e+00 1.3977900e-03 8.9458600e-04
     32     81 0.0000000e+00 1.1071500e-03 7.0857700e-04
     32     81 1.0000000e+00 3.3413700e-04 2.6731000e-04
     32     82 0.0000000e+00 1.4137600e-03 9.0481000e-04
     32     83 0.0000000e+00 6.3190600e-04 4.0442000e-04
     32     84 0.0000000e+00 2.3445600e-04 1.5005200e-04
     32     85 0.0000000e+00 4.4442900e-05 2.8443400e-05
     32     86 0.0000000e+00 4.5231700e-06 2.8948200e-06
     32     87 0.0000000e+00 3.3648200e-07 2.1534800e-07
     32     88 0.0000000e+00 1.5476200e-08 9.9047500e-09
     32     89 0.0000000e+00 7.0226600e-11 4.4945000e-11
     32     90 0.0000000e+00 4.7634100e-12 3.0485800e-12
     32     91 0.0000000e+00 4.8963700e-13 3.1336800e-13
     33     72 0.0000000e+00 0.0000000e+00 0.0000000e+00
     33     73 0.0000000e+00 1.3180100e-14 8.4352600e-15
     33     74 0.0000000e+00 2.7228900e-12 1.3560900e-12
     33     75 0.0000000e+00 2.9355700e-10 1.8787600e-10
     33     76 0.0000000e+00 1.6075700e-08 1.0288500e-08
     33     77 0.0000000e+00 5.1322500e-07 3.2846400e-07
     33     78 0.0000000e+00 4.8826200e-06 3.1248900e-06
     33     79 0.0000000e+00 5.2740300e-05 3.3753800e-05
     33     80 0.0000000e+00 2.4006800e-04 1.5364300e-04
     33     81 0.0000000e+00 9.2673000e-04 5.9310800e-04
     33     82 0.0000000e+00 4.1260000e-04 2.6406400e-04
     33     82 1.0000000e+00 1.4376300e-03 9.2008100e-04
     33     83 0.0000000e+00 2.9277300e-03 1.8737500e-03
     33     84 0.0000000e+00 2.2948200e-03 1.4686900e-03
     33     84 1.0000000e+00 3.7357600e-04 2.3908900e-04
     33     85 0.0000000e+00 2.0049100e-03 1.2831500e-03
     33     86 0.0000000e+00 5.5696900e-04 3.5646000e-04
     33     87 0.0000000e+00 1.6740700e-04 1.0714100e-04
     33     88 0.0000000e+00 2.1577400e-05 1.3809600e-05
     33     89 0.0000000e+00 2.3463900e-06 1.5016900e-06
     33     90 0.0000000e+00 1.5915400e-07 1.0185800e-07
     33     91 0.0000000e+00 1.6359600e-08 1.0470200e-08
     33     92 0.0000000e+00 4.3928900e-11 2.8114500e-11
     33     93 0.0000000e+00 1.4895600e-12 9.5331800e-13
     33     94 0.0000000e+00 0.0000000e+00 0.0000000e+00
     33     95 0.0000000e+00 0.0000000e+00 0.0000000e+00
     34     74 0.0000000e+00 0.0000000e+00 0.0000000e+00
     34     75 0.0000000e+00 1.5975900e-14 1.0224600e-14
     34     76 0.0000000e+00 3.8541800e-12 2.4666700e-12
     34     77 0.0000000e+00 4.1249500e-11 2.6399600e-11
     34     77 1.0000000e+00 3.0832200e-10 1.9732700e-10
     34     78 0.0000000e+00 1.4178600e-08 9.0743000e-09
     34     79 0.0000000e+00 3.6926500e-07 2.3633000e-07
     34     79 1.0000000e+00 4.9402800e-08 3.1617800e-08
     34     80 0.0000000e+00 7.6384600e-06 4.8886100e-06
     34     81 0.0000000e+00 8.7353400e-06 5.5906100e-06
     34     81 1.0000000e+00 6.5292900e-05 4.1787500e-05
     34     82 0.0000000e+00 5.4954000e-04 3.5170500e-04
     34     83 0.0000000e+00 1.6784200e-03 1.0741900e-03
     34     83 1.0000000e+00 3.3891200e-04 2.1690300e-04
     34     84 0.0000000e+00 6.1140500e-03 3.9129900e-03
     34     85 0.0000000e+00 1.0818700e-02 4.8960000e-03
     34     86 0.0000000e+00 1.0927500e-02 3.4968000e-03
     34     87 0.0000000e+00 7.8499700e-03 5.0239800e-03
     34     88 0.0000000e+00 3.9787600e-03 2.5464100e-03
     34     89 0.0000000e+00 1.1303800e-03 7.2343900e-04
     34     90 0.0000000e+00 2.0946400e-04 1.3405700e-04
     34     91 0.0000000e+00 2.1531100e-05 1.3779900e-05
     34     92 0.0000000e+00 1.4677400e-06 9.3935400e-07
     34     93 0.0000000e+00 4.9768700e-08 3.1851900e-08
     34     94 0.0000000e+00 9.6554200e-10 6.1794700e-10
     34     95 0.0000000e+00 7.8317000e-12 5.0122900e-12
     34     96 0.0000000e+00 1.2780700e-13 8.1796500e-14
     35     77 0.0000000e+00 0.0000000e+00 0.0000000e+00
     35     77 1.0000000e+00 0.0000000e+00 0.0000000e+00
     35     78 0.0000000e+00 5.5017000e-13 3.5210900e-13
     35     79 0.0000000e+00 1.4816600e-11 9.4826700e-12
     35     79 1.0000000e+00 5.6076300e-11 3.5888800e-11
     35     80 0.0000000e+00 8.1628500e-10 5.2242300e-10
     35     80 1.0000000e+00 2.8441900e-09 1.8202800e-09
     35     81 0.0000000e+00 1.4977300e-07 9.5855300e-08
     35     82 0.0000000e+00 2.2533500e-06 1.4421500e-06
     35     82 1.0000000e+00 8.2499800e-07 5.2799900e-07
     35     83 0.0000000e+00 4.5711000e-05 2.9255100e-05
     35     84 0.0000000e+00 1.1627600e-04 7.4416300e-05
     35     84 1.0000000e+00 2.4371100e-04 1.5597500e-04
     35     85 0.0000000e+00 2.0768200e-03 1.3291700e-03
     35     86 0.0000000e+00 5.1272800e-03 2.3203500e-03
     35     87 0.0000000e+00 1.1804300e-02 3.7773900e-03
     35     88 0.0000000e+00 1.3773000e-02 4.4073600e-03
     35     89 0.0000000e+00 1.3783300e-02 4.4106500e-03
     35     90 0.0000000e+00 6.4098800e-03 4.1023200e-03
     35     91 0.0000000e+00 2.6399800e-03 1.6895900e-03
     35     92 0.0000000e+00 4.8883100e-04 3.1285200e-04
     35     93 0.0000000e+00 6.5501200e-05 4.1920800e-05
     35     94 0.0000000e+00 3.9140900e-06 2.5050200e-06
     35     95 0.0000000e+00 2.6167100e-07 1.6746900e-07
     35     96 0.0000000e+00 6.3903500e-09 4.0898200e-09
     35     97 0.0000000e+00 6.1859100e-11 3.9589800e-11
     35     98 0.0000000e+00 3.1975500e-12 2.0464300e-12
     35     99 0.0000000e+00 1.0873200e-12 6.9588600e-13
     35    100 0.0000000e+00 0.0000000e+00 0.0000000e+00
     36     79 0.0000000e+00 0.0000000e+00 0.0000000e+00
     36     79 1.0000000e+00 0.0000000e+00 0.0000000e+00
     36     80 0.0000000e+00 2.0868400e-13 1.3355900e-13
     36     81 0.0000000e+00 2.1814200e-11 1.3961100e-11
     36     81 1.0000000e+00 2.9184600e-12 1.8678100e-12
     36     82 0.0000000e+00 2.2765600e-09 1.4570000e-09
     36     83 0.0000000e+00 8.1579200e-08 5.2210700e-08
     36     83 1.0000000e+00 1.6472700e-08 1.0542500e-08
     36     84 0.0000000e+00 3.3150000e-06 2.1216000e-06
     36     85 0.0000000e+00 4.6488500e-05 2.9752700e-05
     36     85 1.0000000e+00 9.3871000e-06 6.0077500e-06
     36     86 0.0000000e+00 5.0623500e-04 3.2399100e-04
     36     87 0.0000000e+00 2.5663800e-03 1.6424800e-03
     36     88 0.0000000e+00 1.0019800e-02 3.2063400e-03
     36     89 0.0000000e+00 2.2781800e-02 7.2901700e-03
     36     90 0.0000000e+00 3.6397300e-02 1.1647100e-02
     36     91 0.0000000e+00 3.4598600e-02 1.1071500e-02
     36     92 0.0000000e+00 2.3767500e-02 7.6056000e-03
     36     93 0.0000000e+00 8.1707400e-03 5.2292700e-03
     36     94 0.0000000e+00 1.9867200e-03 1.2715000e-03
     36     95 0.0000000e+00 3.4438800e-04 2.2040800e-04
     36     96 0.0000000e+00 3.7283700e-05 2.3861600e-05
     36     97 0.0000000e+00 2.0668200e-06 1.3227700e-06
     36     98 0.0000000e+00 1.0683500e-07 6.8374700e-08
     36     99 0.0000000e+00 3.6329300e-08 2.3250700e-08
     36    100 0.0000000e+00 3.3549400e-11 2.1471600e-11
     36    101 0.0000000e+00 1.1283400e-12 7.2214000e-13
     36    102 0.0000000e+00 0.0000000e+00 0.0000000e+00
     37     81 0.0000000e+00 0.0000000e+00 0.0000000e+00
     37     81 1.0000000e+00 0.0000000e+00 0.0000000e+00
     37     82 0.0000000e+00 0.0000000e+00 0.0000000e+00
     37     82 1.0000000e+00 0.0000000e+00 0.0000000e+00
     37     83 0.0000000e+00 4.2435900e-12 2.7159000e-12
     37     84 0.0000000e+00 4.4481300e-11 2.8468100e-11
     37     84 1.0000000e+00 4.1942300e-10 3.3553800e-10
     37     85 0.0000000e+00 3.1951800e-08 2.0449100e-08
     37     86 0.0000000e+00 2.6768600e-07 1.7131900e-07
     37     86 1.0000000e+00 5.6106300e-07 3.5908000e-07
     37     87 0.0000000e+00 1.7863000e-05 1.1432400e-05
     37     88 0.0000000e+00 1.8441100e-04 1.1802400e-04
     37     89 0.0000000e+00 1.4243600e-03 9.1159000e-04
     37     90 0.0000000e+00 8.8981900e-04 5.6948400e-04
     37     90 1.0000000e+00 4.3138000e-03 2.7608300e-03
     37     91 0.0000000e+00 1.6829100e-02 5.3853400e-03
     37     92 0.0000000e+00 2.5278300e-02 8.0890500e-03
     37     93 0.0000000e+00 2.9736900e-02 9.5158100e-03
     37     94 0.0000000e+00 1.7049000e-02 5.4556900e-03
     37     95 0.0000000e+00 1.1223400e-02 3.5914900e-03
     37     96 0.0000000e+00 3.0795400e-03 1.9709100e-03
     37     97 0.0000000e+00 7.0532500e-04 4.5140800e-04
     37     98 0.0000000e+00 9.8910600e-05 6.3302900e-05
     37     99 0.0000000e+00 4.7813500e-05 3.0600700e-05
     37    100 0.0000000e+00 3.7343700e-07 2.3899900e-07
     37    101 0.0000000e+00 3.7699900e-08 2.4128000e-08
     37    102 0.0000000e+00 1.1684500e-10 7.4780800e-11
     37    103 0.0000000e+00 2.7084400e-12 1.7334000e-12
     37    104 0.0000000e+00 9.5029900e-14 6.0819100e-14
     37    105 0.0000000e+00 0.0000000e+00 0.0000000e+00
     38     83 0.0000000e+00 0.0000000e+00 0.0000000e+00
     38     84 0.0000000e+00 0.0000000e+00 0.0000000e+00
     38     85 0.0000000e+00 1.1879700e-12 7.6029900e-13
     38     85 1.0000000e+00 2.3987800e-13 1.5352200e-13
     38     86 0.0000000e+00 1.6874500e-10 1.0799700e-10
     38     87 0.0000000e+00 8.3656100e-09 5.3539900e-09
     38     87 1.0000000e+00 1.6892100e-09 1.0810900e-09
     38     88 0.0000000e+00 4.4432900e-07 2.8437000e-07
     38     89 0.0000000e+00 9.1162400e-06 5.8343900e-06
     38     90 0.0000000e+00 1.3450700e-04 8.6084400e-05
     38     91 0.0000000e+00 1.0980400e-03 7.0274700e-04
     38     92 0.0000000e+00 5.9932200e-03 3.8356600e-03
     38     93 0.0000000e+00 1.5646400e-02 5.0068500e-03
     38     94 0.0000000e+00 3.0760300e-02 7.0748700e-03
     38     95 0.0000000e+00 4.5361400e-02 1.4515700e-02
     38     96 0.0000000e+00 4.2289000e-02 9.7264700e-03
     38     97 0.0000000e+00 2.3381100e-02 7.4819800e-03
     38     98 0.0000000e+00 1.2332600e-02 3.9464300e-03
     38     99 0.0000000e+00 2.8541900e-03 1.8266800e-03
     38    100 0.0000000e+00 5.0081400e-04 3.2052100e-04
     38    101 0.0000000e+00 4.9617300e-05 3.1755100e-05
     38    102 0.0000000e+00 3.9039900e-06 2.4985500e-06
     38    103 0.0000000e+00 9.0493300e-08 5.7915800e-08
     38    104 0.0000000e+00 3.1751100e-09 2.0320700e-09
     38    105 0.0000000e+00 0.0000000e+00 0.0000000e+00
     38    106 0.0000000e+00 0.0000000e+00 0.0000000e+00
     38    107 0.0000000e+00 0.0000000e+00 0.0000000e+00
     39     86 0.0000000e+00 0.0000000e+00 0.0000000e+00
     39     86 1.0000000e+00 0.0000000e+00 0.0000000e+00
     39     87 0.0000000e+00 3.0999500e-15 1.9839700e-15
     39     87 1.0000000e+00 0.0000000e+00 0.0000000e+00
     39     88 0.0000000e+00 1.4178600e-11 9.0743000e-12
     39     89 0.0000000e+00 2.0817400e-10 1.3323100e-10
     39     89 1.0000000e+00 1.0309500e-09 6.5981200e-10
     39     90 0.0000000e+00 1.9269300e-08 1.2332300e-08
     39     90 1.0000000e+00 3.2252900e-08 2.0641800e-08
     39     91 0.0000000e+00 3.0194400e-07 1.9324400e-07
     39     91 1.0000000e+00 1.4953400e-06 9.5701900e-07
     39     92 0.0000000e+00 2.5112100e-05 1.6071700e-05
     39     93 0.0000000e+00 2.4255400e-04 1.5523500e-04
     39     93 1.0000000e+00 3.2450600e-05 2.0768400e-05
     39     94 0.0000000e+00 1.3397300e-03 8.5742600e-04
     39     95 0.0000000e+00 7.0033300e-03 4.4821300e-03
     39     96 0.0000000e+00 1.2669400e-03 8.1084600e-04
     39     96 1.0000000e+00 1.2968400e-02 4.1498800e-03
     39     97 0.0000000e+00 4.3603600e-03 2.7906300e-03
     39     97 1.0000000e+00 2.1594200e-02 1.3820200e-02
     39     98 0.0000000e+00 4.0794100e-03 1.3054100e-03
     39     98 1.0000000e+00 2.6138500e-02 8.3642800e-03
     39     99 0.0000000e+00 2.4590000e-02 7.8688300e-03
     39    100 0.0000000e+00 1.9046400e-04 6.0948700e-05
     39    100 1.0000000e+00 1.3223800e-02 1.0579100e-02
     39    101 0.0000000e+00 3.9675500e-03 2.5392300e-03
     39    102 0.0000000e+00 8.4043100e-04 5.3787600e-04
     39    103 0.0000000e+00 1.1909900e-04 7.6223700e-05
     39    104 0.0000000e+00 7.9280300e-06 5.0739400e-06
     39    105 0.0000000e+00 4.0432400e-13 2.5876700e-13
     39    106 0.0000000e+00 1.3211600e-14 8.4554100e-15
     39    107 0.0000000e+00 8.6265100e-16 5.5209700e-16
     39    108 0.0000000e+00 7.3785400e-18 4.7222600e-18
     39    109 0.0000000e+00 0.0000000e+00 0.0000000e+00
     40     88 0.0000000e+00 0.0000000e+00 0.0000000e+00
     40     89 0.0000000e+00 8.7779700e-15 5.6179200e-15
     40     89 1.0000000e+00 0.0000000e+00 0.0000000e+00
     40     90 0.0000000e+00 3.9953700e-13 2.5570300e-13
     40     90 1.0000000e+00 1.9369400e-12 1.2396400e-12
     40     91 0.0000000e+00 2.3664300e-10 1.5145200e-10
     40     92 0.0000000e+00 1.5776200e-08 1.0096800e-08
     40     93 0.0000000e+00 4.4333000e-07 2.8373100e-07
     40     94 0.0000000e+00 9.8451300e-06 6.3008900e-06
     40     95 0.0000000e+00 1.2625900e-04 8.0805900e-05
     40     96 0.0000000e+00 9.6836800e-04 6.1975500e-04
     40     97 0.0000000e+00 4.4975200e-03 2.8784200e-03
     40     98 0.0000000e+00 1.6923300e-02 5.4154500e-03
     40     99 0.0000000e+00 2.9770000e-02 9.5263800e-03
     40    100 0.0000000e+00 4.2459300e-02 1.3587000e-02
     40    101 0.0000000e+00 3.5594400e-02 1.1390200e-02
     40    102 0.0000000e+00 2.7372700e-02 8.7592700e-03
     40    103 0.0000000e+00 9.4867000e-03 6.0714900e-03
     40    104 0.0000000e+00 2.5315700e-03 1.6202000e-03
     40    105 0.0000000e+00 8.0977700e-06 5.1825800e-06
     40    106 0.0000000e+00 2.6460000e-07 1.6934400e-07
     40    107 0.0000000e+00 1.7277200e-08 1.1057400e-08
     40    108 0.0000000e+00 1.4777600e-10 9.4577200e-11
     40    109 0.0000000e+00 4.9655500e-14 3.1779500e-14
     40    110 0.0000000e+00 1.8771100e-09 1.2013500e-09
     40    111 0.0000000e+00 4.3563600e-13 2.7880700e-13
     40    112 0.0000000e+00 3.3126500e-14 2.1200900e-14
     41     90 0.0000000e+00 0.0000000e+00 0.0000000e+00
     41     91 0.0000000e+00 0.0000000e+00 0.0000000e+00
     41     91 1.0000000e+00 0.0000000e+00 0.0000000e+00
     41     92 0.0000000e+00 4.4997900e-14 2.8798600e-14
     41     92 1.0000000e+00 0.0000000e+00 0.0000000e+00
     41     93 0.0000000e+00 1.1912900e-11 7.6242500e-12
     41     93 1.0000000e+00 2.4054900e-12 1.5395200e-12
     41     94 0.0000000e+00 5.7317700e-10 3.6683300e-10
     41     94 1.0000000e+00 3.4244100e-10 2.1916200e-10
     41     95 0.0000000e+00 4.2334800e-08 2.7094300e-08
     41     95 1.0000000e+00 8.5483700e-09 5.4709600e-09
     41     96 0.0000000e+00 1.0584000e-06 6.7737700e-07
     41     97 0.0000000e+00 1.5427000e-05 9.8732400e-06
     41     97 1.0000000e+00 3.1150600e-06 1.9936400e-06
     41     98 0.0000000e+00 1.5363100e-04 9.8323800e-05
     41     98 1.0000000e+00 4.1085200e-05 2.6294600e-05
     41     99 0.0000000e+00 1.0534000e-03 6.7417300e-04
     41     99 1.0000000e+00 2.1270500e-04 1.3613100e-04
     41    100 0.0000000e+00 7.3187700e-04 4.6840100e-04
     41    100 1.0000000e+00 3.5481100e-03 2.2707900e-03
     41    101 0.0000000e+00 1.2073900e-02 3.8636400e-03
     41    102 0.0000000e+00 4.5355700e-03 2.9027800e-03
     41    102 1.0000000e+00 1.5803300e-02 1.0114200e-02
     41    103 0.0000000e+00 2.3233700e-02 7.4347700e-03
     41    104 0.0000000e+00 3.1936200e-03 2.0439200e-03
     41    104 1.0000000e+00 1.1127500e-02 7.1216300e-03
     41    105 0.0000000e+00 5.4376400e-03 3.4800900e-03
     41    106 0.0000000e+00 7.1608900e-04 4.5829700e-04
     41    107 0.0000000e+00 1.4522300e-04 9.2943000e-05
     41    108 0.0000000e+00 1.4318400e-05 9.1637700e-06
     41    109 0.0000000e+00 9.9449900e-07 6.3647900e-07
     41    110 0.0000000e+00 1.7873000e-06 1.1438800e-06
     41    111 0.0000000e+00 1.4555400e-08 9.3154300e-09
     41    112 0.0000000e+00 1.1068100e-09 7.0836000e-10
     41    113 0.0000000e+00 2.4572600e-13 1.5726500e-13
     41    114 0.0000000e+00 4.7216100e-14 3.0218400e-14
     41    115 0.0000000e+00 8.3688600e-15 5.3560700e-15
     42     92 0.0000000e+00 0.0000000e+00 0.0000000e+00
     42     93 0.0000000e+00 0.0000000e+00 0.0000000e+00
     42     93 1.0000000e+00 0.0000000e+00 0.0000000e+00
     42     94 0.0000000e+00 0.0000000e+00 0.0000000e+00
     42     95 0.0000000e+00 1.5876000e-12 1.0160700e-12
     42     96 0.0000000e+00 1.4078700e-10 9.0104000e-11
     42     97 0.0000000e+00 7.0992900e-09 4.5435400e-09
     42     98 0.0000000e+00 3.1053200e-07 1.9874000e-07
     42     99 0.0000000e+00 5.4118300e-06 3.4635700e-06
     42    100 0.0000000e+00 7.4817000e-05 4.7882900e-05
     42    101 0.0000000e+00 5.2553600e-04 3.3634300e-04
     42    102 0.0000000e+00 3.3174400e-03 2.1231600e-03
     42    103 0.0000000e+00 8.5579000e-03 5.4770600e-03
     42    104 0.0000000e+00 1.7869200e-02 5.7181600e-03
     42    105 0.0000000e+00 1.9073900e-02 4.3870000e-03
     42    106 0.0000000e+00 9.0938200e-03 4.0922300e-03
     42    107 0.0000000e+00 5.2723300e-03 2.3725500e-03
     42    108 0.0000000e+00 2.8248600e-03 1.8079100e-03
     42    109 0.0000000e+00 7.0298800e-04 4.4991300e-04
     42    110 0.0000000e+00 2.2944300e-04 1.4684400e-04
     42    111 0.0000000e+00 1.9156500e-05 1.2260200e-05
     42    112 0.0000000e+00 1.4566900e-06 9.3228300e-07
     42    113 0.0000000e+00 8.2101300e-09 5.2544800e-09
     42    114 0.0000000e+00 1.5775700e-09 1.0096500e-09
     42    115 0.0000000e+00 2.7961800e-10 1.7895500e-10
     42    116 0.0000000e+00 2.7358700e-13 1.7509600e-13
     42    117 0.0000000e+00 7.6463200e-15 4.8936500e-15
     43     95 0.0000000e+00 0.0000000e+00 0.0000000e+00
     43     95 1.0000000e+00 0.0000000e+00 0.0000000e+00
     43     96 0.0000000e+00 0.0000000e+00 0.0000000e+00
     43     96 1.0000000e+00 0.0000000e+00 0.0000000e+00
     43     97 0.0000000e+00 4.3614100e-14 2.7913000e-14
     43     97 1.0000000e+00 8.8067000e-15 5.6362800e-15
     43     98 0.0000000e+00 6.4602400e-12 4.1345600e-12
     43     99 0.0000000e+00 3.9934000e-10 2.5557800e-10
     43     99 1.0000000e+00 8.0635900e-11 5.1606900e-11
     43    100 0.0000000e+00 1.8871500e-08 1.2077800e-08
     43    101 0.0000000e+00 5.6115300e-07 3.5913800e-07
     43    102 0.0000000e+00 1.6220500e-06 1.0381100e-06
     43    102 1.0000000e+00 7.8636300e-06 5.0327200e-06
     43    103 0.0000000e+00 9.5705500e-05 6.1251600e-05
     43    104 0.0000000e+00 5.0550600e-04 3.2352400e-04
     43    105 0.0000000e+00 2.1354800e-04 1.3667100e-04
     43    106 0.0000000e+00 3.0440000e-04 1.9481600e-04
     43    107 0.0000000e+00 7.3290400e-04 4.6905800e-04
     43    108 0.0000000e+00 9.8929600e-04 6.3314900e-04
     43    109 0.0000000e+00 8.2166900e-04 5.2586900e-04
     43    110 0.0000000e+00 5.7731800e-04 3.6948400e-04
     43    111 0.0000000e+00 2.3386700e-04 1.4967500e-04
     43    112 0.0000000e+00 5.6594500e-05 3.6220500e-05
     43    113 0.0000000e+00 1.0805400e-05 6.9154900e-06
     43    114 0.0000000e+00 1.0584000e-06 6.7737700e-07
     43    115 0.0000000e+00 3.6800900e-07 2.3552600e-07
     43    116 0.0000000e+00 2.8457000e-09 1.8212500e-09
     43    117 0.0000000e+00 2.5547600e-10 1.6350500e-10
     43    118 0.0000000e+00 6.5445100e-13 4.1884900e-13
     43    119 0.0000000e+00 2.0261100e-14 1.2967100e-14
     43    120 0.0000000e+00 4.4825500e-16 2.8688200e-16
     44     98 0.0000000e+00 0.0000000e+00 0.0000000e+00
     44     99 0.0000000e+00 0.0000000e+00 0.0000000e+00
     44    100 0.0000000e+00 5.6115300e-13 3.5913800e-13
     44    101 0.0000000e+00 4.7128900e-11 3.0162500e-11
     44    102 0.0000000e+00 3.4647700e-09 2.2174500e-09
     44    103 0.0000000e+00 9.5855300e-08 6.1347400e-08
     44    104 0.0000000e+00 2.1467600e-06 1.3739300e-06
     44    105 0.0000000e+00 3.6045600e-09 2.3069200e-09
     44    106 0.0000000e+00 3.4148400e-08 2.1855000e-08
     44    107 0.0000000e+00 3.7044100e-07 2.3708200e-07
     44    108 0.0000000e+00 3.4547800e-06 2.2110600e-06
     44    109 0.0000000e+00 2.6995700e-06 1.7277200e-06
     44    109 1.0000000e+00 7.5649400e-06 4.8415500e-06
     44    110 0.0000000e+00 3.3233900e-04 2.1269600e-04
     44    111 0.0000000e+00 3.9468400e-04 2.5259800e-04
     44    112 0.0000000e+00 3.9809900e-04 2.5478400e-04
     44    113 0.0000000e+00 2.2134600e-04 1.4166100e-04
     44    114 0.0000000e+00 9.7672500e-05 6.2510400e-05
     44    115 0.0000000e+00 2.1968000e-05 1.4059500e-05
     44    116 0.0000000e+00 3.5845900e-06 2.2941300e-06
     44    117 0.0000000e+00 3.3623700e-07 2.1519100e-07
     44    118 0.0000000e+00 2.1866300e-08 1.3994500e-08
     44    119 0.0000000e+00 6.7695800e-10 4.3325300e-10
     44    120 0.0000000e+00 1.4976900e-11 9.5852400e-12
     44    121 0.0000000e+00 7.1123100e-14 4.5518700e-14
     44    122 0.0000000e+00 0.0000000e+00 0.0000000e+00
     44    123 0.0000000e+00 0.0000000e+00 0.0000000e+00
     44    124 0.0000000e+00 0.0000000e+00 0.0000000e+00
     45    100 0.0000000e+00 0.0000000e+00 0.0000000e+00
     45    100 1.0000000e+00 0.0000000e+00 0.0000000e+00
     45    101 0.0000000e+00 0.0000000e+00 0.0000000e+00
     45    101 1.0000000e+00 0.0000000e+00 0.0000000e+00
     45    102 0.0000000e+00 0.0000000e+00 0.0000000e+00
     45    102 1.0000000e+00 0.0000000e+00 0.0000000e+00
     45    103 0.0000000e+00 2.2362600e-13 1.4312100e-13
     45    103 1.0000000e+00 1.6715100e-12 1.0697600e-12
     45    104 0.0000000e+00 2.7343100e-11 1.7499700e-11
     45    104 1.0000000e+00 9.5271700e-11 6.0973900e-11
     45    105 0.0000000e+00 0.0000000e+00 0.0000000e+00
     45    105 1.0000000e+00 0.0000000e+00 0.0000000e+00
     45    106 0.0000000e+00 0.0000000e+00 0.0000000e+00
     45    106 1.0000000e+00 0.0000000e+00 0.0000000e+00
     45    107 0.0000000e+00 4.2336100e-14 2.7095100e-14
     45    108 0.0000000e+00 4.7204600e-13 3.0211000e-13
     45    108 1.0000000e+00 1.6447500e-12 1.0526400e-12
     45    109 0.0000000e+00 4.3534300e-11 1.9701400e-11
     45    110 0.0000000e+00 6.7272500e-07 4.3054300e-07
     45    110 1.0000000e+00 3.2613400e-06 2.0872500e-06
     45    111 0.0000000e+00 2.4153500e-05 1.5458300e-05
     45    112 0.0000000e+00 7.0004300e-05 4.4802700e-05
     45    113 0.0000000e+00 1.6125600e-04 1.0320400e-04
     45    114 0.0000000e+00 1.8393200e-04 1.1771600e-04
     45    115 0.0000000e+00 1.6938400e-04 1.0840600e-04
     45    116 0.0000000e+00 7.0603400e-05 4.5186200e-05
     45    117 0.0000000e+00 2.7748100e-05 1.7758800e-05
     45    118 0.0000000e+00 5.1821800e-06 3.3166000e-06
     45    119 0.0000000e+00 7.2290800e-07 4.6266100e-07
     45    120 0.0000000e+00 4.8426900e-08 3.0993300e-08
     45    121 0.0000000e+00 2.3763400e-09 1.5208600e-09
     45    122 0.0000000e+00 6.4302900e-11 4.1153900e-11
     45    123 0.0000000e+00 1.6075700e-12 1.0288500e-12
     45    124 0.0000000e+00 1.6275400e-14 1.0416300e-14
     45    125 0.0000000e+00 0.0000000e+00 0.0000000e+00
     45    126 0.0000000e+00 0.0000000e+00 0.0000000e+00
     45    127 0.0000000e+00 0.0000000e+00 0.0000000e+00
     45    128 0.0000000e+00 0.0000000e+00 0.0000000e+00
     46    102 0.0000000e+00 0.0000000e+00 0.0000000e+00
     46    103 0.0000000e+00 0.0000000e+00 0.0000000e+00
     46    104 0.0000000e+00 0.0000000e+00 0.0000000e+00
     46    105 0.0000000e+00 0.0000000e+00 0.0000000e+00
     46    106 0.0000000e+00 0.0000000e+00 0.0000000e+00
     46    107 0.0000000e+00 0.0000000e+00 0.0000000e+00
     46    107 1.0000000e+00 0.0000000e+00 0.0000000e+00
     46    108 0.0000000e+00 0.0000000e+00 0.0000000e+00
     46    109 0.0000000e+00 0.0000000e+00 0.0000000e+00
     46    109 1.0000000e+00 0.0000000e+00 0.0000000e+00
     46    110 0.0000000e+00 6.4702300e-09 4.1409500e-09
     46    111 0.0000000e+00 4.8441800e-08 3.1002700e-08
     46    111 1.0000000e+00 1.0632400e-07 6.8047700e-08
     46    112 0.0000000e+00 2.2965300e-06 1.4697800e-06
     46    113 0.0000000e+00 1.6594900e-05 1.0620700e-05
     46    114 0.0000000e+00 7.9320300e-05 5.0764900e-05
     46    115 0.0000000e+00 1.8510000e-04 1.1846400e-04
     46    116 0.0000000e+00 2.7238900e-04 1.7432900e-04
     46    117 0.0000000e+00 2.5574400e-04 1.6367600e-04
     46    118 0.0000000e+00 1.8365300e-04 1.1753800e-04
     46    119 0.0000000e+00 6.8756200e-05 4.4004000e-05
     46    120 0.0000000e+00 1.9800100e-05 1.2672000e-05
     46    121 0.0000000e+00 2.7558400e-06 1.7637400e-06
     46    122 0.0000000e+00 3.5246800e-07 2.2557900e-07
     46    123 0.0000000e+00 2.6859400e-08 1.7190100e-08
     46    124 0.0000000e+00 1.2780700e-09 8.1796500e-10
     46    125 0.0000000e+00 0.0000000e+00 0.0000000e+00
     46    126 0.0000000e+00 0.0000000e+00 0.0000000e+00
     46    127 0.0000000e+00 0.0000000e+00 0.0000000e+00
     46    128 0.0000000e+00 0.0000000e+00 0.0000000e+00
     46    129 0.0000000e+00 0.0000000e+00 0.0000000e+00
     46    130 0.0000000e+00 0.0000000e+00 0.0000000e+00
     46    131 0.0000000e+00 0.0000000e+00 0.0000000e+00
     47    105 0.0000000e+00 0.0000000e+00 0.0000000e+00
     47    105 1.0000000e+00 0.0000000e+00 0.0000000e+00
     47    106 0.0000000e+00 0.0000000e+00 0.0000000e+00
     47    106 1.0000000e+00 0.0000000e+00 0.0000000e+00
     47    107 0.0000000e+00 0.0000000e+00 0.0000000e+00
     47    107 1.0000000e+00 0.0000000e+00 0.0000000e+00
     47    108 0.0000000e+00 0.0000000e+00 0.0000000e+00
     47    108 1.0000000e+00 0.0000000e+00 0.0000000e+00
     47    109 0.0000000e+00 0.0000000e+00 0.0000000e+00
     47    109 1.0000000e+00 0.0000000e+00 0.0000000e+00
     47    110 0.0000000e+00 3.7383100e-14 2.3925200e-14
     47    110 1.0000000e+00 1.0210600e-13 6.5348100e-14
     47    111 0.0000000e+00 2.4636600e-12 1.5767400e-12
     47    111 1.0000000e+00 1.8414800e-11 1.1785500e-11
     47    112 0.0000000e+00 1.1382800e-09 7.2850000e-10
     47    113 0.0000000e+00 5.2348400e-09 3.3503000e-09
     47    113 1.0000000e+00 3.9128200e-08 2.5042000e-08
     47    114 0.0000000e+00 6.7697800e-07 4.3326600e-07
     47    115 0.0000000e+00 8.2946900e-07 5.3085900e-07
     47    115 1.0000000e+00 6.1999300e-06 3.9679400e-06
     47    116 0.0000000e+00 6.9735800e-06 4.4630700e-06
     47    116 1.0000000e+00 1.9047200e-05 1.2190200e-05
     47    117 0.0000000e+00 1.0455500e-05 6.6915400e-06
     47    117 1.0000000e+00 7.8150700e-05 5.0016400e-05
     47    118 0.0000000e+00 2.5198100e-05 1.6126800e-05
     47    118 1.0000000e+00 1.2215900e-04 7.8182100e-05
     47    119 0.0000000e+00 1.9721200e-04 1.2621600e-04
     47    120 0.0000000e+00 5.2273600e-05 3.3455100e-05
     47    120 1.0000000e+00 8.7495400e-05 5.5997000e-05
     47    121 0.0000000e+00 7.5316300e-05 4.8202400e-05
     47    122 0.0000000e+00 2.7348700e-05 1.2376600e-05
     47    123 0.0000000e+00 9.1561800e-06 5.8599500e-06
     47    124 0.0000000e+00 1.2980400e-06 8.3074600e-07
     47    125 0.0000000e+00 6.3304500e-11 4.0514800e-11
     47    126 0.0000000e+00 5.5815700e-12 3.5722100e-12
     47    127 0.0000000e+00 4.2835300e-13 2.7414600e-13
     47    128 0.0000000e+00 1.6874500e-14 1.0799700e-14
     47    129 0.0000000e+00 1.2214400e-15 7.8172700e-16
     47    130 0.0000000e+00 0.0000000e+00 0.0000000e+00
     47    131 0.0000000e+00 7.0525400e-11 4.5136200e-11
     47    132 0.0000000e+00 3.6756900e-12 2.3524400e-12
     47    133 0.0000000e+00 2.2462500e-13 1.4376000e-13
     48    108 0.0000000e+00 0.0000000e+00 0.0000000e+00
     48    109 0.0000000e+00 0.0000000e+00 0.0000000e+00
     48    110 0.0000000e+00 0.0000000e+00 0.0000000e+00
     48    111 0.0000000e+00 0.0000000e+00 0.0000000e+00
     48    111 1.0000000e+00 0.0000000e+00 0.0000000e+00
     48    112 0.0000000e+00 6.6898900e-14 4.2815300e-14
     48    113 0.0000000e+00 2.0492900e-12 1.3115500e-12
     48    113 1.0000000e+00 7.7559100e-12 4.9637800e-12
     48    114 0.0000000e+00 7.8481500e-10 5.0228100e-10
     48    115 0.0000000e+00 5.5468400e-09 3.5499800e-09
     48    115 1.0000000e+00 2.0993000e-08 1.3435600e-08
     48    116 0.0000000e+00 4.2835300e-07 2.7414600e-07
     48    117 0.0000000e+00 8.3453100e-07 5.3410000e-07
     48    117 1.0000000e+00 3.1584400e-06 2.0214000e-06
     48    118 0.0000000e+00 2.6110600e-05 1.6710700e-05
     48    119 0.0000000e+00 2.2368600e-05 1.4315900e-05
     48    119 1.0000000e+00 6.2683000e-05 4.0117200e-05
     48    120 0.0000000e+00 2.1422700e-04 1.3710500e-04
     48    121 0.0000000e+00 6.8678900e-05 4.3954400e-05
     48    121 1.0000000e+00 1.9245800e-04 1.2317300e-04
     48    122 0.0000000e+00 3.5623200e-04 2.2798800e-04
     48    123 0.0000000e+00 3.0347200e-04 1.9422200e-04
     48    124 0.0000000e+00 1.7745200e-04 1.1356900e-04
     48    125 0.0000000e+00 1.2900500e-05 8.2563300e-06
     48    126 0.0000000e+00 4.8826200e-06 3.1248900e-06
     48    127 0.0000000e+00 1.1582500e-06 7.4128100e-07
     48    128 0.0000000e+00 2.3165100e-07 1.4825600e-07
     48    129 0.0000000e+00 2.4463000e-08 1.5656400e-08
     48    130 0.0000000e+00 4.7029000e-09 3.0098600e-09
     48    131 0.0000000e+00 2.3563700e-06 1.5080800e-06
     48    132 0.0000000e+00 1.2281000e-07 7.8599000e-08
     48    133 0.0000000e+00 7.5051000e-09 4.8032700e-09
     48    134 0.0000000e+00 2.1267900e-11 1.3611500e-11
     48    135 0.0000000e+00 6.1715100e-13 3.9497700e-13
     48    136 0.0000000e+00 0.0000000e+00 0.0000000e+00
     49    110 0.0000000e+00 0.0000000e+00 0.0000000e+00
     49    110 1.0000000e+00 0.0000000e+00 0.0000000e+00
     49    111 0.0000000e+00 0.0000000e+00 0.0000000e+00
     49    111 1.0000000e+00 0.0000000e+00 0.0000000e+00
     49    112 0.0000000e+00 0.0000000e+00 0.0000000e+00
     49    112 1.0000000e+00 0.0000000e+00 0.0000000e+00
     49    113 0.0000000e+00 0.0000000e+00 0.0000000e+00
     49    113 1.0000000e+00 0.0000000e+00 0.0000000e+00
     49    114 0.0000000e+00 0.0000000e+00 0.0000000e+00
     49    114 1.0000000e+00 0.0000000e+00 0.0000000e+00
     49    115 0.0000000e+00 1.7204800e-12 1.1011000e-12
     49    115 1.0000000e+00 3.4740400e-13 2.2233800e-13
     49    116 0.0000000e+00 1.6434400e-11 1.0518000e-11
     49    116 1.0000000e+00 5.7419000e-11 3.6748000e-11
     49    116 2.0000000e+00 2.7593600e-11 1.7659800e-11
     49    117 0.0000000e+00 3.5830100e-09 2.2931200e-09
     49    117 1.0000000e+00 7.2349200e-10 4.6303400e-10
     49    118 0.0000000e+00 1.3280200e-08 8.4992900e-09
     49    118 1.0000000e+00 4.6398500e-08 2.9695100e-08
     49    118 2.0000000e+00 2.2297500e-08 1.4270400e-08
     49    119 0.0000000e+00 9.4622000e-07 6.0558000e-07
     49    119 1.0000000e+00 1.9106400e-07 1.2228000e-07
     49    120 0.0000000e+00 2.8381200e-06 1.8163900e-06
     49    120 1.0000000e+00 7.2799400e-06 3.4444200e-06
     49    121 0.0000000e+00 2.8519500e-05 1.8252500e-05
     49    121 1.0000000e+00 5.7587400e-06 3.6856000e-06
     49    122 0.0000000e+00 2.5365800e-05 1.6234100e-05
     49    122 1.0000000e+00 1.2629800e-04 6.1550000e-05
     49    123 0.0000000e+00 2.8420600e-04 1.8189200e-04
     49    123 1.0000000e+00 5.7387800e-05 3.6728200e-05
     49    124 0.0000000e+00 2.2647400e-04 1.4494400e-04
     49    124 1.0000000e+00 2.4436600e-04 1.5639400e-04
     49    125 0.0000000e+00 7.5862100e-04 4.8551700e-04
     49    125 1.0000000e+00 1.5318300e-04 9.8037000e-05
     49    126 0.0000000e+00 3.8961300e-04 2.4935300e-04
     49    126 1.0000000e+00 4.2039300e-04 2.6905200e-04
     49    127 0.0000000e+00 6.4484100e-04 4.1269900e-04
     49    127 1.0000000e+00 1.3020800e-04 8.3333400e-05
     49    128 0.0000000e+00 2.2466800e-04 1.4378700e-04
     49    128 1.0000000e+00 2.4241700e-04 1.5514700e-04
     49    129 0.0000000e+00 1.9371400e-04 1.2397600e-04
     49    129 1.0000000e+00 3.9115200e-05 2.5033700e-05
     49    130 0.0000000e+00 2.2251700e-04 7.1205500e-05
     49    131 0.0000000e+00 3.2691300e-04 2.0922400e-04
     49    131 1.0000000e+00 6.5853000e-05 4.2145900e-05
     49    131 2.0000000e+00 2.5481700e-04 2.0385400e-04
     49    132 0.0000000e+00 9.6434400e-05 6.1718000e-05
     49    133 0.0000000e+00 9.8775700e-06 6.3216500e-06
     49    134 0.0000000e+00 2.8856400e-07 1.8468100e-07
     49    135 0.0000000e+00 2.0620000e-08 1.3196800e-08
     49    136 0.0000000e+00 5.3219700e-11 3.4060600e-11
     49    137 0.0000000e+00 9.8317100e-13 6.2922900e-13
     49    138 0.0000000e+00 0.0000000e+00 0.0000000e+00
     50    113 0.0000000e+00 0.0000000e+00 0.0000000e+00
     50    113 1.0000000e+00 0.0000000e+00 0.0000000e+00
     50    114 0.0000000e+00 0.0000000e+00 0.0000000e+00
     50    115 0.0000000e+00 0.0000000e+00 0.0000000e+00
     50    116 0.0000000e+00 0.0000000e+00 0.0000000e+00
     50    117 0.0000000e+00 7.7422000e-14 4.9550200e-14
     50    117 1.0000000e+00 2.9301800e-13 1.8753200e-13
     50    118 0.0000000e+00 3.2950200e-11 2.1088200e-11
     50    119 0.0000000e+00 2.8798400e-10 1.8431000e-10
     50    119 1.0000000e+00 1.0899300e-09 6.9755900e-10
     50    120 0.0000000e+00 4.1337600e-08 2.6456000e-08
     50    121 0.0000000e+00 3.7971900e-07 2.4302000e-07
     50    121 1.0000000e+00 1.3550300e-07 8.6722200e-08
     50    122 0.0000000e+00 7.2989800e-06 4.6713400e-06
     50    123 0.0000000e+00 4.1460000e-05 2.6534300e-05
     50    123 1.0000000e+00 1.4795100e-05 9.4688700e-06
     50    124 0.0000000e+00 2.8555900e-04 1.8275800e-04
     50    125 0.0000000e+00 5.2680800e-04 3.3715700e-04
     50    125 1.0000000e+00 1.8799200e-04 1.2031500e-04
     50    126 0.0000000e+00 1.6083000e-03 1.0293100e-03
     50    127 0.0000000e+00 2.0077300e-03 1.2849500e-03
     50    127 1.0000000e+00 7.1646300e-04 4.5853700e-04
     50    128 0.0000000e+00 4.8365200e-03 2.1887600e-03
     50    129 0.0000000e+00 2.2666900e-03 1.0200100e-03
     50    129 1.0000000e+00 6.3518900e-03 4.0652000e-03
     50    130 0.0000000e+00 3.8729400e-03 2.4786800e-03
     50    130 1.0000000e+00 1.0578300e-02 6.7701300e-03
     50    131 0.0000000e+00 3.8555500e-03 2.4675500e-03
     50    131 1.0000000e+00 1.0804300e-02 6.9147700e-03
     50    132 0.0000000e+00 1.0356500e-02 3.3140900e-03
     50    133 0.0000000e+00 3.2729300e-03 2.0946800e-03
     50    134 0.0000000e+00 4.6776300e-04 2.9936900e-04
     50    135 0.0000000e+00 2.7138400e-05 1.7368600e-05
     50    136 0.0000000e+00 1.4278400e-06 9.1382100e-07
     50    137 0.0000000e+00 3.2849500e-08 2.1023600e-08
     50    138 0.0000000e+00 5.8711300e-10 3.7575300e-10
     50    139 0.0000000e+00 3.5262700e-12 2.2568100e-12
     50    140 0.0000000e+00 3.8617400e-13 2.4715100e-13
     51    116 0.0000000e+00 0.0000000e+00 0.0000000e+00
     51    116 1.0000000e+00 0.0000000e+00 0.0000000e+00
     51    117 0.0000000e+00 0.0000000e+00 0.0000000e+00
     51    118 0.0000000e+00 0.0000000e+00 0.0000000e+00
     51    118 1.0000000e+00 0.0000000e+00 0.0000000e+00
     51    119 0.0000000e+00 3.3150000e-14 2.1216000e-14
     51    120 0.0000000e+00 1.1464500e-12 7.3372700e-13
     51    120 1.0000000e+00 1.9189300e-12 1.2281100e-12
     51    121 0.0000000e+00 1.7174100e-10 1.0991400e-10
     51    122 0.0000000e+00 3.1934100e-09 2.0437800e-09
     51    122 1.0000000e+00 4.2853000e-09 2.7426000e-09
     51    123 0.0000000e+00 2.5361700e-07 1.6231500e-07
     51    124 0.0000000e+00 8.5432800e-07 5.4677100e-07
     51    124 1.0000000e+00 1.7944500e-06 1.1484500e-06
     51    124 2.0000000e+00 9.2224500e-07 5.9023800e-07
     51    125 0.0000000e+00 8.8366600e-07 5.6554600e-07
     51    126 0.0000000e+00 2.0235600e-06 1.2950900e-06
     51    126 1.0000000e+00 4.2369800e-06 2.0224400e-06
     51    127 0.0000000e+00 3.0434000e-05 1.9477800e-05
     51    128 0.0000000e+00 5.3828500e-05 3.4450200e-05
     51    128 1.0000000e+00 7.5256600e-05 4.8164200e-05
     51    129 0.0000000e+00 1.4736800e-04 9.4315700e-05
     51    129 1.0000000e+00 4.5337700e-04 3.6270200e-04
     51    130 0.0000000e+00 1.1561100e-03 7.3991100e-04
     51    130 1.0000000e+00 1.6163400e-03 1.0344600e-03
     51    131 0.0000000e+00 1.2602700e-02 4.0328800e-03
     51    132 0.0000000e+00 1.1786600e-02 3.7717300e-03
     51    132 1.0000000e+00 1.0452300e-02 3.3447400e-03
     51    133 0.0000000e+00 2.8496100e-02 9.1187600e-03
     51    134 0.0000000e+00 3.1187200e-03 1.9959800e-03
     51    134 1.0000000e+00 8.5182900e-03 5.4517000e-03
     51    135 0.0000000e+00 3.1291900e-03 2.0026800e-03
     51    136 0.0000000e+00 5.0662500e-04 3.2424000e-04
     51    137 0.0000000e+00 5.4937000e-05 3.5159800e-05
     51    138 0.0000000e+00 2.9854900e-06 1.9107200e-06
     51    139 0.0000000e+00 1.1781800e-07 7.5403900e-08
     51    140 0.0000000e+00 1.2902700e-08 8.2577400e-09
     51    141 0.0000000e+00 8.9670700e-12 5.7389300e-12
     51    142 0.0000000e+00 7.7697400e-13 4.9726300e-13
     51    143 0.0000000e+00 0.0000000e+00 0.0000000e+00
     52    119 0.0000000e+00 0.0000000e+00 0.0000000e+00
     52    119 1.0000000e+00 0.0000000e+00 0.0000000e+00
     52    120 0.0000000e+00 0.0000000e+00 0.0000000e+00
     52    121 0.0000000e+00 0.0000000e+00 0.0000000e+00
     52    121 1.0000000e+00 0.0000000e+00 0.0000000e+00
     52    122 0.0000000e+00 9.3458900e-13 5.9813700e-13
     52    123 0.0000000e+00 2.0305000e-11 1.2995300e-11
     52    123 1.0000000e+00 7.6848200e-11 4.9182900e-11
     52    124 0.0000000e+00 6.2905000e-09 4.0259200e-09
     52    125 0.0000000e+00 2.3831800e-13 1.5252400e-13
     52    125 1.0000000e+00 9.0196000e-13 5.7725500e-13
     52    126 0.0000000e+00 2.7059200e-11 1.7317900e-11
     52    127 0.0000000e+00 1.3524100e-10 8.6554000e-11
     52    127 1.0000000e+00 3.7898300e-10 2.4254900e-10
     52    128 0.0000000e+00 1.0683800e-08 6.8376700e-09
     52    129 0.0000000e+00 5.2179200e-08 3.3394800e-08
     52    129 1.0000000e+00 1.4622100e-07 9.3581600e-08
     52    130 0.0000000e+00 3.8441900e-06 2.4602800e-06
     52    131 0.0000000e+00 4.2092500e-04 2.6939200e-04
     52    131 1.0000000e+00 1.1795500e-03 7.5491100e-04
     52    132 0.0000000e+00 1.0940000e-02 3.5008200e-03
     52    133 0.0000000e+00 9.3126300e-03 5.9600900e-03
     52    133 1.0000000e+00 2.6096600e-02 8.3509300e-03
     52    134 0.0000000e+00 5.4865800e-02 4.3892600e-03
     52    135 0.0000000e+00 3.8851800e-02 1.2432600e-02
     52    136 0.0000000e+00 2.6102200e-02 8.3526900e-03
     52    137 0.0000000e+00 7.9640200e-03 5.0969700e-03
     52    138 0.0000000e+00 1.8873700e-03 1.2079200e-03
     52    139 0.0000000e+00 2.1249000e-04 1.3599300e-04
     52    140 0.0000000e+00 1.6981400e-05 1.0868100e-05
     52    141 0.0000000e+00 2.9960600e-07 1.9174700e-07
     52    142 0.0000000e+00 2.5960000e-08 1.6614400e-08
     52    143 0.0000000e+00 3.1070100e-11 1.9884900e-11
     52    144 0.0000000e+00 3.5674600e-12 2.2831700e-12
     52    145 0.0000000e+00 2.1645600e-13 1.3853200e-13
     53    122 0.0000000e+00 0.0000000e+00 0.0000000e+00
     53    123 0.0000000e+00 0.0000000e+00 0.0000000e+00
     53    124 0.0000000e+00 0.0000000e+00 0.0000000e+00
     53    125 0.0000000e+00 0.0000000e+00 0.0000000e+00
     53    126 0.0000000e+00 0.0000000e+00 0.0000000e+00
     53    127 0.0000000e+00 0.0000000e+00 0.0000000e+00
     53    128 0.0000000e+00 0.0000000e+00 0.0000000e+00
     53    129 0.0000000e+00 1.1083300e-14 7.0932900e-15
     53    130 0.0000000e+00 6.2272300e-13 3.9854300e-13
     53    130 1.0000000e+00 2.2799200e-13 1.4591500e-13
     53    131 0.0000000e+00 5.3020000e-06 3.3932800e-06
     53    132 0.0000000e+00 3.7234600e-05 2.3830100e-05
     53    132 1.0000000e+00 3.3688400e-05 2.1560500e-05
     53    133 0.0000000e+00 8.9074500e-04 5.7007700e-04
     53    133 1.0000000e+00 6.5837700e-04 4.2136100e-04
     53    134 0.0000000e+00 5.1395800e-03 3.2893400e-03
     53    134 1.0000000e+00 4.5577400e-03 2.9169500e-03
     53    135 0.0000000e+00 1.7761600e-02 5.6837200e-03
     53    136 0.0000000e+00 7.8106800e-03 2.4994100e-03
     53    136 1.0000000e+00 2.1333700e-02 6.8267600e-03
     53    137 0.0000000e+00 3.3135600e-02 1.0603400e-02
     53    138 0.0000000e+00 1.9737000e-02 6.3158400e-03
     53    139 0.0000000e+00 8.7677200e-03 5.6113500e-03
     53    140 0.0000000e+00 1.9669100e-03 1.2588300e-03
     53    141 0.0000000e+00 3.9431500e-04 2.5236100e-04
     53    142 0.0000000e+00 3.7483400e-05 2.3989400e-05
     53    143 0.0000000e+00 1.0381100e-06 6.6438900e-07
     53    144 0.0000000e+00 1.1919500e-07 7.6284600e-08
     53    145 0.0000000e+00 7.2321900e-09 4.6286000e-09
     53    146 0.0000000e+00 1.2312100e-11 7.8797100e-12
     53    147 0.0000000e+00 8.7028200e-13 5.5698100e-13
     53    148 0.0000000e+00 0.0000000e+00 0.0000000e+00
     54    125 0.0000000e+00 0.0000000e+00 0.0000000e+00
     54    126 0.0000000e+00 0.0000000e+00 0.0000000e+00
     54    127 0.0000000e+00 0.0000000e+00 0.0000000e+00
     54    127 1.0000000e+00 0.0000000e+00 0.0000000e+00
     54    128 0.0000000e+00 0.0000000e+00 0.0000000e+00
     54    129 0.0000000e+00 0.0000000e+00 0.0000000e+00
     54    129 1.0000000e+00 0.0000000e+00 0.0000000e+00
     54    130 0.0000000e+00 0.0000000e+00 0.0000000e+00
     54    131 0.0000000e+00 3.6580600e-10 2.3411700e-10
     54    131 1.0000000e+00 1.0250900e-09 6.5606000e-10
     54    132 0.0000000e+00 9.6454300e-08 6.1730800e-08
     54    133 0.0000000e+00 1.7962100e-06 1.1495800e-06
     54    133 1.0000000e+00 5.0334800e-06 3.2214300e-06
     54    134 0.0000000e+00 3.8978000e-05 2.4945900e-05
     54    134 1.0000000e+00 1.0646200e-04 6.8136000e-05
     54    135 0.0000000e+00 2.7548200e-04 1.7630800e-04
     54    135 1.0000000e+00 7.7197700e-04 4.9406500e-04
     54    136 0.0000000e+00 7.3890900e-03 4.7290200e-03
     54    137 0.0000000e+00 2.0184300e-02 6.4589900e-03
     54    138 0.0000000e+00 4.2820500e-02 9.8487200e-03
     54    139 0.0000000e+00 4.3746900e-02 1.3999000e-02
     54    140 0.0000000e+00 3.6555300e-02 1.1697700e-02
     54    141 0.0000000e+00 1.8502200e-02 5.9207000e-03
     54    142 0.0000000e+00 7.1250200e-03 4.5600100e-03
     54    143 0.0000000e+00 3.5932800e-04 2.2997000e-04
     54    143 1.0000000e+00 1.0069400e-03 6.4444200e-04
     54    144 0.0000000e+00 1.5687300e-04 1.0039900e-04
     54    145 0.0000000e+00 9.5183800e-06 6.0917700e-06
     54    146 0.0000000e+00 4.1136600e-07 2.6327400e-07
     54    147 0.0000000e+00 2.9077600e-08 1.8609700e-08
     54    148 0.0000000e+00 6.9594900e-11 4.4540700e-11
     54    149 0.0000000e+00 7.0836300e-13 4.5335200e-13
     54    150 0.0000000e+00 0.0000000e+00 0.0000000e+00
     55    128 0.0000000e+00 0.0000000e+00 0.0000000e+00
     55    129 0.0000000e+00 0.0000000e+00 0.0000000e+00
     55    130 0.0000000e+00 0.0000000e+00 0.0000000e+00
     55    131 0.0000000e+00 0.0000000e+00 0.0000000e+00
     55    132 0.0000000e+00 1.7074300e-12 1.0927500e-12
     55    133 0.0000000e+00 6.2405800e-10 3.9939700e-10
     55    134 0.0000000e+00 2.3602300e-08 1.5105500e-08
     55    134 1.0000000e+00 2.0930400e-08 1.3395400e-08
     55    135 0.0000000e+00 9.3009500e-07 5.9526100e-07
     55    135 1.0000000e+00 6.8746200e-07 4.3997600e-07
     55    136 0.0000000e+00 2.3494400e-05 1.5036400e-05
     55    136 1.0000000e+00 1.6804700e-05 1.0755000e-05
     55    137 0.0000000e+00 4.1527300e-04 2.6577400e-04
     55    138 0.0000000e+00 8.2546900e-04 5.2829800e-04
     55    138 1.0000000e+00 1.3816700e-03 8.8426400e-04
     55    139 0.0000000e+00 8.3268800e-03 5.3292000e-03
     55    140 0.0000000e+00 1.6280100e-02 5.2096200e-03
     55    141 0.0000000e+00 2.8367200e-02 9.0775000e-03
     55    142 0.0000000e+00 2.5361700e-02 8.1157400e-03
     55    143 0.0000000e+00 1.8679900e-02 5.9775700e-03
     55    144 0.0000000e+00 5.7389400e-03 3.6729200e-03
     55    145 0.0000000e+00 1.4925700e-03 9.5524900e-04
     55    146 0.0000000e+00 1.8833500e-04 1.2053500e-04
     55    147 0.0000000e+00 3.8269400e-05 2.4492500e-05
     55    148 0.0000000e+00 4.4432900e-07 2.8437000e-07
     55    149 0.0000000e+00 2.3667600e-08 1.5147300e-08
     55    150 0.0000000e+00 1.6275400e-10 1.0416300e-10
     55    151 0.0000000e+00 5.9559700e-13 3.8118100e-13
     55    152 0.0000000e+00 4.1538200e-14 2.6584400e-14
     56    131 0.0000000e+00 0.0000000e+00 0.0000000e+00
     56    132 0.0000000e+00 0.0000000e+00 0.0000000e+00
     56    133 0.0000000e+00 0.0000000e+00 0.0000000e+00
     56    133 1.0000000e+00 0.0000000e+00 0.0000000e+00
     56    134 0.0000000e+00 1.6075700e-12 1.0288500e-12
     56    135 0.0000000e+00 5.2258100e-11 3.3445200e-11
     56    135 1.0000000e+00 1.4644200e-10 9.3722800e-11
     56    136 0.0000000e+00 5.6462600e-09 3.6136200e-09
     56    136 1.0000000e+00 1.5421900e-08 9.8700300e-09
     56    137 0.0000000e+00 2.0588100e-07 1.3176500e-07
     56    137 1.0000000e+00 5.7693700e-07 3.6924000e-07
     56    138 0.0000000e+00 1.8532000e-05 1.1860500e-05
     56    139 0.0000000e+00 1.9085200e-04 1.2214500e-04
     56    140 0.0000000e+00 1.5195800e-03 9.7252800e-04
     56    141 0.0000000e+00 6.4598500e-03 4.1343100e-03
     56    142 0.0000000e+00 2.0973000e-02 6.7113500e-03
     56    143 0.0000000e+00 3.5218800e-02 8.1003100e-03
     56    144 0.0000000e+00 3.8346700e-02 1.2271000e-02
     56    145 0.0000000e+00 2.4434300e-02 7.8189700e-03
     56    146 0.0000000e+00 1.2247700e-02 3.9192500e-03
     56    147 0.0000000e+00 2.2844700e-03 1.4620600e-03
     56    148 0.0000000e+00 3.4922200e-04 2.2350200e-04
     56    149 0.0000000e+00 3.1149300e-05 1.9935500e-05
     56    150 0.0000000e+00 1.5876000e-06 1.0160700e-06
     56    151 0.0000000e+00 1.9899900e-08 1.2735900e-08
     56    152 0.0000000e+00 1.3878700e-09 8.8823200e-10
     56    153 0.0000000e+00 3.8549900e-12 2.4671900e-12
     56    154 0.0000000e+00 1.4578000e-13 9.3299200e-14
     57    133 0.0000000e+00 0.0000000e+00 0.0000000e+00
     57    134 0.0000000e+00 0.0000000e+00 0.0000000e+00
     57    135 0.0000000e+00 0.0000000e+00 0.0000000e+00
     57    136 0.0000000e+00 0.0000000e+00 0.0000000e+00
     57    137 0.0000000e+00 2.9755100e-11 1.9043300e-11
     57    138 0.0000000e+00 2.1667300e-09 1.3867100e-09
     57    139 0.0000000e+00 9.9050500e-08 6.3392300e-08
     57    140 0.0000000e+00 2.3364800e-06 1.4953400e-06
     57    141 0.0000000e+00 4.2406000e-05 2.7139900e-05
     57    142 0.0000000e+00 3.5459500e-04 2.2694100e-04
     57    143 0.0000000e+00 2.4285200e-03 1.5542600e-03
     57    144 0.0000000e+00 6.5870800e-03 4.2157200e-03
     57    145 0.0000000e+00 1.4514000e-02 4.6444700e-03
     57    146 0.0000000e+00 5.4496600e-03 3.4877900e-03
     57    146 1.0000000e+00 1.1422400e-02 7.3103100e-03
     57    147 0.0000000e+00 1.1684500e-02 3.7390400e-03
     57    148 0.0000000e+00 4.4585900e-03 2.8535000e-03
     57    149 0.0000000e+00 1.5848400e-03 1.0143000e-03
     57    150 0.0000000e+00 2.1507600e-04 1.3764800e-04
     57    151 0.0000000e+00 2.6190500e-05 1.6762000e-05
     57    152 0.0000000e+00 2.0768600e-06 1.3292000e-06
     57    153 0.0000000e+00 1.2880200e-07 8.2433100e-08
     57    154 0.0000000e+00 2.5561400e-09 1.6359300e-09
     57    155 0.0000000e+00 2.7746100e-10 1.7757500e-10
     57    156 0.0000000e+00 2.8658400e-13 1.8341400e-13
     57    157 0.0000000e+00 7.7996200e-15 4.9917600e-15
     58    135 0.0000000e+00 0.0000000e+00 0.0000000e+00
     58    136 0.0000000e+00 0.0000000e+00 0.0000000e+00
     58    137 0.0000000e+00 0.0000000e+00 0.0000000e+00
     58    137 1.0000000e+00 0.0000000e+00 0.0000000e+00
     58    138 0.0000000e+00 2.9156000e-14 1.8659800e-14
     58    139 0.0000000e+00 1.0582900e-12 6.7730900e-13
     58    139 1.0000000e+00 2.9656300e-12 1.8980100e-12
     58    140 0.0000000e+00 4.4532700e-10 2.8500900e-10
     58    141 0.0000000e+00 2.3864000e-08 1.5273000e-08
     58    142 0.0000000e+00 9.1661600e-07 5.8663400e-07
     58    143 0.0000000e+00 1.7283900e-05 1.1061700e-05
     58    144 0.0000000e+00 1.9737200e-04 1.2631800e-04
     58    145 0.0000000e+00 1.1926200e-03 7.6327600e-04
     58    146 0.0000000e+00 5.2601600e-03 3.3665100e-03
     58    147 0.0000000e+00 8.6946000e-03 2.7822700e-03
     58    148 0.0000000e+00 1.1688900e-02 3.7404400e-03
     58    149 0.0000000e+00 9.5238700e-03 6.0952700e-03
     58    150 0.0000000e+00 4.5953000e-03 2.9409900e-03
     58    151 0.0000000e+00 1.3411700e-03 8.5834600e-04
     58    152 0.0000000e+00 4.0628600e-04 2.6002300e-04
     58    153 0.0000000e+00 6.5860600e-05 4.2150800e-05
     58    154 0.0000000e+00 5.3519200e-06 3.4252300e-06
     58    155 0.0000000e+00 3.6517000e-07 2.3370900e-07
     58    156 0.0000000e+00 9.5752500e-09 6.1281600e-09
     58    157 0.0000000e+00 2.6059800e-10 1.6678300e-10
     58    158 0.0000000e+00 3.2150400e-12 2.0576300e-12
     58    159 0.0000000e+00 7.7099700e-15 4.9343800e-15
     58    160 0.0000000e+00 0.0000000e+00 0.0000000e+00
     59    138 0.0000000e+00 0.0000000e+00 0.0000000e+00
     59    138 1.0000000e+00 0.0000000e+00 0.0000000e+00
     59    139 0.0000000e+00 0.0000000e+00 0.0000000e+00
     59    140 0.0000000e+00 0.0000000e+00 0.0000000e+00
     59    141 0.0000000e+00 2.6160500e-13 1.6742700e-13
     59    142 0.0000000e+00 8.0814200e-12 5.1720900e-12
     59    142 1.0000000e+00 2.2073100e-11 1.4126800e-11
     59    143 0.0000000e+00 2.7258900e-09 1.7445700e-09
     59    144 0.0000000e+00 8.3596100e-09 5.3501500e-09
     59    144 1.0000000e+00 8.5568600e-08 5.4763800e-08
     59    145 0.0000000e+00 2.4862400e-06 1.5912000e-06
     59    146 0.0000000e+00 3.1472500e-05 2.0142400e-05
     59    147 0.0000000e+00 2.1476600e-04 1.3745000e-04
     59    148 0.0000000e+00 1.2710200e-04 8.1345400e-05
     59    148 1.0000000e+00 6.1618600e-04 3.9435900e-04
     59    149 0.0000000e+00 2.1779100e-03 1.3938700e-03
     59    150 0.0000000e+00 2.3269100e-03 1.4892200e-03
     59    151 0.0000000e+00 2.2218600e-03 1.4219900e-03
     59    152 0.0000000e+00 1.4863000e-03 9.5123600e-04
     59    153 0.0000000e+00 8.5027700e-04 5.4417700e-04
     59    154 0.0000000e+00 1.6868500e-04 1.0795900e-04
     59    155 0.0000000e+00 4.4722400e-05 2.8622400e-05
     59    156 0.0000000e+00 3.0953200e-06 1.9810100e-06
     59    157 0.0000000e+00 3.3649200e-07 2.1535500e-07
     59    158 0.0000000e+00 1.1482700e-08 7.3489100e-09
     59    159 0.0000000e+00 2.5760300e-10 1.6486600e-10
     59    160 0.0000000e+00 3.3249800e-12 2.1279900e-12
     59    161 0.0000000e+00 9.4133400e-15 6.0245400e-15
     59    162 0.0000000e+00 2.0589800e-16 1.3177400e-16
     60    141 0.0000000e+00 0.0000000e+00 0.0000000e+00
     60    142 0.0000000e+00 0.0000000e+00 0.0000000e+00
     60    143 0.0000000e+00 3.1752100e-14 2.0321300e-14
     60    144 0.0000000e+00 5.1921600e-12 3.3229900e-12
     60    145 0.0000000e+00 4.2435900e-10 2.7159000e-10
     60    146 0.0000000e+00 2.3165100e-08 1.4825600e-08
     60    147 0.0000000e+00 5.0623500e-07 3.2399100e-07
     60    148 0.0000000e+00 7.7383200e-06 4.9525200e-06
     60    149 0.0000000e+00 6.1367400e-05 3.9275100e-05
     60    150 0.0000000e+00 2.4969300e-04 1.5980400e-04
     60    151 0.0000000e+00 5.4926000e-04 3.5152700e-04
     60    152 0.0000000e+00 1.2304900e-03 7.8751500e-04
     60    153 0.0000000e+00 1.5102100e-03 9.6653400e-04
     60    154 0.0000000e+00 9.8693000e-04 6.3163500e-04
     60    155 0.0000000e+00 5.8725300e-04 3.7584200e-04
     60    156 0.0000000e+00 1.4636900e-04 9.3676200e-05
     60    157 0.0000000e+00 3.8352100e-05 2.4545300e-05
     60    158 0.0000000e+00 5.1322500e-06 3.2846400e-06
     60    159 0.0000000e+00 3.0753500e-07 1.9682300e-07
     60    160 0.0000000e+00 1.6475100e-08 1.0544100e-08
     60    161 0.0000000e+00 3.1451500e-10 2.0129000e-10
     60    162 0.0000000e+00 6.8794100e-12 4.4028200e-12
     60    163 0.0000000e+00 9.2058200e-14 5.8917300e-14
     60    164 0.0000000e+00 0.0000000e+00 0.0000000e+00
     61    144 0.0000000e+00 0.0000000e+00 0.0000000e+00
     61    145 0.0000000e+00 0.0000000e+00 0.0000000e+00
     61    146 0.0000000e+00 2.3364800e-13 1.4953400e-13
     61    147 0.0000000e+00 2.4263400e-11 1.5528600e-11
     61    148 0.0000000e+00 3.0345400e-10 1.9421100e-10
     61    148 1.0000000e+00 8.2883600e-10 5.3045500e-10
     61    149 0.0000000e+00 3.9939700e-08 2.5561400e-08
     61    150 0.0000000e+00 4.4932100e-07 2.8756500e-07
     61    151 0.0000000e+00 3.9140900e-06 2.5050200e-06
     61    152 0.0000000e+00 2.9189300e-06 1.8681200e-06
     61    152 1.0000000e+00 1.4155700e-05 9.0596600e-06
     61    152 2.0000000e+00 4.8722000e-06 3.1182100e-06
     61    153 0.0000000e+00 9.7702500e-05 6.2529600e-05
     61    154 0.0000000e+00 1.2734500e-04 8.1500700e-05
     61    154 1.0000000e+00 1.7037100e-05 1.0903700e-05
     61    155 0.0000000e+00 2.8416100e-04 1.8186300e-04
     61    156 0.0000000e+00 1.5179100e-04 9.7146200e-05
     61    157 0.0000000e+00 1.2898500e-04 8.2550500e-05
     61    158 0.0000000e+00 3.9380600e-05 2.5203600e-05
     61    159 0.0000000e+00 8.6469400e-06 5.5340500e-06
     61    160 0.0000000e+00 1.1682400e-06 7.4767100e-07
     61    161 0.0000000e+00 8.6070000e-08 5.5084900e-08
     61    162 0.0000000e+00 5.0723400e-09 3.2463000e-09
     61    163 0.0000000e+00 2.8357200e-10 1.8148600e-10
     61    164 0.0000000e+00 6.0908000e-12 3.8981100e-12
     61    165 0.0000000e+00 1.0284200e-13 6.5818600e-14
     61    166 0.0000000e+00 4.7216200e-16 3.0218400e-16
     62    146 0.0000000e+00 0.0000000e+00 0.0000000e+00
     62    147 0.0000000e+00 0.0000000e+00 0.0000000e+00
     62    148 0.0000000e+00 1.9171100e-14 1.2269500e-14
     62    149 0.0000000e+00 2.0369200e-12 1.3036400e-12
     62    150 0.0000000e+00 1.0084800e-10 6.4542500e-11
     62    151 0.0000000e+00 2.4263400e-09 1.5528600e-09
     62    152 0.0000000e+00 5.6315000e-08 3.6041600e-08
     62    153 0.0000000e+00 6.6499600e-07 4.2559700e-07
     62    154 0.0000000e+00 3.8441900e-06 2.4602800e-06
     62    155 0.0000000e+00 1.8601900e-05 1.1905200e-05
     62    156 0.0000000e+00 3.5356600e-05 2.2628200e-05
     62    157 0.0000000e+00 6.5061800e-05 4.1639500e-05
     62    158 0.0000000e+00 6.5161700e-05 4.1703400e-05
     62    159 0.0000000e+00 3.0783500e-05 1.9701500e-05
     62    160 0.0000000e+00 1.4048800e-05 8.9912200e-06
     62    161 0.0000000e+00 2.3364800e-06 1.4953400e-06
     62    162 0.0000000e+00 5.1322500e-07 3.2846400e-07
     62    163 0.0000000e+00 7.3389200e-08 4.6969000e-08
     62    164 0.0000000e+00 6.1507200e-09 3.9364600e-09
     62    165 0.0000000e+00 2.8157500e-10 1.8020800e-10
     62    166 0.0000000e+00 1.5775700e-11 1.0096500e-11
     62    167 0.0000000e+00 3.7142800e-13 2.3771400e-13
     62    168 0.0000000e+00 4.4724300e-15 3.5779500e-15
     63    149 0.0000000e+00 0.0000000e+00 0.0000000e+00
     63    150 0.0000000e+00 0.0000000e+00 0.0000000e+00
     63    150 1.0000000e+00 0.0000000e+00 0.0000000e+00
     63    151 0.0000000e+00 2.9355700e-14 1.8787600e-14
     63    152 0.0000000e+00 8.7720200e-13 5.6140900e-13
     63    152 1.0000000e+00 8.6000200e-14 5.5040100e-14
     63    152 2.0000000e+00 9.4600200e-13 6.0544100e-13
     63    153 0.0000000e+00 9.5755400e-11 6.1283500e-11
     63    154 0.0000000e+00 7.3001800e-10 4.6721100e-10
     63    154 1.0000000e+00 7.8769100e-10 5.0412200e-10
     63    155 0.0000000e+00 3.0254300e-08 1.9362800e-08
     63    156 0.0000000e+00 1.5077300e-07 9.6494300e-08
     63    157 0.0000000e+00 1.0384300e-06 6.6459600e-07
     63    158 0.0000000e+00 2.5162100e-06 1.6103700e-06
     63    159 0.0000000e+00 4.1537300e-06 2.6583800e-06
     63    160 0.0000000e+00 4.1537300e-06 2.6583800e-06
     63    161 0.0000000e+00 2.1966800e-06 1.4058800e-06
     63    162 0.0000000e+00 1.0484100e-06 6.7098700e-07
     63    163 0.0000000e+00 5.1222700e-07 3.2782500e-07
     63    164 0.0000000e+00 9.8850700e-08 6.3264500e-08
     63    165 0.0000000e+00 1.7174100e-08 1.0991400e-08
     63    166 0.0000000e+00 2.4762600e-09 1.5848100e-09
     63    167 0.0000000e+00 2.3864000e-10 1.5273000e-10
     63    168 0.0000000e+00 6.1706800e-12 3.9492400e-12
     63    169 0.0000000e+00 1.1182800e-13 7.1569800e-14
     63    170 0.0000000e+00 1.8642700e-15 1.4914100e-15
     64    151 0.0000000e+00 0.0000000e+00 0.0000000e+00
     64    152 0.0000000e+00 0.0000000e+00 0.0000000e+00
     64    153 0.0000000e+00 0.0000000e+00 0.0000000e+00
     64    154 0.0000000e+00 7.1292400e-14 4.5627100e-14
     64    155 0.0000000e+00 3.9740000e-12 2.5433600e-12
     64    156 0.0000000e+00 9.2360500e-11 5.9110800e-11
     64    157 0.0000000e+00 1.5277000e-09 9.7772400e-10
     64    158 0.0000000e+00 1.4977300e-08 9.5855300e-09
     64    159 0.0000000e+00 6.4302900e-08 4.1153900e-08
     64    160 0.0000000e+00 2.4463000e-07 1.5656400e-07
     64    161 0.0000000e+00 2.9854900e-07 1.9107200e-07
     64    162 0.0000000e+00 4.8826200e-07 3.1248900e-07
     64    163 0.0000000e+00 5.1821800e-07 3.3166000e-07
     64    164 0.0000000e+00 3.1851900e-07 2.0385200e-07
     64    165 0.0000000e+00 1.2081800e-07 7.7323300e-08
     64    166 0.0000000e+00 6.0908000e-08 3.8981100e-08
     64    167 0.0000000e+00 1.4178600e-08 9.0743000e-09
     64    168 0.0000000e+00 1.3679400e-09 8.7547800e-10
     64    169 0.0000000e+00 6.5101800e-11 4.1665100e-11
     64    170 0.0000000e+00 2.9655200e-12 1.8979300e-12
     64    171 0.0000000e+00 8.9596500e-14 5.7341800e-14
     64    172 0.0000000e+00 2.0878800e-15 1.6703100e-15
     65    154 0.0000000e+00 0.0000000e+00 0.0000000e+00
     65    154 1.0000000e+00 0.0000000e+00 0.0000000e+00
     65    154 2.0000000e+00 0.0000000e+00 0.0000000e+00
     65    155 0.0000000e+00 0.0000000e+00 0.0000000e+00
     65    156 0.0000000e+00 0.0000000e+00 0.0000000e+00
     65    156 1.0000000e+00 0.0000000e+00 0.0000000e+00
     65    156 2.0000000e+00 0.0000000e+00 0.0000000e+00
     65    157 0.0000000e+00 4.4632600e-14 2.8564800e-14
     65    158 0.0000000e+00 1.1197500e-12 7.1664100e-13
     65    158 1.0000000e+00 1.0939400e-13 7.0012000e-14
     65    159 0.0000000e+00 2.2066700e-11 1.4122700e-11
     65    160 0.0000000e+00 2.2765600e-10 1.4570000e-10
     65    161 0.0000000e+00 1.0883500e-09 6.9654800e-10
     65    162 0.0000000e+00 4.5531200e-09 2.0605100e-09
     65    163 0.0000000e+00 1.8072700e-08 1.1566600e-08
     65    164 0.0000000e+00 2.5162100e-08 1.6103700e-08
     65    165 0.0000000e+00 3.2351100e-08 2.0704700e-08
     65    166 0.0000000e+00 3.5047100e-08 2.2430100e-08
     65    167 0.0000000e+00 2.6659700e-08 1.7062300e-08
     65    168 0.0000000e+00 5.5715900e-09 3.5658200e-09
     65    169 0.0000000e+00 9.4058000e-10 6.0197100e-10
     65    170 0.0000000e+00 1.0484100e-10 6.7098700e-11
     65    171 0.0000000e+00 1.2381300e-11 7.9240400e-12
     65    172 0.0000000e+00 6.4402700e-13 4.1217800e-13
     66    157 0.0000000e+00 0.0000000e+00 0.0000000e+00
     66    158 0.0000000e+00 0.0000000e+00 0.0000000e+00
     66    159 0.0000000e+00 0.0000000e+00 0.0000000e+00
     66    160 0.0000000e+00 2.5861000e-14 1.6551000e-14
     66    161 0.0000000e+00 4.7328600e-13 3.0290300e-13
     66    162 0.0000000e+00 5.8112300e-12 3.7191900e-12
     66    163 0.0000000e+00 6.2106200e-11 3.9748000e-11
     66    164 0.0000000e+00 3.3449500e-10 2.1407700e-10
     66    165 0.0000000e+00 9.5817000e-10 6.1322900e-10
     66    165 1.0000000e+00 1.2819100e-10 8.2041700e-11
     66    166 0.0000000e+00 4.3334600e-09 2.7734100e-09
     66    167 0.0000000e+00 7.5286400e-09 4.8183200e-09
     66    168 0.0000000e+00 5.1122900e-09 3.2718600e-09
     66    169 0.0000000e+00 1.8472100e-09 1.1822200e-09
     66    170 0.0000000e+00 6.8396700e-10 4.3773900e-10
     66    171 0.0000000e+00 1.8172600e-10 1.1630500e-10
     66    172 0.0000000e+00 3.3150000e-11 2.1216000e-11
     67    160 0.0000000e+00 0.0000000e+00 0.0000000e+00
     67    160 1.0000000e+00 0.0000000e+00 0.0000000e+00
     67    161 0.0000000e+00 0.0000000e+00 0.0000000e+00
     67    161 1.0000000e+00 0.0000000e+00 0.0000000e+00
     67    162 0.0000000e+00 0.0000000e+00 0.0000000e+00
     67    162 1.0000000e+00 0.0000000e+00 0.0000000e+00
     67    163 0.0000000e+00 0.0000000e+00 0.0000000e+00
     67    163 1.0000000e+00 0.0000000e+00 0.0000000e+00
     67    164 0.0000000e+00 1.6965600e-14 1.0857900e-14
     67    164 1.0000000e+00 4.6338900e-14 2.9656900e-14
     67    165 0.0000000e+00 8.5471000e-13 5.4701400e-13
     67    166 0.0000000e+00 2.4378000e-12 1.5601900e-12
     67    166 1.0000000e+00 6.6584600e-12 4.2614200e-12
     67    167 0.0000000e+00 6.2405800e-11 3.9939700e-11
     67    168 0.0000000e+00 1.0284500e-10 6.5820600e-11
     67    169 0.0000000e+00 1.3379800e-10 8.5630700e-11
     67    170 0.0000000e+00 8.1421900e-11 5.2110000e-11
     67    170 1.0000000e+00 2.9810200e-11 1.9078500e-11
     67    171 0.0000000e+00 9.7552700e-11 6.2433700e-11
     67    172 0.0000000e+00 3.7144000e-11 2.3772100e-11
     68    163 0.0000000e+00 0.0000000e+00 0.0000000e+00
     68    164 0.0000000e+00 0.0000000e+00 0.0000000e+00
     68    165 0.0000000e+00 0.0000000e+00 0.0000000e+00
     68    166 0.0000000e+00 4.7198800e-15 3.7759100e-15
     68    167 0.0000000e+00 3.5226800e-14 2.2545200e-14
     68    167 1.0000000e+00 6.4020600e-15 5.1216500e-15
     68    168 0.0000000e+00 2.9755100e-13 1.9043300e-13
     68    169 0.0000000e+00 1.0284500e-12 6.5820600e-13
     68    170 0.0000000e+00 3.3349700e-12 2.1343800e-12
     68    171 0.0000000e+00 7.1591900e-12 4.5818800e-12
     68    172 0.0000000e+00 9.3858300e-12 6.0069300e-12
     69    166 0.0000000e+00 0.0000000e+00 0.0000000e+00
     69    167 0.0000000e+00 0.0000000e+00 0.0000000e+00
     69    168 0.0000000e+00 0.0000000e+00 0.0000000e+00
     69    169 0.0000000e+00 1.9638900e-16 1.5711100e-16
     69    170 0.0000000e+00 2.2155100e-15 1.7724000e-15
     69    171 0.0000000e+00 1.3180100e-14 8.4352600e-15
     69    172 0.0000000e+00 4.3833800e-14 2.8053600e-14
     70    168 0.0000000e+00 0.0000000e+00 0.0000000e+00
     70    169 0.0000000e+00 0.0000000e+00 0.0000000e+00
     70    170 0.0000000e+00 0.0000000e+00 0.0000000e+00
     70    171 0.0000000e+00 0.0000000e+00 0.0000000e+00
     70    172 0.0000000e+00 2.9510700e-17 2.3608600e-17
     71    172 0.0000000e+00 0.0000000e+00 0.0000000e+00
     71    172 1.0000000e+00 0.0000000e+00 0.0000000e+00


