   66   7.3057E-08
   67   1.3014E-07
   68   2.5012E-07
   69   4.8022E-07
   70   9.6104E-07
   71   1.9022E-06
   72   3.8044E-06
   73   7.3045E-06
   74   1.4006E-05
   75   2.6013E-05
   76   4.8176E-05
   77   8.5033E-05
   78   1.5003E-04
   79   2.4999E-04
   80   4.0950E-04
   81   6.6094E-04
   82   1.0134E-03
   83   1.5995E-03
   84   2.1876E-03
   85   3.4208E-03
   86   4.5271E-03
   87   6.2241E-03
   88   8.3389E-03
   89   1.1131E-02
   90   1.4205E-02
   91   1.7035E-02
   92   1.9936E-02
   93   2.3778E-02
   94   2.8432E-02
   95   3.0264E-02
   96   3.6126E-02
   97   4.1033E-02
   98   4.5894E-02
   99   5.1177E-02
  100   5.7048E-02
  101   6.2015E-02
  102   6.5014E-02
  103   6.7016E-02
  104   6.6953E-02
  105   6.4092E-02
  106   5.9021E-02
  107   5.2013E-02
  108   4.3008E-02
  109   3.4012E-02
  110   2.6030E-02
  111   1.9005E-02
  112   1.3004E-02
  113   8.5029E-03
  114   5.4026E-03
  115   3.4011E-03
  116   2.1007E-03
  117   1.4005E-03
  118   9.5033E-04
  119   7.4027E-04
  120   6.5022E-04
  121   6.4030E-04
  122   7.0338E-04
  123   8.6214E-04
  124   1.1945E-03
  125   1.7943E-03
  126   2.8730E-03
  127   4.6708E-03
  128   7.4434E-03
  129   1.0937E-02
  130   1.6929E-02
  131   2.3892E-02
  132   3.1856E-02
  133   3.9817E-02
  134   4.8768E-02
  135   5.6751E-02
  136   6.4801E-02
  137   6.7777E-02
  138   6.7902E-02
  139   6.5834E-02
  140   6.2723E-02
  141   5.9262E-02
  142   5.2718E-02
  143   4.7835E-02
  144   4.0250E-02
  145   3.7848E-02
  146   3.2853E-02
  147   2.8815E-02
  148   2.4836E-02
  149   2.0910E-02
  150   1.8037E-02
  151   1.4904E-02
  152   1.1923E-02
  153   9.0419E-03
  154   6.8643E-03
  155   5.2684E-03
  156   3.6666E-03
  157   2.5765E-03
  158   1.7838E-03
  159   1.1891E-03
  160   7.4869E-04
  161   4.6575E-04
  162   2.8738E-04
  163   1.6846E-04
  164   9.9131E-05
  165   5.6641E-05
  166   3.0717E-05
  167   1.6846E-05
  168   8.8184E-06
  169   4.5653E-06
  170   2.2855E-06
  171   1.1901E-06
  172   5.8439E-07
