#  n-Cm242-MT454-E0000.500.jendl5.0  independent fission yields
#   0    96   242  96xx  5.0000E-01        1299
    0     1     1     0       4.160130E-05       6.656210E-06
    1     1     2     0       1.271370E-05       1.818060E-06
    2     1     3     0       1.813850E-04       1.451080E-05
    1     2     3     0       0.000000E+00       0.000000E+00
    2     2     4     0       3.109690E-03       1.990200E-04
    4     2     6     0       4.342560E-05       6.426980E-06
    6     2     8     0       8.118060E-07       2.013280E-07
    3     3     6     0       3.078940E-06       4.556830E-07
    4     3     7     0       9.551850E-08       1.805300E-08
    5     3     8     0       5.755840E-08       1.427450E-08
    6     3     9     0       6.798050E-08       1.583950E-08
    3     4     7     0       1.148980E-06       2.171570E-07
    4     4     8     0       6.923620E-07       1.717060E-07
    5     4     9     0       8.177290E-07       1.905310E-07
    6     4    10     0       8.177290E-07       1.365610E-07
   43    23    66     0       3.388480E-18       4.563270E-16
   42    24    66     0       3.351340E-14       2.593600E-12
   43    24    67     0       2.942950E-15       2.350870E-13
   44    24    68     0       0.000000E+00       0.000000E+00
   45    24    69     0       1.492920E-18       2.691660E-16
   46    24    70     0       0.000000E+00       0.000000E+00
   41    25    66     0       1.805730E-11       5.217700E-10
   42    25    67     0       5.349010E-12       1.557530E-10
   43    25    68     0       4.369890E-13       2.585430E-11
   44    25    69     0       2.458730E-14       2.368360E-12
   45    25    70     0       2.598270E-15       1.656890E-13
   46    25    71     0       0.000000E+00       0.000000E+00
   47    25    72     0       0.000000E+00       0.000000E+00
   48    25    73     0       0.000000E+00       0.000000E+00
   40    26    66     0       1.100539E-09       6.262337E-09
   41    26    67     0       7.742750E-10       6.765071E-09
   42    26    68     0       1.989970E-10       3.804318E-09
   43    26    69     0       2.914330E-11       9.673670E-10
   44    26    70     0       8.909110E-12       2.683040E-10
   45    26    71     0       9.075990E-13       8.146590E-11
   46    26    72     0       1.562410E-13       8.442480E-12
   47    26    73     0       1.076270E-14       4.095290E-13
   48    26    74     0       0.000000E+00       0.000000E+00
   49    26    75     0       0.000000E+00       0.000000E+00
   50    26    76     0       0.000000E+00       0.000000E+00
   39    27    66     0       5.084625E-09       6.262663E-09
   40    27    67     0       1.064350E-08       1.177132E-08
   41    27    68     0       3.097950E-09       1.011686E-08
   41    27    68     1       2.893058E-09       1.509349E-08
   42    27    69     0       2.890695E-09       2.042674E-08
   43    27    70     0       9.151070E-10       8.302664E-09
   43    27    70     1       9.068310E-10       1.027342E-08
   44    27    71     0       5.631190E-10       1.533529E-08
   45    27    72     0       1.983350E-10       4.380880E-09
   46    27    73     0       4.611530E-11       9.877580E-10
   47    27    74     0       4.036850E-12       2.966480E-10
   48    27    75     0       5.477230E-13       3.027500E-11
   49    27    76     0       1.901130E-14       1.955960E-12
   50    27    77     0       0.000000E+00       0.000000E+00
   51    27    78     0       0.000000E+00       0.000000E+00
   38    28    66     0       3.590187E-09       9.198320E-10
   39    28    67     0       1.599086E-08       6.327791E-09
   40    28    68     0       2.527557E-08       1.676550E-08
   41    28    69     0       2.201547E-08       2.382837E-08
   41    28    69     1       5.562632E-09       1.072446E-08
   42    28    70     0       4.499663E-08       5.637401E-08
   43    28    71     0       2.993878E-08       1.291913E-07
   44    28    72     0       2.765871E-08       2.124189E-07
   45    28    73     0       1.558164E-08       1.258390E-07
   46    28    74     0       4.371745E-09       1.320650E-07
   47    28    75     0       1.233167E-09       3.068659E-08
   48    28    76     0       1.371880E-10       8.231297E-09
   49    28    77     0       1.887400E-11       1.650828E-09
   50    28    78     0       2.113730E-12       1.741540E-10
   51    28    79     0       9.875740E-14       2.868320E-12
   52    28    80     0       0.000000E+00       0.000000E+00
   53    28    81     0       0.000000E+00       0.000000E+00
   54    28    82     0       0.000000E+00       0.000000E+00
   37    29    66     0       1.853810E-10       4.132070E-12
   38    29    67     0       2.448899E-09       1.139300E-10
   39    29    68     0       2.162037E-09       2.561730E-10
   39    29    68     1       5.905256E-09       6.995660E-10
   40    29    69     0       2.654363E-08       6.096523E-09
   41    29    70     0       4.895536E-09       9.474180E-10
   41    29    70     1       7.575579E-08       3.684927E-08
   41    29    70     2       0.000000E+00       0.000000E+00
   42    29    71     0       1.442603E-07       1.247846E-07
   43    29    72     0       2.464213E-07       2.656197E-07
   44    29    73     0       4.154022E-07       5.189869E-07
   45    29    74     0       2.674124E-07       1.459496E-06
   46    29    75     0       1.997198E-07       1.350575E-06
   47    29    76     0       4.012086E-08       5.492835E-07
   47    29    76     1       1.159661E-08       3.312206E-07
   48    29    77     0       2.287691E-08       6.303920E-07
   49    29    78     0       5.656559E-09       1.591628E-07
   50    29    79     0       8.845850E-10       2.166475E-08
   51    29    80     0       3.880150E-11       2.258417E-09
   52    29    81     0       1.799680E-12       2.304770E-10
   53    29    82     0       6.430580E-14       5.266830E-12
   54    29    83     0       0.000000E+00       0.000000E+00
   55    29    84     0       0.000000E+00       0.000000E+00
   36    30    66     0       1.178120E-12       1.268750E-15
   37    30    67     0       3.707040E-11       1.087190E-13
   38    30    68     0       3.656040E-10       3.141040E-12
   39    30    69     0       4.753720E-10       9.312800E-12
   39    30    69     1       2.354224E-09       4.612040E-11
   40    30    70     0       2.206280E-08       1.562323E-09
   41    30    71     0       3.735432E-08       5.198129E-09
   41    30    71     1       4.211619E-08       5.245928E-09
   42    30    72     0       3.273607E-07       1.209187E-07
   43    30    73     0       9.151849E-07       3.836341E-07
   43    30    73     1       2.601030E-07       1.321140E-07
   44    30    74     0       2.126240E-06       1.699666E-06
   45    30    75     0       2.985990E-06       2.761105E-06
   46    30    76     0       2.224994E-06       5.020557E-06
   47    30    77     0       1.458396E-06       8.813555E-06
   47    30    77     1       8.172187E-07       6.032662E-06
   48    30    78     0       1.574808E-06       1.330572E-05
   49    30    79     0       5.501198E-07       6.014534E-06
   50    30    80     0       8.956588E-08       2.583881E-06
   51    30    81     0       9.974199E-09       4.945764E-07
   52    30    82     0       1.004089E-09       4.920298E-08
   53    30    83     0       3.069640E-11       3.975648E-09
   54    30    84     0       8.231410E-13       5.756790E-10
   55    30    85     0       0.000000E+00       0.000000E+00
   56    30    86     0       0.000000E+00       0.000000E+00
   36    31    67     0       4.676100E-14       2.338050E-14
   37    31    68     0       1.093850E-12       5.469240E-13
   38    31    69     0       2.878620E-11       2.611370E-14
   39    31    70     0       4.573090E-10       1.987020E-12
   40    31    71     0       4.740661E-09       4.232850E-11
   41    31    72     0       1.841473E-08       1.191444E-09
   41    31    72     1       1.841473E-08       1.751110E-10
   42    31    73     0       3.808213E-07       2.378302E-08
   43    31    74     0       9.773488E-07       1.636937E-07
   43    31    74     1       4.697607E-07       8.248951E-08
   44    31    75     0       4.869853E-06       1.300494E-06
   45    31    76     0       7.436840E-06       4.486671E-06
   46    31    77     0       2.149234E-05       1.359760E-05
   47    31    78     0       2.984177E-05       3.105709E-05
   48    31    79     0       2.896419E-05       7.148429E-05
   49    31    80     0       1.157569E-05       7.024493E-05
   50    31    81     0       4.284868E-06       5.513889E-05
   51    31    82     0       9.057750E-07       1.324647E-05
   52    31    83     0       9.578309E-08       3.774266E-06
   53    31    84     0       6.562063E-09       1.071405E-06
   54    31    85     0       5.479970E-10       3.815896E-08
   55    31    86     0       1.359210E-11       2.506395E-09
   56    31    87     0       0.000000E+00       0.000000E+00
   57    31    88     0       0.000000E+00       0.000000E+00
   58    31    89     0       0.000000E+00       0.000000E+00
   37    32    69     0       2.425890E-14       1.212950E-14
   38    32    70     0       1.091610E-12       5.458030E-13
   39    32    71     0       4.326050E-12       1.476010E-15
   39    32    71     1       2.142430E-11       7.309750E-15
   40    32    72     0       5.307920E-10       1.445200E-12
   41    32    73     0       1.066947E-08       5.319200E-11
   41    32    73     1       2.154405E-09       1.074070E-11
   42    32    74     0       1.438559E-07       2.313217E-09
   43    32    75     0       3.911933E-07       1.189418E-08
   43    32    75     1       5.152699E-07       1.538036E-08
   44    32    76     0       3.771179E-06       3.800940E-07
   45    32    77     0       1.698582E-05       2.787241E-06
   45    32    77     1       5.874388E-06       9.976134E-07
   46    32    78     0       7.919280E-05       2.275284E-05
   47    32    79     0       1.215488E-04       7.035924E-05
   47    32    79     1       3.009719E-05       1.841997E-05
   48    32    80     0       1.797171E-04       1.184893E-04
   49    32    81     0       9.824074E-05       1.821286E-04
   49    32    81     1       4.588968E-05       1.350017E-04
   50    32    82     0       8.774787E-05       2.679590E-04
   51    32    83     0       2.362116E-05       1.923559E-04
   52    32    84     0       5.143983E-06       1.705971E-04
   53    32    85     0       9.224988E-07       1.956860E-05
   54    32    86     0       7.840334E-08       5.033777E-06
   55    32    87     0       3.350642E-09       9.829752E-07
   56    32    88     0       1.197200E-10       2.728191E-08
   57    32    89     0       2.330690E-12       4.882890E-10
   58    32    90     0       0.000000E+00       0.000000E+00
   59    32    91     0       0.000000E+00       0.000000E+00
   39    33    72     0       4.726710E-13       2.363360E-13
   40    33    73     0       3.752890E-11       1.876450E-11
   41    33    74     0       1.005768E-09       5.017320E-13
   42    33    75     0       1.671428E-08       3.074240E-11
   43    33    76     0       1.543966E-07       9.872560E-10
   44    33    77     0       2.737837E-06       3.805227E-08
   45    33    78     0       1.860099E-05       5.628424E-07
   46    33    79     0       9.224012E-05       9.793464E-06
   47    33    80     0       2.358837E-04       3.733702E-05
   48    33    81     0       4.984400E-04       1.593552E-04
   49    33    82     0       3.591761E-04       2.133637E-04
   49    33    82     1       2.074549E-04       1.310425E-04
   50    33    83     0       5.172302E-04       3.482544E-04
   51    33    84     0       2.603858E-04       7.666856E-04
   52    33    85     0       1.240473E-04       5.471430E-04
   53    33    86     0       2.703207E-05       3.175514E-04
   54    33    87     0       3.980168E-06       1.751591E-04
   55    33    88     0       3.491989E-07       1.815040E-05
   56    33    89     0       2.267275E-08       1.691819E-06
   57    33    90     0       6.090760E-10       9.765312E-08
   58    33    91     0       1.465610E-11       1.012350E-08
   59    33    92     0       0.000000E+00       0.000000E+00
   60    33    93     0       0.000000E+00       0.000000E+00
   61    33    94     0       0.000000E+00       0.000000E+00
   62    33    95     0       0.000000E+00       0.000000E+00
   40    34    74     0       7.479940E-13       3.739970E-13
   41    34    75     0       2.576540E-11       1.288270E-11
   42    34    76     0       7.357440E-10       2.203960E-13
   43    34    77     0       3.666635E-09       2.342670E-12
   43    34    77     1       2.740653E-08       1.751040E-11
   44    34    78     0       5.827910E-07       1.237546E-09
   45    34    79     0       4.488548E-06       3.773636E-08
   45    34    79     1       1.633563E-06       1.357213E-08
   46    34    80     0       4.692520E-05       6.554995E-07
   47    34    81     0       9.016664E-05       3.544539E-06
   47    34    81     1       1.127971E-04       4.079040E-06
   48    34    82     0       5.463343E-04       5.614859E-05
   49    34    83     0       7.831092E-04       1.366974E-04
   49    34    83     1       3.102065E-04       5.836799E-05
   50    34    84     0       1.686008E-03       7.704226E-04
   51    34    85     0       1.540554E-03       6.605914E-04
   52    34    86     0       1.032962E-03       1.460222E-03
   53    34    87     0       3.855877E-04       1.563361E-03
   54    34    88     0       1.042085E-04       1.088957E-03
   55    34    89     0       1.681990E-05       2.985803E-04
   56    34    90     0       1.607174E-06       7.875517E-05
   57    34    91     0       9.975088E-08       1.523584E-05
   58    34    92     0       6.045836E-09       1.044872E-06
   59    34    93     0       1.233070E-10       6.062187E-08
   60    34    94     0       1.990450E-12       2.687289E-09
   61    34    95     0       0.000000E+00       0.000000E+00
   62    34    96     0       0.000000E+00       0.000000E+00
   42    35    77     0       6.010760E-12       3.005380E-12
   42    35    77     1       2.274880E-11       1.137440E-11
   43    35    78     0       1.184121E-09       7.585890E-14
   44    35    79     0       7.642052E-09       2.513580E-12
   44    35    79     1       2.892282E-08       9.513130E-12
   45    35    80     0       1.555553E-07       7.090560E-11
   45    35    80     1       5.420018E-07       2.470570E-10
   46    35    81     0       8.787875E-06       1.895854E-08
   47    35    82     0       1.464483E-05       1.137058E-07
   47    35    82     1       3.122923E-05       2.228615E-07
   48    35    83     0       2.715829E-04       3.862640E-06
   49    35    84     0       3.412337E-04       1.218542E-05
   49    35    84     1       5.397103E-04       1.952512E-05
   50    35    85     0       2.120556E-03       2.305064E-04
   51    35    86     0       3.128332E-03       5.715300E-04
   52    35    87     0       3.505467E-03       1.489231E-03
   53    35    88     0       2.124297E-03       2.094817E-03
   54    35    89     0       1.048086E-03       2.760452E-03
   55    35    90     0       2.618532E-04       1.918082E-03
   56    35    91     0       5.251046E-05       1.223663E-03
   57    35    92     0       7.354528E-06       2.463343E-04
   58    35    93     0       5.258334E-07       5.695258E-05
   59    35    94     0       2.295076E-08       6.085220E-06
   60    35    95     0       1.161561E-09       2.630478E-07
   61    35    96     0       2.471470E-11       1.604563E-08
   62    35    97     0       0.000000E+00       0.000000E+00
   63    35    98     0       0.000000E+00       0.000000E+00
   64    35    99     0       0.000000E+00       0.000000E+00
   65    35   100     0       0.000000E+00       0.000000E+00
   43    36    79     0       2.037230E-12       1.018620E-12
   43    36    79     1       1.522740E-11       7.613710E-12
   44    36    80     0       1.116543E-09       1.089740E-14
   45    36    81     0       2.915421E-08       1.990660E-12
   45    36    81     1       3.900440E-09       2.663250E-13
   46    36    82     0       4.657784E-07       1.739880E-10
   47    36    83     0       5.748684E-06       3.161316E-09
   47    36    83     1       1.160796E-06       1.077905E-09
   48    36    84     0       6.607666E-05       1.093837E-07
   49    36    85     0       2.159056E-04       1.745307E-06
   49    36    85     1       8.750731E-05       7.094470E-07
   50    36    86     0       1.433001E-03       3.795683E-05
   51    36    87     0       3.586136E-03       1.297749E-04
   52    36    88     0       5.868267E-03       1.094796E-03
   53    36    89     0       6.388233E-03       2.475279E-03
   54    36    90     0       5.017640E-03       3.173989E-03
   55    36    91     0       2.357530E-03       3.840999E-03
   56    36    92     0       9.385355E-04       4.603212E-03
   57    36    93     0       1.749304E-04       2.856945E-03
   58    36    94     0       2.573391E-05       1.160263E-03
   59    36    95     0       3.001111E-06       1.595434E-04
   60    36    96     0       2.074293E-07       3.392355E-05
   61    36    97     0       6.014310E-09       3.409851E-06
   62    36    98     0       2.038670E-10       1.207080E-07
   63    36    99     0       8.964990E-12       2.919668E-09
   64    36   100     0       4.572280E-14       7.303750E-11
   65    36   101     0       0.000000E+00       0.000000E+00
   66    36   102     0       0.000000E+00       0.000000E+00
   44    37    81     0       9.646560E-12       4.823280E-12
   44    37    81     1       0.000000E+00       0.000000E+00
   45    37    82     0       6.454250E-11       3.227120E-11
   45    37    82     1       2.248860E-10       1.124430E-10
   46    37    83     0       1.481068E-08       2.180280E-13
   47    37    84     0       4.378760E-08       1.389410E-12
   47    37    84     1       3.012126E-07       1.194710E-11
   48    37    85     0       4.221757E-06       1.372000E-09
   49    37    86     0       2.780983E-05       2.790232E-08
   49    37    86     1       2.047196E-05       2.081413E-08
   50    37    87     0       4.149145E-04       5.804183E-07
   51    37    88     0       1.456734E-03       1.836855E-05
   52    37    89     0       4.407157E-03       2.268486E-04
   53    37    90     0       2.972477E-03       2.759607E-04
   53    37    90     1       5.012685E-03       5.259316E-04
   54    37    91     0       1.066846E-02       1.612866E-03
   55    37    92     0       8.768389E-03       4.772114E-03
   56    37    93     0       5.164954E-03       4.932587E-03
   57    37    94     0       1.860718E-03       5.897006E-03
   58    37    95     0       6.139131E-04       4.829422E-03
   59    37    96     0       1.051270E-04       2.332531E-03
   60    37    97     0       1.032026E-05       8.235370E-04
   61    37    98     0       5.403479E-07       6.057770E-05
   61    37    98     1       2.891190E-07       3.910764E-05
   62    37    99     0       8.072542E-08       8.718879E-06
   63    37   100     0       1.473847E-09       6.234136E-07
   64    37   101     0       3.631620E-11       4.064209E-08
   65    37   102     0       0.000000E+00       0.000000E+00
   66    37   103     0       0.000000E+00       0.000000E+00
   67    37   104     0       0.000000E+00       0.000000E+00
   68    37   105     0       0.000000E+00       0.000000E+00
   45    38    83     0       2.421880E-12       1.210940E-12
   45    38    83     1       0.000000E+00       0.000000E+00
   46    38    84     0       1.848380E-10       9.241920E-11
   47    38    85     0       4.002759E-09       2.958600E-14
   47    38    85     1       8.082520E-10       5.974100E-15
   48    38    86     0       1.826253E-07       5.002770E-12
   49    38    87     0       3.385138E-06       8.736300E-11
   49    38    87     1       6.835377E-07       1.764060E-11
   50    38    88     0       4.787280E-05       2.716001E-08
   51    38    89     0       3.353613E-04       1.010863E-06
   52    38    90     0       1.877078E-03       1.106689E-05
   53    38    91     0       5.490026E-03       1.138471E-04
   54    38    92     0       1.162401E-02       5.118714E-04
   55    38    93     0       1.567479E-02       1.790420E-03
   56    38    94     0       1.703951E-02       4.276801E-03
   57    38    95     0       1.140348E-02       5.366576E-03
   58    38    96     0       5.720322E-03       7.785428E-03
   59    38    97     0       1.419788E-03       8.903635E-03
   60    38    98     0       3.313357E-04       5.630702E-03
   61    38    99     0       5.962457E-05       1.444216E-03
   62    38   100     0       4.452392E-06       4.121377E-04
   63    38   101     0       2.709126E-07       6.040813E-05
   64    38   102     0       1.512875E-08       5.368883E-06
   65    38   103     0       3.517160E-10       2.607879E-07
   66    38   104     0       6.141720E-12       2.637173E-09
   67    38   105     0       0.000000E+00       0.000000E+00
   68    38   106     0       0.000000E+00       0.000000E+00
   69    38   107     0       0.000000E+00       0.000000E+00
   47    39    86     0       0.000000E+00       0.000000E+00
   47    39    86     1       0.000000E+00       0.000000E+00
   48    39    87     0       1.031050E-10       5.155250E-11
   48    39    87     1       3.092845E-09       1.546423E-09
   49    39    88     0       3.003089E-08       2.910610E-13
   49    39    88     1       1.666391E-08       2.018830E-13
   49    39    88     2       4.456056E-08       5.398520E-13
   50    39    89     0       3.844465E-07       3.658820E-11
   50    39    89     1       1.903924E-06       1.811990E-10
   51    39    90     0       1.940108E-05       2.421099E-09
   51    39    90     1       1.423405E-05       1.828300E-09
   52    39    91     0       9.778179E-05       7.151987E-08
   52    39    91     1       2.028632E-04       1.486906E-07
   53    39    92     0       1.339579E-03       5.924291E-06
   54    39    93     0       1.963944E-03       3.056092E-05
   54    39    93     1       3.439522E-03       4.896446E-05
   55    39    94     0       1.319561E-02       2.312803E-04
   56    39    95     0       2.288523E-02       1.593388E-03
   57    39    96     0       1.525063E-02       4.288467E-03
   57    39    96     1       9.062849E-03       1.275752E-03
   58    39    97     0       4.392666E-03       3.598624E-03
   58    39    97     1       1.356443E-02       8.524738E-03
   58    39    97     2       0.000000E+00       0.000000E+00
   59    39    98     0       3.761774E-03       6.251796E-03
   59    39    98     1       5.195258E-03       8.263853E-03
   60    39    99     0       3.911977E-03       8.569818E-03
   61    39   100     0       7.485862E-04       7.361348E-03
   61    39   100     1       7.252912E-05       1.101332E-03
   62    39   101     0       1.516399E-04       4.490925E-03
   63    39   102     0       1.410156E-05       7.743210E-04
   63    39   102     1       5.044097E-06       3.463593E-04
   64    39   103     0       1.448900E-06       2.070867E-04
   65    39   104     0       6.480460E-08       9.248166E-06
   66    39   105     0       2.039493E-09       6.928119E-07
   67    39   106     0       6.661630E-11       4.626191E-08
   68    39   107     0       0.000000E+00       0.000000E+00
   69    39   108     0       0.000000E+00       0.000000E+00
   70    39   109     0       0.000000E+00       0.000000E+00
   48    40    88     0       1.729350E-11       8.646770E-12
   49    40    89     0       8.782100E-10       4.391050E-10
   49    40    89     1       2.265660E-10       1.132830E-10
   50    40    90     0       1.102472E-08       1.905540E-14
   50    40    90     1       5.344733E-08       9.237990E-14
   51    40    91     0       1.447675E-06       2.014320E-11
   52    40    92     0       1.869967E-05       2.837063E-09
   53    40    93     0       1.918253E-04       9.442727E-08
   54    40    94     0       1.447491E-03       2.152869E-06
   55    40    95     0       5.134977E-03       4.656099E-05
   56    40    96     0       1.538881E-02       2.420974E-04
   57    40    97     0       2.501661E-02       6.845524E-04
   58    40    98     0       3.194616E-02       3.442397E-03
   59    40    99     0       2.649320E-02       7.116899E-03
   60    40   100     0       1.719643E-02       8.753365E-03
   61    40   101     0       7.114234E-03       1.015787E-02
   62    40   102     0       2.457863E-03       1.337865E-02
   63    40   103     0       4.563205E-04       7.654945E-03
   64    40   104     0       6.432261E-05       2.252310E-03
   65    40   105     0       5.736364E-06       4.276831E-04
   66    40   106     0       4.682234E-07       7.919735E-05
   67    40   107     0       9.683226E-09       4.633950E-06
   68    40   108     0       4.408110E-10       2.670814E-07
   69    40   109     0       5.075170E-12       2.686025E-09
   70    40   110     0       1.688360E-14       8.441800E-15
   71    40   111     0       0.000000E+00       0.000000E+00
   72    40   112     0       0.000000E+00       0.000000E+00
   49    41    90     0       6.501060E-12       3.250530E-12
   49    41    90     1       0.000000E+00       0.000000E+00
   50    41    91     0       4.277770E-10       2.138880E-10
   50    41    91     1       1.158660E-10       5.793290E-11
   51    41    92     0       8.258446E-09       1.885890E-14
   51    41    92     1       8.201980E-09       2.341240E-14
   52    41    93     0       4.879851E-07       4.415360E-12
   52    41    93     1       9.853586E-08       8.915630E-13
   53    41    94     0       7.248150E-06       1.913790E-10
   53    41    94     1       4.330366E-06       1.143390E-10
   54    41    95     0       1.069288E-04       3.339043E-08
   54    41    95     1       8.568889E-06       2.690676E-09
   55    41    96     0       8.048808E-04       5.715131E-07
   56    41    97     0       3.484059E-03       7.269441E-06
   56    41    97     1       5.000905E-04       9.904447E-07
   57    41    98     0       6.643507E-03       7.673624E-05
   57    41    98     1       3.726765E-03       4.834985E-05
   58    41    99     0       1.865577E-02       1.154741E-03
   58    41    99     1       3.045565E-03       9.506149E-05
   59    41   100     0       2.008115E-02       1.221520E-03
   59    41   100     1       1.033009E-02       6.153244E-04
   60    41   101     0       3.326424E-02       4.930924E-03
   61    41   102     0       2.081150E-02       1.285321E-02
   61    41   102     1       2.231508E-03       1.699475E-03
   62    41   103     0       1.234604E-02       9.187981E-03
   63    41   104     0       2.392640E-03       9.113471E-03
   63    41   104     1       1.680909E-03       7.039553E-03
   64    41   105     0       1.151653E-03       9.783565E-03
   65    41   106     0       1.952582E-04       4.243756E-03
   66    41   107     0       1.667237E-05       1.243830E-03
   67    41   108     0       1.461309E-06       1.577496E-04
   68    41   109     0       5.554207E-08       8.357522E-06
   69    41   110     0       5.855300E-10       1.874250E-12
   70    41   111     0       3.342800E-12       1.375720E-14
   71    41   112     0       0.000000E+00       0.000000E+00
   72    41   113     0       0.000000E+00       0.000000E+00
   73    41   114     0       0.000000E+00       0.000000E+00
   74    41   115     0       0.000000E+00       0.000000E+00
   50    42    92     0       1.398920E-12       6.994620E-13
   51    42    93     0       7.900190E-11       3.950100E-11
   51    42    93     1       5.839270E-11       2.919640E-11
   52    42    94     0       9.472530E-09       4.736265E-09
   53    42    95     0       2.186845E-07       1.319090E-12
   54    42    96     0       4.826029E-06       7.560840E-11
   55    42    97     0       6.132485E-05       2.515549E-09
   56    42    98     0       4.471503E-04       1.975035E-07
   57    42    99     0       2.089792E-03       7.737460E-06
   58    42   100     0       7.897015E-03       5.766120E-05
   59    42   101     0       1.795093E-02       1.625682E-04
   60    42   102     0       3.053657E-02       1.103783E-03
   61    42   103     0       3.480194E-02       3.273234E-03
   62    42   104     0       3.134455E-02       8.253964E-03
   63    42   105     0       1.897233E-02       9.696333E-03
   64    42   106     0       8.590248E-03       9.241519E-03
   65    42   107     0       2.070875E-03       8.799539E-03
   66    42   108     0       4.537001E-04       6.818042E-03
   67    42   109     0       4.444276E-05       1.227896E-03
   68    42   110     0       1.849970E-06       4.559490E-06
   69    42   111     0       3.298869E-08       1.747225E-07
   70    42   112     0       0.000000E+00       0.000000E+00
   71    42   113     0       0.000000E+00       0.000000E+00
   72    42   114     0       0.000000E+00       0.000000E+00
   73    42   115     0       0.000000E+00       0.000000E+00
   74    42   116     0       0.000000E+00       0.000000E+00
   75    42   117     0       0.000000E+00       0.000000E+00
   52    43    95     0       2.607890E-11       1.303940E-11
   52    43    95     1       5.265930E-12       2.632970E-12
   53    43    96     0       9.225720E-10       4.612860E-10
   53    43    96     1       8.550250E-10       4.275130E-10
   54    43    97     0       6.405031E-08       2.878360E-14
   54    43    97     1       1.293317E-08       5.812080E-15
   55    43    98     0       1.304240E-06       9.035610E-12
   56    43    99     0       1.670037E-05       2.069423E-09
   56    43    99     1       3.372189E-06       4.178640E-10
   57    43   100     0       1.618849E-04       2.963962E-08
   58    43   101     0       1.046598E-03       5.960839E-07
   59    43   102     0       2.862953E-03       8.161899E-06
   59    43   102     1       7.619559E-04       2.367144E-06
   60    43   103     0       1.143810E-02       6.022028E-05
   61    43   104     0       2.182527E-02       4.566500E-04
   62    43   105     0       3.179752E-02       2.146745E-03
   63    43   106     0       3.000941E-02       3.695755E-03
   64    43   107     0       2.198560E-02       6.511843E-03
   65    43   108     0       9.720615E-03       8.628376E-03
   66    43   109     0       2.855934E-03       6.330779E-03
   67    43   110     0       3.505386E-04       3.153467E-03
   68    43   111     0       2.333676E-05       8.648710E-04
   69    43   112     0       1.201520E-12       1.205747E-04
   70    43   113     0       1.952530E-14       1.782650E-05
   71    43   114     0       0.000000E+00       0.000000E+00
   72    43   115     0       8.987870E-19       9.039969E-06
   73    43   116     0       0.000000E+00       0.000000E+00
   74    43   117     0       0.000000E+00       0.000000E+00
   75    43   118     0       2.538390E-12       3.335590E-10
   76    43   119     0       0.000000E+00       0.000000E+00
   77    43   120     0       0.000000E+00       0.000000E+00
   54    44    98     0       3.749750E-10       1.874870E-10
   55    44    99     0       1.665986E-08       4.027810E-14
   56    44   100     0       3.527770E-07       1.138270E-12
   57    44   101     0       5.426633E-06       5.227510E-11
   58    44   102     0       5.229632E-05       4.123530E-09
   59    44   103     0       1.829071E-04       5.687960E-08
   59    44   103     1       2.059425E-04       7.629334E-08
   60    44   104     0       2.128340E-03       3.749688E-06
   61    44   105     0       5.829585E-03       4.324426E-05
   62    44   106     0       1.537356E-02       1.337065E-04
   63    44   107     0       2.433739E-02       4.210909E-04
   64    44   108     0       2.737694E-02       2.260876E-03
   65    44   109     0       1.771978E-02       5.039771E-03
   66    44   110     0       7.340541E-03       5.275688E-03
   67    44   111     0       1.355923E-03       2.997889E-03
   68    44   112     0       2.427064E-06       1.565280E-03
   69    44   113     0       1.713757E-08       1.601870E-04
   69    44   113     1       1.301060E-07       8.594039E-04
   70    44   114     0       6.274470E-09       3.719160E-04
   71    44   115     0       1.829900E-10       2.177081E-04
   72    44   116     0       2.443140E-11       5.071454E-05
   73    44   117     0       1.139010E-12       7.222920E-06
   74    44   118     0       1.633096E-08       7.507820E-07
   75    44   119     0       7.591780E-11       5.145985E-08
   76    44   120     0       2.391180E-13       6.791060E-10
   77    44   121     0       0.000000E+00       0.000000E+00
   78    44   122     0       0.000000E+00       0.000000E+00
   79    44   123     0       0.000000E+00       0.000000E+00
   80    44   124     0       0.000000E+00       0.000000E+00
   55    45   100     0       0.000000E+00       0.000000E+00
   55    45   100     1       0.000000E+00       0.000000E+00
   56    45   101     0       3.711240E-10       1.855620E-10
   56    45   101     1       1.837944E-09       9.189720E-10
   57    45   102     0       1.292104E-08       1.220770E-14
   57    45   102     1       3.529178E-08       3.334330E-14
   58    45   103     0       1.340987E-07       6.421940E-13
   58    45   103     1       1.002334E-06       4.800130E-12
   59    45   104     0       3.366552E-06       9.480130E-11
   59    45   104     1       1.173008E-05       3.303170E-10
   60    45   105     0       7.888295E-05       1.630355E-08
   60    45   105     1       1.857078E-05       3.873851E-09
   61    45   106     0       1.225826E-04       6.227924E-08
   61    45   106     1       5.438446E-04       2.768943E-07
   62    45   107     0       2.901497E-03       2.534382E-06
   63    45   108     0       4.233122E-03       3.357889E-05
   63    45   108     1       2.825610E-03       2.281161E-05
   64    45   109     0       1.246120E-02       3.128707E-04
   65    45   110     0       4.519107E-03       4.219514E-05
   65    45   110     1       8.501629E-03       5.496035E-05
   66    45   111     0       7.632275E-03       3.958831E-04
   67    45   112     0       1.395026E-03       3.519755E-04
   67    45   112     1       5.719327E-04       1.978717E-04
   68    45   113     0       4.964315E-04       5.965078E-04
   69    45   114     0       3.288912E-05       1.729204E-04
   69    45   114     1       4.971572E-05       2.599381E-04
   70    45   115     0       1.367761E-05       2.658120E-04
   71    45   116     0       1.972028E-06       1.449051E-04
   71    45   116     1       2.324048E-06       1.837657E-04
   72    45   117     0       9.236424E-07       1.831337E-04
   73    45   118     0       5.888292E-06       5.482438E-05
   74    45   119     0       1.552417E-07       1.539933E-05
   75    45   120     0       2.022897E-09       8.341710E-07
   76    45   121     0       9.669240E-12       3.304236E-08
   77    45   122     0       0.000000E+00       0.000000E+00
   78    45   123     0       0.000000E+00       0.000000E+00
   79    45   124     0       0.000000E+00       0.000000E+00
   80    45   125     0       0.000000E+00       0.000000E+00
   81    45   126     0       0.000000E+00       0.000000E+00
   82    45   127     0       0.000000E+00       0.000000E+00
   83    45   128     0       0.000000E+00       0.000000E+00
   56    46   102     0       4.245070E-12       2.122530E-12
   57    46   103     0       2.558480E-10       1.279240E-10
   58    46   104     0       1.083790E-08       5.418950E-09
   59    46   105     0       1.250082E-07       3.951420E-13
   60    46   106     0       3.232612E-06       3.322600E-11
   61    46   107     0       1.057778E-05       1.048370E-10
   61    46   107     1       1.988994E-05       1.971310E-10
   62    46   108     0       2.388670E-04       6.158266E-08
   63    46   109     0       2.832769E-04       4.647852E-07
   63    46   109     1       6.904844E-04       1.047894E-06
   64    46   110     0       3.344596E-03       1.803126E-09
   65    46   111     0       1.749816E-03       1.058610E-08
   65    46   111     1       3.165121E-03       1.734189E-08
   66    46   112     0       5.344596E-03       2.110437E-07
   67    46   113     0       9.199548E-04       2.686529E-07
   67    46   113     1       1.965635E-03       7.368082E-07
   68    46   114     0       1.530603E-03       1.983692E-06
   69    46   115     0       1.274910E-04       6.573326E-06
   69    46   115     1       6.659064E-04       4.877997E-05
   70    46   116     0       6.213503E-04       2.125183E-04
   71    46   117     0       1.077710E-04       8.856366E-05
   71    46   117     1       2.909525E-04       2.347235E-04
   72    46   118     0       1.971266E-04       2.006908E-04
   73    46   119     0       2.351039E-05       1.946263E-04
   74    46   120     0       1.573983E-06       7.696641E-05
   75    46   121     0       3.410328E-08       1.143188E-05
   76    46   122     0       0.000000E+00       0.000000E+00
   77    46   123     0       0.000000E+00       0.000000E+00
   78    46   124     0       0.000000E+00       0.000000E+00
   79    46   125     0       0.000000E+00       0.000000E+00
   80    46   126     0       0.000000E+00       0.000000E+00
   81    46   127     0       0.000000E+00       0.000000E+00
   82    46   128     0       0.000000E+00       0.000000E+00
   83    46   129     0       0.000000E+00       0.000000E+00
   84    46   130     0       0.000000E+00       0.000000E+00
   85    46   131     0       0.000000E+00       0.000000E+00
   58    47   105     0       1.309800E-12       6.549000E-13
   58    47   105     1       9.790200E-12       4.895100E-12
   59    47   106     0       2.593380E-10       1.296690E-10
   59    47   106     1       7.083410E-10       3.541700E-10
   60    47   107     0       2.826869E-09       1.538620E-16
   60    47   107     1       2.112965E-08       1.150050E-15
   61    47   108     0       1.474543E-07       5.384270E-13
   61    47   108     1       4.027491E-07       1.470630E-12
   62    47   109     0       8.292291E-07       3.075000E-11
   62    47   109     1       6.198136E-06       2.298430E-10
   63    47   110     0       2.234312E-05       1.117156E-05
   63    47   110     1       4.741592E-05       2.370796E-05
   64    47   111     0       6.659379E-05       3.329690E-05
   64    47   111     1       2.819918E-04       1.409959E-04
   65    47   112     0       7.431757E-05       2.570960E-14
   66    47   113     0       1.806214E-05       1.437710E-13
   66    47   113     1       1.139035E-04       4.612980E-13
   67    47   114     0       3.548829E-05       7.050570E-13
   67    47   114     1       1.472244E-04       2.229150E-12
   68    47   115     0       2.677935E-05       3.498336E-08
   68    47   115     1       2.715978E-04       2.421122E-07
   69    47   116     0       1.561841E-04       3.621467E-06
   69    47   116     1       2.149317E-04       6.070916E-06
   69    47   116     2       0.000000E+00       0.000000E+00
   70    47   117     0       1.725744E-04       1.545486E-05
   70    47   117     1       4.214447E-04       3.649246E-05
   71    47   118     0       4.055354E-04       1.016327E-04
   71    47   118     1       1.029921E-04       2.722211E-05
   72    47   119     0       3.010221E-04       2.030860E-04
   72    47   119     1       1.609496E-05       1.936173E-05
   73    47   120     0       4.034198E-05       1.336946E-04
   73    47   120     1       3.734332E-05       1.316428E-04
   74    47   121     0       8.708414E-06       1.728488E-04
   75    47   122     0       1.188440E-11       4.318854E-05
   75    47   122     1       1.045010E-11       3.758923E-05
   76    47   123     0       1.682530E-12       2.570386E-05
   77    47   124     0       1.499600E-13       3.378644E-06
   78    47   125     0       0.000000E+00       0.000000E+00
   79    47   126     0       0.000000E+00       0.000000E+00
   80    47   127     0       0.000000E+00       0.000000E+00
   81    47   128     0       0.000000E+00       0.000000E+00
   82    47   129     0       1.853655E-09       2.257530E-15
   83    47   130     0       3.444270E-11       1.722140E-11
   84    47   131     0       0.000000E+00       0.000000E+00
   85    47   132     0       0.000000E+00       0.000000E+00
   86    47   133     0       0.000000E+00       0.000000E+00
   60    48   108     0       1.238370E-10       6.191870E-11
   61    48   109     0       4.088039E-09       2.044019E-09
   62    48   110     0       1.562587E-07       7.812935E-08
   63    48   111     0       4.782751E-07       2.391376E-07
   63    48   111     1       1.810123E-06       9.050615E-07
   64    48   112     0       1.022149E-09       5.110740E-10
   65    48   113     0       1.579144E-09       7.895720E-10
   65    48   113     1       4.860559E-09       2.430280E-09
   66    48   114     0       4.364147E-08       2.182073E-08
   67    48   115     0       6.999675E-08       1.139760E-11
   67    48   115     1       2.276591E-07       5.925010E-11
   68    48   116     0       9.977726E-07       3.556575E-08
   69    48   117     0       6.891921E-07       7.241428E-08
   69    48   117     1       4.064513E-06       3.827643E-07
   70    48   118     0       1.818625E-04       5.709378E-06
   71    48   119     0       2.302641E-04       1.328808E-05
   71    48   119     1       2.433159E-04       1.456743E-05
   72    48   120     0       4.750294E-04       1.342616E-04
   73    48   121     0       1.463571E-04       1.745479E-04
   73    48   121     1       5.133461E-05       7.537532E-05
   74    48   122     0       4.608010E-06       2.351026E-04
   75    48   123     0       3.256818E-07       6.290143E-05
   75    48   123     1       8.072821E-07       2.219477E-04
   76    48   124     0       3.273107E-07       1.505641E-04
   77    48   125     0       5.229756E-09       6.023788E-07
   77    48   125     1       6.033213E-08       8.685869E-06
   78    48   126     0       1.372826E-08       3.138273E-06
   79    48   127     0       2.182526E-09       7.437232E-07
   80    48   128     0       2.530030E-10       2.361900E-07
   81    48   129     0       2.654542E-06       5.382229E-08
   82    48   130     0       2.116283E-07       3.258869E-09
   83    48   131     0       7.053958E-09       1.768004E-06
   84    48   132     0       1.836250E-10       9.063204E-08
   85    48   133     0       2.136050E-12       9.313950E-10
   86    48   134     0       8.496920E-15       3.041000E-11
   87    48   135     0       0.000000E+00       0.000000E+00
   88    48   136     0       0.000000E+00       0.000000E+00
   61    49   110     0       0.000000E+00       0.000000E+00
   61    49   110     1       0.000000E+00       0.000000E+00
   62    49   111     0       9.865180E-10       4.932590E-10
   62    49   111     1       2.167100E-10       1.083550E-10
   63    49   112     0       0.000000E+00       0.000000E+00
   63    49   112     1       0.000000E+00       0.000000E+00
   64    49   113     0       0.000000E+00       0.000000E+00
   64    49   113     1       0.000000E+00       0.000000E+00
   65    49   114     0       0.000000E+00       0.000000E+00
   65    49   114     1       0.000000E+00       0.000000E+00
   65    49   114     2       0.000000E+00       0.000000E+00
   66    49   115     0       1.280650E-13       5.849460E-16
   66    49   115     1       2.585920E-14       1.181140E-16
   67    49   116     0       1.982580E-13       4.343820E-13
   67    49   116     1       1.033240E-12       3.929500E-12
   67    49   116     2       0.000000E+00       0.000000E+00
   68    49   117     0       2.250120E-11       1.772910E-10
   68    49   117     1       3.811070E-12       1.840360E-11
   69    49   118     0       9.273512E-07       1.806282E-09
   69    49   118     1       4.216884E-06       7.645739E-09
   69    49   118     2       0.000000E+00       0.000000E+00
   70    49   119     0       7.207174E-05       1.587169E-07
   70    49   119     1       1.070559E-05       2.399991E-08
   71    49   120     0       1.594670E-04       2.199779E-06
   71    49   120     1       1.131868E-04       1.604301E-06
   71    49   120     2       0.000000E+00       0.000000E+00
   72    49   121     0       4.173316E-04       2.890663E-05
   72    49   121     1       6.296717E-05       4.706571E-06
   73    49   122     0       1.029403E-04       2.045736E-05
   73    49   122     1       4.208223E-04       7.061617E-05
   73    49   122     2       0.000000E+00       0.000000E+00
   74    49   123     0       3.925625E-04       1.979475E-04
   74    49   123     1       4.546752E-05       2.567424E-05
   75    49   124     0       1.484862E-04       1.640739E-04
   75    49   124     1       1.463926E-04       1.751720E-04
   76    49   125     0       1.706490E-04       3.403603E-04
   76    49   125     1       4.697947E-05       1.207440E-04
   77    49   126     0       8.950519E-05       2.825600E-04
   77    49   126     1       5.517773E-05       1.609146E-04
   78    49   127     0       5.144067E-05       3.555773E-04
   78    49   127     1       3.269795E-05       1.784933E-04
   78    49   127     2       0.000000E+00       0.000000E+00
   79    49   128     0       2.128286E-05       3.132631E-04
   79    49   128     1       1.354085E-05       1.588271E-04
   80    49   129     0       3.069818E-04       4.954950E-04
   80    49   129     1       2.390063E-05       4.876864E-05
   80    49   129     2       0.000000E+00       0.000000E+00
   81    49   130     0       3.934762E-05       9.833247E-05
   81    49   130     1       3.907158E-05       6.808096E-05
   81    49   130     2       0.000000E+00       0.000000E+00
   82    49   131     0       8.801748E-06       4.097851E-04
   82    49   131     1       3.339097E-06       1.876033E-04
   82    49   131     2       0.000000E+00       0.000000E+00
   83    49   132     0       8.662638E-07       8.111737E-05
   84    49   133     0       3.469530E-08       4.787800E-06
   85    49   134     0       4.446400E-10       3.428856E-07
   86    49   135     0       7.120580E-12       1.929909E-08
   87    49   136     0       8.515400E-14       1.720720E-10
   88    49   137     0       0.000000E+00       0.000000E+00
   89    49   138     0       0.000000E+00       0.000000E+00
   63    50   113     0       0.000000E+00       0.000000E+00
   63    50   113     1       0.000000E+00       0.000000E+00
   64    50   114     0       0.000000E+00       0.000000E+00
   65    50   115     0       0.000000E+00       0.000000E+00
   66    50   116     0       0.000000E+00       0.000000E+00
   67    50   117     0       0.000000E+00       0.000000E+00
   67    50   117     1       0.000000E+00       0.000000E+00
   68    50   118     0       1.463531E-08       1.217040E-12
   69    50   119     0       7.681449E-07       3.347980E-11
   69    50   119     1       6.698440E-07       2.963480E-11
   70    50   120     0       2.160406E-05       8.686996E-09
   71    50   121     0       2.589335E-05       5.373741E-08
   71    50   121     1       1.121383E-04       2.176772E-07
   72    50   122     0       3.976000E-04       2.732547E-06
   73    50   123     0       5.348367E-04       1.504321E-05
   73    50   123     1       9.391693E-05       3.822589E-06
   74    50   124     0       8.764659E-04       1.120307E-04
   75    50   125     0       1.010320E-03       1.787301E-04
   75    50   125     1       2.773187E-04       7.608036E-05
   76    50   126     0       2.323382E-03       2.566072E-04
   77    50   127     0       2.281285E-03       6.607203E-04
   77    50   127     1       6.830781E-04       3.249794E-04
   78    50   128     0       2.385814E-03       1.422585E-03
   78    50   128     1       1.696758E-03       8.313344E-04
   79    50   129     0       2.254665E-03       2.660748E-03
   79    50   129     1       1.735610E-03       2.581383E-03
   80    50   130     0       1.867170E-03       4.424562E-03
   80    50   130     1       1.386477E-03       3.238942E-03
   81    50   131     0       6.957210E-04       4.064498E-03
   81    50   131     1       7.861129E-04       4.166369E-03
   82    50   132     0       3.924536E-04       6.073178E-03
   83    50   133     0       4.263762E-05       1.370791E-03
   84    50   134     0       2.131671E-06       3.190824E-04
   85    50   135     0       7.924874E-08       4.000445E-05
   86    50   136     0       2.971836E-09       1.793346E-06
   87    50   137     0       4.133270E-11       5.618662E-09
   88    50   138     0       2.828600E-13       7.954400E-10
   89    50   139     0       0.000000E+00       0.000000E+00
   90    50   140     0       0.000000E+00       0.000000E+00
   65    51   116     0       0.000000E+00       0.000000E+00
   65    51   116     1       0.000000E+00       0.000000E+00
   66    51   117     0       0.000000E+00       0.000000E+00
   67    51   118     0       7.988160E-13       3.994080E-13
   67    51   118     1       1.337060E-12       6.685280E-13
   68    51   119     0       1.859706E-09       9.298530E-10
   69    51   120     0       4.168001E-08       1.847940E-13
   69    51   120     1       6.976379E-08       3.093080E-13
   70    51   121     0       3.607169E-06       8.951310E-11
   71    51   122     0       4.159573E-07       1.388181E-09
   71    51   122     1       3.434214E-07       9.166150E-10
   71    51   122     2       0.000000E+00       0.000000E+00
   72    51   123     0       4.113432E-06       6.996357E-08
   73    51   124     0       3.559618E-06       4.862994E-07
   73    51   124     1       8.738249E-06       8.371430E-07
   73    51   124     2       0.000000E+00       0.000000E+00
   74    51   125     0       5.397493E-05       2.907980E-07
   75    51   126     0       1.116657E-04       2.946048E-07
   75    51   126     1       1.092969E-04       1.169922E-06
   75    51   126     2       0.000000E+00       0.000000E+00
   76    51   127     0       6.828181E-04       1.317325E-05
   77    51   128     0       1.213045E-03       3.915252E-05
   77    51   128     1       7.083974E-04       2.599008E-05
   78    51   129     0       3.885328E-03       4.821142E-04
   78    51   129     1       1.125154E-03       8.720242E-05
   79    51   130     0       5.853638E-03       1.166405E-03
   79    51   130     1       4.568950E-03       1.084697E-03
   80    51   131     0       1.471289E-02       4.024660E-03
   81    51   132     0       6.486650E-03       8.256814E-03
   81    51   132     1       3.080116E-03       3.798167E-03
   82    51   133     0       3.743937E-03       1.068122E-02
   83    51   134     0       1.979661E-04       3.519583E-03
   83    51   134     1       3.749023E-04       5.575427E-03
   84    51   135     0       6.487028E-05       3.795219E-03
   85    51   136     0       6.106619E-06       5.409620E-04
   86    51   137     0       2.728441E-07       1.439250E-05
   87    51   138     0       5.452301E-09       3.059315E-06
   88    51   139     0       1.320730E-10       1.377806E-07
   89    51   140     0       0.000000E+00       0.000000E+00
   90    51   141     0       0.000000E+00       0.000000E+00
   91    51   142     0       0.000000E+00       0.000000E+00
   92    51   143     0       0.000000E+00       0.000000E+00
   67    52   119     0       1.868880E-13       9.344400E-14
   67    52   119     1       0.000000E+00       0.000000E+00
   68    52   120     0       5.840750E-11       2.920370E-11
   69    52   121     0       1.723943E-09       8.619720E-10
   69    52   121     1       6.524584E-09       3.262292E-09
   70    52   122     0       1.017970E-12       1.493650E-13
   71    52   123     0       3.763730E-12       2.804200E-12
   71    52   123     1       1.424450E-11       1.061310E-11
   72    52   124     0       1.716430E-10       1.301281E-09
   73    52   125     0       4.757670E-10       4.787910E-14
   73    52   125     1       1.913100E-09       1.260810E-13
   74    52   126     0       3.893183E-08       3.535130E-12
   75    52   127     0       7.045225E-08       2.827960E-11
   75    52   127     1       2.680327E-07       8.295680E-11
   76    52   128     0       3.701865E-06       2.332105E-09
   77    52   129     0       2.130201E-04       2.089190E-08
   77    52   129     1       5.551180E-04       4.411291E-08
   78    52   130     0       5.080280E-03       1.905268E-06
   79    52   131     0       4.766594E-03       2.715503E-04
   79    52   131     1       1.150109E-02       2.308052E-04
   80    52   132     0       2.979138E-02       2.741211E-03
   81    52   133     0       8.130021E-03       6.818367E-03
   81    52   133     1       1.940977E-02       5.915838E-03
   82    52   134     0       1.630503E-02       9.568207E-03
   83    52   135     0       4.632659E-03       1.147830E-02
   84    52   136     0       1.305456E-03       1.099427E-02
   85    52   137     0       1.502352E-04       2.097640E-03
   86    52   138     0       1.055099E-05       9.933389E-04
   87    52   139     0       6.215466E-07       1.327295E-04
   88    52   140     0       3.068033E-08       1.856666E-05
   89    52   141     0       4.646350E-10       9.295472E-07
   90    52   142     0       8.655170E-12       2.880391E-08
   91    52   143     0       0.000000E+00       0.000000E+00
   92    52   144     0       0.000000E+00       0.000000E+00
   93    52   145     0       0.000000E+00       0.000000E+00
   69    53   122     0       0.000000E+00       0.000000E+00
   70    53   123     0       0.000000E+00       0.000000E+00
   71    53   124     0       0.000000E+00       0.000000E+00
   72    53   125     0       0.000000E+00       0.000000E+00
   73    53   126     0       0.000000E+00       0.000000E+00
   74    53   127     0       8.035210E-14       4.017610E-14
   75    53   128     0       3.139620E-12       1.569810E-12
   76    53   129     0       1.246809E-05       6.234045E-06
   77    53   130     0       1.969866E-04       4.480050E-13
   77    53   130     1       3.348256E-05       8.635850E-14
   78    53   131     0       2.055257E-03       3.754896E-06
   79    53   132     0       4.978678E-03       6.451035E-05
   79    53   132     1       3.804383E-03       3.545492E-05
   80    53   133     0       1.775796E-02       1.430595E-03
   80    53   133     1       5.208880E-03       2.599016E-04
   81    53   134     0       2.078122E-02       1.841202E-03
   81    53   134     1       1.423406E-02       5.752561E-04
   82    53   135     0       3.397162E-02       7.204359E-03
   83    53   136     0       1.822487E-02       8.744295E-03
   83    53   136     1       3.324407E-03       1.801533E-03
   84    53   137     0       7.284440E-03       1.181941E-02
   85    53   138     0       1.407548E-03       1.023401E-02
   86    53   139     0       2.439064E-04       6.673099E-03
   87    53   140     0       2.877657E-05       2.085955E-03
   88    53   141     0       1.700898E-06       4.600178E-04
   89    53   142     0       8.388910E-08       3.833978E-05
   90    53   143     0       3.019776E-09       1.994197E-06
   91    53   144     0       3.798880E-11       1.220416E-07
   92    53   145     0       0.000000E+00       0.000000E+00
   93    53   146     0       0.000000E+00       0.000000E+00
   94    53   147     0       0.000000E+00       0.000000E+00
   95    53   148     0       0.000000E+00       0.000000E+00
   71    54   125     0       0.000000E+00       0.000000E+00
   71    54   125     1       0.000000E+00       0.000000E+00
   72    54   126     0       0.000000E+00       0.000000E+00
   73    54   127     0       0.000000E+00       0.000000E+00
   73    54   127     1       0.000000E+00       0.000000E+00
   74    54   128     0       0.000000E+00       0.000000E+00
   75    54   129     0       3.810743E-09       1.905372E-09
   75    54   129     1       1.442250E-08       7.211250E-09
   76    54   130     0       1.244585E-06       6.222925E-07
   77    54   131     0       5.898884E-06       2.480980E-10
   77    54   131     1       1.922413E-05       7.465670E-10
   78    54   132     0       2.670291E-04       1.466317E-07
   78    54   132     1       6.816930E-05       2.895194E-08
   79    54   133     0       5.590885E-04       3.112081E-06
   79    54   133     1       1.601223E-03       7.278518E-06
   80    54   134     0       5.879970E-03       6.410013E-05
   80    54   134     1       4.908372E-03       3.681007E-05
   81    54   135     0       8.213957E-03       2.277226E-04
   81    54   135     1       1.828439E-02       1.786880E-04
   82    54   136     0       4.974905E-02       2.391281E-03
   83    54   137     0       3.743487E-02       7.832293E-03
   84    54   138     0       2.224731E-02       9.231500E-03
   85    54   139     0       8.590524E-03       1.027736E-02
   86    54   140     0       2.777100E-03       1.050522E-02
   87    54   141     0       4.676776E-04       8.421454E-03
   88    54   142     0       7.440042E-05       3.827966E-03
   89    54   143     0       6.677063E-06       4.629870E-04
   90    54   144     0       2.829254E-07       1.320872E-04
   91    54   145     0       5.807748E-09       1.432580E-05
   92    54   146     0       1.348300E-10       6.598979E-07
   93    54   147     0       3.175560E-12       1.561386E-08
   94    54   148     0       1.074540E-14       1.785860E-10
   95    54   149     0       0.000000E+00       0.000000E+00
   96    54   150     0       0.000000E+00       0.000000E+00
   73    55   128     0       0.000000E+00       0.000000E+00
   74    55   129     0       2.228970E-12       1.114490E-12
   75    55   130     0       0.000000E+00       0.000000E+00
   75    55   130     1       0.000000E+00       0.000000E+00
   76    55   131     0       2.535782E-08       1.234870E-14
   77    55   132     0       9.094192E-07       1.031240E-11
   78    55   133     0       1.912687E-05       3.652489E-09
   79    55   134     0       1.587109E-04       4.478473E-08
   79    55   134     1       1.213852E-04       3.247146E-08
   80    55   135     0       1.836651E-03       1.171223E-06
   80    55   135     1       6.212950E-04       3.085457E-07
   81    55   136     0       6.989660E-03       2.737404E-05
   81    55   136     1       3.153954E-03       1.045216E-05
   82    55   137     0       2.343067E-02       6.198319E-04
   83    55   138     0       1.290895E-02       4.915143E-04
   83    55   138     1       2.029907E-02       6.589054E-04
   84    55   139     0       3.277255E-02       3.563762E-03
   85    55   140     0       2.216052E-02       5.499979E-03
   86    55   141     0       1.111849E-02       7.652307E-03
   87    55   142     0       4.257212E-03       8.616253E-03
   88    55   143     0       1.108483E-03       8.212516E-03
   89    55   144     0       1.278135E-04       4.747234E-03
   90    55   145     0       9.394315E-06       1.732207E-03
   91    55   146     0       5.573203E-07       2.461781E-04
   92    55   147     0       3.067027E-08       2.206336E-05
   93    55   148     0       3.935170E-10       9.435551E-07
   94    55   149     0       4.933830E-12       4.209154E-08
   95    55   150     0       5.246420E-14       1.349231E-09
   96    55   151     0       0.000000E+00       0.000000E+00
   97    55   152     0       0.000000E+00       0.000000E+00
   75    56   131     0       1.964330E-12       9.821650E-13
   75    56   131     1       0.000000E+00       0.000000E+00
   76    56   132     0       2.386630E-10       1.193320E-10
   77    56   133     0       7.383690E-10       3.607220E-15
   77    56   133     1       1.307034E-08       7.981750E-14
   78    56   134     0       7.749191E-07       4.806690E-12
   79    56   135     0       5.262194E-06       4.746160E-11
   79    56   135     1       1.781963E-05       1.607210E-10
   80    56   136     0       1.417335E-04       1.437706E-08
   80    56   136     1       1.339321E-04       1.198884E-08
   81    56   137     0       5.778191E-04       1.934556E-06
   81    56   137     1       9.256652E-04       2.796083E-06
   82    56   138     0       7.410359E-03       2.460311E-05
   83    56   139     0       1.533128E-02       7.716075E-05
   84    56   140     0       2.577525E-02       3.668647E-04
   85    56   141     0       2.779007E-02       1.177601E-03
   86    56   142     0       2.918547E-02       4.298409E-03
   87    56   143     0       1.649760E-02       6.709369E-03
   88    56   144     0       5.787390E-03       7.391194E-03
   89    56   145     0       1.150676E-03       5.718890E-03
   90    56   146     0       2.035512E-04       5.284110E-03
   91    56   147     0       2.375023E-05       1.703882E-03
   92    56   148     0       1.275262E-06       3.521826E-04
   93    56   149     0       4.464852E-08       4.093316E-05
   94    56   150     0       1.456072E-09       4.569713E-06
   95    56   151     0       2.260420E-11       1.502781E-07
   96    56   152     0       2.554780E-13       4.565974E-09
   97    56   153     0       0.000000E+00       0.000000E+00
   98    56   154     0       0.000000E+00       0.000000E+00
   76    57   133     0       7.547280E-13       3.773640E-13
   77    57   134     0       0.000000E+00       0.000000E+00
   78    57   135     0       1.923500E-08       9.617500E-09
   79    57   136     0       2.113178E-07       1.056589E-07
   79    57   136     1       3.537029E-07       1.768514E-07
   80    57   137     0       9.489245E-06       1.016214E-09
   81    57   138     0       1.262913E-04       7.826488E-09
   82    57   139     0       8.137548E-04       1.814039E-07
   83    57   140     0       2.926366E-03       1.866548E-06
   84    57   141     0       8.068502E-03       1.811599E-05
   85    57   142     0       1.868110E-02       1.194274E-04
   86    57   143     0       2.691482E-02       8.641481E-04
   87    57   144     0       2.161142E-02       1.942904E-03
   88    57   145     0       1.303954E-02       3.483701E-03
   89    57   146     0       2.164357E-03       3.782404E-03
   89    57   146     1       3.078249E-03       4.804906E-03
   90    57   147     0       1.560954E-03       4.698484E-03
   91    57   148     0       2.515470E-04       4.100001E-03
   92    57   149     0       2.915676E-05       1.883747E-03
   93    57   150     0       2.444794E-06       5.204653E-04
   94    57   151     0       1.221777E-07       7.586537E-05
   95    57   152     0       3.656203E-09       6.353117E-06
   96    57   153     0       1.147790E-10       2.435795E-07
   97    57   154     0       1.386030E-12       1.308632E-08
   98    57   155     0       0.000000E+00       0.000000E+00
   99    57   156     0       0.000000E+00       0.000000E+00
  100    57   157     0       0.000000E+00       0.000000E+00
   77    58   135     0       1.318110E-12       6.590570E-13
   77    58   135     1       0.000000E+00       0.000000E+00
   78    58   136     0       0.000000E+00       0.000000E+00
   79    58   137     0       3.672870E-10       1.836430E-10
   79    58   137     1       4.848823E-09       2.424411E-09
   80    58   138     0       2.106281E-08       1.726740E-14
   80    58   138     1       2.202427E-07       2.256950E-13
   81    58   139     0       9.622309E-07       2.102080E-12
   81    58   139     1       2.696440E-06       5.890610E-12
   82    58   140     0       4.151989E-05       3.527300E-10
   83    58   141     0       2.394156E-04       6.433725E-09
   84    58   142     0       1.610924E-03       5.481146E-07
   85    58   143     0       5.040097E-03       1.247075E-05
   86    58   144     0       1.143254E-02       4.413731E-05
   87    58   145     0       1.639365E-02       1.655349E-04
   88    58   146     0       1.701420E-02       8.587026E-04
   89    58   147     0       1.064836E-02       2.094631E-03
   90    58   148     0       5.297130E-03       4.771189E-03
   91    58   149     0       1.557044E-03       3.522458E-03
   92    58   150     0       3.767286E-04       3.458063E-03
   93    58   151     0       5.742840E-06       2.322863E-04
   93    58   151     1       4.234572E-05       1.915847E-03
   94    58   152     0       4.673434E-06       6.466570E-04
   95    58   153     0       3.431739E-07       9.054554E-05
   96    58   154     0       1.352331E-08       1.402263E-05
   97    58   155     0       3.222460E-10       1.516044E-06
   98    58   156     0       7.925920E-12       7.670348E-08
   99    58   157     0       1.071140E-13       1.328682E-09
  100    58   158     0       0.000000E+00       0.000000E+00
  101    58   159     0       0.000000E+00       0.000000E+00
  102    58   160     0       0.000000E+00       0.000000E+00
   79    59   138     0       0.000000E+00       0.000000E+00
   79    59   138     1       0.000000E+00       0.000000E+00
   80    59   139     0       1.417407E-09       7.087040E-10
   81    59   140     0       3.774164E-08       1.887082E-08
   82    59   141     0       6.099709E-07       9.548610E-14
   83    59   142     0       2.783975E-06       1.091660E-11
   83    59   142     1       7.604004E-06       2.981700E-11
   84    59   143     0       9.299495E-05       4.618492E-09
   85    59   144     0       1.279524E-04       1.703286E-08
   85    59   144     1       4.014107E-04       5.581622E-08
   86    59   145     0       2.349501E-03       8.884315E-07
   87    59   146     0       5.271496E-03       1.354712E-05
   88    59   147     0       8.715106E-03       1.658959E-04
   89    59   148     0       8.817849E-03       5.467720E-04
   89    59   148     1       1.057225E-03       7.003199E-05
   90    59   149     0       8.118310E-03       1.680295E-03
   91    59   150     0       4.355251E-03       2.496627E-03
   92    59   151     0       1.605719E-03       2.339159E-03
   93    59   152     0       3.835845E-04       2.023108E-03
   94    59   153     0       7.646265E-05       1.391686E-03
   95    59   154     0       7.882613E-06       4.944393E-04
   96    59   155     0       5.953433E-07       1.742568E-04
   97    59   156     0       3.442748E-08       2.434452E-05
   98    59   157     0       1.365286E-09       1.921307E-06
   99    59   158     0       2.695790E-11       1.010765E-07
  100    59   159     0       3.623510E-13       3.950057E-09
  101    59   160     0       0.000000E+00       0.000000E+00
  102    59   161     0       0.000000E+00       0.000000E+00
  103    59   162     0       0.000000E+00       0.000000E+00
   81    60   141     0       1.064790E-10       5.323960E-11
   81    60   141     1       0.000000E+00       0.000000E+00
   82    60   142     0       6.572804E-09       3.286402E-09
   83    60   143     0       1.432352E-07       7.964560E-14
   84    60   144     0       2.658624E-06       4.275220E-12
   85    60   145     0       3.249568E-05       1.179410E-10
   86    60   146     0       2.071738E-04       8.295566E-09
   87    60   147     0       8.443831E-04       4.095293E-07
   88    60   148     0       2.587218E-03       5.008797E-06
   89    60   149     0       4.899488E-03       3.392733E-05
   90    60   150     0       6.684738E-03       1.677516E-04
   91    60   151     0       5.441308E-03       5.833139E-04
   92    60   152     0       3.614668E-03       1.414603E-03
   93    60   153     0       1.494598E-03       1.562589E-03
   94    60   154     0       4.583311E-04       1.135250E-03
   95    60   155     0       8.384004E-05       8.400176E-04
   96    60   156     0       1.337452E-05       5.177301E-04
   97    60   157     0       1.276376E-06       1.370034E-04
   98    60   158     0       7.862790E-08       2.779572E-05
   99    60   159     0       2.703951E-09       2.788986E-06
  100    60   160     0       9.374700E-11       3.346749E-07
  101    60   161     0       1.429890E-12       1.965402E-08
  102    60   162     0       1.119350E-14       4.713520E-10
  103    60   163     0       0.000000E+00       0.000000E+00
  104    60   164     0       0.000000E+00       0.000000E+00
   83    61   144     0       8.605470E-10       4.302730E-10
   84    61   145     0       3.696336E-08       1.848168E-08
   85    61   146     0       5.803697E-07       1.608840E-13
   86    61   147     0       8.196839E-06       5.512970E-11
   87    61   148     0       1.504286E-05       3.774940E-10
   87    61   148     1       4.108719E-05       1.031066E-09
   88    61   149     0       3.207208E-04       3.622601E-08
   89    61   150     0       9.747908E-04       4.225899E-07
   90    61   151     0       2.145272E-03       6.247653E-06
   91    61   152     0       1.234539E-03       1.734050E-05
   91    61   152     1       1.892855E-03       2.390395E-05
   91    61   152     2       0.000000E+00       0.000000E+00
   92    61   153     0       3.119785E-03       2.039538E-04
   93    61   154     0       5.103838E-04       8.935935E-05
   93    61   154     1       1.626454E-03       2.985580E-04
   94    61   155     0       1.081714E-03       6.312099E-04
   95    61   156     0       3.671179E-04       5.846528E-04
   96    61   157     0       9.525599E-05       4.073110E-04
   97    61   158     0       1.428810E-05       2.460077E-04
   98    61   159     0       1.482200E-06       9.620957E-05
   99    61   160     0       1.213331E-07       2.484070E-05
  100    61   161     0       5.596845E-09       4.761521E-06
  101    61   162     0       1.116150E-10       3.608959E-07
  102    61   163     0       1.844520E-12       1.107395E-08
  103    61   164     0       1.748920E-14       1.745340E-10
  104    61   165     0       0.000000E+00       0.000000E+00
  105    61   166     0       0.000000E+00       0.000000E+00
   84    62   146     0       1.541440E-10       7.707210E-11
   85    62   147     0       6.972776E-09       3.486388E-09
   86    62   148     0       1.255859E-07       2.730520E-14
   87    62   149     0       1.904735E-06       1.858370E-12
   88    62   150     0       1.673581E-05       7.716450E-11
   89    62   151     0       8.834144E-05       3.442413E-09
   90    62   152     0       3.701561E-04       9.405272E-08
   91    62   153     0       3.179270E-04       4.980622E-07
   91    62   153     1       4.303302E-04       8.053859E-07
   92    62   154     0       1.394725E-03       8.505362E-06
   93    62   155     0       1.511610E-03       2.997440E-05
   94    62   156     0       1.245852E-03       1.185439E-04
   95    62   157     0       6.779699E-04       2.421240E-04
   96    62   158     0       2.785945E-04       2.686147E-04
   97    62   159     0       6.738382E-05       1.617260E-04
   98    62   160     0       1.473544E-05       1.030320E-04
   99    62   161     0       1.640875E-06       5.459732E-05
  100    62   162     0       9.823530E-08       1.667567E-05
  101    62   163     0       3.804066E-09       1.814323E-06
  102    62   164     0       1.122190E-10       9.616837E-08
  103    62   165     0       2.190670E-12       1.426049E-08
  104    62   166     0       3.868710E-14       9.726870E-10
  105    62   167     0       0.000000E+00       0.000000E+00
  106    62   168     0       0.000000E+00       0.000000E+00
   86    63   149     0       8.975570E-10       4.487780E-10
   87    63   150     0       1.621601E-08       8.108005E-09
   87    63   150     1       3.344929E-09       1.672465E-09
   88    63   151     0       3.190854E-07       8.931360E-14
   89    63   152     0       1.547211E-06       3.199890E-12
   89    63   152     1       1.516869E-07       3.137150E-13
   89    63   152     2       1.668557E-06       3.450860E-12
   90    63   153     0       1.810736E-05       2.925780E-10
   91    63   154     0       3.385000E-05       2.830026E-09
   91    63   154     1       4.741470E-05       3.964100E-09
   92    63   155     0       2.421851E-04       7.593570E-08
   93    63   156     0       4.037642E-04       8.090667E-07
   94    63   157     0       5.415464E-04       7.196882E-06
   95    63   158     0       4.782395E-04       2.373891E-05
   96    63   159     0       3.025951E-04       5.500196E-05
   97    63   160     0       1.373361E-04       6.240774E-05
   98    63   161     0       4.146893E-05       5.687481E-05
   99    63   162     0       5.834135E-06       2.446964E-05
  100    63   163     0       6.005093E-07       1.174842E-05
  101    63   164     0       4.465602E-08       2.261441E-06
  102    63   165     0       2.694637E-09       8.746266E-07
  103    63   166     0       1.091620E-10       1.433618E-07
  104    63   167     0       2.567660E-12       1.151336E-08
  105    63   168     0       6.491400E-14       3.072140E-10
  106    63   169     0       0.000000E+00       0.000000E+00
  107    63   170     0       0.000000E+00       0.000000E+00
   87    64   151     0       9.036740E-11       4.518370E-11
   88    64   152     0       3.020879E-09       1.510440E-09
   89    64   153     0       3.683115E-08       1.841557E-08
   90    64   154     0       5.154153E-07       3.752770E-13
   91    64   155     0       3.119604E-07       7.783790E-13
   91    64   155     1       3.448862E-06       1.075670E-11
   92    64   156     0       1.640877E-05       4.115260E-10
   93    64   157     0       4.799876E-05       1.144317E-08
   94    64   158     0       1.139113E-04       1.413491E-07
   95    64   159     0       1.559529E-04       8.162292E-07
   96    64   160     0       1.699744E-04       2.722980E-06
   97    64   161     0       1.084847E-04       6.493520E-06
   98    64   162     0       3.996114E-05       1.364566E-05
   99    64   163     0       8.558136E-06       1.142985E-05
  100    64   164     0       1.807108E-06       3.360609E-06
  101    64   165     0       2.616195E-07       1.968984E-06
  102    64   166     0       2.848434E-08       1.014980E-06
  103    64   167     0       1.621771E-09       3.021116E-07
  104    64   168     0       9.837230E-11       3.819298E-08
  105    64   169     0       2.421160E-12       5.449498E-09
  106    64   170     0       9.954510E-14       5.518000E-10
  107    64   171     0       1.391410E-15       6.017350E-11
  108    64   172     0       0.000000E+00       0.000000E+00
   89    65   154     0       1.531840E-11       7.659200E-12
   89    65   154     1       1.557380E-10       7.786880E-11
   89    65   154     2       4.170010E-11       2.085010E-11
   90    65   155     0       4.793622E-09       2.396811E-09
   91    65   156     0       1.909293E-08       2.643820E-15
   91    65   156     1       1.862724E-09       2.579340E-16
   91    65   156     2       2.673274E-08       4.627110E-15
   92    65   157     0       3.910744E-07       8.663670E-13
   93    65   158     0       9.021908E-07       1.165130E-11
   93    65   158     1       8.801856E-08       1.136710E-12
   93    65   158     2       1.243315E-06       2.007090E-11
   94    65   159     0       8.561457E-06       6.283730E-10
   95    65   160     0       1.958357E-05       4.362321E-09
   96    65   161     0       3.256995E-05       3.505675E-08
   97    65   162     0       2.558195E-05       1.613869E-07
   98    65   163     0       1.307967E-05       8.883510E-07
   99    65   164     0       6.029495E-06       8.188206E-07
  100    65   165     0       2.371422E-06       1.256166E-06
  101    65   166     0       5.379335E-07       9.461591E-07
  102    65   167     0       8.515266E-08       3.672651E-07
  103    65   168     0       9.817074E-09       1.513727E-07
  104    65   169     0       8.825640E-10       8.729956E-08
  105    65   170     0       8.600460E-11       2.324606E-08
  106    65   171     0       3.646960E-12       5.668367E-09
  107    65   172     0       1.365150E-13       7.326100E-10
   91    66   157     0       2.161170E-11       1.080580E-11
   91    66   157     1       2.339360E-10       1.169680E-10
   92    66   158     0       4.423359E-09       2.211680E-09
   93    66   159     0       4.189709E-08       2.279000E-14
   94    66   160     0       2.589088E-07       4.922970E-13
   95    66   161     0       9.973041E-07       9.423300E-12
   96    66   162     0       2.160679E-06       2.384460E-10
   97    66   163     0       2.269447E-06       3.243427E-09
   98    66   164     0       2.786646E-06       9.953454E-09
   99    66   165     0       2.177703E-06       2.994757E-08
   99    66   165     1       1.827562E-07       2.702174E-09
  100    66   166     0       1.278842E-06       7.684369E-08
  101    66   167     0       4.324492E-07       1.208248E-07
  102    66   168     0       1.096762E-07       1.419134E-07
  103    66   169     0       2.758638E-08       9.213696E-08
  104    66   170     0       7.209929E-09       4.020175E-08
  105    66   171     0       7.415130E-10       2.489956E-08
  106    66   172     0       8.075400E-11       1.304445E-08
   93    67   160     0       1.168530E-10       5.842660E-11
   93    67   160     1       4.293030E-11       2.146510E-11
   93    67   160     2       6.979040E-11       3.489520E-11
   94    67   161     0       2.309422E-09       1.154711E-09
   94    67   161     1       3.089700E-10       1.544850E-10
   95    67   162     0       3.683108E-09       2.590580E-15
   95    67   162     1       1.005982E-08       7.075790E-15
   96    67   163     0       3.385116E-08       5.127900E-13
   96    67   163     1       4.528838E-09       6.860440E-14
   97    67   164     0       2.988500E-08       1.374500E-12
   97    67   164     1       8.162622E-08       3.754240E-12
   98    67   165     0       2.610916E-07       4.403750E-11
   99    67   166     0       6.257599E-08       5.506490E-11
   99    67   166     1       2.242988E-07       1.973760E-10
  100    67   167     0       2.456789E-07       1.375315E-09
  101    67   168     0       8.802762E-08       4.961169E-09
  101    67   168     1       2.156989E-08       2.223278E-09
  102    67   169     0       8.587819E-08       1.785711E-08
  103    67   170     0       4.503382E-08       2.030015E-08
  103    67   170     1       3.092501E-09       1.524027E-09
  104    67   171     0       1.336351E-08       2.285140E-08
  105    67   172     0       3.314594E-09       1.389727E-08
   95    68   163     0       5.358920E-11       2.679460E-11
   96    68   164     0       4.717780E-10       2.358890E-10
   97    68   165     0       2.708793E-09       1.354397E-09
   98    68   166     0       7.741934E-09       4.872930E-14
   99    68   167     0       1.324126E-08       7.081220E-13
   99    68   167     1       1.771509E-09       9.473700E-14
  100    68   168     0       1.465690E-08       1.855480E-11
  101    68   169     0       3.052965E-08       1.315320E-10
  102    68   170     0       4.219778E-08       4.617540E-10
  103    68   171     0       2.521180E-08       1.217878E-09
  104    68   172     0       1.619135E-08       2.866243E-09
   97    69   166     0       1.884860E-12       9.424280E-13
   97    69   166     1       1.280470E-11       6.402360E-12
   98    69   167     0       8.206700E-11       4.103350E-11
   99    69   168     0       1.537310E-10       7.686540E-11
  100    69   169     0       1.117273E-09       4.857520E-14
  101    69   170     0       3.350453E-09       4.212200E-13
  102    69   171     0       5.367263E-09       3.174860E-12
  103    69   172     0       7.294082E-09       1.963500E-11
   98    70   168     0       1.576460E-13       7.882310E-14
   99    70   169     0       3.109730E-12       1.554860E-12
   99    70   169     1       4.160410E-13       2.080200E-13
  100    70   170     0       2.939470E-11       1.469730E-11
  101    70   171     0       1.673610E-12       8.368070E-13
  101    70   171     1       1.104010E-10       5.520030E-11
  102    70   172     0       4.173300E-10       8.099070E-15
  101    71   172     0       8.789020E-13       4.394510E-13
  101    71   172     1       8.789020E-13       4.394510E-13
