#            E 5.0000000e+05  neutron energy
#    Z      A   Level         FPY           delta-FPY   
      1      1 0.0000000e+00 2.2115600e-05 3.5385000e-06
      1      2 0.0000000e+00 6.7587200e-06 9.6649700e-07
      1      3 0.0000000e+00 9.6425700e-05 7.7140500e-06
      2      3 0.0000000e+00 0.0000000e+00 0.0000000e+00
      2      4 0.0000000e+00 1.7151000e-03 1.0976600e-04
      2      6 0.0000000e+00 2.3950700e-05 3.5447000e-06
      2      8 0.0000000e+00 4.4773900e-07 1.1103900e-07
      3      6 0.0000000e+00 0.0000000e+00 0.0000000e+00
      3      7 0.0000000e+00 1.0515900e-06 1.9875000e-07
      3      9 0.0000000e+00 7.4841400e-07 1.7438000e-07
      4      9 0.0000000e+00 0.0000000e+00 0.0000000e+00
      4     10 0.0000000e+00 6.5000000e-06 1.0855000e-06
     23     66 0.0000000e+00 4.4753600e-18 2.8642300e-18
     24     66 0.0000000e+00 4.0216500e-13 2.5738600e-13
     24     67 0.0000000e+00 4.8698700e-14 3.1167200e-14
     24     68 0.0000000e+00 1.9896300e-15 1.5917000e-15
     24     69 0.0000000e+00 2.8888000e-17 1.8488300e-17
     24     70 0.0000000e+00 0.0000000e+00 0.0000000e+00
     25     66 0.0000000e+00 9.4205500e-11 6.0291600e-11
     25     67 0.0000000e+00 5.2990600e-11 3.3914000e-11
     25     68 0.0000000e+00 6.6462800e-12 4.2536200e-12
     25     69 0.0000000e+00 8.9013300e-13 5.6968600e-13
     25     70 0.0000000e+00 5.7680900e-14 3.6915800e-14
     25     71 0.0000000e+00 0.0000000e+00 0.0000000e+00
     25     72 0.0000000e+00 1.1882500e-16 7.6047900e-17
     25     73 0.0000000e+00 1.2499200e-17 7.9994800e-18
     26     66 0.0000000e+00 3.9418700e-09 2.5227900e-09
     26     67 0.0000000e+00 5.1294200e-09 3.2828200e-09
     26     68 0.0000000e+00 2.8441300e-09 1.8202400e-09
     26     69 0.0000000e+00 9.5502900e-10 6.1121900e-10
     26     70 0.0000000e+00 2.8141900e-10 1.8010800e-10
     26     71 0.0000000e+00 5.1393900e-11 3.2892100e-11
     26     72 0.0000000e+00 1.0677800e-11 6.8338100e-12
     26     73 0.0000000e+00 8.3127100e-13 5.3201300e-13
     26     74 0.0000000e+00 3.4828100e-14 2.2290000e-14
     26     75 0.0000000e+00 1.1075900e-15 7.0885700e-16
     26     76 0.0000000e+00 0.0000000e+00 0.0000000e+00
     27     66 0.0000000e+00 2.6844600e-09 1.7180600e-09
     27     67 0.0000000e+00 1.2973200e-08 8.3028600e-09
     27     68 0.0000000e+00 1.5168700e-08 9.7079600e-09
     27     69 0.0000000e+00 2.0757100e-08 1.3284600e-08
     27     70 0.0000000e+00 1.3871400e-08 8.8776700e-09
     27     71 0.0000000e+00 1.1376500e-08 7.2809700e-09
     27     72 0.0000000e+00 6.0076000e-09 3.8448700e-09
     27     73 0.0000000e+00 2.2054500e-09 1.4114900e-09
     27     74 0.0000000e+00 2.4349700e-10 1.5583900e-10
     27     75 0.0000000e+00 3.4128400e-11 2.1842200e-11
     27     76 0.0000000e+00 3.5227300e-12 2.2545500e-12
     27     77 0.0000000e+00 6.1220400e-14 3.9181100e-14
     27     78 0.0000000e+00 2.8540100e-15 1.8265700e-15
     28     66 0.0000000e+00 4.9398000e-10 3.1614700e-10
     28     67 0.0000000e+00 5.0196400e-09 3.2125700e-09
     28     68 0.0000000e+00 2.1755100e-08 1.3923300e-08
     28     69 0.0000000e+00 5.9577000e-08 3.8129300e-08
     28     70 0.0000000e+00 1.4569900e-07 9.3247500e-08
     28     71 0.0000000e+00 2.5647100e-07 1.6414200e-07
     28     72 0.0000000e+00 5.6184000e-07 3.5957800e-07
     28     73 0.0000000e+00 4.9398100e-07 3.1614700e-07
     28     74 0.0000000e+00 2.4748900e-07 1.5839300e-07
     28     75 0.0000000e+00 8.8517200e-08 5.6651000e-08
     28     76 0.0000000e+00 4.3510200e-08 2.7846600e-08
     28     77 0.0000000e+00 4.0715300e-09 2.6057800e-09
     28     78 0.0000000e+00 2.5646800e-10 1.6414000e-10
     28     79 0.0000000e+00 1.5091700e-12 9.6586900e-13
     28     80 0.0000000e+00 1.2773600e-13 8.1751200e-14
     28     81 0.0000000e+00 3.0313000e-15 1.9400300e-15
     28     82 0.0000000e+00 0.0000000e+00 0.0000000e+00
     29     66 0.0000000e+00 1.1276700e-12 7.2171000e-13
     29     67 0.0000000e+00 5.0695400e-11 3.2445000e-11
     29     68 0.0000000e+00 1.3586400e-10 8.6952600e-11
     29     68 1.0000000e+00 3.7109000e-10 2.3749800e-10
     29     69 0.0000000e+00 5.5585200e-09 3.5574600e-09
     29     70 0.0000000e+00 6.1309900e-09 3.9238400e-09
     29     70 1.0000000e+00 2.1362200e-08 1.3671900e-08
     29     71 0.0000000e+00 1.7763300e-07 1.1368500e-07
     29     72 0.0000000e+00 7.8138700e-07 5.0008800e-07
     29     73 0.0000000e+00 2.6046300e-06 1.6669600e-06
     29     74 0.0000000e+00 2.8640900e-06 1.8330100e-06
     29     75 0.0000000e+00 4.3510100e-06 2.7846600e-06
     29     76 0.0000000e+00 5.1992600e-06 3.3275300e-06
     29     77 0.0000000e+00 2.2353800e-06 1.4306500e-06
     29     78 0.0000000e+00 3.7422800e-07 2.3950600e-07
     29     79 0.0000000e+00 4.6502500e-08 2.9761600e-08
     29     80 0.0000000e+00 2.5347700e-09 1.6222500e-09
     29     81 0.0000000e+00 9.3404200e-11 5.9778600e-11
     29     82 0.0000000e+00 1.6166700e-12 1.0346600e-12
     29     83 0.0000000e+00 3.6912300e-14 2.3623900e-14
     29     84 0.0000000e+00 0.0000000e+00 0.0000000e+00
     30     66 0.0000000e+00 3.5694800e-16 2.8555800e-16
     30     67 0.0000000e+00 4.5306500e-14 2.8996100e-14
     30     68 0.0000000e+00 2.1156300e-12 1.3540100e-12
     30     69 0.0000000e+00 9.6551900e-12 6.1793200e-12
     30     69 1.0000000e+00 4.7816200e-11 3.0602300e-11
     30     70 0.0000000e+00 1.1975300e-09 7.6641700e-10
     30     71 0.0000000e+00 2.9691500e-09 1.9002600e-09
     30     71 1.0000000e+00 1.4704400e-08 9.4107900e-09
     30     72 0.0000000e+00 3.0437100e-07 1.9479800e-07
     30     73 0.0000000e+00 2.0757100e-06 1.3284600e-06
     30     74 0.0000000e+00 8.3427800e-06 5.3393700e-06
     30     75 0.0000000e+00 2.5667000e-05 1.6426900e-05
     30     76 0.0000000e+00 1.1868500e-04 7.5958300e-05
     30     77 0.0000000e+00 1.1430400e-04 7.3154600e-05
     30     78 0.0000000e+00 8.5413700e-05 5.4664700e-05
     30     79 0.0000000e+00 2.6146100e-05 1.6733500e-05
     30     80 0.0000000e+00 7.0654200e-06 4.5218600e-06
     30     81 0.0000000e+00 7.2250900e-07 4.6240500e-07
     30     82 0.0000000e+00 6.4267300e-08 4.1131000e-08
     30     83 0.0000000e+00 2.4548900e-09 1.5711300e-09
     30     84 0.0000000e+00 7.1552300e-11 4.5793500e-11
     30     85 0.0000000e+00 7.2220000e-13 4.6220800e-13
     30     86 0.0000000e+00 0.0000000e+00 0.0000000e+00
     31     67 0.0000000e+00 0.0000000e+00 0.0000000e+00
     31     68 0.0000000e+00 0.0000000e+00 0.0000000e+00
     31     69 0.0000000e+00 1.0777700e-14 6.8977600e-15
     31     70 0.0000000e+00 5.6383600e-13 3.6085500e-13
     31     71 0.0000000e+00 3.8320900e-11 2.4525400e-11
     31     72 0.0000000e+00 1.6166600e-09 7.3161900e-10
     31     73 0.0000000e+00 4.7402200e-08 3.0337300e-08
     31     74 0.0000000e+00 3.8546800e-07 2.4670000e-07
     31     74 1.0000000e+00 3.7658200e-08 2.4101300e-08
     31     75 0.0000000e+00 5.0096600e-06 3.2061800e-06
     31     76 0.0000000e+00 4.6773400e-05 2.9935000e-05
     31     77 0.0000000e+00 1.6466000e-04 1.0538200e-04
     31     78 0.0000000e+00 2.6009300e-04 1.6646000e-04
     31     79 0.0000000e+00 3.1499900e-04 2.0160000e-04
     31     80 0.0000000e+00 2.0745200e-04 1.3276900e-04
     31     81 0.0000000e+00 9.9434700e-05 6.3638200e-05
     31     82 0.0000000e+00 2.3661200e-05 1.5143200e-05
     31     83 0.0000000e+00 4.6803400e-06 2.9954100e-06
     31     84 0.0000000e+00 3.8221100e-07 2.4461500e-07
     31     85 0.0000000e+00 2.2253400e-08 1.4242100e-08
     31     86 0.0000000e+00 4.8400100e-10 3.0976000e-10
     31     87 0.0000000e+00 4.7415800e-12 3.0346100e-12
     31     88 0.0000000e+00 1.5325100e-13 9.8080400e-14
     31     89 0.0000000e+00 0.0000000e+00 0.0000000e+00
     32     69 0.0000000e+00 0.0000000e+00 0.0000000e+00
     32     70 0.0000000e+00 0.0000000e+00 0.0000000e+00
     32     71 0.0000000e+00 0.0000000e+00 0.0000000e+00
     32     72 0.0000000e+00 1.3572000e-12 8.6860600e-13
     32     73 0.0000000e+00 8.5104300e-11 5.4466700e-11
     32     73 1.0000000e+00 1.7184500e-11 1.0998100e-11
     32     74 0.0000000e+00 4.1813600e-09 2.6760800e-09
     32     75 0.0000000e+00 1.4060200e-08 8.9984900e-09
     32     75 1.0000000e+00 1.0509400e-07 6.7260100e-08
     32     76 0.0000000e+00 4.7003000e-06 3.0081900e-06
     32     77 0.0000000e+00 3.1783400e-05 2.0341400e-05
     32     77 1.0000000e+00 4.2522000e-06 2.7214100e-06
     32     78 0.0000000e+00 2.2067400e-04 1.4123200e-04
     32     79 0.0000000e+00 6.3214300e-05 4.0457100e-05
     32     79 1.0000000e+00 4.7250000e-04 3.0240000e-04
     32     80 0.0000000e+00 1.3633300e-03 8.7252800e-04
     32     81 0.0000000e+00 1.0084700e-03 6.4541900e-04
     32     81 1.0000000e+00 3.1852200e-04 2.5481800e-04
     32     82 0.0000000e+00 1.4960900e-03 9.5749900e-04
     32     83 0.0000000e+00 7.6615800e-04 4.9034100e-04
     32     84 0.0000000e+00 2.9989000e-04 1.9193000e-04
     32     85 0.0000000e+00 4.9018800e-05 3.1372000e-05
     32     86 0.0000000e+00 5.4088300e-06 3.4616500e-06
     32     87 0.0000000e+00 3.1534500e-07 2.0182000e-07
     32     88 0.0000000e+00 1.3771400e-08 8.8137100e-09
     32     89 0.0000000e+00 6.8009900e-11 4.3526300e-11
     32     90 0.0000000e+00 3.2586200e-12 2.0855100e-12
     32     91 0.0000000e+00 1.3098600e-13 8.3831200e-14
     33     72 0.0000000e+00 0.0000000e+00 0.0000000e+00
     33     73 0.0000000e+00 0.0000000e+00 0.0000000e+00
     33     74 0.0000000e+00 4.0316700e-13 2.0086100e-13
     33     75 0.0000000e+00 5.4687100e-11 3.4999700e-11
     33     76 0.0000000e+00 5.4687100e-09 3.4999700e-09
     33     77 0.0000000e+00 1.8960800e-07 1.2135000e-07
     33     78 0.0000000e+00 2.8441300e-06 1.8202400e-06
     33     79 0.0000000e+00 2.8451300e-05 1.8208800e-05
     33     80 0.0000000e+00 1.6369200e-04 1.0476300e-04
     33     81 0.0000000e+00 6.8140300e-04 4.3609800e-04
     33     82 0.0000000e+00 3.2884400e-04 2.1046000e-04
     33     82 1.0000000e+00 1.1457900e-03 7.3330800e-04
     33     83 0.0000000e+00 3.0629200e-03 1.9602700e-03
     33     84 0.0000000e+00 2.3652300e-03 1.5137500e-03
     33     84 1.0000000e+00 3.8503700e-04 2.4642400e-04
     33     85 0.0000000e+00 2.0662800e-03 1.3224200e-03
     33     86 0.0000000e+00 5.8737700e-04 3.7592100e-04
     33     87 0.0000000e+00 1.6723500e-04 1.0703000e-04
     33     88 0.0000000e+00 2.0078500e-05 1.2850300e-05
     33     89 0.0000000e+00 2.0956000e-06 1.3411800e-06
     33     90 0.0000000e+00 7.4311500e-08 4.7559400e-08
     33     91 0.0000000e+00 4.0361100e-09 2.5831100e-09
     33     92 0.0000000e+00 6.1189200e-12 3.9161100e-12
     33     93 0.0000000e+00 8.7711000e-12 5.6135100e-12
     33     94 0.0000000e+00 0.0000000e+00 0.0000000e+00
     33     95 0.0000000e+00 0.0000000e+00 0.0000000e+00
     34     74 0.0000000e+00 0.0000000e+00 0.0000000e+00
     34     75 0.0000000e+00 0.0000000e+00 0.0000000e+00
     34     76 0.0000000e+00 9.3307400e-13 5.9716700e-13
     34     77 0.0000000e+00 1.0009300e-11 6.4059800e-12
     34     77 1.0000000e+00 7.4815600e-11 4.7882000e-11
     34     78 0.0000000e+00 6.1972100e-09 3.9662200e-09
     34     79 0.0000000e+00 1.3801300e-07 8.8328100e-08
     34     79 1.0000000e+00 1.8464300e-08 1.1817200e-08
     34     80 0.0000000e+00 4.2612000e-06 2.7271700e-06
     34     81 0.0000000e+00 5.1624700e-06 3.3039800e-06
     34     81 1.0000000e+00 3.8587200e-05 2.4695800e-05
     34     82 0.0000000e+00 4.0127200e-04 2.5681400e-04
     34     83 0.0000000e+00 1.5600900e-03 9.9845200e-04
     34     83 1.0000000e+00 3.1501700e-04 2.0161100e-04
     34     84 0.0000000e+00 5.9279800e-03 1.8969500e-03
     34     85 0.0000000e+00 1.0630200e-02 4.8107000e-03
     34     86 0.0000000e+00 1.2242300e-02 3.9175600e-03
     34     87 0.0000000e+00 6.7365000e-03 3.0314300e-03
     34     88 0.0000000e+00 4.4578000e-03 2.8529900e-03
     34     89 0.0000000e+00 1.2146800e-03 7.7739700e-04
     34     90 0.0000000e+00 2.3798400e-04 1.5231000e-04
     34     91 0.0000000e+00 9.5662000e-06 6.1223700e-06
     34     92 0.0000000e+00 5.4985900e-07 3.5191000e-07
     34     93 0.0000000e+00 5.8333200e-07 3.7333300e-07
     34     94 0.0000000e+00 1.5767500e-10 1.0091200e-10
     34     95 0.0000000e+00 3.0931300e-12 1.9796000e-12
     34     96 0.0000000e+00 3.0736500e-14 1.9671400e-14
     35     77 0.0000000e+00 0.0000000e+00 0.0000000e+00
     35     77 1.0000000e+00 0.0000000e+00 0.0000000e+00
     35     78 0.0000000e+00 1.2374500e-13 7.9196500e-14
     35     79 0.0000000e+00 3.1431400e-12 2.0116100e-12
     35     79 1.0000000e+00 1.1895800e-11 7.6133100e-12
     35     80 0.0000000e+00 2.5525400e-10 1.6336300e-10
     35     80 1.0000000e+00 8.8938300e-10 5.6920500e-10
     35     81 0.0000000e+00 5.8579100e-08 3.7490600e-08
     35     82 0.0000000e+00 1.0409500e-06 6.6620900e-07
     35     82 1.0000000e+00 3.8111300e-07 2.4391200e-07
     35     83 0.0000000e+00 3.1714500e-05 2.0297300e-05
     35     84 0.0000000e+00 8.4812500e-05 5.4280000e-05
     35     84 1.0000000e+00 1.7776500e-04 1.1377000e-04
     35     85 0.0000000e+00 1.8380500e-03 1.1763500e-03
     35     86 0.0000000e+00 4.4824400e-03 2.0285300e-03
     35     87 0.0000000e+00 1.4224800e-02 8.5348500e-04
     35     88 0.0000000e+00 1.6658600e-02 9.9951500e-04
     35     89 0.0000000e+00 1.3261200e-02 4.2436000e-03
     35     90 0.0000000e+00 7.2422700e-03 5.7938200e-04
     35     91 0.0000000e+00 1.3595300e-03 8.7009500e-04
     35     92 0.0000000e+00 2.0885900e-04 1.3366900e-04
     35     93 0.0000000e+00 6.4057300e-04 4.0996700e-04
     35     94 0.0000000e+00 8.1232300e-07 5.1988600e-07
     35     95 0.0000000e+00 9.5309400e-08 6.0998000e-08
     35     96 0.0000000e+00 2.2753000e-09 1.4562000e-09
     35     97 0.0000000e+00 1.7255700e-11 1.1043700e-11
     35     98 0.0000000e+00 4.7974100e-13 3.0703400e-13
     35     99 0.0000000e+00 0.0000000e+00 0.0000000e+00
     35    100 0.0000000e+00 0.0000000e+00 0.0000000e+00
     36     79 0.0000000e+00 0.0000000e+00 0.0000000e+00
     36     79 1.0000000e+00 0.0000000e+00 0.0000000e+00
     36     80 0.0000000e+00 4.3011200e-14 2.7527200e-14
     36     81 0.0000000e+00 5.5117000e-12 3.5274900e-12
     36     81 1.0000000e+00 7.3739300e-13 4.7193200e-13
     36     82 0.0000000e+00 7.7839300e-10 4.9817200e-10
     36     83 0.0000000e+00 4.1323300e-08 2.6447000e-08
     36     83 1.0000000e+00 8.3441300e-09 5.3402400e-09
     36     84 0.0000000e+00 2.0158400e-06 1.2901400e-06
     36     85 0.0000000e+00 3.0953000e-05 1.9809900e-05
     36     85 1.0000000e+00 6.2501300e-06 4.0000800e-06
     36     86 0.0000000e+00 1.5388400e-03 4.9242700e-04
     36     87 0.0000000e+00 3.4971200e-03 8.0433700e-04
     36     88 0.0000000e+00 1.2447600e-02 7.4685500e-04
     36     89 0.0000000e+00 2.5522800e-02 2.0418200e-03
     36     90 0.0000000e+00 4.0160600e-02 1.6064300e-03
     36     91 0.0000000e+00 2.9102200e-02 1.1640900e-03
     36     92 0.0000000e+00 1.3509000e-02 2.1614500e-03
     36     93 0.0000000e+00 3.0465200e-03 2.4372200e-04
     36     94 0.0000000e+00 6.1763500e-04 3.9528600e-04
     36     95 0.0000000e+00 2.2589900e-04 1.4457500e-04
     36     96 0.0000000e+00 2.3042400e-05 1.4747200e-05
     36     97 0.0000000e+00 1.1476100e-06 7.3447300e-07
     36     98 0.0000000e+00 4.3110500e-08 2.7590800e-08
     36     99 0.0000000e+00 2.9492900e-11 1.8875500e-11
     36    100 0.0000000e+00 9.5802300e-12 6.1313500e-12
     36    101 0.0000000e+00 3.5034400e-13 2.2422000e-13
     36    102 0.0000000e+00 0.0000000e+00 0.0000000e+00
     37     81 0.0000000e+00 0.0000000e+00 0.0000000e+00
     37     81 1.0000000e+00 0.0000000e+00 0.0000000e+00
     37     82 0.0000000e+00 0.0000000e+00 0.0000000e+00
     37     82 1.0000000e+00 0.0000000e+00 0.0000000e+00
     37     83 0.0000000e+00 1.2973200e-12 8.3028600e-13
     37     84 0.0000000e+00 1.5513000e-11 9.9283200e-12
     37     84 1.0000000e+00 2.0755400e-10 1.6604300e-10
     37     85 0.0000000e+00 1.4470200e-08 9.2608800e-09
     37     86 0.0000000e+00 1.4118200e-07 9.0357000e-08
     37     86 1.0000000e+00 2.9591500e-07 1.8938600e-07
     37     87 0.0000000e+00 1.3282600e-05 8.5008500e-06
     37     88 0.0000000e+00 5.4673100e-04 3.4990800e-04
     37     89 0.0000000e+00 3.8912600e-03 2.4904000e-03
     37     90 0.0000000e+00 1.3956700e-03 8.9323100e-04
     37     90 1.0000000e+00 6.7661700e-03 4.3303500e-03
     37     91 0.0000000e+00 2.0057200e-02 6.4183000e-03
     37     92 0.0000000e+00 2.7843100e-02 8.9097900e-03
     37     93 0.0000000e+00 3.4012500e-02 1.3605000e-03
     37     94 0.0000000e+00 1.8866700e-02 1.1320000e-03
     37     95 0.0000000e+00 8.9622300e-03 5.7358300e-03
     37     96 0.0000000e+00 2.2746900e-03 1.4558100e-03
     37     97 0.0000000e+00 5.3602300e-04 3.4305500e-04
     37     98 0.0000000e+00 5.3359800e-05 3.4150300e-05
     37     99 0.0000000e+00 9.0877300e-07 5.8161400e-07
     37    100 0.0000000e+00 1.5468100e-07 9.8995600e-08
     37    101 0.0000000e+00 1.0795200e-08 6.9089500e-09
     37    102 0.0000000e+00 1.8545600e-11 1.1869200e-11
     37    103 0.0000000e+00 7.5754700e-13 4.8482900e-13
     37    104 0.0000000e+00 7.6958500e-15 4.9253400e-15
     37    105 0.0000000e+00 0.0000000e+00 0.0000000e+00
     38     83 0.0000000e+00 0.0000000e+00 0.0000000e+00
     38     84 0.0000000e+00 0.0000000e+00 0.0000000e+00
     38     85 0.0000000e+00 3.5868300e-13 2.2955800e-13
     38     85 1.0000000e+00 7.2426400e-14 4.6353000e-14
     38     86 0.0000000e+00 6.7261100e-11 4.3047100e-11
     38     87 0.0000000e+00 4.7816200e-09 3.0602300e-09
     38     87 1.0000000e+00 9.6551900e-10 6.1793200e-10
     38     88 0.0000000e+00 3.6325000e-07 2.3248000e-07
     38     89 0.0000000e+00 8.3028600e-06 5.3138300e-06
     38     90 0.0000000e+00 3.4245300e-04 1.5410400e-04
     38     91 0.0000000e+00 6.8378400e-03 4.3762200e-03
     38     92 0.0000000e+00 1.6109200e-02 5.1549500e-03
     38     93 0.0000000e+00 2.1400800e-02 2.3540900e-03
     38     94 0.0000000e+00 3.7791000e-02 2.2674600e-03
     38     95 0.0000000e+00 4.3582600e-02 4.7940900e-03
     38     96 0.0000000e+00 4.3741700e-02 6.9986700e-03
     38     97 0.0000000e+00 2.3647700e-02 7.5672600e-03
     38     98 0.0000000e+00 1.0414400e-02 3.3326100e-03
     38     99 0.0000000e+00 2.1539300e-03 1.3785200e-03
     38    100 0.0000000e+00 3.5500700e-04 2.2720500e-04
     38    101 0.0000000e+00 2.5586400e-05 1.6375200e-05
     38    102 0.0000000e+00 1.6665400e-06 1.0665900e-06
     38    103 0.0000000e+00 5.0381400e-08 3.2244100e-08
     38    104 0.0000000e+00 6.9156400e-10 4.4260100e-10
     38    105 0.0000000e+00 0.0000000e+00 0.0000000e+00
     38    106 0.0000000e+00 0.0000000e+00 0.0000000e+00
     38    107 0.0000000e+00 0.0000000e+00 0.0000000e+00
     39     86 0.0000000e+00 0.0000000e+00 0.0000000e+00
     39     86 1.0000000e+00 0.0000000e+00 0.0000000e+00
     39     87 0.0000000e+00 1.1350900e-15 7.2645400e-16
     39     87 1.0000000e+00 0.0000000e+00 0.0000000e+00
     39     88 0.0000000e+00 7.2650000e-12 4.6496000e-12
     39     89 0.0000000e+00 1.3613500e-10 8.7126200e-11
     39     89 1.0000000e+00 6.7419200e-10 4.3148300e-10
     39     90 0.0000000e+00 1.7131200e-08 1.0964000e-08
     39     90 1.0000000e+00 2.8674200e-08 1.8351500e-08
     39     91 0.0000000e+00 2.8836500e-07 1.8455300e-07
     39     91 1.0000000e+00 1.4280900e-06 9.1397800e-07
     39     92 0.0000000e+00 2.8930200e-05 1.8515300e-05
     39     93 0.0000000e+00 1.8202500e-03 1.1649600e-03
     39     93 1.0000000e+00 2.4352600e-04 1.5585700e-04
     39     94 0.0000000e+00 6.7602500e-03 1.5548500e-03
     39     95 0.0000000e+00 1.1755300e-02 2.7037200e-03
     39     96 0.0000000e+00 1.3137300e-03 8.4078600e-04
     39     96 1.0000000e+00 1.3447300e-02 4.3031400e-03
     39     97 0.0000000e+00 5.0753300e-03 3.2482200e-03
     39     97 1.0000000e+00 2.5135000e-02 1.6086400e-02
     39     98 0.0000000e+00 3.7322900e-03 1.1943300e-03
     39     98 1.0000000e+00 2.3914300e-02 7.6525900e-03
     39     99 0.0000000e+00 2.2464200e-02 7.1885400e-03
     39    100 0.0000000e+00 1.5822800e-04 1.0126600e-04
     39    100 1.0000000e+00 1.2157300e-02 9.7258100e-03
     39    101 0.0000000e+00 2.8251500e-03 1.8080900e-03
     39    102 0.0000000e+00 4.5717600e-04 2.9259300e-04
     39    103 0.0000000e+00 5.5325300e-05 3.5408200e-05
     39    104 0.0000000e+00 2.3152200e-06 1.4817400e-06
     39    105 0.0000000e+00 1.8619900e-13 1.1916800e-13
     39    106 0.0000000e+00 6.8776800e-15 4.4017100e-15
     39    107 0.0000000e+00 6.0371400e-16 3.8637700e-16
     39    108 0.0000000e+00 4.6436900e-18 2.9719600e-18
     39    109 0.0000000e+00 2.1379000e-13 1.3682600e-13
     40     88 0.0000000e+00 0.0000000e+00 0.0000000e+00
     40     89 0.0000000e+00 0.0000000e+00 0.0000000e+00
     40     89 1.0000000e+00 0.0000000e+00 0.0000000e+00
     40     90 0.0000000e+00 3.0375300e-13 1.9440200e-13
     40     90 1.0000000e+00 1.4725800e-12 9.4245100e-13
     40     91 0.0000000e+00 2.0058600e-10 1.2837500e-10
     40     92 0.0000000e+00 1.6665600e-08 1.0666000e-08
     40     93 0.0000000e+00 4.9198500e-07 3.1487000e-07
     40     94 0.0000000e+00 1.2883400e-05 8.2453800e-06
     40     95 0.0000000e+00 1.4744600e-04 9.4365200e-05
     40     96 0.0000000e+00 1.2437400e-03 7.9599600e-04
     40     97 0.0000000e+00 5.5950500e-03 3.5808300e-03
     40     98 0.0000000e+00 2.0335200e-02 4.6770900e-03
     40     99 0.0000000e+00 3.3564600e-02 1.0740700e-02
     40    100 0.0000000e+00 4.8828300e-02 1.5625100e-02
     40    101 0.0000000e+00 3.4043200e-02 1.0893800e-02
     40    102 0.0000000e+00 2.2156000e-02 7.0899200e-03
     40    103 0.0000000e+00 6.2457300e-03 3.9972600e-03
     40    104 0.0000000e+00 1.1618600e-03 7.4359100e-04
     40    105 0.0000000e+00 5.4786900e-06 3.5063600e-06
     40    106 0.0000000e+00 2.7343600e-07 1.7499800e-07
     40    107 0.0000000e+00 1.7763500e-08 1.1368600e-08
     40    108 0.0000000e+00 1.8461800e-10 1.1815600e-10
     40    109 0.0000000e+00 1.4218300e-08 9.0997100e-09
     40    110 0.0000000e+00 4.3310100e-10 2.7718500e-10
     40    111 0.0000000e+00 9.5337100e-14 6.1015800e-14
     40    112 0.0000000e+00 6.0241100e-15 3.8554300e-15
     41     90 0.0000000e+00 0.0000000e+00 0.0000000e+00
     41     91 0.0000000e+00 0.0000000e+00 0.0000000e+00
     41     91 1.0000000e+00 0.0000000e+00 0.0000000e+00
     41     92 0.0000000e+00 3.2693300e-14 2.0923700e-14
     41     92 1.0000000e+00 0.0000000e+00 0.0000000e+00
     41     93 0.0000000e+00 1.0312100e-11 6.5997700e-12
     41     93 1.0000000e+00 2.0822600e-12 1.3326500e-12
     41     94 0.0000000e+00 5.7598300e-10 3.6862900e-10
     41     94 1.0000000e+00 3.4411800e-10 2.2023500e-10
     41     95 0.0000000e+00 4.4212700e-08 2.8296200e-08
     41     95 1.0000000e+00 8.9275700e-09 5.7136400e-09
     41     96 0.0000000e+00 1.1975300e-06 7.6641700e-07
     41     97 0.0000000e+00 2.1695400e-05 1.3885100e-05
     41     97 1.0000000e+00 4.3807900e-06 2.8037100e-06
     41     98 0.0000000e+00 1.7980500e-04 1.1507500e-04
     41     98 1.0000000e+00 4.8084600e-05 3.0774100e-05
     41     99 0.0000000e+00 1.2833600e-03 8.2134900e-04
     41     99 1.0000000e+00 2.5914000e-04 1.6584900e-04
     41    100 0.0000000e+00 8.4772700e-04 5.4254500e-04
     41    100 1.0000000e+00 4.1097400e-03 2.6302300e-03
     41    101 0.0000000e+00 1.3551200e-02 4.3364100e-03
     41    102 0.0000000e+00 3.8419100e-03 2.4588200e-03
     41    102 1.0000000e+00 1.3386400e-02 8.5672900e-03
     41    103 0.0000000e+00 1.8019800e-02 5.7663300e-03
     41    104 0.0000000e+00 1.5893800e-03 1.0172000e-03
     41    104 1.0000000e+00 5.5378900e-03 3.5442400e-03
     41    105 0.0000000e+00 2.7677900e-03 1.7713800e-03
     41    106 0.0000000e+00 4.3386400e-04 2.7767300e-04
     41    107 0.0000000e+00 1.0163200e-04 6.5044700e-05
     41    108 0.0000000e+00 8.1731300e-06 5.2308000e-06
     41    109 0.0000000e+00 1.5613500e-05 9.9926600e-06
     41    110 0.0000000e+00 5.5285800e-07 3.5383000e-07
     41    111 0.0000000e+00 2.9376500e-09 1.8800900e-09
     41    112 0.0000000e+00 1.3737800e-10 8.7921600e-11
     41    113 0.0000000e+00 6.6212000e-14 4.2375700e-14
     41    114 0.0000000e+00 5.0861400e-15 3.2551300e-15
     41    115 0.0000000e+00 2.0139000e-15 1.2889000e-15
     42     92 0.0000000e+00 0.0000000e+00 0.0000000e+00
     42     93 0.0000000e+00 0.0000000e+00 0.0000000e+00
     42     93 1.0000000e+00 0.0000000e+00 0.0000000e+00
     42     94 0.0000000e+00 0.0000000e+00 0.0000000e+00
     42     95 0.0000000e+00 1.4969100e-12 9.5802300e-13
     42     96 0.0000000e+00 1.6665600e-10 1.0666000e-10
     42     97 0.0000000e+00 9.9195200e-09 6.3484900e-09
     42     98 0.0000000e+00 4.2212800e-07 2.7016300e-07
     42     99 0.0000000e+00 7.2250900e-06 4.6240500e-06
     42    100 0.0000000e+00 1.0717900e-04 6.8594400e-05
     42    101 0.0000000e+00 6.9134300e-04 4.4245900e-04
     42    102 0.0000000e+00 3.6447400e-03 2.3326300e-03
     42    103 0.0000000e+00 7.9553300e-03 3.5799000e-03
     42    104 0.0000000e+00 1.2016600e-02 2.7638100e-03
     42    105 0.0000000e+00 9.1485800e-03 2.9275500e-03
     42    106 0.0000000e+00 4.7802900e-03 5.2583200e-04
     42    107 0.0000000e+00 2.6590300e-03 1.7017800e-03
     42    108 0.0000000e+00 1.0722900e-03 6.8626300e-04
     42    109 0.0000000e+00 4.1840600e-04 2.6778000e-04
     42    110 0.0000000e+00 1.1138000e-04 7.1283300e-05
     42    111 0.0000000e+00 6.9626900e-06 4.4561200e-06
     42    112 0.0000000e+00 4.3995500e-07 2.8157000e-07
     42    113 0.0000000e+00 4.4035000e-09 2.8182400e-09
     42    114 0.0000000e+00 4.5705100e-10 2.9251300e-10
     42    115 0.0000000e+00 1.3393700e-10 8.5719500e-11
     42    116 0.0000000e+00 5.8379500e-14 3.7362900e-14
     42    117 0.0000000e+00 2.0761100e-15 1.3287100e-15
     43     95 0.0000000e+00 0.0000000e+00 0.0000000e+00
     43     95 1.0000000e+00 0.0000000e+00 0.0000000e+00
     43     96 0.0000000e+00 0.0000000e+00 0.0000000e+00
     43     96 1.0000000e+00 0.0000000e+00 0.0000000e+00
     43     97 0.0000000e+00 5.0481300e-14 3.2308000e-14
     43     97 1.0000000e+00 1.0193300e-14 6.5237400e-15
     43     98 0.0000000e+00 7.1252900e-12 4.5601900e-12
     43     99 0.0000000e+00 4.8521900e-10 3.1054000e-10
     43     99 1.0000000e+00 9.7977000e-11 6.2705200e-11
     43    100 0.0000000e+00 2.3651200e-08 1.5136800e-08
     43    101 0.0000000e+00 7.5943200e-07 4.8603700e-07
     43    102 0.0000000e+00 1.6655200e-06 1.0659300e-06
     43    102 1.0000000e+00 8.0743700e-06 5.1675900e-06
     43    103 0.0000000e+00 9.4095800e-05 6.0221300e-05
     43    104 0.0000000e+00 3.1507900e-04 2.0165000e-04
     43    105 0.0000000e+00 7.4586100e-05 4.7735100e-05
     43    106 0.0000000e+00 1.0267800e-04 6.5713900e-05
     43    107 0.0000000e+00 2.5630100e-04 1.6403300e-04
     43    108 0.0000000e+00 2.2324900e-04 1.4287900e-04
     43    109 0.0000000e+00 3.3841100e-04 2.1658400e-04
     43    110 0.0000000e+00 3.0391200e-04 1.9450400e-04
     43    111 0.0000000e+00 1.1929400e-04 7.6347900e-05
     43    112 0.0000000e+00 2.4659100e-05 1.5781900e-05
     43    113 0.0000000e+00 4.8356100e-06 3.0947900e-06
     43    114 0.0000000e+00 4.4907300e-07 2.8740700e-07
     43    115 0.0000000e+00 1.4708000e-07 9.4131000e-08
     43    116 0.0000000e+00 9.1311500e-10 5.8439400e-10
     43    117 0.0000000e+00 6.3971700e-11 4.0941900e-11
     43    118 0.0000000e+00 7.6514300e-14 4.8969100e-14
     43    119 0.0000000e+00 2.0406800e-15 1.3060400e-15
     43    120 0.0000000e+00 0.0000000e+00 0.0000000e+00
     44     98 0.0000000e+00 0.0000000e+00 0.0000000e+00
     44     99 0.0000000e+00 0.0000000e+00 0.0000000e+00
     44    100 0.0000000e+00 7.2450500e-13 4.6368300e-13
     44    101 0.0000000e+00 6.3967900e-11 4.0939400e-11
     44    102 0.0000000e+00 3.9518500e-09 2.5291800e-09
     44    103 0.0000000e+00 9.9195200e-08 6.3484900e-08
     44    104 0.0000000e+00 1.5867300e-06 1.0155000e-06
     44    105 0.0000000e+00 1.0079200e-09 6.4506800e-10
     44    106 0.0000000e+00 8.6820700e-09 5.5565300e-09
     44    107 0.0000000e+00 8.3926800e-08 5.3713100e-08
     44    108 0.0000000e+00 4.8998900e-07 3.1359200e-07
     44    109 0.0000000e+00 1.0498300e-05 6.7189400e-06
     44    109 1.0000000e+00 2.9419200e-05 1.8828300e-05
     44    110 0.0000000e+00 2.3189100e-04 1.4841100e-04
     44    111 0.0000000e+00 2.7772700e-04 1.7774500e-04
     44    112 0.0000000e+00 2.8789600e-04 1.8425300e-04
     44    113 0.0000000e+00 1.5423200e-04 9.8708200e-05
     44    114 0.0000000e+00 7.0594300e-05 4.5180300e-05
     44    115 0.0000000e+00 1.4362900e-05 9.1922100e-06
     44    116 0.0000000e+00 2.0258200e-06 1.2965200e-06
     44    117 0.0000000e+00 1.5162300e-07 9.7038600e-08
     44    118 0.0000000e+00 6.8757200e-09 4.4004600e-09
     44    119 0.0000000e+00 1.3571800e-10 8.6859300e-11
     44    120 0.0000000e+00 1.8262300e-12 1.1687900e-12
     44    121 0.0000000e+00 1.3861100e-14 8.8710800e-15
     44    122 0.0000000e+00 0.0000000e+00 0.0000000e+00
     44    123 0.0000000e+00 0.0000000e+00 0.0000000e+00
     44    124 0.0000000e+00 0.0000000e+00 0.0000000e+00
     45    100 0.0000000e+00 0.0000000e+00 0.0000000e+00
     45    100 1.0000000e+00 0.0000000e+00 0.0000000e+00
     45    101 0.0000000e+00 0.0000000e+00 0.0000000e+00
     45    101 1.0000000e+00 0.0000000e+00 0.0000000e+00
     45    102 0.0000000e+00 0.0000000e+00 0.0000000e+00
     45    102 1.0000000e+00 0.0000000e+00 0.0000000e+00
     45    103 0.0000000e+00 2.0065800e-13 1.2842100e-13
     45    103 1.0000000e+00 1.4998300e-12 9.5989200e-13
     45    104 0.0000000e+00 1.6379000e-11 1.0482500e-11
     45    104 1.0000000e+00 5.7069400e-11 3.6524400e-11
     45    105 0.0000000e+00 6.1612800e-10 1.9716100e-10
     45    105 1.0000000e+00 8.2429900e-11 5.2755100e-11
     45    106 0.0000000e+00 0.0000000e+00 0.0000000e+00
     45    106 1.0000000e+00 0.0000000e+00 0.0000000e+00
     45    107 0.0000000e+00 0.0000000e+00 0.0000000e+00
     45    108 0.0000000e+00 3.0310000e-14 1.9398400e-14
     45    108 1.0000000e+00 1.0560900e-13 6.7590000e-14
     45    109 0.0000000e+00 1.0478400e-07 4.7419700e-08
     45    110 0.0000000e+00 4.5392300e-07 2.9051100e-07
     45    110 1.0000000e+00 2.2006000e-06 1.4083800e-06
     45    111 0.0000000e+00 2.0727200e-05 1.3265400e-05
     45    112 0.0000000e+00 6.0365400e-05 3.8633900e-05
     45    113 0.0000000e+00 1.4592900e-04 9.3394400e-05
     45    114 0.0000000e+00 1.5489100e-04 9.9129700e-05
     45    115 0.0000000e+00 1.3483200e-04 8.6292300e-05
     45    116 0.0000000e+00 4.7990900e-05 3.0714200e-05
     45    117 0.0000000e+00 1.8421900e-05 1.1790100e-05
     45    118 0.0000000e+00 2.4549300e-06 1.5711600e-06
     45    119 0.0000000e+00 2.6744800e-07 1.7116700e-07
     45    120 0.0000000e+00 1.0777700e-08 6.8977600e-09
     45    121 0.0000000e+00 4.2710400e-10 2.7334700e-10
     45    122 0.0000000e+00 8.1032700e-12 5.1861000e-12
     45    123 0.0000000e+00 1.3671800e-13 8.7499300e-14
     45    124 0.0000000e+00 0.0000000e+00 0.0000000e+00
     45    125 0.0000000e+00 0.0000000e+00 0.0000000e+00
     45    126 0.0000000e+00 0.0000000e+00 0.0000000e+00
     45    127 0.0000000e+00 0.0000000e+00 0.0000000e+00
     45    128 0.0000000e+00 0.0000000e+00 0.0000000e+00
     46    102 0.0000000e+00 0.0000000e+00 0.0000000e+00
     46    103 0.0000000e+00 0.0000000e+00 0.0000000e+00
     46    104 0.0000000e+00 0.0000000e+00 0.0000000e+00
     46    105 0.0000000e+00 0.0000000e+00 0.0000000e+00
     46    106 0.0000000e+00 0.0000000e+00 0.0000000e+00
     46    107 0.0000000e+00 0.0000000e+00 0.0000000e+00
     46    107 1.0000000e+00 0.0000000e+00 0.0000000e+00
     46    108 0.0000000e+00 0.0000000e+00 0.0000000e+00
     46    109 0.0000000e+00 7.0623600e-12 4.5199100e-12
     46    109 1.0000000e+00 1.5501100e-11 9.9206700e-12
     46    110 0.0000000e+00 5.0695400e-09 3.2445000e-09
     46    111 0.0000000e+00 5.2069600e-08 3.3324500e-08
     46    111 1.0000000e+00 1.1428700e-07 7.3143700e-08
     46    112 0.0000000e+00 2.9738600e-06 1.9032700e-06
     46    113 0.0000000e+00 2.0407800e-05 1.3061000e-05
     46    114 0.0000000e+00 9.5482900e-05 6.1109100e-05
     46    115 0.0000000e+00 1.8127500e-04 1.1601600e-04
     46    116 0.0000000e+00 2.6281800e-04 1.6820300e-04
     46    117 0.0000000e+00 2.4147200e-04 1.5454100e-04
     46    118 0.0000000e+00 1.5047000e-04 9.6300400e-05
     46    119 0.0000000e+00 4.5096900e-05 2.8862000e-05
     46    120 0.0000000e+00 9.3407200e-06 5.9780600e-06
     46    121 0.0000000e+00 1.0378600e-06 6.6422800e-07
     46    122 0.0000000e+00 9.9793900e-08 6.3868100e-08
     46    123 0.0000000e+00 4.7801300e-09 3.0592800e-09
     46    124 0.0000000e+00 2.3351800e-10 1.4945200e-10
     46    125 0.0000000e+00 0.0000000e+00 0.0000000e+00
     46    126 0.0000000e+00 0.0000000e+00 0.0000000e+00
     46    127 0.0000000e+00 0.0000000e+00 0.0000000e+00
     46    128 0.0000000e+00 0.0000000e+00 0.0000000e+00
     46    129 0.0000000e+00 0.0000000e+00 0.0000000e+00
     46    130 0.0000000e+00 2.5547300e-14 1.6350300e-14
     46    131 0.0000000e+00 0.0000000e+00 0.0000000e+00
     47    105 0.0000000e+00 0.0000000e+00 0.0000000e+00
     47    105 1.0000000e+00 0.0000000e+00 0.0000000e+00
     47    106 0.0000000e+00 0.0000000e+00 0.0000000e+00
     47    106 1.0000000e+00 0.0000000e+00 0.0000000e+00
     47    107 0.0000000e+00 0.0000000e+00 0.0000000e+00
     47    107 1.0000000e+00 0.0000000e+00 0.0000000e+00
     47    108 0.0000000e+00 0.0000000e+00 0.0000000e+00
     47    108 1.0000000e+00 0.0000000e+00 0.0000000e+00
     47    109 0.0000000e+00 0.0000000e+00 0.0000000e+00
     47    109 1.0000000e+00 0.0000000e+00 0.0000000e+00
     47    110 0.0000000e+00 2.3749400e-14 1.5199600e-14
     47    110 1.0000000e+00 6.4867700e-14 4.1515300e-14
     47    111 0.0000000e+00 2.8238100e-12 1.8072300e-12
     47    111 1.0000000e+00 2.1106800e-11 1.3508400e-11
     47    112 0.0000000e+00 1.5068900e-09 9.6440900e-10
     47    113 0.0000000e+00 7.6542000e-09 4.8986900e-09
     47    113 1.0000000e+00 5.7211900e-08 3.6615600e-08
     47    114 0.0000000e+00 8.5623300e-07 5.4798800e-07
     47    115 0.0000000e+00 8.7611200e-07 5.6071100e-07
     47    115 1.0000000e+00 6.5485700e-06 4.1910800e-06
     47    116 0.0000000e+00 6.9590000e-06 4.4537600e-06
     47    116 1.0000000e+00 1.9007400e-05 1.2164700e-05
     47    117 0.0000000e+00 1.1987700e-05 7.6720900e-06
     47    117 1.0000000e+00 8.9602700e-05 5.7345600e-05
     47    118 0.0000000e+00 2.4685900e-05 1.5799000e-05
     47    118 1.0000000e+00 1.1967600e-04 7.6592700e-05
     47    119 0.0000000e+00 1.8555700e-04 1.1875700e-04
     47    120 0.0000000e+00 3.4990300e-05 2.2393700e-05
     47    120 1.0000000e+00 5.8566600e-05 3.7482600e-05
     47    121 0.0000000e+00 4.7911100e-05 3.0663100e-05
     47    122 0.0000000e+00 1.1945300e-05 5.4058500e-06
     47    123 0.0000000e+00 2.7942400e-06 1.7883000e-06
     47    124 0.0000000e+00 3.6424800e-07 2.3311900e-07
     47    125 0.0000000e+00 2.3451600e-11 1.5009000e-11
     47    126 0.0000000e+00 1.8461800e-12 1.1815600e-12
     47    127 0.0000000e+00 3.8919700e-13 2.4908600e-13
     47    128 0.0000000e+00 1.5168700e-14 9.7079600e-15
     47    129 0.0000000e+00 1.2752500e-15 8.1615800e-16
     47    130 0.0000000e+00 1.4470200e-09 9.2608800e-10
     47    131 0.0000000e+00 1.4674900e-11 9.3919400e-12
     47    132 0.0000000e+00 1.7879200e-13 1.1442700e-13
     47    133 0.0000000e+00 0.0000000e+00 0.0000000e+00
     48    108 0.0000000e+00 0.0000000e+00 0.0000000e+00
     48    109 0.0000000e+00 0.0000000e+00 0.0000000e+00
     48    110 0.0000000e+00 0.0000000e+00 0.0000000e+00
     48    111 0.0000000e+00 0.0000000e+00 0.0000000e+00
     48    111 1.0000000e+00 0.0000000e+00 0.0000000e+00
     48    112 0.0000000e+00 1.1476300e-13 7.3448400e-14
     48    113 0.0000000e+00 3.5644600e-12 2.2812500e-12
     48    113 1.0000000e+00 1.3490400e-11 8.6338200e-12
     48    114 0.0000000e+00 1.2574100e-09 8.0473900e-10
     48    115 0.0000000e+00 6.3905700e-09 4.0899600e-09
     48    115 1.0000000e+00 2.4186300e-08 1.5479300e-08
     48    116 0.0000000e+00 5.4387700e-07 3.4808100e-07
     48    117 0.0000000e+00 1.2117900e-06 7.7554400e-07
     48    117 1.0000000e+00 4.5862400e-06 2.9351900e-06
     48    118 0.0000000e+00 3.8211100e-05 2.4455100e-05
     48    119 0.0000000e+00 3.0644600e-05 1.9612600e-05
     48    119 1.0000000e+00 8.5874800e-05 5.4959900e-05
     48    120 0.0000000e+00 2.3867700e-04 1.5275300e-04
     48    121 0.0000000e+00 7.0425500e-05 4.5072300e-05
     48    121 1.0000000e+00 1.9735200e-04 1.2630500e-04
     48    122 0.0000000e+00 2.7286700e-04 1.7463500e-04
     48    123 0.0000000e+00 1.5213600e-04 9.7367000e-05
     48    124 0.0000000e+00 8.8517200e-05 5.6651000e-05
     48    125 0.0000000e+00 5.2092400e-06 3.3339200e-06
     48    126 0.0000000e+00 1.9160400e-06 1.2262700e-06
     48    127 0.0000000e+00 1.0578200e-06 6.7700200e-07
     48    128 0.0000000e+00 2.2952600e-07 1.4689700e-07
     48    129 0.0000000e+00 3.7522600e-08 2.4014400e-08
     48    130 0.0000000e+00 1.1176900e-05 7.1532300e-06
     48    131 0.0000000e+00 9.7597100e-07 6.2462100e-07
     48    132 0.0000000e+00 1.6066700e-08 1.0282700e-08
     48    133 0.0000000e+00 8.7441200e-11 5.5962500e-11
     48    134 0.0000000e+00 3.0137700e-12 1.9288100e-12
     48    135 0.0000000e+00 2.2181600e-13 1.4196200e-13
     48    136 0.0000000e+00 0.0000000e+00 0.0000000e+00
     49    110 0.0000000e+00 0.0000000e+00 0.0000000e+00
     49    110 1.0000000e+00 0.0000000e+00 0.0000000e+00
     49    111 0.0000000e+00 0.0000000e+00 0.0000000e+00
     49    111 1.0000000e+00 0.0000000e+00 0.0000000e+00
     49    112 0.0000000e+00 0.0000000e+00 0.0000000e+00
     49    112 1.0000000e+00 0.0000000e+00 0.0000000e+00
     49    113 0.0000000e+00 0.0000000e+00 0.0000000e+00
     49    113 1.0000000e+00 0.0000000e+00 0.0000000e+00
     49    114 0.0000000e+00 0.0000000e+00 0.0000000e+00
     49    114 1.0000000e+00 1.0157700e-14 6.5009500e-15
     49    115 0.0000000e+00 1.8208100e-12 1.1653200e-12
     49    115 1.0000000e+00 3.6766400e-13 2.3530500e-13
     49    116 0.0000000e+00 1.8818000e-11 1.2043500e-11
     49    116 1.0000000e+00 6.5746700e-11 4.2077900e-11
     49    116 2.0000000e+00 3.1595600e-11 2.0221200e-11
     49    117 0.0000000e+00 5.6791500e-09 3.6346600e-09
     49    117 1.0000000e+00 1.1467500e-09 7.3392200e-10
     49    118 0.0000000e+00 2.1323800e-08 1.3647200e-08
     49    118 1.0000000e+00 7.4501600e-08 4.7680900e-08
     49    118 2.0000000e+00 3.5802900e-08 2.2913800e-08
     49    119 0.0000000e+00 1.6904700e-06 1.0818900e-06
     49    119 1.0000000e+00 3.4134400e-07 2.1846000e-07
     49    120 0.0000000e+00 3.9338400e-06 2.5176500e-06
     49    120 1.0000000e+00 1.0090500e-05 4.7742200e-06
     49    121 0.0000000e+00 4.1173800e-05 2.6351300e-05
     49    121 1.0000000e+00 8.3139500e-06 5.3209200e-06
     49    122 0.0000000e+00 2.3981000e-05 1.5347800e-05
     49    122 1.0000000e+00 1.1940300e-04 5.8189700e-05
     49    123 0.0000000e+00 1.9223600e-04 1.2303100e-04
     49    123 1.0000000e+00 3.8816900e-05 2.4842800e-05
     49    124 0.0000000e+00 1.3700900e-04 8.7685700e-05
     49    124 1.0000000e+00 1.4783300e-04 9.4613100e-05
     49    125 0.0000000e+00 3.0474700e-04 1.9503900e-04
     49    125 1.0000000e+00 6.1535500e-05 3.9382900e-05
     49    126 0.0000000e+00 1.3952900e-04 8.9298600e-05
     49    126 1.0000000e+00 1.5055200e-04 9.6353400e-05
     49    127 0.0000000e+00 5.4866900e-04 3.5114900e-04
     49    127 1.0000000e+00 1.1078900e-04 7.0905100e-05
     49    128 0.0000000e+00 1.8879200e-04 1.2082700e-04
     49    128 1.0000000e+00 2.0370700e-04 1.3037300e-04
     49    129 0.0000000e+00 2.7643600e-04 1.7691900e-04
     49    129 1.0000000e+00 5.5818800e-05 3.5724000e-05
     49    130 0.0000000e+00 1.1431200e-03 3.6579800e-04
     49    131 0.0000000e+00 2.0827500e-04 1.3329600e-04
     49    131 1.0000000e+00 4.1954700e-05 2.6851000e-05
     49    131 2.0000000e+00 1.6990000e-04 1.3592000e-04
     49    132 0.0000000e+00 1.8032700e-05 1.1541000e-05
     49    133 0.0000000e+00 2.6943500e-06 1.7243900e-06
     49    134 0.0000000e+00 5.9577000e-08 3.8129300e-08
     49    135 0.0000000e+00 6.8348700e-09 4.3743200e-09
     49    136 0.0000000e+00 6.8558500e-12 4.3877400e-12
     49    137 0.0000000e+00 5.6118700e-14 3.5916000e-14
     49    138 0.0000000e+00 0.0000000e+00 0.0000000e+00
     50    113 0.0000000e+00 0.0000000e+00 0.0000000e+00
     50    113 1.0000000e+00 0.0000000e+00 0.0000000e+00
     50    114 0.0000000e+00 0.0000000e+00 0.0000000e+00
     50    115 0.0000000e+00 0.0000000e+00 0.0000000e+00
     50    116 0.0000000e+00 0.0000000e+00 0.0000000e+00
     50    117 0.0000000e+00 1.3306700e-13 8.5163000e-14
     50    117 1.0000000e+00 5.0361800e-13 3.2231500e-13
     50    118 0.0000000e+00 6.9456600e-11 4.4452200e-11
     50    119 0.0000000e+00 6.8390000e-10 4.3769600e-10
     50    119 1.0000000e+00 2.5883500e-09 1.6565500e-09
     50    120 0.0000000e+00 8.8617000e-08 5.6714900e-08
     50    121 0.0000000e+00 8.1932600e-07 5.2436900e-07
     50    121 1.0000000e+00 2.9237800e-07 1.8712200e-07
     50    122 0.0000000e+00 1.0797700e-05 6.9105300e-06
     50    123 0.0000000e+00 3.9385100e-05 2.5206400e-05
     50    123 1.0000000e+00 1.4054700e-05 8.9949600e-06
     50    124 0.0000000e+00 2.5480400e-04 1.6307500e-04
     50    125 0.0000000e+00 2.2627800e-04 1.4481900e-04
     50    125 1.0000000e+00 8.0747900e-05 5.1678700e-05
     50    126 0.0000000e+00 6.7737200e-04 4.3351800e-04
     50    127 0.0000000e+00 1.7490600e-03 1.1194000e-03
     50    127 1.0000000e+00 6.2415600e-04 3.9945900e-04
     50    128 0.0000000e+00 4.5338200e-03 2.0517800e-03
     50    129 0.0000000e+00 1.9438700e-03 8.7474300e-04
     50    129 1.0000000e+00 5.4472700e-03 3.4862600e-03
     50    130 0.0000000e+00 3.5374100e-03 2.2639400e-03
     50    130 1.0000000e+00 9.6618800e-03 6.1836100e-03
     50    131 0.0000000e+00 3.6391800e-03 2.3290700e-03
     50    131 1.0000000e+00 1.0198000e-02 6.5267200e-03
     50    132 0.0000000e+00 3.2070800e-03 3.5277900e-04
     50    133 0.0000000e+00 1.3779500e-03 8.8188500e-04
     50    134 0.0000000e+00 1.6607800e-04 1.0628900e-04
     50    135 0.0000000e+00 1.6199700e-05 1.0367800e-05
     50    136 0.0000000e+00 3.2333200e-07 2.0693300e-07
     50    137 0.0000000e+00 3.7322400e-09 2.3886300e-09
     50    138 0.0000000e+00 1.7463900e-10 1.1176900e-10
     50    139 0.0000000e+00 1.2630400e-12 8.0834600e-13
     50    140 0.0000000e+00 1.2348700e-13 7.9031900e-14
     51    116 0.0000000e+00 0.0000000e+00 0.0000000e+00
     51    116 1.0000000e+00 0.0000000e+00 0.0000000e+00
     51    117 0.0000000e+00 0.0000000e+00 0.0000000e+00
     51    118 0.0000000e+00 0.0000000e+00 0.0000000e+00
     51    118 1.0000000e+00 0.0000000e+00 0.0000000e+00
     51    119 0.0000000e+00 8.8417400e-14 5.6587200e-14
     51    120 0.0000000e+00 2.7021800e-12 1.7294000e-12
     51    120 1.0000000e+00 4.5229000e-12 2.8946500e-12
     51    121 0.0000000e+00 4.7601700e-10 3.0465100e-10
     51    122 0.0000000e+00 5.3733800e-09 3.4389600e-09
     51    122 1.0000000e+00 7.2106400e-09 4.6148100e-09
     51    123 0.0000000e+00 2.9938200e-07 1.9160400e-07
     51    124 0.0000000e+00 8.3477900e-07 5.3425700e-07
     51    124 1.0000000e+00 1.7533900e-06 1.1221600e-06
     51    124 2.0000000e+00 9.0114200e-07 5.7672900e-07
     51    125 0.0000000e+00 3.7921700e-07 2.4269900e-07
     51    126 0.0000000e+00 7.8317700e-07 5.0123400e-07
     51    126 1.0000000e+00 1.6388200e-06 7.8245300e-07
     51    127 0.0000000e+00 2.4689000e-05 1.5801000e-05
     51    128 0.0000000e+00 4.3141300e-05 2.7610500e-05
     51    128 1.0000000e+00 6.0315100e-05 3.8601700e-05
     51    129 0.0000000e+00 2.0059900e-04 1.2838400e-04
     51    129 1.0000000e+00 4.2130400e-04 3.3704300e-04
     51    130 0.0000000e+00 1.5027900e-03 9.6178100e-04
     51    130 1.0000000e+00 2.1010200e-03 1.3446600e-03
     51    131 0.0000000e+00 1.4925300e-02 3.4328100e-03
     51    132 0.0000000e+00 1.7258200e-02 5.5226100e-03
     51    132 1.0000000e+00 1.5304500e-02 4.8974300e-03
     51    133 0.0000000e+00 1.5205500e-02 1.2164400e-03
     51    134 0.0000000e+00 1.3063700e-03 8.3607600e-04
     51    134 1.0000000e+00 3.5681500e-03 2.2836100e-03
     51    135 0.0000000e+00 2.4537300e-03 1.5703800e-03
     51    136 0.0000000e+00 1.3985200e-04 8.9504800e-05
     51    137 0.0000000e+00 8.3926800e-06 5.3713100e-06
     51    138 0.0000000e+00 1.1376500e-06 7.2809700e-07
     51    139 0.0000000e+00 3.8918400e-08 2.4907800e-08
     51    140 0.0000000e+00 2.8160800e-09 1.8022900e-09
     51    141 0.0000000e+00 2.3009000e-12 1.4725700e-12
     51    142 0.0000000e+00 1.5547100e-13 9.9501800e-14
     51    143 0.0000000e+00 0.0000000e+00 0.0000000e+00
     52    119 0.0000000e+00 0.0000000e+00 0.0000000e+00
     52    119 1.0000000e+00 0.0000000e+00 0.0000000e+00
     52    120 0.0000000e+00 0.0000000e+00 0.0000000e+00
     52    121 0.0000000e+00 3.2745400e-15 2.0957100e-15
     52    121 1.0000000e+00 1.2393100e-14 7.9316000e-15
     52    122 0.0000000e+00 2.1455700e-12 1.3731700e-12
     52    123 0.0000000e+00 2.9846300e-11 1.9101600e-11
     52    123 1.0000000e+00 1.1295900e-10 7.2293700e-11
     52    124 0.0000000e+00 8.1132500e-09 5.1924800e-09
     52    125 0.0000000e+00 1.0699600e-13 6.8477500e-14
     52    125 1.0000000e+00 4.0494700e-13 2.5916600e-13
     52    126 0.0000000e+00 1.2474300e-11 7.9835200e-12
     52    127 0.0000000e+00 1.1102000e-10 7.1052700e-11
     52    127 1.0000000e+00 3.1110800e-10 1.9910900e-10
     52    128 0.0000000e+00 9.4405100e-09 6.0419300e-09
     52    129 0.0000000e+00 4.1835800e-08 2.6775000e-08
     52    129 1.0000000e+00 1.1723600e-07 7.5030800e-08
     52    130 0.0000000e+00 2.3969500e-04 1.5340500e-04
     52    131 0.0000000e+00 7.8539500e-04 5.0265300e-04
     52    131 1.0000000e+00 2.2009000e-03 1.4085700e-03
     52    132 0.0000000e+00 1.0725300e-02 1.7160400e-03
     52    133 0.0000000e+00 1.2255500e-02 3.9217500e-03
     52    133 1.0000000e+00 3.4343200e-02 3.7777600e-03
     52    134 0.0000000e+00 6.0065400e-02 2.4026100e-03
     52    135 0.0000000e+00 2.4685000e-02 5.6775500e-03
     52    136 0.0000000e+00 1.0177500e-02 4.0709800e-04
     52    137 0.0000000e+00 1.6048300e-03 1.0270900e-03
     52    138 0.0000000e+00 1.0853500e-03 6.9462400e-04
     52    139 0.0000000e+00 9.7728300e-05 6.2546100e-05
     52    140 0.0000000e+00 9.0185600e-06 5.7718700e-06
     52    141 0.0000000e+00 1.5302300e-07 9.7935300e-08
     52    142 0.0000000e+00 1.3971000e-08 8.9414400e-09
     52    143 0.0000000e+00 8.6894800e-12 5.5612700e-12
     52    144 0.0000000e+00 0.0000000e+00 0.0000000e+00
     52    145 0.0000000e+00 1.1623500e-13 7.4390300e-14
     53    122 0.0000000e+00 0.0000000e+00 0.0000000e+00
     53    123 0.0000000e+00 0.0000000e+00 0.0000000e+00
     53    124 0.0000000e+00 0.0000000e+00 0.0000000e+00
     53    125 0.0000000e+00 0.0000000e+00 0.0000000e+00
     53    126 0.0000000e+00 0.0000000e+00 0.0000000e+00
     53    127 0.0000000e+00 0.0000000e+00 0.0000000e+00
     53    128 0.0000000e+00 0.0000000e+00 0.0000000e+00
     53    129 0.0000000e+00 0.0000000e+00 0.0000000e+00
     53    130 0.0000000e+00 1.3002800e-07 8.3217600e-08
     53    130 1.0000000e+00 4.7605800e-08 3.0467600e-08
     53    131 0.0000000e+00 1.0787700e-05 6.9041500e-06
     53    132 0.0000000e+00 5.3665000e-05 3.4345600e-05
     53    132 1.0000000e+00 4.8554100e-05 3.1074600e-05
     53    133 0.0000000e+00 2.2021400e-03 1.4093700e-03
     53    133 1.0000000e+00 1.6276700e-03 1.0417100e-03
     53    134 0.0000000e+00 5.7269600e-03 1.8326300e-03
     53    134 1.0000000e+00 5.0786300e-03 3.2503200e-03
     53    135 0.0000000e+00 3.5958400e-02 2.8766700e-03
     53    136 0.0000000e+00 8.8303800e-03 2.8257200e-03
     53    136 1.0000000e+00 2.4118800e-02 5.5473100e-03
     53    137 0.0000000e+00 2.3966300e-02 1.4379800e-03
     53    138 0.0000000e+00 1.2481300e-02 7.4888300e-04
     53    139 0.0000000e+00 4.5952600e-03 3.6762100e-04
     53    140 0.0000000e+00 1.1116000e-03 7.1142700e-04
     53    141 0.0000000e+00 1.6804000e-04 1.0754600e-04
     53    142 0.0000000e+00 2.2583400e-05 1.4453400e-05
     53    143 0.0000000e+00 2.6775100e-07 1.7136100e-07
     53    144 0.0000000e+00 7.8348600e-08 6.2678900e-08
     53    145 0.0000000e+00 3.5815800e-09 2.2922100e-09
     53    146 0.0000000e+00 3.7757400e-12 2.4164700e-12
     53    147 0.0000000e+00 3.3621800e-13 2.1518000e-13
     53    148 0.0000000e+00 0.0000000e+00 0.0000000e+00
     54    125 0.0000000e+00 0.0000000e+00 0.0000000e+00
     54    126 0.0000000e+00 0.0000000e+00 0.0000000e+00
     54    127 0.0000000e+00 0.0000000e+00 0.0000000e+00
     54    127 1.0000000e+00 0.0000000e+00 0.0000000e+00
     54    128 0.0000000e+00 0.0000000e+00 0.0000000e+00
     54    129 0.0000000e+00 0.0000000e+00 0.0000000e+00
     54    129 1.0000000e+00 0.0000000e+00 0.0000000e+00
     54    130 0.0000000e+00 1.8960800e-11 1.2135000e-11
     54    131 0.0000000e+00 8.5456400e-10 5.4692100e-10
     54    131 1.0000000e+00 2.3947300e-09 1.5326300e-09
     54    132 0.0000000e+00 1.7064800e-07 1.0921400e-07
     54    133 0.0000000e+00 1.4920700e-05 8.9524300e-07
     54    133 1.0000000e+00 4.1812100e-05 2.6759800e-05
     54    134 0.0000000e+00 5.0130500e-05 3.2083500e-05
     54    134 1.0000000e+00 1.3692400e-04 8.7630900e-05
     54    135 0.0000000e+00 8.0101400e-04 1.8423300e-04
     54    135 1.0000000e+00 2.2446700e-03 1.4365900e-03
     54    136 0.0000000e+00 1.7087200e-02 1.8795900e-03
     54    137 0.0000000e+00 3.5257900e-02 1.4103200e-03
     54    138 0.0000000e+00 4.6734700e-02 1.3085700e-03
     54    139 0.0000000e+00 3.7849300e-02 1.5139700e-03
     54    140 0.0000000e+00 2.5821500e-02 1.0328700e-03
     54    141 0.0000000e+00 8.7814500e-03 9.6595900e-04
     54    142 0.0000000e+00 5.6556900e-03 3.6196500e-03
     54    143 0.0000000e+00 1.6690300e-04 1.0681800e-04
     54    143 1.0000000e+00 4.6770900e-04 2.9933300e-04
     54    144 0.0000000e+00 2.1478900e-04 1.7183100e-04
     54    145 0.0000000e+00 8.4888900e-06 5.4328900e-06
     54    146 0.0000000e+00 3.3929500e-07 2.1715000e-07
     54    147 0.0000000e+00 2.2360500e-08 1.4310700e-08
     54    148 0.0000000e+00 6.1972100e-11 3.9662200e-11
     54    149 0.0000000e+00 3.5020700e-13 2.2413200e-13
     54    150 0.0000000e+00 0.0000000e+00 0.0000000e+00
     55    128 0.0000000e+00 0.0000000e+00 0.0000000e+00
     55    129 0.0000000e+00 0.0000000e+00 0.0000000e+00
     55    130 0.0000000e+00 0.0000000e+00 0.0000000e+00
     55    131 0.0000000e+00 1.6166700e-14 1.0346600e-14
     55    132 0.0000000e+00 2.6146000e-12 1.6733500e-12
     55    133 0.0000000e+00 7.5045000e-10 4.8028900e-10
     55    134 0.0000000e+00 2.6657000e-08 1.7060500e-08
     55    134 1.0000000e+00 2.3639200e-08 1.5129100e-08
     55    135 0.0000000e+00 1.1820600e-06 7.5651800e-07
     55    135 1.0000000e+00 8.7369500e-07 5.5916500e-07
     55    136 0.0000000e+00 6.8233400e-05 4.3669400e-05
     55    136 1.0000000e+00 4.8805000e-05 3.1235200e-05
     55    137 0.0000000e+00 2.2788400e-03 7.2922700e-04
     55    138 0.0000000e+00 2.4969300e-03 5.7429200e-04
     55    138 1.0000000e+00 4.1793500e-03 2.6747800e-03
     55    139 0.0000000e+00 2.0923100e-02 9.4154100e-03
     55    140 0.0000000e+00 3.0406600e-02 1.8244000e-03
     55    141 0.0000000e+00 3.4840100e-02 1.1148800e-02
     55    142 0.0000000e+00 2.2609500e-02 1.3565700e-03
     55    143 0.0000000e+00 1.1984300e-02 9.5873800e-04
     55    144 0.0000000e+00 3.7963100e-03 3.0370500e-04
     55    145 0.0000000e+00 1.3702500e-03 8.7696100e-04
     55    146 0.0000000e+00 1.5172700e-04 9.7105200e-05
     55    147 0.0000000e+00 2.4554700e-05 1.5715000e-05
     55    148 0.0000000e+00 4.0516300e-07 2.5930500e-07
     55    149 0.0000000e+00 1.0791000e-08 6.9062500e-09
     55    150 0.0000000e+00 1.1276700e-10 7.2171000e-11
     55    151 0.0000000e+00 3.2314200e-13 2.0681100e-13
     55    152 0.0000000e+00 9.1284000e-15 5.8421800e-15
     56    131 0.0000000e+00 0.0000000e+00 0.0000000e+00
     56    132 0.0000000e+00 0.0000000e+00 0.0000000e+00
     56    133 0.0000000e+00 0.0000000e+00 0.0000000e+00
     56    133 1.0000000e+00 0.0000000e+00 0.0000000e+00
     56    134 0.0000000e+00 1.8861000e-12 1.2071100e-12
     56    135 0.0000000e+00 6.4302300e-11 4.1153400e-11
     56    135 1.0000000e+00 1.8019300e-10 1.1532300e-10
     56    136 0.0000000e+00 1.6929400e-08 1.0834800e-08
     56    136 1.0000000e+00 4.6240100e-08 2.9593700e-08
     56    137 0.0000000e+00 2.2335200e-07 1.4294600e-07
     56    137 1.0000000e+00 6.2589500e-07 4.0057300e-07
     56    138 0.0000000e+00 2.1256100e-05 1.3603900e-05
     56    139 0.0000000e+00 2.0038600e-04 1.2824700e-04
     56    140 0.0000000e+00 2.3502700e-03 1.5041700e-03
     56    141 0.0000000e+00 1.5538800e-02 6.9924600e-03
     56    142 0.0000000e+00 2.6552600e-02 1.5931500e-03
     56    143 0.0000000e+00 3.6031600e-02 2.1619000e-03
     56    144 0.0000000e+00 3.0063800e-02 1.8038300e-03
     56    145 0.0000000e+00 2.3150400e-02 7.4081300e-03
     56    146 0.0000000e+00 1.1486900e-02 3.6757900e-03
     56    147 0.0000000e+00 2.3978500e-03 1.5346300e-03
     56    148 0.0000000e+00 3.8539500e-04 2.4665200e-04
     56    149 0.0000000e+00 2.5576400e-05 1.6368800e-05
     56    150 0.0000000e+00 1.4869300e-06 9.5163600e-07
     56    151 0.0000000e+00 2.1490900e-08 1.3754100e-08
     56    152 0.0000000e+00 8.2029800e-10 5.2499100e-10
     56    153 0.0000000e+00 1.9269500e-12 1.2332400e-12
     56    154 0.0000000e+00 3.6424800e-14 2.3311900e-14
     57    133 0.0000000e+00 0.0000000e+00 0.0000000e+00
     57    134 0.0000000e+00 0.0000000e+00 0.0000000e+00
     57    135 0.0000000e+00 0.0000000e+00 0.0000000e+00
     57    136 0.0000000e+00 0.0000000e+00 0.0000000e+00
     57    137 0.0000000e+00 2.6245800e-11 1.6797400e-11
     57    138 0.0000000e+00 9.7498800e-08 6.2399200e-08
     57    139 0.0000000e+00 8.9016200e-08 5.6970400e-08
     57    140 0.0000000e+00 2.0357900e-06 1.3029100e-06
     57    141 0.0000000e+00 4.6484000e-05 2.9749700e-05
     57    142 0.0000000e+00 2.9847300e-04 1.9102300e-04
     57    143 0.0000000e+00 8.6315700e-03 1.9852600e-03
     57    144 0.0000000e+00 1.8482000e-02 5.9142400e-03
     57    145 0.0000000e+00 1.2399500e-02 3.9678300e-03
     57    146 0.0000000e+00 4.2821300e-03 2.7405600e-03
     57    146 1.0000000e+00 8.9752400e-03 5.7441500e-03
     57    147 0.0000000e+00 1.1131500e-02 3.5620800e-03
     57    148 0.0000000e+00 4.2142800e-03 2.6971400e-03
     57    149 0.0000000e+00 1.2570300e-03 8.0449600e-04
     57    150 0.0000000e+00 1.8863000e-04 1.2072400e-04
     57    151 0.0000000e+00 2.3599800e-05 1.5103900e-05
     57    152 0.0000000e+00 1.3671800e-06 8.7499300e-07
     57    153 0.0000000e+00 5.9375500e-08 3.8000300e-08
     57    154 0.0000000e+00 7.9835200e-10 5.1094600e-10
     57    155 0.0000000e+00 4.9241400e-11 3.1514500e-11
     57    156 0.0000000e+00 4.6086300e-14 2.9495200e-14
     57    157 0.0000000e+00 9.9633300e-16 6.3765300e-16
     58    135 0.0000000e+00 0.0000000e+00 0.0000000e+00
     58    136 0.0000000e+00 0.0000000e+00 0.0000000e+00
     58    137 0.0000000e+00 0.0000000e+00 0.0000000e+00
     58    137 1.0000000e+00 0.0000000e+00 0.0000000e+00
     58    138 0.0000000e+00 1.1975300e-12 7.6641700e-13
     58    139 0.0000000e+00 7.9761000e-13 5.1047100e-13
     58    139 1.0000000e+00 2.2351300e-12 1.4304800e-12
     58    140 0.0000000e+00 3.5626500e-10 2.2800900e-10
     58    141 0.0000000e+00 3.2133600e-07 1.0282800e-07
     58    142 0.0000000e+00 7.1053300e-07 4.5474100e-07
     58    143 0.0000000e+00 1.3901300e-05 8.8968300e-06
     58    144 0.0000000e+00 1.6764400e-04 1.0729200e-04
     58    145 0.0000000e+00 9.1657800e-04 5.8661000e-04
     58    146 0.0000000e+00 4.2592300e-03 2.7259200e-03
     58    147 0.0000000e+00 7.6379800e-03 2.4441600e-03
     58    148 0.0000000e+00 1.1623000e-02 2.6732800e-03
     58    149 0.0000000e+00 7.5613200e-03 2.4196300e-03
     58    150 0.0000000e+00 4.5597900e-03 2.9182600e-03
     58    151 0.0000000e+00 1.3641400e-03 8.7304500e-04
     58    152 0.0000000e+00 3.5293100e-04 2.2587600e-04
     58    153 0.0000000e+00 3.9219100e-05 2.5100200e-05
     58    154 0.0000000e+00 2.4549300e-06 1.5711600e-06
     58    155 0.0000000e+00 1.1671000e-07 7.4694200e-08
     58    156 0.0000000e+00 4.1414100e-09 2.6505000e-09
     58    157 0.0000000e+00 6.6262200e-11 4.2407800e-11
     58    158 0.0000000e+00 9.2309400e-13 5.9078000e-13
     58    159 0.0000000e+00 3.3033400e-15 2.1141300e-15
     58    160 0.0000000e+00 0.0000000e+00 0.0000000e+00
     59    138 0.0000000e+00 0.0000000e+00 0.0000000e+00
     59    138 1.0000000e+00 0.0000000e+00 0.0000000e+00
     59    139 0.0000000e+00 0.0000000e+00 0.0000000e+00
     59    140 0.0000000e+00 0.0000000e+00 0.0000000e+00
     59    141 0.0000000e+00 1.7763300e-13 1.1368500e-13
     59    142 0.0000000e+00 4.1989300e-12 2.6873200e-12
     59    142 1.0000000e+00 1.1468700e-11 7.3399900e-12
     59    143 0.0000000e+00 1.6066900e-09 1.0282800e-09
     59    144 0.0000000e+00 4.7437000e-09 3.0359600e-09
     59    144 1.0000000e+00 4.8556300e-08 3.1076000e-08
     59    145 0.0000000e+00 1.4470200e-06 9.2608800e-07
     59    146 0.0000000e+00 1.8222300e-05 1.1662300e-05
     59    147 0.0000000e+00 1.5263500e-04 9.7686400e-05
     59    148 0.0000000e+00 9.5375200e-05 6.1039900e-05
     59    148 1.0000000e+00 4.6237400e-04 2.9591800e-04
     59    149 0.0000000e+00 1.4827400e-03 9.4895300e-04
     59    150 0.0000000e+00 1.8934200e-03 1.2117900e-03
     59    151 0.0000000e+00 2.1865800e-03 1.3994100e-03
     59    152 0.0000000e+00 1.2002700e-03 7.6817400e-04
     59    153 0.0000000e+00 5.4655100e-04 3.4979300e-04
     59    154 0.0000000e+00 7.8947000e-05 5.0526100e-05
     59    155 0.0000000e+00 1.6545900e-05 1.0589300e-05
     59    156 0.0000000e+00 1.4769500e-06 9.4524900e-07
     59    157 0.0000000e+00 1.1077100e-07 7.0893700e-08
     59    158 0.0000000e+00 4.0316800e-09 2.5802800e-09
     59    159 0.0000000e+00 1.0178700e-10 6.5143400e-11
     59    160 0.0000000e+00 9.0912300e-13 5.8183900e-13
     59    161 0.0000000e+00 1.9506500e-15 1.2484100e-15
     59    162 0.0000000e+00 1.1993500e-17 7.6758600e-18
     60    141 0.0000000e+00 0.0000000e+00 0.0000000e+00
     60    142 0.0000000e+00 0.0000000e+00 0.0000000e+00
     60    143 0.0000000e+00 1.3671800e-14 8.7499300e-15
     60    144 0.0000000e+00 1.2873400e-10 4.1194900e-11
     60    145 0.0000000e+00 1.8262300e-10 1.1687900e-10
     60    146 0.0000000e+00 1.2174900e-08 7.7919100e-09
     60    147 0.0000000e+00 2.8042200e-07 1.7946900e-07
     60    148 0.0000000e+00 5.1693300e-06 3.3083700e-06
     60    149 0.0000000e+00 3.4528700e-05 2.2098400e-05
     60    150 0.0000000e+00 2.0157400e-04 1.2900700e-04
     60    151 0.0000000e+00 5.3388700e-04 3.4168900e-04
     60    152 0.0000000e+00 1.1319100e-03 7.2442500e-04
     60    153 0.0000000e+00 1.0160100e-03 4.5720600e-04
     60    154 0.0000000e+00 5.6498400e-04 3.6159000e-04
     60    155 0.0000000e+00 2.4960500e-04 1.5974700e-04
     60    156 0.0000000e+00 9.0632900e-05 5.8005100e-05
     60    157 0.0000000e+00 1.6007000e-05 1.0244400e-05
     60    158 0.0000000e+00 2.6146000e-06 1.6733500e-06
     60    159 0.0000000e+00 1.6665600e-07 1.0666000e-07
     60    160 0.0000000e+00 7.0454600e-09 4.5090900e-09
     60    161 0.0000000e+00 1.2973000e-10 8.3027300e-11
     60    162 0.0000000e+00 1.0777600e-12 6.8976800e-13
     60    163 0.0000000e+00 4.3488700e-15 3.4791000e-15
     60    164 0.0000000e+00 0.0000000e+00 0.0000000e+00
     61    144 0.0000000e+00 0.0000000e+00 0.0000000e+00
     61    145 0.0000000e+00 0.0000000e+00 0.0000000e+00
     61    146 0.0000000e+00 7.2151100e-14 4.6176700e-14
     61    147 0.0000000e+00 8.6022500e-12 5.5054300e-12
     61    148 0.0000000e+00 1.2489800e-10 7.9934800e-11
     61    148 1.0000000e+00 3.4114000e-10 2.1832900e-10
     61    149 0.0000000e+00 1.6366300e-08 1.0474400e-08
     61    150 0.0000000e+00 2.5048300e-07 1.6030900e-07
     61    151 0.0000000e+00 3.1834300e-06 2.0373900e-06
     61    152 0.0000000e+00 2.1899800e-06 1.4015900e-06
     61    152 1.0000000e+00 1.0620600e-05 6.7971700e-06
     61    152 2.0000000e+00 3.6554500e-06 2.3394900e-06
     61    153 0.0000000e+00 6.4866100e-05 4.1514300e-05
     61    154 0.0000000e+00 6.4587900e-05 4.1336200e-05
     61    154 1.0000000e+00 8.6410100e-06 5.5302400e-06
     61    155 0.0000000e+00 1.1971300e-04 7.6616200e-05
     61    156 0.0000000e+00 8.6960400e-05 5.5654700e-05
     61    157 0.0000000e+00 5.7431400e-05 3.6756100e-05
     61    158 0.0000000e+00 2.0158400e-05 1.2901400e-05
     61    159 0.0000000e+00 5.3289900e-06 3.4105600e-06
     61    160 0.0000000e+00 5.4088300e-07 3.4616500e-07
     61    161 0.0000000e+00 4.5206700e-08 2.8932200e-08
     61    162 0.0000000e+00 9.5902000e-10 6.1377300e-10
     61    163 0.0000000e+00 1.6366300e-11 1.0474400e-11
     61    164 0.0000000e+00 4.0017400e-13 2.5611100e-13
     61    165 0.0000000e+00 9.3984500e-15 7.5187600e-15
     61    166 0.0000000e+00 1.0705300e-17 6.8514200e-18
     62    146 0.0000000e+00 0.0000000e+00 0.0000000e+00
     62    147 0.0000000e+00 0.0000000e+00 0.0000000e+00
     62    148 0.0000000e+00 0.0000000e+00 0.0000000e+00
     62    149 0.0000000e+00 5.7082100e-13 3.6532600e-13
     62    150 0.0000000e+00 4.5605800e-11 2.9187700e-11
     62    151 0.0000000e+00 1.6266500e-09 1.0410500e-09
     62    152 0.0000000e+00 4.0815700e-08 2.6122100e-08
     62    153 0.0000000e+00 4.1813600e-07 2.6760800e-07
     62    154 0.0000000e+00 2.0856900e-06 1.3348500e-06
     62    155 0.0000000e+00 7.9136600e-06 5.0647500e-06
     62    156 0.0000000e+00 2.3012500e-05 1.4728000e-05
     62    157 0.0000000e+00 3.1584800e-05 2.0214200e-05
     62    158 0.0000000e+00 4.0646000e-05 2.6013500e-05
     62    159 0.0000000e+00 2.1585400e-05 1.3814700e-05
     62    160 0.0000000e+00 8.3228200e-06 5.3266000e-06
     62    161 0.0000000e+00 1.5268500e-06 9.7718300e-07
     62    162 0.0000000e+00 1.3771600e-07 8.8138000e-08
     62    163 0.0000000e+00 5.5086300e-09 3.5255200e-09
     62    164 0.0000000e+00 6.1972100e-10 3.9662200e-10
     62    165 0.0000000e+00 2.6545200e-11 1.6989000e-11
     62    166 0.0000000e+00 9.6200300e-13 6.1568200e-13
     62    167 0.0000000e+00 1.6366000e-14 1.0474300e-14
     62    168 0.0000000e+00 1.4248300e-16 1.1398600e-16
     63    149 0.0000000e+00 0.0000000e+00 0.0000000e+00
     63    150 0.0000000e+00 0.0000000e+00 0.0000000e+00
     63    150 1.0000000e+00 0.0000000e+00 0.0000000e+00
     63    151 0.0000000e+00 9.5303300e-12 3.0497000e-12
     63    152 0.0000000e+00 4.2873900e-13 2.7439300e-13
     63    152 1.0000000e+00 4.2033200e-14 2.6901200e-14
     63    152 2.0000000e+00 4.6236500e-13 2.9591400e-13
     63    153 0.0000000e+00 4.5905200e-11 2.9379300e-11
     63    154 0.0000000e+00 2.9808500e-10 1.9077500e-10
     63    154 1.0000000e+00 3.2163500e-10 2.0584600e-10
     63    155 0.0000000e+00 1.0977300e-08 7.0255000e-09
     63    156 0.0000000e+00 8.2629400e-08 5.2882800e-08
     63    157 0.0000000e+00 4.7302400e-07 3.0273500e-07
     63    158 0.0000000e+00 1.3871400e-06 8.8776700e-07
     63    159 0.0000000e+00 2.8840500e-06 1.8457900e-06
     63    160 0.0000000e+00 2.2753000e-06 1.4562000e-06
     63    161 0.0000000e+00 1.5268500e-06 9.7718300e-07
     63    162 0.0000000e+00 2.7842600e-07 1.7819200e-07
     63    163 0.0000000e+00 4.1913400e-08 2.6824700e-08
     63    164 0.0000000e+00 1.0578200e-08 6.7700200e-09
     63    165 0.0000000e+00 1.9459800e-09 1.2454300e-09
     63    166 0.0000000e+00 1.7364100e-10 1.1113100e-10
     63    167 0.0000000e+00 1.3771600e-11 8.8138000e-12
     63    168 0.0000000e+00 2.8042200e-13 1.7946900e-13
     63    169 0.0000000e+00 1.1376100e-14 7.2807300e-15
     63    170 0.0000000e+00 1.7702000e-16 1.4161600e-16
     64    151 0.0000000e+00 0.0000000e+00 0.0000000e+00
     64    152 0.0000000e+00 0.0000000e+00 0.0000000e+00
     64    153 0.0000000e+00 0.0000000e+00 0.0000000e+00
     64    154 0.0000000e+00 2.5746900e-14 1.6478000e-14
     64    155 0.0000000e+00 1.3272600e-12 8.4944700e-13
     64    156 0.0000000e+00 3.9119300e-11 2.5036300e-11
     64    157 0.0000000e+00 6.4866100e-10 4.1514300e-10
     64    158 0.0000000e+00 8.7619100e-09 5.6076200e-09
     64    159 0.0000000e+00 4.4707700e-08 2.8613000e-08
     64    160 0.0000000e+00 1.5068900e-07 9.6440900e-08
     64    161 0.0000000e+00 2.2553400e-07 1.4434200e-07
     64    162 0.0000000e+00 1.5867300e-07 1.0155000e-07
     64    163 0.0000000e+00 4.7003000e-08 3.0081900e-08
     64    164 0.0000000e+00 4.3210800e-08 2.7654900e-08
     64    165 0.0000000e+00 1.6366300e-08 1.0474400e-08
     64    166 0.0000000e+00 5.7680900e-09 3.6915800e-09
     64    167 0.0000000e+00 1.0378600e-09 6.6422900e-10
     64    168 0.0000000e+00 9.3307400e-11 5.9716700e-11
     64    169 0.0000000e+00 9.4504900e-12 6.0483200e-12
     64    170 0.0000000e+00 4.3510200e-13 2.7846600e-13
     64    171 0.0000000e+00 1.2269500e-14 7.8524700e-15
     64    172 0.0000000e+00 2.6920700e-16 2.1536500e-16
     65    154 0.0000000e+00 0.0000000e+00 0.0000000e+00
     65    154 1.0000000e+00 0.0000000e+00 0.0000000e+00
     65    154 2.0000000e+00 0.0000000e+00 0.0000000e+00
     65    155 0.0000000e+00 0.0000000e+00 0.0000000e+00
     65    156 0.0000000e+00 0.0000000e+00 0.0000000e+00
     65    156 1.0000000e+00 0.0000000e+00 0.0000000e+00
     65    156 2.0000000e+00 0.0000000e+00 0.0000000e+00
     65    157 0.0000000e+00 1.4769500e-14 9.4524900e-15
     65    158 0.0000000e+00 4.8247200e-13 3.0878200e-13
     65    158 1.0000000e+00 4.7135000e-14 3.0166400e-14
     65    159 0.0000000e+00 1.2673800e-11 8.1112500e-12
     65    160 0.0000000e+00 1.1176900e-10 7.1532300e-11
     65    161 0.0000000e+00 7.6442200e-10 4.8923000e-10
     65    162 0.0000000e+00 1.2953300e-09 5.8619700e-10
     65    163 0.0000000e+00 1.5667700e-09 1.0027300e-09
     65    164 0.0000000e+00 3.1534900e-09 2.0182300e-09
     65    165 0.0000000e+00 4.5206700e-09 2.8932200e-09
     65    166 0.0000000e+00 3.1934100e-09 2.0437800e-09
     65    167 0.0000000e+00 2.1156300e-09 1.3540100e-09
     65    168 0.0000000e+00 3.9618300e-10 2.5355700e-10
     65    169 0.0000000e+00 1.6166700e-10 1.0346600e-10
     65    170 0.0000000e+00 1.7364100e-11 1.1113100e-11
     65    171 0.0000000e+00 2.1755100e-12 1.3923300e-12
     65    172 0.0000000e+00 1.0478400e-13 6.7061500e-14
     66    157 0.0000000e+00 0.0000000e+00 0.0000000e+00
     66    158 0.0000000e+00 0.0000000e+00 0.0000000e+00
     66    159 0.0000000e+00 0.0000000e+00 0.0000000e+00
     66    160 0.0000000e+00 1.1975300e-14 7.6641700e-15
     66    161 0.0000000e+00 2.1455700e-13 1.3731700e-13
     66    162 0.0000000e+00 1.7264400e-12 1.1049200e-12
     66    163 0.0000000e+00 5.1693300e-12 3.3083700e-12
     66    164 0.0000000e+00 4.6903200e-11 3.0018000e-11
     66    165 0.0000000e+00 1.4109300e-10 9.0299700e-11
     66    165 1.0000000e+00 1.8876500e-11 1.2081000e-11
     66    166 0.0000000e+00 4.6703600e-10 2.9890300e-10
     66    167 0.0000000e+00 6.6263200e-10 4.2408400e-10
     66    168 0.0000000e+00 4.6104800e-10 2.9507000e-10
     66    169 0.0000000e+00 3.7622400e-10 2.4078300e-10
     66    170 0.0000000e+00 1.4969100e-10 9.5802300e-11
     66    171 0.0000000e+00 4.0017400e-11 2.5611100e-11
     66    172 0.0000000e+00 7.7140700e-12 4.9370100e-12
     67    160 0.0000000e+00 0.0000000e+00 0.0000000e+00
     67    160 1.0000000e+00 0.0000000e+00 0.0000000e+00
     67    161 0.0000000e+00 0.0000000e+00 0.0000000e+00
     67    161 1.0000000e+00 0.0000000e+00 0.0000000e+00
     67    162 0.0000000e+00 0.0000000e+00 0.0000000e+00
     67    162 1.0000000e+00 0.0000000e+00 0.0000000e+00
     67    163 0.0000000e+00 0.0000000e+00 0.0000000e+00
     67    163 1.0000000e+00 0.0000000e+00 0.0000000e+00
     67    164 0.0000000e+00 3.2193400e-15 2.5754700e-15
     67    164 1.0000000e+00 8.7931200e-15 7.0345000e-15
     67    165 0.0000000e+00 1.1176900e-13 7.1532300e-14
     67    166 0.0000000e+00 2.2091200e-13 1.4138400e-13
     67    166 1.0000000e+00 6.0338600e-13 3.8616800e-13
     67    167 0.0000000e+00 5.2192200e-12 3.3403000e-12
     67    168 0.0000000e+00 8.5124300e-12 5.4479500e-12
     67    169 0.0000000e+00 2.8141900e-11 1.8010800e-11
     67    170 0.0000000e+00 1.7239600e-11 1.1033300e-11
     67    170 1.0000000e+00 6.3117700e-12 4.0395300e-12
     67    171 0.0000000e+00 2.3052400e-11 1.4753600e-11
     67    172 0.0000000e+00 8.6621100e-12 5.5437500e-12
     68    163 0.0000000e+00 0.0000000e+00 0.0000000e+00
     68    164 0.0000000e+00 0.0000000e+00 0.0000000e+00
     68    165 0.0000000e+00 0.0000000e+00 0.0000000e+00
     68    166 0.0000000e+00 4.7494300e-16 3.7995400e-16
     68    167 0.0000000e+00 3.9912100e-15 3.1929700e-15
     68    167 1.0000000e+00 5.3397100e-16 4.2717700e-16
     68    168 0.0000000e+00 2.7343600e-14 1.7499800e-14
     68    169 0.0000000e+00 2.2553400e-13 1.4434200e-13
     68    170 0.0000000e+00 8.2928800e-13 5.3074400e-13
     68    171 0.0000000e+00 1.8761200e-12 1.2007200e-12
     68    172 0.0000000e+00 2.7044200e-12 1.7308200e-12
     69    166 0.0000000e+00 0.0000000e+00 0.0000000e+00
     69    167 0.0000000e+00 0.0000000e+00 0.0000000e+00
     69    168 0.0000000e+00 0.0000000e+00 0.0000000e+00
     69    169 0.0000000e+00 5.8689500e-17 4.6951600e-17
     69    170 0.0000000e+00 5.3105900e-16 4.2484700e-16
     69    171 0.0000000e+00 4.7849400e-15 3.8279500e-15
     69    172 0.0000000e+00 1.1276700e-14 7.2171000e-15
     70    168 0.0000000e+00 0.0000000e+00 0.0000000e+00
     70    169 0.0000000e+00 0.0000000e+00 0.0000000e+00
     70    170 0.0000000e+00 0.0000000e+00 0.0000000e+00
     70    171 0.0000000e+00 0.0000000e+00 0.0000000e+00
     70    172 0.0000000e+00 8.5312000e-18 6.8249600e-18
     71    172 0.0000000e+00 0.0000000e+00 0.0000000e+00
     71    172 1.0000000e+00 0.0000000e+00 0.0000000e+00


