   66   4.3971E-06
   67   5.4871E-06
   68   7.6862E-06
   69   9.8772E-06
   70   1.3902E-05
   71   1.8669E-05
   72   2.4156E-05
   73   3.2084E-05
   74   4.3929E-05
   75   5.9306E-05
   76   7.6903E-05
   77   1.0693E-04
   78   1.4266E-04
   79   1.8651E-04
   80   2.5143E-04
   81   3.5234E-04
   82   4.6328E-04
   83   4.5580E-04
   84   6.9283E-04
   85   1.0747E-03
   86   1.6081E-03
   87   2.0935E-03
   88   2.6501E-03
   89   4.3827E-03
   90   4.9659E-03
   91   5.9792E-03
   92   8.4956E-03
   93   1.1381E-02
   94   1.5432E-02
   95   1.6370E-02
   96   2.1100E-02
   97   2.6261E-02
   98   3.1838E-02
   99   4.1533E-02
  100   4.5206E-02
  101   5.2453E-02
  102   5.4549E-02
  103   5.5126E-02
  104   6.2739E-02
  105   6.4334E-02
  106   6.1755E-02
  107   6.2943E-02
  108   6.0830E-02
  109   6.0519E-02
  110   5.7779E-02
  111   5.4171E-02
  112   4.6833E-02
  113   2.6628E-02
  114   2.0981E-02
  115   1.3877E-02
  116   7.6867E-04
  117   2.1386E-04
  118   7.4857E-05
  119   3.2082E-05
  120   2.1385E-05
  121   1.8177E-05
  122   1.6459E-05
  123   1.8668E-05
  124   2.0600E-05
  125   6.5052E-05
  126   1.3224E-04
  127   3.1173E-04
  128   1.0164E-03
  129   3.2212E-03
  130   2.0264E-02
  131   2.6209E-02
  132   4.3366E-02
  133   5.2560E-02
  134   4.9087E-02
  135   5.7903E-02
  136   4.5432E-02
  137   6.2388E-02
  138   6.5744E-02
  139   6.3289E-02
  140   5.8382E-02
  141   5.6220E-02
  142   6.2642E-02
  143   5.4897E-02
  144   5.8285E-02
  145   4.4808E-02
  146   3.7429E-02
  147   3.1307E-02
  148   2.6228E-02
  149   2.0306E-02
  150   1.5214E-02
  151   1.1841E-02
  152   9.6850E-03
  153   7.9272E-03
  154   4.0780E-03
  155   2.5487E-03
  156   2.0389E-03
  157   1.3253E-03
  158   1.0195E-03
  159   7.1363E-04
  160   5.0980E-04
  161   3.5681E-04
  162   3.0583E-04
  163   2.3447E-04
  164   1.8351E-04
  165   1.3180E-04
  166   1.0195E-04
  167   8.1561E-05
  168   6.1168E-05
  169   4.5884E-05
  170   3.5693E-05
  171   2.5484E-05
  172   2.0395E-05
