   66   8.3004E-09
   67   2.0801E-08
   68   4.1502E-08
   69   9.3405E-08
   70   2.0801E-07
   71   5.1903E-07
   72   1.8701E-06
   73   7.1904E-06
   74   3.1132E-05
   75   8.3024E-05
   76   2.2831E-04
   77   4.5176E-04
   78   5.8122E-04
   79   1.1417E-03
   80   1.8687E-03
   81   2.6985E-03
   82   3.8401E-03
   83   5.6453E-03
   84   1.0410E-02
   85   1.4042E-02
   86   1.7693E-02
   87   2.3005E-02
   88   2.9035E-02
   89   3.8670E-02
   90   4.7271E-02
   91   5.5011E-02
   92   5.6113E-02
   93   5.5304E-02
   94   5.0232E-02
   95   6.3574E-02
   96   6.0484E-02
   97   5.4504E-02
   98   6.0345E-02
   99   5.8157E-02
  100   5.7764E-02
  101   5.2293E-02
  102   5.1969E-02
  103   4.1565E-02
  104   3.5403E-02
  105   2.4657E-02
  106   1.0124E-02
  107   6.1604E-03
  108   3.8402E-03
  109   1.5410E-03
  110   1.1416E-03
  111   6.7308E-04
  112   5.2928E-04
  113   4.1069E-04
  114   3.6323E-04
  115   3.8447E-04
  116   3.7361E-04
  117   3.7700E-04
  118   3.6297E-04
  119   3.5342E-04
  120   3.8207E-04
  121   3.7465E-04
  122   5.0577E-04
  123   7.1182E-04
  124   9.3661E-04
  125   1.6429E-03
  126   2.4344E-03
  127   3.5338E-03
  128   5.4445E-03
  129   9.3102E-03
  130   1.7431E-02
  131   2.9499E-02
  132   4.3766E-02
  133   6.8929E-02
  134   7.7413E-02
  135   6.0798E-02
  136   6.5884E-02
  137   6.0047E-02
  138   6.6387E-02
  139   6.0627E-02
  140   5.6358E-02
  141   5.3802E-02
  142   5.4234E-02
  143   5.7631E-02
  144   5.1119E-02
  145   4.1531E-02
  146   3.4629E-02
  147   2.2953E-02
  148   1.7292E-02
  149   1.3384E-02
  150   7.3991E-03
  151   4.1489E-03
  152   3.1521E-03
  153   2.5288E-03
  154   1.3112E-03
  155   9.3660E-04
  156   3.3731E-04
  157   2.3415E-04
  158   1.1240E-04
  159   4.4022E-05
  160   1.9671E-05
  161   4.9302E-06
  162   2.0601E-06
  163   1.1201E-06
  164   4.5002E-07
  165   1.7201E-07
  166   1.0301E-07
  167   4.8702E-08
  168   1.2201E-08
  169   3.0001E-09
  170   9.0805E-10
  171   3.0002E-10
  172   8.0504E-11
