   66   1.8500E-06
   67   4.0600E-06
   68   7.8700E-06
   69   1.0960E-05
   70   1.9940E-05
   71   3.0880E-05
   72   4.6850E-05
   73   8.1770E-05
   74   1.3944E-04
   75   1.9920E-04
   76   2.8884E-04
   77   5.9830E-04
   78   1.0957E-03
   79   1.6937E-03
   80   2.3930E-03
   81   3.4871E-03
   82   5.3855E-03
   83   6.3796E-03
   84   1.0719E-02
   85   1.3471E-02
   86   1.7436E-02
   87   2.5790E-02
   88   2.6552E-02
   89   3.6591E-02
   90   3.8200E-02
   91   4.2542E-02
   92   4.8181E-02
   93   5.0693E-02
   94   5.3616E-02
   95   5.2616E-02
   96   5.3061E-02
   97   5.4459E-02
   98   5.2253E-02
   99   5.1262E-02
  100   4.7904E-02
  101   4.2016E-02
  102   3.5531E-02
  103   3.2138E-02
  104   2.8201E-02
  105   2.5046E-02
  106   1.8148E-02
  107   1.5855E-02
  108   1.3763E-02
  109   1.1978E-02
  110   1.2963E-02
  111   1.1061E-02
  112   1.1607E-02
  113   1.0852E-02
  114   1.0470E-02
  115   1.0446E-02
  116   1.2664E-02
  117   1.1440E-02
  118   1.1018E-02
  119   1.0224E-02
  120   1.0522E-02
  121   1.1614E-02
  122   1.1019E-02
  123   1.1713E-02
  124   1.2904E-02
  125   1.4691E-02
  126   1.5965E-02
  127   1.9552E-02
  128   2.2340E-02
  129   2.8097E-02
  130   3.3425E-02
  131   3.8100E-02
  132   4.8732E-02
  133   5.3900E-02
  134   5.8425E-02
  135   5.5736E-02
  136   5.9924E-02
  137   5.1397E-02
  138   5.0714E-02
  139   5.2035E-02
  140   4.1181E-02
  141   4.0548E-02
  142   4.2625E-02
  143   3.9391E-02
  144   3.4867E-02
  145   2.5511E-02
  146   1.9951E-02
  147   1.7326E-02
  148   1.2706E-02
  149   8.8070E-03
  150   6.8278E-03
  151   4.8488E-03
  152   3.5624E-03
  153   2.7967E-03
  154   1.4150E-03
  155   9.2028E-04
  156   7.0480E-04
  157   4.9477E-04
  158   2.7707E-04
  159   1.6302E-04
  160   9.8950E-05
  161   6.4690E-05
  162   3.8590E-05
  163   2.2760E-05
  164   1.3850E-05
  165   7.5400E-06
  166   4.2000E-06
  167   2.5700E-06
  168   1.4800E-06
  169   1.1900E-06
  170   4.4500E-07
  171   2.4700E-07
  172   1.3800E-07
