66    0.0000000e+00
67    0.0000000e+00
68    0.0000000e+00
69    0.0000000e+00
70    4.7900000e-10
71    0.0000000e+00
72    0.0000000e+00
73    0.0000000e+00
74    1.2900000e-11
75    0.0000000e+00
76    2.6600000e-08
77    0.0000000e+00
78    0.0000000e+00
79    0.0000000e+00
80    5.5700000e-09
81    0.0000000e+00
82    1.6000000e-06
83    0.0000000e+00
84    1.8700000e-11
85    0.0000000e+00
86    4.9000000e-07
87    0.0000000e+00
88    0.0000000e+00
89    0.0000000e+00
90    0.0000000e+00
91    0.0000000e+00
92    0.0000000e+00
93    0.0000000e+00
94    3.7200000e-09
95    0.0000000e+00
96    0.0000000e+00
97    0.0000000e+00
98    8.0200000e-11
99    0.0000000e+00
100    1.4300000e-07
101    0.0000000e+00
102    6.8200000e-14
103    0.0000000e+00
104    3.7600000e-09
105    0.0000000e+00
106    0.0000000e+00
107    0.0000000e+00
108    7.9800000e-11
109    0.0000000e+00
110    2.7300000e-07
111    0.0000000e+00
112    1.6100000e-12
113    0.0000000e+00
114    5.2600000e-09
115    0.0000000e+00
116    0.0000000e+00
117    0.0000000e+00
118    0.0000000e+00
119    0.0000000e+00
120    0.0000000e+00
121    0.0000000e+00
122    9.5900000e-11
123    0.0000000e+00
124    0.0000000e+00
125    0.0000000e+00
126    0.0000000e+00
127    0.0000000e+00
128    0.0000000e+00
129    0.0000000e+00
130    6.6400000e-13
131    0.0000000e+00
132    4.5100000e-13
133    0.0000000e+00
134    1.1200000e-07
135    0.0000000e+00
136    4.1710000e-05
137    0.0000000e+00
138    2.5100000e-09
139    0.0000000e+00
140    0.0000000e+00
141    0.0000000e+00
142    1.4200000e-10
143    0.0000000e+00
144    0.0000000e+00
145    0.0000000e+00
146    8.1700000e-13
147    0.0000000e+00
148    1.2800000e-08
149    0.0000000e+00
150    4.6400000e-06
151    0.0000000e+00
152    8.7300000e-11
153    0.0000000e+00
154    5.7500000e-08
155    0.0000000e+00
156    0.0000000e+00
157    0.0000000e+00
158    4.2900000e-11
159    0.0000000e+00
160    5.4200000e-08
161    0.0000000e+00
162    0.0000000e+00
163    0.0000000e+00
164    2.4000000e-10
165    0.0000000e+00
166    0.0000000e+00
167    0.0000000e+00
168    0.0000000e+00
169    0.0000000e+00
170    6.7900000e-10
171    0.0000000e+00
172    0.0000000e+00
