    1   4.2749E-05
    2   1.3064E-05
    3   1.8639E-04
    4   3.3154E-03
    6   4.6299E-05
    7   2.0448E-06
    8   8.6552E-07
    9   1.4552E-06
   10   1.2300E-05
   66   9.3496E-11
   67   1.8679E-10
   68   3.7430E-10
   69   7.4878E-10
   70   1.4043E-09
   71   2.3371E-09
   72   1.4492E-09
   73   9.6520E-09
   74   1.8742E-08
   75   3.2707E-08
   76   6.5544E-08
   77   1.3522E-07
   78   2.4141E-07
   79   4.8214E-07
   80   9.2823E-07
   81   2.1941E-06
   82   4.2361E-06
   83   8.6808E-06
   84   1.4247E-05
   85   3.6074E-05
   86   6.7590E-05
   87   1.3367E-04
   88   2.6547E-04
   89   4.8708E-04
   90   1.1490E-03
   91   2.7558E-03
   92   3.5311E-03
   93   4.4398E-03
   94   5.7732E-03
   95   7.1301E-03
   96   7.5242E-03
   97   9.7745E-03
   98   1.3165E-02
   99   2.3092E-02
  100   2.3382E-02
  101   2.4784E-02
  102   2.7044E-02
  103   3.1168E-02
  104   3.3703E-02
  105   4.2489E-02
  106   4.0116E-02
  107   3.8635E-02
  108   3.6696E-02
  109   3.7056E-02
  110   3.8679E-02
  111   4.1777E-02
  112   4.3270E-02
  113   3.8771E-02
  114   4.9260E-02
  115   5.5530E-02
  116   5.4610E-02
  117   5.0692E-02
  118   4.4431E-02
  119   3.8994E-02
  120   3.6490E-02
  121   2.6863E-02
  122   2.8489E-02
  123   1.9318E-02
  124   1.3345E-02
  125   9.0014E-03
  126   8.4608E-03
  127   9.4192E-03
  128   1.2804E-02
  129   1.8989E-02
  130   2.4611E-02
  131   3.7812E-02
  132   4.7828E-02
  133   5.0353E-02
  134   5.2857E-02
  135   5.4827E-02
  136   4.9185E-02
  137   4.8152E-02
  138   4.4905E-02
  139   4.1909E-02
  140   3.9878E-02
  141   4.5724E-02
  142   4.5548E-02
  143   4.8222E-02
  144   3.8762E-02
  145   3.5601E-02
  146   3.2546E-02
  147   2.9569E-02
  148   2.6472E-02
  149   2.2588E-02
  150   1.9732E-02
  151   1.6942E-02
  152   1.6189E-02
  153   1.5864E-02
  154   1.2756E-02
  155   9.8114E-03
  156   7.9345E-03
  157   7.5165E-03
  158   6.8235E-03
  159   4.8740E-03
  160   3.9012E-03
  161   2.9244E-03
  162   1.9496E-03
  163   9.7478E-04
  164   4.7764E-04
  165   1.9621E-04
  166   8.7719E-05
  167   3.8991E-05
  168   1.9500E-05
  169   9.7436E-06
  170   4.8755E-06
  171   1.9544E-06
  172   9.7558E-07
