# header:
#   title: "Cm246+n induced fission product yield"
#   source: "ENDF"
#   creator: "Shin Okumura"
#   date: 2023-07-14
#   format: "YANDF-0.1"
# endf:
#   library: "jendl4.0"
#   author: "J. KATAKURA"
#   year: 2010
# target:
#   Z: 96
#   A: 246
#   nuclide: "Cm246"
# reaction:
#   type: "(n,f)"
#   Incident energy [MeV]:  5.000000e+05
# datablock:
#   quantity: "independent fission product yield"
#   columns: 4
#   entries: 1241
##   A      Z  ISO           Yield         dYield
##                           %/fission     %/fission
      1      1 0.0000000e+00 3.7665400e-05 6.0264600e-06
      1      2 0.0000000e+00 1.1510900e-05 1.6460500e-06
      1      3 0.0000000e+00 1.6422400e-04 1.3137900e-05
      2      3 0.0000000e+00 0.0000000e+00 0.0000000e+00
      2      4 0.0000000e+00 2.6979200e-03 1.7266700e-04
      2      6 0.0000000e+00 3.7675400e-05 5.5759600e-06
      2      8 0.0000000e+00 7.0431100e-07 1.7466900e-07
      3      6 0.0000000e+00 0.0000000e+00 0.0000000e+00
      3      7 0.0000000e+00 9.9316500e-07 1.8770800e-07
      3      9 0.0000000e+00 7.0683500e-07 1.6469300e-07
      4      9 0.0000000e+00 0.0000000e+00 0.0000000e+00
      4     10 0.0000000e+00 8.6000000e-06 1.4362000e-06
     23     66 0.0000000e+00 1.6068300e-16 1.0283800e-16
     24     66 0.0000000e+00 1.4104700e-12 9.0269800e-13
     24     67 0.0000000e+00 1.3704500e-13 8.7708900e-14
     24     68 0.0000000e+00 8.6822900e-15 6.9458300e-15
     24     69 0.0000000e+00 4.1595400e-16 2.6621000e-16
     24     70 0.0000000e+00 0.0000000e+00 0.0000000e+00
     25     66 0.0000000e+00 4.6120500e-10 2.9517100e-10
     25     67 0.0000000e+00 1.2705600e-10 8.1316100e-11
     25     68 0.0000000e+00 2.5611400e-11 1.6391300e-11
     25     69 0.0000000e+00 3.6512000e-12 2.3367700e-12
     25     70 0.0000000e+00 3.3114700e-13 2.1193400e-13
     25     71 0.0000000e+00 1.9708800e-14 1.2613600e-14
     25     72 0.0000000e+00 1.1737900e-15 7.5122500e-16
     25     73 0.0000000e+00 9.8689300e-17 6.3161100e-17
     26     66 0.0000000e+00 1.1605200e-08 7.4273000e-09
     26     67 0.0000000e+00 8.4937700e-09 5.4360100e-09
     26     68 0.0000000e+00 4.5920400e-09 2.9389000e-09
     26     69 0.0000000e+00 1.8408200e-09 1.1781200e-09
     26     70 0.0000000e+00 4.7821200e-10 3.0605600e-10
     26     71 0.0000000e+00 8.2336600e-11 5.2695400e-11
     26     72 0.0000000e+00 1.0303400e-11 6.5941800e-12
     26     73 0.0000000e+00 8.6628600e-13 5.5442300e-13
     26     74 0.0000000e+00 4.3919500e-14 2.8108500e-14
     26     75 0.0000000e+00 2.6894500e-15 1.7212500e-15
     26     76 0.0000000e+00 0.0000000e+00 0.0000000e+00
     27     66 0.0000000e+00 2.3810600e-08 1.5238800e-08
     27     67 0.0000000e+00 4.2719000e-08 2.7340100e-08
     27     68 0.0000000e+00 5.6725200e-08 3.6304100e-08
     27     69 0.0000000e+00 5.9326300e-08 3.7968900e-08
     27     70 0.0000000e+00 4.1618500e-08 2.6635800e-08
     27     71 0.0000000e+00 1.9908800e-08 1.2741700e-08
     27     72 0.0000000e+00 7.0131100e-09 4.4883900e-09
     27     73 0.0000000e+00 1.6607400e-09 1.0628700e-09
     27     74 0.0000000e+00 2.4510900e-10 1.5687000e-10
     27     75 0.0000000e+00 2.3607800e-11 1.5109000e-11
     27     76 0.0000000e+00 1.5306800e-12 9.7963500e-13
     27     77 0.0000000e+00 6.8489900e-14 4.3833600e-14
     27     78 0.0000000e+00 5.4700800e-15 3.5008500e-15
     28     66 0.0000000e+00 5.2323200e-09 3.3486900e-09
     28     67 0.0000000e+00 2.2910200e-08 1.4662500e-08
     28     68 0.0000000e+00 7.1131600e-08 4.5524200e-08
     28     69 0.0000000e+00 1.7908000e-07 1.1461100e-07
     28     70 0.0000000e+00 3.1013800e-07 1.9848800e-07
     28     71 0.0000000e+00 3.7716700e-07 2.4138700e-07
     28     72 0.0000000e+00 3.5215600e-07 2.2538000e-07
     28     73 0.0000000e+00 2.2109800e-07 1.4150300e-07
     28     74 0.0000000e+00 9.1240500e-08 5.8393900e-08
     28     75 0.0000000e+00 2.5111200e-08 1.6071100e-08
     28     76 0.0000000e+00 4.7120900e-09 3.0157400e-09
     28     77 0.0000000e+00 6.0119900e-10 3.8476700e-10
     28     78 0.0000000e+00 4.8015800e-11 3.0730100e-11
     28     79 0.0000000e+00 1.1327600e-12 7.2496800e-13
     28     80 0.0000000e+00 8.1236100e-14 5.1991100e-14
     28     81 0.0000000e+00 0.0000000e+00 0.0000000e+00
     28     82 0.0000000e+00 0.0000000e+00 0.0000000e+00
     29     66 0.0000000e+00 8.7438800e-11 5.5960800e-11
     29     67 0.0000000e+00 1.0204500e-09 6.5309000e-10
     29     68 0.0000000e+00 2.1208200e-09 1.3573300e-09
     29     68 1.0000000e+00 5.7926900e-09 3.7073200e-09
     29     69 0.0000000e+00 4.9421900e-08 3.1630000e-08
     29     70 0.0000000e+00 4.6181500e-08 2.9556200e-08
     29     70 1.0000000e+00 1.6091000e-07 1.0298300e-07
     29     71 0.0000000e+00 6.0326800e-07 3.8609100e-07
     29     72 0.0000000e+00 1.3606000e-06 8.7078700e-07
     29     73 0.0000000e+00 2.0809200e-06 1.3317900e-06
     29     74 0.0000000e+00 2.2209900e-06 1.4214300e-06
     29     75 0.0000000e+00 1.6307200e-06 1.0436600e-06
     29     76 0.0000000e+00 8.4437500e-07 5.4040000e-07
     29     77 0.0000000e+00 2.9513100e-07 1.8888400e-07
     29     78 0.0000000e+00 6.7530000e-08 4.3219200e-08
     29     79 0.0000000e+00 9.9432900e-09 6.3637100e-09
     29     80 0.0000000e+00 9.7143000e-10 6.2171600e-10
     29     81 0.0000000e+00 6.0827000e-11 3.8929300e-11
     29     82 0.0000000e+00 2.7612300e-12 1.7671800e-12
     29     83 0.0000000e+00 1.4814800e-13 9.4814700e-14
     29     84 0.0000000e+00 0.0000000e+00 0.0000000e+00
     30     66 0.0000000e+00 1.0604700e-13 6.7870100e-14
     30     67 0.0000000e+00 3.5015500e-12 2.2410000e-12
     30     68 0.0000000e+00 7.4032900e-11 4.7381000e-11
     30     69 0.0000000e+00 2.1143800e-10 1.3532000e-10
     30     69 1.0000000e+00 1.0471200e-09 6.7015700e-10
     30     70 0.0000000e+00 1.3806100e-08 8.8359200e-09
     30     71 0.0000000e+00 1.7143600e-08 1.0971900e-08
     30     71 1.0000000e+00 8.4901700e-08 5.4337100e-08
     30     72 0.0000000e+00 5.6625100e-07 3.6240100e-07
     30     73 0.0000000e+00 2.0309000e-06 1.2997800e-06
     30     74 0.0000000e+00 5.1923100e-06 3.3230800e-06
     30     75 0.0000000e+00 9.3341400e-06 5.9738500e-06
     30     76 0.0000000e+00 1.2185400e-05 7.7986600e-06
     30     77 0.0000000e+00 1.0874800e-05 6.9598900e-06
     30     78 0.0000000e+00 6.7129800e-06 4.2963100e-06
     30     79 0.0000000e+00 2.7512200e-06 1.7607800e-06
     30     80 0.0000000e+00 7.6033800e-07 4.8661600e-07
     30     81 0.0000000e+00 1.3706100e-07 8.7719000e-08
     30     82 0.0000000e+00 1.7607800e-08 1.1269000e-08
     30     83 0.0000000e+00 1.3004300e-09 8.3227500e-10
     30     84 0.0000000e+00 6.1227200e-11 3.9185400e-11
     30     85 0.0000000e+00 2.4615300e-12 1.5753800e-12
     30     86 0.0000000e+00 4.5720300e-14 2.9261000e-14
     31     67 0.0000000e+00 0.0000000e+00 0.0000000e+00
     31     68 0.0000000e+00 4.1318300e-14 2.6443700e-14
     31     69 0.0000000e+00 2.0108900e-12 1.2869700e-12
     31     70 0.0000000e+00 6.2327700e-11 3.9889700e-11
     31     71 0.0000000e+00 1.2805700e-09 8.1956400e-10
     31     72 0.0000000e+00 1.9008400e-08 8.6022400e-09
     31     73 0.0000000e+00 1.7307700e-07 1.1076900e-07
     31     74 0.0000000e+00 1.0116600e-06 6.4746200e-07
     31     74 1.0000000e+00 9.8833900e-08 6.3253700e-08
     31     75 0.0000000e+00 4.8321500e-06 3.0925700e-06
     31     76 0.0000000e+00 1.5116700e-05 9.6747000e-06
     31     77 0.0000000e+00 3.1774100e-05 2.0335400e-05
     31     78 0.0000000e+00 4.8461500e-05 3.1015400e-05
     31     79 0.0000000e+00 5.0632500e-05 3.2404800e-05
     31     80 0.0000000e+00 3.7126500e-05 2.3761000e-05
     31     81 0.0000000e+00 1.8288100e-05 1.1704400e-05
     31     82 0.0000000e+00 6.4028400e-06 4.0978200e-06
     31     83 0.0000000e+00 1.3506000e-06 8.6438400e-07
     31     84 0.0000000e+00 1.8308100e-07 1.1717200e-07
     31     85 0.0000000e+00 2.1607100e-08 1.3828500e-08
     31     86 0.0000000e+00 1.1805200e-09 7.5553600e-10
     31     87 0.0000000e+00 2.4729300e-11 1.5826700e-11
     31     88 0.0000000e+00 1.7207900e-12 1.1013100e-12
     31     89 0.0000000e+00 0.0000000e+00 0.0000000e+00
     32     69 0.0000000e+00 0.0000000e+00 0.0000000e+00
     32     70 0.0000000e+00 1.9308600e-14 1.2357500e-14
     32     71 0.0000000e+00 1.1405100e-12 5.1613400e-13
     32     72 0.0000000e+00 4.8521500e-11 3.1053800e-11
     32     73 0.0000000e+00 1.0005100e-09 6.4032500e-10
     32     73 1.0000000e+00 2.0202600e-10 1.2929600e-10
     32     74 0.0000000e+00 2.1109400e-08 1.3510000e-08
     32     75 0.0000000e+00 2.8863800e-08 1.8472800e-08
     32     75 1.0000000e+00 2.1574500e-07 1.3807700e-07
     32     76 0.0000000e+00 1.9608700e-06 1.2549600e-06
     32     77 0.0000000e+00 8.7859800e-06 5.6230200e-06
     32     77 1.0000000e+00 1.1754500e-06 7.5228700e-07
     32     78 0.0000000e+00 3.6656300e-05 2.3460000e-05
     32     79 0.0000000e+00 1.0830100e-05 6.9312800e-06
     32     79 1.0000000e+00 8.0950600e-05 5.1808400e-05
     32     80 0.0000000e+00 1.6338300e-04 1.0456400e-04
     32     81 0.0000000e+00 1.3919200e-04 8.9083100e-05
     32     81 1.0000000e+00 3.4419800e-05 2.7535800e-05
     32     82 0.0000000e+00 1.7775900e-04 1.1376600e-04
     32     83 0.0000000e+00 1.0053500e-04 6.4342200e-05
     32     84 0.0000000e+00 3.7626700e-05 2.4081100e-05
     32     85 0.0000000e+00 1.2515600e-05 8.0099600e-06
     32     86 0.0000000e+00 1.9508700e-06 1.2485500e-06
     32     87 0.0000000e+00 2.1707100e-07 1.3892600e-07
     32     88 0.0000000e+00 1.5105000e-08 9.6671900e-09
     32     89 0.0000000e+00 1.8119600e-10 1.1596500e-10
     32     90 0.0000000e+00 1.3355200e-11 8.5473700e-12
     32     91 0.0000000e+00 1.8358200e-12 1.1749200e-12
     33     72 0.0000000e+00 0.0000000e+00 0.0000000e+00
     33     73 0.0000000e+00 4.9321900e-13 3.1566000e-13
     33     74 0.0000000e+00 2.4901100e-11 1.3374400e-11
     33     75 0.0000000e+00 8.2036400e-10 5.2503300e-10
     33     76 0.0000000e+00 1.8308100e-08 1.1717200e-08
     33     77 0.0000000e+00 2.4610900e-07 1.5751000e-07
     33     78 0.0000000e+00 2.3710500e-06 1.5174700e-06
     33     79 0.0000000e+00 1.5026700e-05 9.6170700e-06
     33     80 0.0000000e+00 6.5529100e-05 4.1938600e-05
     33     81 0.0000000e+00 1.9372600e-04 1.2398500e-04
     33     82 0.0000000e+00 8.9623400e-05 5.7358800e-05
     33     82 1.0000000e+00 3.1227500e-04 1.9985500e-04
     33     83 0.0000000e+00 5.5649700e-04 3.5615800e-04
     33     84 0.0000000e+00 4.5294000e-04 2.8988200e-04
     33     84 1.0000000e+00 7.3734300e-05 4.7190000e-05
     33     85 0.0000000e+00 4.5919400e-04 2.9388500e-04
     33     86 0.0000000e+00 1.9395600e-04 1.2413200e-04
     33     87 0.0000000e+00 6.1757400e-05 3.9524700e-05
     33     88 0.0000000e+00 1.2545600e-05 8.0291700e-06
     33     89 0.0000000e+00 1.5905300e-06 1.0179300e-06
     33     90 0.0000000e+00 1.1723100e-07 7.5028000e-08
     33     91 0.0000000e+00 1.6114700e-08 1.0313400e-08
     33     92 0.0000000e+00 8.3304800e-11 5.3315100e-11
     33     93 0.0000000e+00 7.4831900e-12 4.7892400e-12
     33     94 0.0000000e+00 0.0000000e+00 0.0000000e+00
     33     95 0.0000000e+00 0.0000000e+00 0.0000000e+00
     34     74 0.0000000e+00 0.0000000e+00 0.0000000e+00
     34     75 0.0000000e+00 1.8608300e-13 1.1909300e-13
     34     76 0.0000000e+00 1.2005300e-11 7.6834100e-12
     34     77 0.0000000e+00 5.3123600e-11 3.3999100e-11
     34     77 1.0000000e+00 3.9707600e-10 2.5412900e-10
     34     78 0.0000000e+00 1.2305500e-08 7.8755000e-09
     34     79 0.0000000e+00 1.8971400e-07 1.2141700e-07
     34     79 1.0000000e+00 2.5381300e-08 1.6244000e-08
     34     80 0.0000000e+00 2.5111200e-06 1.6071100e-06
     34     81 0.0000000e+00 2.2654300e-06 1.4498700e-06
     34     81 1.0000000e+00 1.6933100e-05 1.0837200e-05
     34     82 0.0000000e+00 9.7173200e-05 6.2190800e-05
     34     83 0.0000000e+00 2.7186900e-04 1.7399600e-04
     34     83 1.0000000e+00 5.4896500e-05 3.5133800e-05
     34     84 0.0000000e+00 7.4101900e-04 4.7425300e-04
     34     85 0.0000000e+00 1.5593300e-03 7.0567400e-04
     34     86 0.0000000e+00 1.6228600e-03 1.0386300e-03
     34     87 0.0000000e+00 1.3640600e-03 8.7299600e-04
     34     88 0.0000000e+00 7.5587600e-04 4.8376100e-04
     34     89 0.0000000e+00 2.7681300e-04 1.7716100e-04
     34     90 0.0000000e+00 6.2910700e-05 4.0262900e-05
     34     91 0.0000000e+00 8.6477300e-06 5.5345500e-06
     34     92 0.0000000e+00 7.3124200e-07 4.6799500e-07
     34     93 0.0000000e+00 6.5686800e-08 4.2039600e-08
     34     94 0.0000000e+00 1.3205900e-09 8.4517500e-10
     34     95 0.0000000e+00 2.5786300e-11 1.6503200e-11
     34     96 0.0000000e+00 3.7916800e-13 2.4266800e-13
     35     77 0.0000000e+00 0.0000000e+00 0.0000000e+00
     35     77 1.0000000e+00 3.1654100e-14 2.0258600e-14
     35     78 0.0000000e+00 3.7016400e-12 2.3690500e-12
     35     79 0.0000000e+00 3.9142200e-11 2.5051000e-11
     35     79 1.0000000e+00 1.4814100e-10 9.4810200e-11
     35     80 0.0000000e+00 1.3912500e-09 8.9039700e-10
     35     80 1.0000000e+00 4.8475200e-09 3.1024200e-09
     35     81 0.0000000e+00 1.3406000e-07 8.5798100e-08
     35     82 0.0000000e+00 1.3211100e-06 8.4551300e-07
     35     82 1.0000000e+00 4.8368700e-07 3.0956000e-07
     35     83 0.0000000e+00 1.6057100e-05 1.0276600e-05
     35     84 0.0000000e+00 3.0065300e-05 1.9241800e-05
     35     84 1.0000000e+00 6.3016100e-05 4.0330300e-05
     35     85 0.0000000e+00 4.8391500e-04 3.0970600e-04
     35     86 0.0000000e+00 1.2198000e-03 5.5201900e-04
     35     87 0.0000000e+00 2.5021100e-03 1.6013500e-03
     35     88 0.0000000e+00 3.4517100e-03 2.2091000e-03
     35     89 0.0000000e+00 3.3368800e-03 2.1356100e-03
     35     90 0.0000000e+00 2.0854400e-03 1.3346800e-03
     35     91 0.0000000e+00 8.3908300e-04 5.3701200e-04
     35     92 0.0000000e+00 2.1374500e-04 1.3679700e-04
     35     93 0.0000000e+00 3.5250000e-05 2.2560000e-05
     35     94 0.0000000e+00 3.6516200e-06 2.3370400e-06
     35     95 0.0000000e+00 2.2635000e-07 1.4486300e-07
     35     96 0.0000000e+00 1.0004400e-08 6.4028400e-09
     35     97 0.0000000e+00 1.6068300e-10 1.0283800e-10
     35     98 0.0000000e+00 7.8518500e-12 5.0251800e-12
     35     99 0.0000000e+00 0.0000000e+00 0.0000000e+00
     35    100 0.0000000e+00 0.0000000e+00 0.0000000e+00
     36     79 0.0000000e+00 1.2513600e-15 8.0086800e-16
     36     79 1.0000000e+00 9.3533500e-15 5.9861500e-15
     36     80 0.0000000e+00 1.0404600e-12 6.6589600e-13
     36     81 0.0000000e+00 5.7029000e-11 3.6498600e-11
     36     81 1.0000000e+00 7.6297300e-12 4.8830300e-12
     36     82 0.0000000e+00 2.4410800e-09 1.5622900e-09
     36     83 0.0000000e+00 5.1340600e-08 3.2858000e-08
     36     83 1.0000000e+00 1.0366800e-08 6.6347800e-09
     36     84 0.0000000e+00 9.9344100e-07 6.3580200e-07
     36     85 0.0000000e+00 1.1628200e-05 7.4420500e-06
     36     85 1.0000000e+00 2.3480000e-06 1.5027200e-06
     36     86 0.0000000e+00 9.2130900e-05 5.8963800e-05
     36     87 0.0000000e+00 4.8868700e-04 3.1276000e-04
     36     88 0.0000000e+00 1.6691500e-03 1.0682500e-03
     36     89 0.0000000e+00 4.0173300e-03 2.5710900e-03
     36     90 0.0000000e+00 6.4099000e-03 4.1023300e-03
     36     91 0.0000000e+00 6.8552700e-03 4.3873800e-03
     36     92 0.0000000e+00 4.8392500e-03 3.0971200e-03
     36     93 0.0000000e+00 2.2427000e-03 1.4353300e-03
     36     94 0.0000000e+00 6.9004600e-04 4.4163000e-04
     36     95 0.0000000e+00 1.2146800e-04 7.7739300e-05
     36     96 0.0000000e+00 1.7127600e-05 1.0961700e-05
     36     97 0.0000000e+00 1.4104700e-06 9.0269800e-07
     36     98 0.0000000e+00 6.8922800e-08 4.4110600e-08
     36     99 0.0000000e+00 2.6754900e-10 1.7123100e-10
     36    100 0.0000000e+00 4.3319200e-11 2.7724300e-11
     36    101 0.0000000e+00 5.9526300e-12 3.8096800e-12
     36    102 0.0000000e+00 0.0000000e+00 0.0000000e+00
     37     81 0.0000000e+00 0.0000000e+00 0.0000000e+00
     37     81 1.0000000e+00 0.0000000e+00 0.0000000e+00
     37     82 0.0000000e+00 0.0000000e+00 0.0000000e+00
     37     82 1.0000000e+00 0.0000000e+00 0.0000000e+00
     37     83 0.0000000e+00 1.3606000e-11 8.7078700e-12
     37     84 0.0000000e+00 6.6591500e-11 4.2618500e-11
     37     84 1.0000000e+00 5.2754300e-10 4.2203400e-10
     37     85 0.0000000e+00 2.5711400e-08 1.6455300e-08
     37     86 0.0000000e+00 1.5413900e-07 9.8649300e-08
     37     86 1.0000000e+00 3.2307200e-07 2.0676600e-07
     37     87 0.0000000e+00 7.1631800e-06 4.5844400e-06
     37     88 0.0000000e+00 6.7700100e-05 4.3328000e-05
     37     89 0.0000000e+00 4.4430700e-04 2.8435600e-04
     37     90 0.0000000e+00 3.1141000e-04 1.9930200e-04
     37     90 1.0000000e+00 1.5097000e-03 9.6621100e-04
     37     91 0.0000000e+00 5.0303100e-03 3.2194000e-03
     37     92 0.0000000e+00 9.0801700e-03 5.8113100e-03
     37     93 0.0000000e+00 1.0746600e-02 3.4389100e-03
     37     94 0.0000000e+00 8.9619600e-03 5.7356600e-03
     37     95 0.0000000e+00 4.3517700e-03 2.7851400e-03
     37     96 0.0000000e+00 1.7490300e-03 1.1193800e-03
     37     97 0.0000000e+00 4.2440800e-04 2.7162200e-04
     37     98 0.0000000e+00 6.3948400e-05 4.0927000e-05
     37     99 0.0000000e+00 2.3485100e-06 1.5030500e-06
     37    100 0.0000000e+00 3.9017300e-07 2.4971100e-07
     37    101 0.0000000e+00 5.2251700e-08 3.3441100e-08
     37    102 0.0000000e+00 2.5299100e-10 1.6191400e-10
     37    103 0.0000000e+00 2.2924400e-11 1.4671600e-11
     37    104 0.0000000e+00 0.0000000e+00 0.0000000e+00
     37    105 0.0000000e+00 0.0000000e+00 0.0000000e+00
     38     83 0.0000000e+00 0.0000000e+00 0.0000000e+00
     38     84 0.0000000e+00 2.6411700e-14 1.6903500e-14
     38     85 0.0000000e+00 2.6053200e-12 1.6674000e-12
     38     85 1.0000000e+00 5.2607400e-13 3.3668700e-13
     38     86 0.0000000e+00 1.7007600e-10 1.0884800e-10
     38     87 0.0000000e+00 6.2852200e-09 4.0225400e-09
     38     87 1.0000000e+00 1.2691300e-09 8.1224400e-10
     38     88 0.0000000e+00 2.0909300e-07 1.3381900e-07
     38     89 0.0000000e+00 4.0417900e-06 2.5867500e-06
     38     90 0.0000000e+00 4.7461100e-05 3.0375100e-05
     38     91 0.0000000e+00 3.7085500e-04 2.3734700e-04
     38     92 0.0000000e+00 1.8164400e-03 1.1625200e-03
     38     93 0.0000000e+00 5.4475800e-03 3.4864500e-03
     38     94 0.0000000e+00 1.1716400e-02 3.7492400e-03
     38     95 0.0000000e+00 1.4375500e-02 4.6001500e-03
     38     96 0.0000000e+00 1.5026200e-02 4.8083600e-03
     38     97 0.0000000e+00 9.8580200e-03 6.3091300e-03
     38     98 0.0000000e+00 4.2795400e-03 2.7389100e-03
     38     99 0.0000000e+00 1.2603000e-03 8.0659300e-04
     38    100 0.0000000e+00 2.3157300e-04 1.4820700e-04
     38    101 0.0000000e+00 2.8040300e-05 1.7945800e-05
     38    102 0.0000000e+00 2.2207400e-06 1.4212700e-06
     38    103 0.0000000e+00 2.0122800e-07 1.2878600e-07
     38    104 0.0000000e+00 3.8917300e-09 2.4907100e-09
     38    105 0.0000000e+00 7.9137300e-11 5.0647900e-11
     38    106 0.0000000e+00 8.7169600e-12 5.5788600e-12
     38    107 0.0000000e+00 0.0000000e+00 0.0000000e+00
     39     86 0.0000000e+00 0.0000000e+00 0.0000000e+00
     39     86 1.0000000e+00 0.0000000e+00 0.0000000e+00
     39     87 0.0000000e+00 1.2480500e-14 7.9875500e-15
     39     87 1.0000000e+00 0.0000000e+00 0.0000000e+00
     39     88 0.0000000e+00 3.6916400e-11 2.3626500e-11
     39     89 0.0000000e+00 3.6825200e-10 2.3568100e-10
     39     89 1.0000000e+00 1.8237200e-09 1.1671800e-09
     39     90 0.0000000e+00 2.9259800e-08 1.8726300e-08
     39     90 1.0000000e+00 4.8974900e-08 3.1344000e-08
     39     91 0.0000000e+00 3.1430000e-07 2.0115200e-07
     39     91 1.0000000e+00 1.5565300e-06 9.9618000e-07
     39     92 0.0000000e+00 2.7342100e-05 1.7499000e-05
     39     93 0.0000000e+00 2.0472400e-04 1.3102300e-04
     39     93 1.0000000e+00 2.7389300e-05 1.7529200e-05
     39     94 0.0000000e+00 1.3741500e-03 8.7945700e-04
     39     95 0.0000000e+00 4.4558100e-03 2.8517200e-03
     39     96 0.0000000e+00 1.0263500e-03 6.5686500e-04
     39     96 1.0000000e+00 1.0505700e-02 3.3618300e-03
     39     97 0.0000000e+00 3.1843800e-03 2.0380000e-03
     39     97 1.0000000e+00 1.5770300e-02 1.0093000e-02
     39     98 0.0000000e+00 2.9062500e-03 9.2999900e-04
     39     98 1.0000000e+00 1.8621500e-02 5.9588800e-03
     39     99 0.0000000e+00 1.6816100e-02 5.3811300e-03
     39    100 0.0000000e+00 1.5891500e-04 1.0170500e-04
     39    100 1.0000000e+00 7.7453500e-03 6.1962800e-03
     39    101 0.0000000e+00 3.0246700e-03 1.9357900e-03
     39    102 0.0000000e+00 7.0408300e-04 4.5061300e-04
     39    103 0.0000000e+00 1.0798700e-04 6.9111600e-05
     39    104 0.0000000e+00 1.0724800e-05 6.8638500e-06
     39    105 0.0000000e+00 6.9466100e-07 4.4458200e-07
     39    106 0.0000000e+00 7.6516700e-08 4.8970600e-08
     39    107 0.0000000e+00 1.7591800e-10 1.1258800e-10
     39    108 0.0000000e+00 1.1396000e-11 7.2934400e-12
     39    109 0.0000000e+00 0.0000000e+00 0.0000000e+00
     40     88 0.0000000e+00 0.0000000e+00 0.0000000e+00
     40     89 0.0000000e+00 5.3047900e-14 3.3950700e-14
     40     89 1.0000000e+00 0.0000000e+00 0.0000000e+00
     40     90 0.0000000e+00 1.4541500e-12 9.3065300e-13
     40     90 1.0000000e+00 7.0496300e-12 4.5117600e-12
     40     91 0.0000000e+00 6.4628700e-10 4.1362400e-10
     40     92 0.0000000e+00 2.9713200e-08 1.9016400e-08
     40     93 0.0000000e+00 7.5733600e-07 4.8469500e-07
     40     94 0.0000000e+00 1.3556000e-05 8.6758500e-06
     40     95 0.0000000e+00 1.2313500e-04 7.8806200e-05
     40     96 0.0000000e+00 8.9293600e-04 5.7148000e-04
     40     97 0.0000000e+00 3.8804500e-03 2.4834900e-03
     40     98 0.0000000e+00 1.1506900e-02 3.6822300e-03
     40     99 0.0000000e+00 2.2581900e-02 7.2262200e-03
     40    100 0.0000000e+00 3.0313100e-02 9.7001800e-03
     40    101 0.0000000e+00 2.7345800e-02 8.7506800e-03
     40    102 0.0000000e+00 1.7209400e-02 5.5070400e-03
     40    103 0.0000000e+00 7.2399600e-03 4.6335800e-03
     40    104 0.0000000e+00 2.0271300e-03 1.2973700e-03
     40    105 0.0000000e+00 3.7278200e-04 2.3858000e-04
     40    106 0.0000000e+00 4.1061700e-05 2.6279500e-05
     40    107 0.0000000e+00 1.5442000e-06 9.8828600e-07
     40    108 0.0000000e+00 1.0003300e-07 6.4021100e-08
     40    109 0.0000000e+00 6.5754900e-10 4.2083200e-10
     40    110 0.0000000e+00 1.5907100e-11 1.0180500e-11
     40    111 0.0000000e+00 0.0000000e+00 0.0000000e+00
     40    112 0.0000000e+00 0.0000000e+00 0.0000000e+00
     41     90 0.0000000e+00 0.0000000e+00 0.0000000e+00
     41     91 0.0000000e+00 8.3796300e-15 5.3629600e-15
     41     91 1.0000000e+00 0.0000000e+00 0.0000000e+00
     41     92 0.0000000e+00 7.0177000e-13 4.4913300e-13
     41     92 1.0000000e+00 0.0000000e+00 0.0000000e+00
     41     93 0.0000000e+00 1.1786400e-10 7.5432700e-11
     41     93 1.0000000e+00 2.3799400e-11 1.5231600e-11
     41     94 0.0000000e+00 5.0102200e-09 3.2065400e-09
     41     94 1.0000000e+00 2.9933300e-09 1.9157300e-09
     41     95 0.0000000e+00 1.9635600e-07 1.2566800e-07
     41     95 1.0000000e+00 3.9648800e-08 2.5375200e-08
     41     96 0.0000000e+00 4.7521100e-06 3.0413500e-06
     41     97 0.0000000e+00 4.9850600e-05 3.1904400e-05
     41     97 1.0000000e+00 1.0066000e-05 6.4422300e-06
     41     98 0.0000000e+00 4.0382400e-04 2.5844700e-04
     41     98 1.0000000e+00 1.0799300e-04 6.9115800e-05
     41     99 0.0000000e+00 2.2495600e-03 1.4397200e-03
     41     99 1.0000000e+00 4.5423900e-04 2.9071300e-04
     41    100 0.0000000e+00 1.6467400e-03 1.0539200e-03
     41    100 1.0000000e+00 7.9833300e-03 5.1093400e-03
     41    101 0.0000000e+00 2.1922900e-02 7.0153300e-03
     41    102 0.0000000e+00 7.7267200e-03 4.9450800e-03
     41    102 1.0000000e+00 2.6922300e-02 1.7230200e-02
     41    103 0.0000000e+00 3.6420300e-02 1.1654500e-02
     41    104 0.0000000e+00 5.8725500e-03 3.7584200e-03
     41    104 1.0000000e+00 2.0461700e-02 1.3095500e-02
     41    105 0.0000000e+00 1.3015200e-02 4.1648500e-03
     41    106 0.0000000e+00 4.0898900e-03 2.6175300e-03
     41    107 0.0000000e+00 8.2867400e-04 5.3035200e-04
     41    108 0.0000000e+00 9.2971300e-05 5.9501600e-05
     41    109 0.0000000e+00 5.7719000e-06 3.6940200e-06
     41    110 0.0000000e+00 1.7507800e-07 1.1205000e-07
     41    111 0.0000000e+00 8.1481400e-10 5.2148100e-10
     41    112 0.0000000e+00 2.5185200e-11 1.6118500e-11
     41    113 0.0000000e+00 1.5941500e-12 1.0202500e-12
     41    114 0.0000000e+00 0.0000000e+00 0.0000000e+00
     41    115 0.0000000e+00 0.0000000e+00 0.0000000e+00
     42     92 0.0000000e+00 0.0000000e+00 0.0000000e+00
     42     93 0.0000000e+00 0.0000000e+00 0.0000000e+00
     42     93 1.0000000e+00 0.0000000e+00 0.0000000e+00
     42     94 0.0000000e+00 3.0413500e-13 1.9464600e-13
     42     95 0.0000000e+00 2.7912400e-11 1.7863900e-11
     42     96 0.0000000e+00 1.7407700e-09 1.1140900e-09
     42     97 0.0000000e+00 6.6829700e-08 4.2771000e-08
     42     98 0.0000000e+00 1.7607800e-06 1.1269000e-06
     42     99 0.0000000e+00 2.7372200e-05 1.7518200e-05
     42    100 0.0000000e+00 2.8528700e-04 1.8258300e-04
     42    101 0.0000000e+00 1.7837300e-03 1.1415900e-03
     42    102 0.0000000e+00 7.4399600e-03 4.7615700e-03
     42    103 0.0000000e+00 1.9496800e-02 6.2389800e-03
     42    104 0.0000000e+00 3.4526400e-02 1.1048400e-02
     42    105 0.0000000e+00 4.2163600e-02 1.3492400e-02
     42    106 0.0000000e+00 3.4374400e-02 1.0999800e-02
     42    107 0.0000000e+00 1.8807600e-02 6.0184100e-03
     42    108 0.0000000e+00 6.2210600e-03 3.9814800e-03
     42    109 0.0000000e+00 1.2164300e-03 7.7851600e-04
     42    110 0.0000000e+00 1.2584600e-04 8.0541400e-05
     42    111 0.0000000e+00 7.1523700e-06 4.5775100e-06
     42    112 0.0000000e+00 2.2107300e-07 1.4148700e-07
     42    113 0.0000000e+00 1.3993300e-08 8.9557300e-09
     42    114 0.0000000e+00 0.0000000e+00 0.0000000e+00
     42    115 0.0000000e+00 0.0000000e+00 0.0000000e+00
     42    116 0.0000000e+00 0.0000000e+00 0.0000000e+00
     42    117 0.0000000e+00 0.0000000e+00 0.0000000e+00
     43     95 0.0000000e+00 0.0000000e+00 0.0000000e+00
     43     95 1.0000000e+00 0.0000000e+00 0.0000000e+00
     43     96 0.0000000e+00 0.0000000e+00 0.0000000e+00
     43     96 1.0000000e+00 0.0000000e+00 0.0000000e+00
     43     97 0.0000000e+00 3.4460100e-12 2.2054500e-12
     43     97 1.0000000e+00 6.9582900e-13 4.4533100e-13
     43     98 0.0000000e+00 3.4915500e-10 2.2345900e-10
     43     99 0.0000000e+00 1.3842300e-08 8.8590800e-09
     43     99 1.0000000e+00 2.7950800e-09 1.7888500e-09
     43    100 0.0000000e+00 5.3923900e-07 3.4511300e-07
     43    101 0.0000000e+00 1.0024500e-05 6.4156500e-06
     43    102 0.0000000e+00 2.0696800e-05 1.3245900e-05
     43    102 1.0000000e+00 1.0033700e-04 6.4215700e-05
     43    103 0.0000000e+00 8.6587500e-04 5.5416000e-04
     43    104 0.0000000e+00 4.0387900e-03 2.5848300e-03
     43    105 0.0000000e+00 1.2488300e-02 3.9962700e-03
     43    106 0.0000000e+00 2.5721500e-02 8.2308700e-03
     43    107 0.0000000e+00 3.5326100e-02 1.1304300e-02
     43    108 0.0000000e+00 3.1295100e-02 1.0014400e-02
     43    109 0.0000000e+00 1.7455800e-02 5.5858700e-03
     43    110 0.0000000e+00 5.6814600e-03 3.6361300e-03
     43    111 0.0000000e+00 1.0620600e-03 6.7972000e-04
     43    112 0.0000000e+00 1.1153000e-04 7.1378900e-05
     43    113 0.0000000e+00 7.5093400e-06 4.8059800e-06
     43    114 0.0000000e+00 8.6138300e-13 5.5128500e-13
     43    115 0.0000000e+00 6.9933500e-15 4.4757400e-15
     43    116 0.0000000e+00 0.0000000e+00 0.0000000e+00
     43    117 0.0000000e+00 1.6434400e-17 1.0518000e-17
     43    118 0.0000000e+00 7.8425300e-19 5.0192200e-19
     43    119 0.0000000e+00 0.0000000e+00 0.0000000e+00
     43    120 0.0000000e+00 7.1908700e-13 4.6021600e-13
     44     98 0.0000000e+00 0.0000000e+00 0.0000000e+00
     44     99 0.0000000e+00 6.5028900e-13 4.1618500e-13
     44    100 0.0000000e+00 6.7530000e-11 4.3219200e-11
     44    101 0.0000000e+00 3.8717200e-09 2.4779000e-09
     44    102 0.0000000e+00 1.4306400e-07 9.1560700e-08
     44    103 0.0000000e+00 2.9813200e-06 1.9080500e-06
     44    104 0.0000000e+00 3.9817700e-05 2.5483300e-05
     44    105 0.0000000e+00 3.4244200e-04 2.1916300e-04
     44    106 0.0000000e+00 1.9427700e-03 1.2433700e-03
     44    107 0.0000000e+00 7.0622500e-03 4.5198400e-03
     44    108 0.0000000e+00 1.6752500e-02 5.3608200e-03
     44    109 0.0000000e+00 6.6078600e-03 4.2290400e-03
     44    109 1.0000000e+00 1.8517100e-02 1.1850900e-02
     44    110 0.0000000e+00 2.3289000e-02 7.4524900e-03
     44    111 0.0000000e+00 1.2885300e-02 4.1232900e-03
     44    112 0.0000000e+00 4.2105900e-03 2.6947800e-03
     44    113 0.0000000e+00 8.7710900e-04 5.6135000e-04
     44    114 0.0000000e+00 2.1809700e-06 1.3958200e-06
     44    115 0.0000000e+00 1.4006200e-07 8.9639800e-08
     44    116 0.0000000e+00 7.1731900e-09 4.5908400e-09
     44    117 0.0000000e+00 3.2914600e-10 2.1065400e-10
     44    118 0.0000000e+00 1.5707000e-11 1.0052500e-11
     44    119 0.0000000e+00 6.6229400e-13 4.2386800e-13
     44    120 0.0000000e+00 6.3120800e-09 4.0397300e-09
     44    121 0.0000000e+00 6.5299100e-12 4.1791400e-12
     44    122 0.0000000e+00 2.0509100e-14 1.3125800e-14
     44    123 0.0000000e+00 0.0000000e+00 0.0000000e+00
     44    124 0.0000000e+00 0.0000000e+00 0.0000000e+00
     45    100 0.0000000e+00 0.0000000e+00 0.0000000e+00
     45    100 1.0000000e+00 0.0000000e+00 0.0000000e+00
     45    101 0.0000000e+00 0.0000000e+00 0.0000000e+00
     45    101 1.0000000e+00 6.0263600e-14 3.8568700e-14
     45    102 0.0000000e+00 2.5095900e-12 1.6061400e-12
     45    102 1.0000000e+00 6.8545600e-12 4.3869200e-12
     45    103 0.0000000e+00 6.9556500e-11 4.4516200e-11
     45    103 1.0000000e+00 5.1990500e-10 3.3273900e-10
     45    104 0.0000000e+00 5.2495200e-09 3.3596900e-09
     45    104 1.0000000e+00 1.8290900e-08 1.1706200e-08
     45    105 0.0000000e+00 5.2564100e-07 3.3641000e-07
     45    105 1.0000000e+00 7.0323800e-08 4.5007200e-08
     45    106 0.0000000e+00 2.6972800e-06 1.7262600e-06
     45    106 1.0000000e+00 7.3671900e-06 4.7150000e-06
     45    107 0.0000000e+00 1.0619700e-04 6.7966200e-05
     45    108 0.0000000e+00 1.6591400e-04 1.0618500e-04
     45    108 1.0000000e+00 5.7809600e-04 3.6998200e-04
     45    109 0.0000000e+00 3.2343200e-03 1.4636900e-03
     45    110 0.0000000e+00 1.4897200e-03 9.5341700e-04
     45    110 1.0000000e+00 7.2220700e-03 4.6221200e-03
     45    111 0.0000000e+00 1.3608300e-02 4.3546700e-03
     45    112 0.0000000e+00 1.2594500e-02 4.0302400e-03
     45    113 0.0000000e+00 7.3201700e-03 4.6849100e-03
     45    114 0.0000000e+00 2.4738600e-03 1.5832700e-03
     45    115 0.0000000e+00 6.8500400e-04 4.3840300e-04
     45    116 0.0000000e+00 1.4684500e-04 9.3980900e-05
     45    117 0.0000000e+00 2.6741900e-05 1.7114800e-05
     45    118 0.0000000e+00 4.4019500e-06 2.8172500e-06
     45    119 0.0000000e+00 6.5128900e-07 4.1682500e-07
     45    120 0.0000000e+00 3.3715000e-06 2.1577600e-06
     45    121 0.0000000e+00 5.7319000e-08 3.6684100e-08
     45    122 0.0000000e+00 4.2118700e-10 2.6956000e-10
     45    123 0.0000000e+00 1.2605600e-12 8.0675800e-13
     45    124 0.0000000e+00 0.0000000e+00 0.0000000e+00
     45    125 0.0000000e+00 0.0000000e+00 0.0000000e+00
     45    126 0.0000000e+00 0.0000000e+00 0.0000000e+00
     45    127 0.0000000e+00 0.0000000e+00 0.0000000e+00
     45    128 0.0000000e+00 0.0000000e+00 0.0000000e+00
     46    102 0.0000000e+00 0.0000000e+00 0.0000000e+00
     46    103 0.0000000e+00 0.0000000e+00 0.0000000e+00
     46    104 0.0000000e+00 8.9339700e-13 5.7177400e-13
     46    105 0.0000000e+00 6.8630500e-11 4.3923500e-11
     46    106 0.0000000e+00 3.5815900e-09 2.2922200e-09
     46    107 0.0000000e+00 3.6073600e-08 2.3087100e-08
     46    107 1.0000000e+00 7.9177600e-08 5.0673600e-08
     46    108 0.0000000e+00 2.5611400e-06 1.6391300e-06
     46    109 0.0000000e+00 1.1097600e-05 7.1024900e-06
     46    109 1.0000000e+00 2.4358100e-05 1.5589200e-05
     46    110 0.0000000e+00 3.0887700e-04 1.9768200e-04
     46    111 0.0000000e+00 4.6559400e-04 2.9798100e-04
     46    111 1.0000000e+00 1.0219300e-03 6.5403300e-04
     46    112 0.0000000e+00 4.0402600e-03 2.5857700e-03
     46    113 0.0000000e+00 6.3573400e-03 4.0687000e-03
     46    114 0.0000000e+00 7.4163900e-03 4.7464900e-03
     46    115 0.0000000e+00 5.5017600e-03 2.4757900e-03
     46    116 0.0000000e+00 3.3236600e-03 2.1271400e-03
     46    117 0.0000000e+00 1.7848800e-03 1.1423300e-03
     46    118 0.0000000e+00 8.2895800e-04 5.3053400e-04
     46    119 0.0000000e+00 3.6658300e-04 2.3461300e-04
     46    120 0.0000000e+00 1.3391900e-04 8.5708500e-05
     46    121 0.0000000e+00 1.3105800e-05 8.3877200e-06
     46    122 0.0000000e+00 5.5824800e-07 3.5727900e-07
     46    123 0.0000000e+00 9.8443700e-09 6.3004000e-09
     46    124 0.0000000e+00 0.0000000e+00 0.0000000e+00
     46    125 0.0000000e+00 0.0000000e+00 0.0000000e+00
     46    126 0.0000000e+00 0.0000000e+00 0.0000000e+00
     46    127 0.0000000e+00 0.0000000e+00 0.0000000e+00
     46    128 0.0000000e+00 0.0000000e+00 0.0000000e+00
     46    129 0.0000000e+00 0.0000000e+00 0.0000000e+00
     46    130 0.0000000e+00 1.3205900e-13 8.4517500e-14
     46    131 0.0000000e+00 0.0000000e+00 0.0000000e+00
     47    105 0.0000000e+00 0.0000000e+00 0.0000000e+00
     47    105 1.0000000e+00 0.0000000e+00 0.0000000e+00
     47    106 0.0000000e+00 1.8473400e-14 1.1823000e-14
     47    106 1.0000000e+00 5.0457200e-14 3.2292600e-14
     47    107 0.0000000e+00 8.1869400e-13 5.2396400e-13
     47    107 1.0000000e+00 6.1193900e-12 3.9164100e-12
     47    108 0.0000000e+00 1.3593600e-10 8.6999300e-11
     47    108 1.0000000e+00 3.7128900e-10 2.3762500e-10
     47    109 0.0000000e+00 2.7624300e-09 1.7679500e-09
     47    109 1.0000000e+00 2.0648000e-08 1.3214700e-08
     47    110 0.0000000e+00 1.8956000e-07 1.2131900e-07
     47    110 1.0000000e+00 5.1775400e-07 3.3136300e-07
     47    111 0.0000000e+00 1.3613800e-06 8.7128300e-07
     47    111 1.0000000e+00 1.0175700e-05 6.5124800e-06
     47    112 0.0000000e+00 1.0226500e-04 6.5449900e-05
     47    113 0.0000000e+00 5.6342900e-05 3.6059400e-05
     47    113 1.0000000e+00 4.2113900e-04 2.6952900e-04
     47    114 0.0000000e+00 1.3591000e-04 8.6982600e-05
     47    115 0.0000000e+00 3.8579500e-05 2.4690900e-05
     47    115 1.0000000e+00 2.8836600e-04 1.8455400e-04
     47    116 0.0000000e+00 1.4489700e-04 9.2733800e-05
     47    116 1.0000000e+00 3.9576300e-04 2.5328800e-04
     47    117 0.0000000e+00 8.1767800e-05 5.2331500e-05
     47    117 1.0000000e+00 6.1118000e-04 3.9115500e-04
     47    118 0.0000000e+00 1.1433300e-04 7.3173300e-05
     47    118 1.0000000e+00 5.5428300e-04 3.5474100e-04
     47    119 0.0000000e+00 6.0951100e-04 3.9008700e-04
     47    120 0.0000000e+00 1.5700400e-04 1.0048200e-04
     47    120 1.0000000e+00 2.6279300e-04 1.6818700e-04
     47    121 0.0000000e+00 2.0262000e-04 1.2967700e-04
     47    122 0.0000000e+00 4.4919900e-05 2.0328400e-05
     47    123 0.0000000e+00 4.3319200e-06 2.7724300e-06
     47    124 0.0000000e+00 5.9526400e-11 3.8096900e-11
     47    125 0.0000000e+00 7.1431700e-12 4.5716300e-12
     47    126 0.0000000e+00 9.2841200e-13 5.9418400e-13
     47    127 0.0000000e+00 7.8935100e-14 5.0518400e-14
     47    128 0.0000000e+00 0.0000000e+00 0.0000000e+00
     47    129 0.0000000e+00 3.3568000e-16 2.1483500e-16
     47    130 0.0000000e+00 3.7116500e-09 2.3754500e-09
     47    131 0.0000000e+00 6.4045500e-11 4.0989100e-11
     47    132 0.0000000e+00 2.8376000e-12 1.8160700e-12
     47    133 0.0000000e+00 0.0000000e+00 0.0000000e+00
     48    108 0.0000000e+00 0.0000000e+00 0.0000000e+00
     48    109 0.0000000e+00 9.9644300e-13 6.3772300e-13
     48    110 0.0000000e+00 1.0804800e-10 6.9150700e-11
     48    111 0.0000000e+00 1.3032800e-09 8.3409600e-10
     48    111 1.0000000e+00 4.9324900e-09 3.1568000e-09
     48    112 0.0000000e+00 1.9308600e-07 1.2357500e-07
     48    113 0.0000000e+00 6.0783300e-07 3.8901300e-07
     48    113 1.0000000e+00 2.3004600e-06 1.4722900e-06
     48    114 0.0000000e+00 2.1509600e-09 1.3766100e-09
     48    115 0.0000000e+00 4.9617700e-09 3.1755400e-09
     48    115 1.0000000e+00 1.8778800e-08 1.2018400e-08
     48    116 0.0000000e+00 1.6307200e-07 1.0436600e-07
     48    117 0.0000000e+00 1.6100100e-07 1.0304100e-07
     48    117 1.0000000e+00 6.0934100e-07 3.8997800e-07
     48    118 0.0000000e+00 2.2810100e-06 1.4598500e-06
     48    119 0.0000000e+00 1.5839600e-06 1.0137400e-06
     48    119 1.0000000e+00 4.4387100e-06 2.8407700e-06
     48    120 0.0000000e+00 1.4113300e-04 9.0324900e-05
     48    121 0.0000000e+00 8.2205600e-05 5.2611600e-05
     48    121 1.0000000e+00 2.3036300e-04 1.4743200e-04
     48    122 0.0000000e+00 3.1109800e-04 1.9910200e-04
     48    123 0.0000000e+00 1.4383400e-04 9.2053700e-05
     48    124 0.0000000e+00 7.1331700e-06 4.5652300e-06
     48    125 0.0000000e+00 2.7512200e-06 1.7607800e-06
     48    126 0.0000000e+00 1.1605200e-06 7.4273000e-07
     48    127 0.0000000e+00 3.4815500e-07 2.2281900e-07
     48    128 0.0000000e+00 6.3428200e-08 4.0594000e-08
     48    129 0.0000000e+00 6.7229900e-09 4.3027100e-09
     48    130 0.0000000e+00 6.6929700e-06 4.2835000e-06
     48    131 0.0000000e+00 5.6218600e-07 3.5979900e-07
     48    132 0.0000000e+00 2.4908300e-08 1.5941300e-08
     48    133 0.0000000e+00 2.4615300e-10 1.5753800e-10
     48    134 0.0000000e+00 6.1227200e-12 3.9185400e-12
     48    135 0.0000000e+00 0.0000000e+00 0.0000000e+00
     48    136 0.0000000e+00 0.0000000e+00 0.0000000e+00
     49    110 0.0000000e+00 0.0000000e+00 0.0000000e+00
     49    110 1.0000000e+00 0.0000000e+00 0.0000000e+00
     49    111 0.0000000e+00 1.2742600e-13 8.1552500e-14
     49    111 1.0000000e+00 0.0000000e+00 0.0000000e+00
     49    112 0.0000000e+00 3.4985000e-12 2.2390400e-12
     49    112 1.0000000e+00 1.6960600e-11 1.0854800e-11
     49    113 0.0000000e+00 8.6316700e-10 5.5242700e-10
     49    113 1.0000000e+00 1.7429300e-10 1.1154800e-10
     49    114 0.0000000e+00 0.0000000e+00 0.0000000e+00
     49    114 1.0000000e+00 0.0000000e+00 0.0000000e+00
     49    115 0.0000000e+00 0.0000000e+00 0.0000000e+00
     49    115 1.0000000e+00 0.0000000e+00 0.0000000e+00
     49    116 0.0000000e+00 0.0000000e+00 0.0000000e+00
     49    116 1.0000000e+00 0.0000000e+00 0.0000000e+00
     49    116 2.0000000e+00 0.0000000e+00 0.0000000e+00
     49    117 0.0000000e+00 3.2645500e-13 2.0893100e-13
     49    117 1.0000000e+00 6.5918900e-14 4.2188100e-14
     49    118 0.0000000e+00 6.5979500e-13 4.2226900e-13
     49    118 1.0000000e+00 2.3052100e-12 1.4753300e-12
     49    118 2.0000000e+00 1.1078000e-12 7.0899500e-13
     49    119 0.0000000e+00 3.1238800e-11 1.9992900e-11
     49    119 1.0000000e+00 6.3078400e-12 4.0370200e-12
     49    120 0.0000000e+00 1.4068600e-06 9.0039300e-07
     49    120 1.0000000e+00 3.6086900e-06 1.7074100e-06
     49    121 0.0000000e+00 3.5991700e-05 2.3034700e-05
     49    121 1.0000000e+00 7.2675500e-06 4.6512300e-06
     49    122 0.0000000e+00 4.3183100e-05 2.7637200e-05
     49    122 1.0000000e+00 2.1501200e-04 1.0478400e-04
     49    123 0.0000000e+00 3.1847300e-04 2.0382300e-04
     49    123 1.0000000e+00 6.4307000e-05 4.1156500e-05
     49    124 0.0000000e+00 2.7236700e-04 1.7431500e-04
     49    124 1.0000000e+00 2.9388500e-04 1.8808600e-04
     49    125 0.0000000e+00 4.8633700e-04 3.1125600e-04
     49    125 1.0000000e+00 9.8202600e-05 6.2849800e-05
     49    126 0.0000000e+00 3.3306200e-04 2.1316000e-04
     49    126 1.0000000e+00 3.5937500e-04 2.3000000e-04
     49    127 0.0000000e+00 5.4460300e-04 3.4854600e-04
     49    127 1.0000000e+00 1.0996800e-04 7.0379600e-05
     49    128 0.0000000e+00 2.1716200e-04 1.3898400e-04
     49    128 1.0000000e+00 2.3431800e-04 1.4996400e-04
     49    129 0.0000000e+00 1.8090700e-04 1.1578100e-04
     49    129 1.0000000e+00 3.6529300e-05 2.3378800e-05
     49    130 0.0000000e+00 9.6165500e-04 3.0772900e-04
     49    131 0.0000000e+00 1.0757300e-04 6.8846500e-05
     49    131 1.0000000e+00 2.1669300e-05 1.3868400e-05
     49    131 2.0000000e+00 6.5735800e-05 5.2588600e-05
     49    132 0.0000000e+00 2.8842800e-05 1.8459400e-05
     49    133 0.0000000e+00 2.1607100e-06 1.3828500e-06
     49    134 0.0000000e+00 8.9239600e-08 5.7113400e-08
     49    135 0.0000000e+00 8.2507000e-10 5.2804500e-10
     49    136 0.0000000e+00 3.3414800e-11 2.1385500e-11
     49    137 0.0000000e+00 1.4586900e-12 9.3356100e-13
     49    138 0.0000000e+00 0.0000000e+00 0.0000000e+00
     50    113 0.0000000e+00 2.7860400e-15 1.7830600e-15
     50    113 1.0000000e+00 2.0824400e-14 1.3327600e-14
     50    114 0.0000000e+00 0.0000000e+00 0.0000000e+00
     50    115 0.0000000e+00 0.0000000e+00 0.0000000e+00
     50    116 0.0000000e+00 0.0000000e+00 0.0000000e+00
     50    117 0.0000000e+00 0.0000000e+00 0.0000000e+00
     50    117 1.0000000e+00 0.0000000e+00 0.0000000e+00
     50    118 0.0000000e+00 0.0000000e+00 0.0000000e+00
     50    119 0.0000000e+00 0.0000000e+00 0.0000000e+00
     50    119 1.0000000e+00 0.0000000e+00 0.0000000e+00
     50    120 0.0000000e+00 7.4933300e-09 4.7957300e-09
     50    121 0.0000000e+00 3.7854400e-07 2.4226800e-07
     50    121 1.0000000e+00 1.3508400e-07 8.6453900e-08
     50    122 0.0000000e+00 1.1985300e-05 7.6706100e-06
     50    123 0.0000000e+00 8.0464500e-05 5.1497300e-05
     50    123 1.0000000e+00 2.8713900e-05 1.8376900e-05
     50    124 0.0000000e+00 2.8662700e-04 1.8344100e-04
     50    125 0.0000000e+00 4.3093100e-04 2.7579600e-04
     50    125 1.0000000e+00 1.5377900e-04 9.8418300e-05
     50    126 0.0000000e+00 1.3661100e-03 8.7430800e-04
     50    127 0.0000000e+00 2.0209200e-03 1.2933900e-03
     50    127 1.0000000e+00 7.2116900e-04 4.6154800e-04
     50    128 0.0000000e+00 4.7125500e-03 2.1326600e-03
     50    129 0.0000000e+00 1.8354100e-03 1.1746600e-03
     50    129 1.0000000e+00 5.1433300e-03 3.2917300e-03
     50    130 0.0000000e+00 1.7473000e-03 1.1182700e-03
     50    130 1.0000000e+00 4.7724800e-03 3.0543800e-03
     50    131 0.0000000e+00 1.3421100e-03 8.5895000e-04
     50    131 1.0000000e+00 3.7609700e-03 2.4070200e-03
     50    132 0.0000000e+00 2.3825100e-03 1.5248100e-03
     50    133 0.0000000e+00 5.9581500e-04 3.8132100e-04
     50    134 0.0000000e+00 8.4837700e-05 5.4296100e-05
     50    135 0.0000000e+00 7.2424000e-06 4.6351300e-06
     50    136 0.0000000e+00 3.6516200e-07 2.3370400e-07
     50    137 0.0000000e+00 1.2804200e-08 8.1947100e-09
     50    138 0.0000000e+00 2.8412600e-10 1.8184100e-10
     50    139 0.0000000e+00 8.8888800e-12 5.6888900e-12
     50    140 0.0000000e+00 0.0000000e+00 0.0000000e+00
     51    116 0.0000000e+00 0.0000000e+00 0.0000000e+00
     51    116 1.0000000e+00 0.0000000e+00 0.0000000e+00
     51    117 0.0000000e+00 0.0000000e+00 0.0000000e+00
     51    118 0.0000000e+00 0.0000000e+00 0.0000000e+00
     51    118 1.0000000e+00 0.0000000e+00 0.0000000e+00
     51    119 0.0000000e+00 0.0000000e+00 0.0000000e+00
     51    120 0.0000000e+00 3.1504800e-13 2.0163100e-13
     51    120 1.0000000e+00 5.2732600e-13 3.3748900e-13
     51    121 0.0000000e+00 3.6816300e-10 2.3562500e-10
     51    122 0.0000000e+00 2.1359500e-08 1.3670100e-08
     51    122 1.0000000e+00 2.8662700e-08 1.8344100e-08
     51    123 0.0000000e+00 2.4310800e-06 1.5558900e-06
     51    124 0.0000000e+00 9.3251400e-08 5.9680900e-08
     51    124 1.0000000e+00 1.9586700e-07 1.2535500e-07
     51    124 2.0000000e+00 1.0066500e-07 6.4425400e-08
     51    125 0.0000000e+00 2.2510000e-06 1.4406400e-06
     51    126 0.0000000e+00 5.9198600e-06 3.7887100e-06
     51    126 1.0000000e+00 1.1327800e-05 5.6454500e-06
     51    127 0.0000000e+00 7.6894100e-05 4.9212300e-05
     51    128 0.0000000e+00 1.5381200e-04 9.8439700e-05
     51    128 1.0000000e+00 2.1504200e-04 1.3762700e-04
     51    129 0.0000000e+00 5.0574000e-04 3.2367400e-04
     51    129 1.0000000e+00 6.6866800e-04 5.3493400e-04
     51    130 0.0000000e+00 2.1798600e-03 1.3951100e-03
     51    130 1.0000000e+00 3.0476300e-03 1.9504800e-03
     51    131 0.0000000e+00 1.1015500e-02 3.5249500e-03
     51    132 0.0000000e+00 7.6938700e-03 4.9240800e-03
     51    132 1.0000000e+00 6.8228700e-03 4.3666300e-03
     51    133 0.0000000e+00 1.0979300e-02 3.5133700e-03
     51    134 0.0000000e+00 1.3327000e-03 8.5292400e-04
     51    134 1.0000000e+00 3.6400500e-03 2.3296300e-03
     51    135 0.0000000e+00 1.3709000e-03 8.7737600e-04
     51    136 0.0000000e+00 2.2376900e-04 1.4321300e-04
     51    137 0.0000000e+00 2.4590900e-05 1.5738200e-05
     51    138 0.0000000e+00 1.6707400e-06 1.0692700e-06
     51    139 0.0000000e+00 7.8025700e-08 4.9936500e-08
     51    140 0.0000000e+00 8.9800500e-10 5.7472300e-10
     51    141 0.0000000e+00 5.4642200e-11 3.4970900e-11
     51    142 0.0000000e+00 1.7435800e-12 1.1159000e-12
     51    143 0.0000000e+00 0.0000000e+00 0.0000000e+00
     52    119 0.0000000e+00 0.0000000e+00 0.0000000e+00
     52    119 1.0000000e+00 0.0000000e+00 0.0000000e+00
     52    120 0.0000000e+00 0.0000000e+00 0.0000000e+00
     52    121 0.0000000e+00 3.5754900e-15 2.2883100e-15
     52    121 1.0000000e+00 1.3532100e-14 8.6605500e-15
     52    122 0.0000000e+00 1.4206300e-11 9.0920400e-12
     52    123 0.0000000e+00 8.3386200e-10 5.3367200e-10
     52    123 1.0000000e+00 3.1559100e-09 2.0197800e-09
     52    124 0.0000000e+00 2.9513100e-13 1.8888400e-13
     52    125 0.0000000e+00 1.2254900e-12 7.8431600e-13
     52    125 1.0000000e+00 4.6381100e-12 2.9683900e-12
     52    126 0.0000000e+00 1.1205000e-10 7.1711800e-11
     52    127 0.0000000e+00 5.4570400e-10 3.4925100e-10
     52    127 1.0000000e+00 1.5292200e-09 9.7869900e-10
     52    128 0.0000000e+00 3.9117400e-08 2.5035100e-08
     52    129 0.0000000e+00 1.8812900e-07 1.2040200e-07
     52    129 1.0000000e+00 5.2718900e-07 3.3740100e-07
     52    130 0.0000000e+00 4.2533900e-04 2.7221700e-04
     52    131 0.0000000e+00 6.6803500e-04 4.2754200e-04
     52    131 1.0000000e+00 1.8720200e-03 1.1981000e-03
     52    132 0.0000000e+00 9.3479000e-03 5.9826600e-03
     52    133 0.0000000e+00 5.2360500e-03 3.3510700e-03
     52    133 1.0000000e+00 1.4672900e-02 4.6953100e-03
     52    134 0.0000000e+00 2.5770600e-02 8.2466200e-03
     52    135 0.0000000e+00 2.0765500e-02 6.6449600e-03
     52    136 0.0000000e+00 1.0122300e-02 3.2391400e-03
     52    137 0.0000000e+00 3.2790500e-03 2.0985900e-03
     52    138 0.0000000e+00 6.5925300e-04 4.2192100e-04
     52    139 0.0000000e+00 9.0030000e-05 5.7619200e-05
     52    140 0.0000000e+00 7.8826000e-06 5.0448700e-06
     52    141 0.0000000e+00 4.7964400e-07 3.0697200e-07
     52    142 0.0000000e+00 1.5305100e-08 9.7952400e-09
     52    143 0.0000000e+00 1.2781900e-10 8.1803700e-11
     52    144 0.0000000e+00 1.6367700e-11 1.0475300e-11
     52    145 0.0000000e+00 0.0000000e+00 0.0000000e+00
     53    122 0.0000000e+00 0.0000000e+00 0.0000000e+00
     53    123 0.0000000e+00 3.6816400e-13 2.3562500e-13
     53    124 0.0000000e+00 0.0000000e+00 0.0000000e+00
     53    125 0.0000000e+00 0.0000000e+00 0.0000000e+00
     53    126 0.0000000e+00 0.0000000e+00 0.0000000e+00
     53    127 0.0000000e+00 0.0000000e+00 0.0000000e+00
     53    128 0.0000000e+00 0.0000000e+00 0.0000000e+00
     53    129 0.0000000e+00 1.4106300e-13 9.0280100e-14
     53    130 0.0000000e+00 1.7502600e-06 1.1201600e-06
     53    130 1.0000000e+00 6.4080500e-07 4.1011500e-07
     53    131 0.0000000e+00 4.4699800e-05 2.8607900e-05
     53    132 0.0000000e+00 2.6659800e-04 1.7062300e-04
     53    132 1.0000000e+00 2.4120800e-04 1.5437300e-04
     53    133 0.0000000e+00 1.8745700e-03 1.1997200e-03
     53    133 1.0000000e+00 1.3855500e-03 8.8674800e-04
     53    134 0.0000000e+00 6.4607500e-03 4.1348800e-03
     53    134 1.0000000e+00 5.7293500e-03 2.5782100e-03
     53    135 0.0000000e+00 2.6972800e-02 8.6312700e-03
     53    136 0.0000000e+00 9.5535100e-03 3.0571300e-03
     53    136 1.0000000e+00 2.6093900e-02 8.3500700e-03
     53    137 0.0000000e+00 3.0907300e-02 9.8903500e-03
     53    138 0.0000000e+00 1.6889100e-02 5.4045000e-03
     53    139 0.0000000e+00 6.3433400e-03 4.0597300e-03
     53    140 0.0000000e+00 1.5747800e-03 1.0078600e-03
     53    141 0.0000000e+00 2.5739500e-04 1.6473300e-04
     53    142 0.0000000e+00 2.6171600e-05 1.6749800e-05
     53    143 0.0000000e+00 1.1219800e-06 7.1806600e-07
     53    144 0.0000000e+00 1.4367400e-07 9.1951000e-08
     53    145 0.0000000e+00 6.2336100e-10 3.9895100e-10
     53    146 0.0000000e+00 2.8262100e-11 1.8087700e-11
     53    147 0.0000000e+00 9.0492400e-12 5.7915100e-12
     53    148 0.0000000e+00 0.0000000e+00 0.0000000e+00
     54    125 0.0000000e+00 0.0000000e+00 0.0000000e+00
     54    126 0.0000000e+00 0.0000000e+00 0.0000000e+00
     54    127 0.0000000e+00 0.0000000e+00 0.0000000e+00
     54    127 1.0000000e+00 0.0000000e+00 0.0000000e+00
     54    128 0.0000000e+00 0.0000000e+00 0.0000000e+00
     54    129 0.0000000e+00 0.0000000e+00 0.0000000e+00
     54    129 1.0000000e+00 0.0000000e+00 0.0000000e+00
     54    130 0.0000000e+00 9.2341000e-10 5.9098200e-10
     54    131 0.0000000e+00 1.5076600e-08 9.6490200e-09
     54    131 1.0000000e+00 4.2248900e-08 2.7039300e-08
     54    132 0.0000000e+00 2.1709600e-06 1.3894200e-06
     54    133 0.0000000e+00 1.2248100e-05 7.8387800e-06
     54    133 1.0000000e+00 3.4322600e-05 2.1966500e-05
     54    134 0.0000000e+00 1.4942000e-04 9.5628800e-05
     54    134 1.0000000e+00 4.0811700e-04 2.6119500e-04
     54    135 0.0000000e+00 9.6603900e-04 6.1826500e-04
     54    135 1.0000000e+00 2.7071100e-03 1.7325500e-03
     54    136 0.0000000e+00 1.3486600e-02 4.3157300e-03
     54    137 0.0000000e+00 2.9905200e-02 9.5696500e-03
     54    138 0.0000000e+00 4.1201500e-02 1.3184500e-02
     54    139 0.0000000e+00 3.8916100e-02 1.2453100e-02
     54    140 0.0000000e+00 2.5080400e-02 8.0257500e-03
     54    141 0.0000000e+00 1.0793200e-02 3.4538000e-03
     54    142 0.0000000e+00 3.1353200e-03 2.0066100e-03
     54    143 0.0000000e+00 1.5835100e-04 1.0134500e-04
     54    143 1.0000000e+00 4.4374400e-04 2.8399600e-04
     54    144 0.0000000e+00 7.7100600e-05 4.9344400e-05
     54    145 0.0000000e+00 5.4718100e-06 3.5019600e-06
     54    146 0.0000000e+00 2.4808200e-07 1.5877200e-07
     54    147 0.0000000e+00 7.9433400e-08 5.0837400e-08
     54    148 0.0000000e+00 1.2305500e-10 7.8755000e-11
     54    149 0.0000000e+00 6.0395500e-12 3.8653100e-12
     54    150 0.0000000e+00 0.0000000e+00 0.0000000e+00
     55    128 0.0000000e+00 0.0000000e+00 0.0000000e+00
     55    129 0.0000000e+00 0.0000000e+00 0.0000000e+00
     55    130 0.0000000e+00 0.0000000e+00 0.0000000e+00
     55    131 0.0000000e+00 4.0918200e-12 2.6187600e-12
     55    132 0.0000000e+00 5.3823900e-10 3.4447300e-10
     55    133 0.0000000e+00 4.0618000e-08 2.5995500e-08
     55    134 0.0000000e+00 8.9079500e-07 5.7010900e-07
     55    134 1.0000000e+00 7.8995100e-07 5.0556800e-07
     55    135 0.0000000e+00 2.0818500e-05 1.3323800e-05
     55    135 1.0000000e+00 1.5387600e-05 9.8480500e-06
     55    136 0.0000000e+00 2.3829600e-04 1.5250900e-04
     55    136 1.0000000e+00 1.7044500e-04 1.0908500e-04
     55    137 0.0000000e+00 2.5420100e-03 1.6268800e-03
     55    138 0.0000000e+00 3.4530700e-03 2.2099700e-03
     55    138 1.0000000e+00 5.7797500e-03 3.6990400e-03
     55    139 0.0000000e+00 2.1607100e-02 6.9142600e-03
     55    140 0.0000000e+00 3.4128700e-02 1.0921100e-02
     55    141 0.0000000e+00 3.5459600e-02 1.1347100e-02
     55    142 0.0000000e+00 2.6806800e-02 8.5781900e-03
     55    143 0.0000000e+00 1.3609100e-02 4.3549300e-03
     55    144 0.0000000e+00 4.8985200e-03 3.1350500e-03
     55    145 0.0000000e+00 1.0348200e-03 6.6228400e-04
     55    146 0.0000000e+00 1.4388400e-04 9.2085700e-05
     55    147 0.0000000e+00 4.2626900e-05 2.7281200e-05
     55    148 0.0000000e+00 7.0531300e-07 4.5140000e-07
     55    149 0.0000000e+00 5.3014600e-08 3.3929400e-08
     55    150 0.0000000e+00 5.2223200e-10 3.3422800e-10
     55    151 0.0000000e+00 1.2043000e-11 7.7075500e-12
     55    152 0.0000000e+00 2.7806200e-13 1.7796000e-13
     56    131 0.0000000e+00 0.0000000e+00 0.0000000e+00
     56    132 0.0000000e+00 0.0000000e+00 0.0000000e+00
     56    133 0.0000000e+00 1.0051100e-13 6.4327000e-14
     56    133 1.0000000e+00 0.0000000e+00 0.0000000e+00
     56    134 0.0000000e+00 3.4015100e-10 2.1769700e-10
     56    135 0.0000000e+00 6.6305400e-09 4.2435500e-09
     56    135 1.0000000e+00 1.8580700e-08 1.1891600e-08
     56    136 0.0000000e+00 2.5042300e-07 1.6027100e-07
     56    136 1.0000000e+00 6.8399200e-07 4.3775500e-07
     56    137 0.0000000e+00 4.6861100e-06 2.9991100e-06
     56    137 1.0000000e+00 1.3131800e-05 8.4043500e-06
     56    138 0.0000000e+00 1.8545200e-04 1.1869000e-04
     56    139 0.0000000e+00 1.1793800e-03 7.5480500e-04
     56    140 0.0000000e+00 4.8751300e-03 3.1200900e-03
     56    141 0.0000000e+00 1.2492800e-02 3.9977000e-03
     56    142 0.0000000e+00 2.3793900e-02 7.6140400e-03
     56    143 0.0000000e+00 2.9651000e-02 9.4883100e-03
     56    144 0.0000000e+00 2.7300100e-02 8.7360300e-03
     56    145 0.0000000e+00 1.5684700e-02 5.0190800e-03
     56    146 0.0000000e+00 6.1806000e-03 3.9555900e-03
     56    147 0.0000000e+00 1.5786200e-03 1.0103200e-03
     56    148 0.0000000e+00 2.7032000e-04 1.7300500e-04
     56    149 0.0000000e+00 2.8449600e-05 1.8207800e-05
     56    150 0.0000000e+00 1.9508700e-06 1.2485500e-06
     56    151 0.0000000e+00 1.0571300e-07 6.7656200e-08
     56    152 0.0000000e+00 2.4408000e-09 1.5621100e-09
     56    153 0.0000000e+00 2.8262100e-11 1.8087700e-11
     56    154 0.0000000e+00 4.8821700e-13 3.1245900e-13
     57    133 0.0000000e+00 0.0000000e+00 0.0000000e+00
     57    134 0.0000000e+00 0.0000000e+00 0.0000000e+00
     57    135 0.0000000e+00 9.6242700e-13 6.1595300e-13
     57    136 0.0000000e+00 0.0000000e+00 0.0000000e+00
     57    137 0.0000000e+00 7.3132500e-09 4.6804800e-09
     57    138 0.0000000e+00 2.3210300e-07 1.4854600e-07
     57    139 0.0000000e+00 4.3019100e-06 2.7532200e-06
     57    140 0.0000000e+00 5.0662500e-05 3.2424000e-05
     57    141 0.0000000e+00 3.5056600e-04 2.2436200e-04
     57    142 0.0000000e+00 1.8342600e-03 1.1739300e-03
     57    143 0.0000000e+00 5.8833000e-03 3.7653100e-03
     57    144 0.0000000e+00 1.3809900e-02 4.4191900e-03
     57    145 0.0000000e+00 2.0378200e-02 6.5210400e-03
     57    146 0.0000000e+00 6.7146000e-03 4.2973600e-03
     57    146 1.0000000e+00 1.4073600e-02 9.0071700e-03
     57    147 0.0000000e+00 1.4558800e-02 4.6588000e-03
     57    148 0.0000000e+00 6.7519100e-03 4.3212200e-03
     57    149 0.0000000e+00 2.0617700e-03 1.3195300e-03
     57    150 0.0000000e+00 4.2270800e-04 2.7053300e-04
     57    151 0.0000000e+00 5.6729500e-05 3.6306900e-05
     57    152 0.0000000e+00 4.7921300e-06 3.0669600e-06
     57    153 0.0000000e+00 2.4808200e-07 1.5877200e-07
     57    154 0.0000000e+00 8.9439700e-09 5.7241400e-09
     57    155 0.0000000e+00 8.3076800e-11 5.3169200e-11
     57    156 0.0000000e+00 3.3618200e-12 2.1515700e-12
     57    157 0.0000000e+00 9.3219300e-14 5.9660300e-14
     58    135 0.0000000e+00 0.0000000e+00 0.0000000e+00
     58    136 0.0000000e+00 0.0000000e+00 0.0000000e+00
     58    137 0.0000000e+00 1.3286300e-14 8.5032600e-15
     58    137 1.0000000e+00 0.0000000e+00 0.0000000e+00
     58    138 0.0000000e+00 1.9008400e-11 1.2165400e-11
     58    139 0.0000000e+00 2.7890400e-10 1.7849800e-10
     58    139 1.0000000e+00 7.8156700e-10 5.0020300e-10
     58    140 0.0000000e+00 3.7216500e-08 2.3818600e-08
     58    141 0.0000000e+00 7.3832800e-07 4.7253000e-07
     58    142 0.0000000e+00 1.1475100e-05 7.3440600e-06
     58    143 0.0000000e+00 1.0369600e-04 6.6365500e-05
     58    144 0.0000000e+00 6.8220300e-04 4.3661000e-04
     58    145 0.0000000e+00 2.7732500e-03 1.7748800e-03
     58    146 0.0000000e+00 7.4968000e-03 4.7979500e-03
     58    147 0.0000000e+00 1.3546000e-02 4.3347200e-03
     58    148 0.0000000e+00 1.6153300e-02 5.1690700e-03
     58    149 0.0000000e+00 1.2970500e-02 4.1505500e-03
     58    150 0.0000000e+00 7.2611800e-03 4.6471600e-03
     58    151 0.0000000e+00 2.7084300e-03 1.7334000e-03
     58    152 0.0000000e+00 6.5670200e-04 4.2028900e-04
     58    153 0.0000000e+00 1.0053500e-04 6.4342200e-05
     58    154 0.0000000e+00 1.0614700e-05 6.7934200e-06
     58    155 0.0000000e+00 7.2924100e-07 4.6671400e-07
     58    156 0.0000000e+00 2.9509700e-08 1.8886300e-08
     58    157 0.0000000e+00 8.1827000e-10 5.2369300e-10
     58    158 0.0000000e+00 1.3906200e-11 8.8999500e-12
     58    159 0.0000000e+00 3.2364700e-13 2.0713400e-13
     58    160 0.0000000e+00 0.0000000e+00 0.0000000e+00
     59    138 0.0000000e+00 0.0000000e+00 0.0000000e+00
     59    138 1.0000000e+00 0.0000000e+00 0.0000000e+00
     59    139 0.0000000e+00 1.4106300e-14 9.0280100e-15
     59    140 0.0000000e+00 1.5106700e-12 9.6682900e-13
     59    141 0.0000000e+00 8.8939500e-11 5.6921300e-11
     59    142 0.0000000e+00 1.1287800e-09 7.2242000e-10
     59    142 1.0000000e+00 3.0830900e-09 1.9731800e-09
     59    143 0.0000000e+00 1.1305000e-07 7.2352100e-08
     59    144 0.0000000e+00 1.9419500e-07 1.2428500e-07
     59    144 1.0000000e+00 1.9877700e-06 1.2721800e-06
     59    145 0.0000000e+00 2.7332100e-05 1.7492600e-05
     59    146 0.0000000e+00 2.1583600e-04 1.3813500e-04
     59    147 0.0000000e+00 1.0957300e-03 7.0126500e-04
     59    148 0.0000000e+00 6.0222500e-04 3.8542400e-04
     59    148 1.0000000e+00 2.9195600e-03 1.8685200e-03
     59    149 0.0000000e+00 7.3626900e-03 4.7121200e-03
     59    150 0.0000000e+00 1.0580900e-02 3.3858900e-03
     59    151 0.0000000e+00 1.0009500e-02 3.2030400e-03
     59    152 0.0000000e+00 6.3460400e-03 4.0614600e-03
     59    153 0.0000000e+00 2.6423100e-03 1.6910800e-03
     59    154 0.0000000e+00 7.6757100e-04 4.9124500e-04
     59    155 0.0000000e+00 1.5369800e-04 9.8366900e-05
     59    156 0.0000000e+00 1.8088000e-05 1.1576300e-05
     59    157 0.0000000e+00 1.4806600e-06 9.4762100e-07
     59    158 0.0000000e+00 7.5333500e-08 4.8213400e-08
     59    159 0.0000000e+00 2.8409400e-09 1.8182000e-09
     59    160 0.0000000e+00 6.0526900e-11 3.8737200e-11
     59    161 0.0000000e+00 9.0940100e-13 5.8201600e-13
     59    162 0.0000000e+00 2.8034100e-14 1.7941900e-14
     60    141 0.0000000e+00 0.0000000e+00 0.0000000e+00
     60    142 0.0000000e+00 9.8543800e-14 6.3068000e-14
     60    143 0.0000000e+00 8.0235600e-12 5.1350800e-12
     60    144 0.0000000e+00 4.8021300e-10 3.0733600e-10
     60    145 0.0000000e+00 1.9008400e-08 1.2165400e-08
     60    146 0.0000000e+00 4.6720700e-07 2.9901300e-07
     60    147 0.0000000e+00 7.2332100e-06 4.6292600e-06
     60    148 0.0000000e+00 6.8910600e-05 4.4102800e-05
     60    149 0.0000000e+00 4.1205300e-04 2.6371400e-04
     60    150 0.0000000e+00 1.6248300e-03 1.0398900e-03
     60    151 0.0000000e+00 3.9627900e-03 2.5361900e-03
     60    152 0.0000000e+00 6.3258000e-03 4.0485100e-03
     60    153 0.0000000e+00 6.6240000e-03 4.2393600e-03
     60    154 0.0000000e+00 4.8287600e-03 3.0904100e-03
     60    155 0.0000000e+00 2.5749800e-03 1.6479900e-03
     60    156 0.0000000e+00 8.1816300e-04 5.2362500e-04
     60    157 0.0000000e+00 1.8707300e-04 1.1972700e-04
     60    158 0.0000000e+00 2.7322100e-05 1.7486200e-05
     60    159 0.0000000e+00 2.9313000e-06 1.8760300e-06
     60    160 0.0000000e+00 1.8608300e-07 1.1909300e-07
     60    161 0.0000000e+00 7.9826300e-09 5.1088900e-09
     60    162 0.0000000e+00 2.4608100e-10 1.5749200e-10
     60    163 0.0000000e+00 4.6520700e-12 2.9773200e-12
     60    164 0.0000000e+00 5.6625100e-14 3.6240100e-14
     61    144 0.0000000e+00 0.0000000e+00 0.0000000e+00
     61    145 0.0000000e+00 7.2632300e-13 4.6484600e-13
     61    146 0.0000000e+00 5.7125400e-11 3.6560200e-11
     61    147 0.0000000e+00 2.8112500e-09 1.7992000e-09
     61    148 0.0000000e+00 2.2468400e-08 1.4379800e-08
     61    148 1.0000000e+00 6.1368800e-08 3.9276100e-08
     61    149 0.0000000e+00 1.5406800e-06 9.8603800e-07
     61    150 0.0000000e+00 1.8278100e-05 1.1698000e-05
     61    151 0.0000000e+00 1.2641600e-04 8.0906300e-05
     61    152 0.0000000e+00 7.3275800e-05 4.6896500e-05
     61    152 1.0000000e+00 3.5536000e-04 2.2743100e-04
     61    152 2.0000000e+00 1.2231000e-04 7.8278400e-05
     61    153 0.0000000e+00 1.5138400e-03 9.6885900e-04
     61    154 0.0000000e+00 2.4175200e-03 1.5472200e-03
     61    154 1.0000000e+00 3.2343300e-04 2.0699700e-04
     61    155 0.0000000e+00 3.6498000e-03 2.3358800e-03
     61    156 0.0000000e+00 2.8844600e-03 1.8460600e-03
     61    157 0.0000000e+00 1.6798700e-03 1.0751200e-03
     61    158 0.0000000e+00 6.4854800e-04 4.1507000e-04
     61    159 0.0000000e+00 1.8613300e-04 1.1912500e-04
     61    160 0.0000000e+00 3.3274800e-05 2.1295900e-05
     61    161 0.0000000e+00 4.0317900e-06 2.5803500e-06
     61    162 0.0000000e+00 3.4715400e-07 2.2217900e-07
     61    163 0.0000000e+00 1.9008400e-08 1.2165400e-08
     61    164 0.0000000e+00 6.7730100e-10 4.3347200e-10
     61    165 0.0000000e+00 1.5306800e-11 9.7963500e-12
     61    166 0.0000000e+00 1.6980000e-13 1.0867200e-13
     62    146 0.0000000e+00 0.0000000e+00 0.0000000e+00
     62    147 0.0000000e+00 6.9530900e-14 4.4499800e-14
     62    148 0.0000000e+00 6.6729600e-12 4.2707000e-12
     62    149 0.0000000e+00 3.9117400e-10 2.5035100e-10
     62    150 0.0000000e+00 1.4606500e-08 9.3481500e-09
     62    151 0.0000000e+00 3.0513500e-07 1.9528700e-07
     62    152 0.0000000e+00 3.9417500e-06 2.5227200e-06
     62    153 0.0000000e+00 3.1203900e-05 1.9970500e-05
     62    154 0.0000000e+00 1.5339800e-04 9.8174800e-05
     62    155 0.0000000e+00 5.4966400e-04 3.5178500e-04
     62    156 0.0000000e+00 1.0899300e-03 6.9755800e-04
     62    157 0.0000000e+00 1.5630000e-03 1.0003200e-03
     62    158 0.0000000e+00 1.4816600e-03 9.4826100e-04
     62    159 0.0000000e+00 1.0388700e-03 6.6487700e-04
     62    160 0.0000000e+00 4.8007300e-04 3.0724600e-04
     62    161 0.0000000e+00 1.5218800e-04 9.7400100e-05
     62    162 0.0000000e+00 3.4505300e-05 2.2083400e-05
     62    163 0.0000000e+00 5.2423300e-06 3.3550900e-06
     62    164 0.0000000e+00 5.3023500e-07 3.3935100e-07
     62    165 0.0000000e+00 3.4615400e-08 2.2153800e-08
     62    166 0.0000000e+00 1.4904900e-09 9.5391600e-10
     62    167 0.0000000e+00 4.6415300e-11 2.9705800e-11
     62    168 0.0000000e+00 8.2236500e-13 5.2631400e-13
     63    149 0.0000000e+00 0.0000000e+00 0.0000000e+00
     63    150 0.0000000e+00 0.0000000e+00 0.0000000e+00
     63    150 1.0000000e+00 0.0000000e+00 0.0000000e+00
     63    151 0.0000000e+00 4.1818600e-11 2.6763900e-11
     63    152 0.0000000e+00 7.6411600e-10 4.8903400e-10
     63    152 1.0000000e+00 7.4913300e-11 4.7944500e-11
     63    152 2.0000000e+00 8.2404600e-10 5.2739000e-10
     63    153 0.0000000e+00 4.0117800e-08 2.5675400e-08
     63    154 0.0000000e+00 2.7621700e-07 1.7677900e-07
     63    154 1.0000000e+00 2.9803800e-07 1.9074500e-07
     63    155 0.0000000e+00 6.0226700e-06 3.8545100e-06
     63    156 0.0000000e+00 3.3034700e-05 2.1142200e-05
     63    157 0.0000000e+00 1.2642600e-04 8.0912700e-05
     63    158 0.0000000e+00 3.0798700e-04 1.9711200e-04
     63    159 0.0000000e+00 5.2539300e-04 3.3625100e-04
     63    160 0.0000000e+00 5.9549400e-04 3.8111600e-04
     63    161 0.0000000e+00 4.5521200e-04 2.9133500e-04
     63    162 0.0000000e+00 2.4894100e-04 1.5932200e-04
     63    163 0.0000000e+00 9.6722900e-05 6.1902700e-05
     63    164 0.0000000e+00 2.5891500e-05 1.6570600e-05
     63    165 0.0000000e+00 4.6120500e-06 2.9517100e-06
     63    166 0.0000000e+00 5.5624700e-07 3.5599800e-07
     63    167 0.0000000e+00 4.8021300e-08 3.0733600e-08
     63    168 0.0000000e+00 2.4610900e-09 1.5751000e-09
     63    169 0.0000000e+00 8.4628000e-11 5.4161800e-11
     63    170 0.0000000e+00 2.0409100e-12 1.3061800e-12
     64    151 0.0000000e+00 0.0000000e+00 0.0000000e+00
     64    152 0.0000000e+00 4.4919900e-14 2.8748800e-14
     64    153 0.0000000e+00 3.3815000e-12 2.1641600e-12
     64    154 0.0000000e+00 1.4606500e-10 9.3481500e-11
     64    155 0.0000000e+00 4.5320100e-09 2.9004900e-09
     64    156 0.0000000e+00 7.5533500e-08 4.8341500e-08
     64    157 0.0000000e+00 8.3437000e-07 5.3399700e-07
     64    158 0.0000000e+00 5.7225400e-06 3.6624300e-06
     64    159 0.0000000e+00 2.5921500e-05 1.6589800e-05
     64    160 0.0000000e+00 7.7194300e-05 4.9404300e-05
     64    161 0.0000000e+00 1.4602500e-04 9.3455900e-05
     64    162 0.0000000e+00 1.8833400e-04 1.2053400e-04
     64    163 0.0000000e+00 1.7533800e-04 1.1221600e-04
     64    164 0.0000000e+00 1.1394100e-04 7.2922000e-05
     64    165 0.0000000e+00 5.0722500e-05 3.2462400e-05
     64    166 0.0000000e+00 1.5837000e-05 1.0135700e-05
     64    167 0.0000000e+00 3.5715900e-06 2.2858200e-06
     64    168 0.0000000e+00 5.0522400e-07 3.2334400e-07
     64    169 0.0000000e+00 4.8921700e-08 3.1309900e-08
     64    170 0.0000000e+00 3.3815000e-09 2.1641600e-09
     64    171 0.0000000e+00 1.5605100e-10 9.9872900e-11
     64    172 0.0000000e+00 4.4614700e-12 2.8553500e-12
     65    154 0.0000000e+00 0.0000000e+00 0.0000000e+00
     65    154 1.0000000e+00 0.0000000e+00 0.0000000e+00
     65    154 2.0000000e+00 0.0000000e+00 0.0000000e+00
     65    155 0.0000000e+00 1.9408600e-13 1.2421500e-13
     65    156 0.0000000e+00 4.0099400e-12 2.5663600e-12
     65    156 1.0000000e+00 3.9121400e-13 2.5037700e-13
     65    156 2.0000000e+00 0.0000000e+00 0.0000000e+00
     65    157 0.0000000e+00 3.2414400e-10 2.0745200e-10
     65    158 0.0000000e+00 5.9924900e-09 3.8351900e-09
     65    158 1.0000000e+00 5.8543500e-10 3.7467800e-10
     65    159 0.0000000e+00 8.4737600e-08 5.4232100e-08
     65    160 0.0000000e+00 7.2132000e-07 4.6164500e-07
     65    161 0.0000000e+00 3.6916400e-06 2.3626500e-06
     65    162 0.0000000e+00 1.2185400e-05 5.5144900e-06
     65    163 0.0000000e+00 2.8712700e-05 1.8376200e-05
     65    164 0.0000000e+00 4.5700300e-05 2.9248200e-05
     65    165 0.0000000e+00 4.8871700e-05 3.1277900e-05
     65    166 0.0000000e+00 3.6646300e-05 2.3453600e-05
     65    167 0.0000000e+00 1.9778800e-05 1.2658400e-05
     65    168 0.0000000e+00 7.0631400e-06 4.5204100e-06
     65    169 0.0000000e+00 1.7908000e-06 1.1461100e-06
     65    170 0.0000000e+00 3.3614900e-07 2.1513600e-07
     65    171 0.0000000e+00 4.2118700e-08 2.6956000e-08
     65    172 0.0000000e+00 3.4115100e-09 2.1833700e-09
     66    157 0.0000000e+00 0.0000000e+00 0.0000000e+00
     66    158 0.0000000e+00 4.9522000e-13 3.1694100e-13
     66    159 0.0000000e+00 1.8708300e-11 1.1973300e-11
     66    160 0.0000000e+00 4.7421100e-10 3.0349500e-10
     66    161 0.0000000e+00 6.9731000e-09 4.4627800e-09
     66    162 0.0000000e+00 6.3128000e-08 4.0401900e-08
     66    163 0.0000000e+00 4.1018200e-07 2.6251700e-07
     66    164 0.0000000e+00 1.7507800e-06 1.1205000e-06
     66    165 0.0000000e+00 4.2698900e-06 2.7327300e-06
     66    165 1.0000000e+00 5.7125600e-07 3.6560400e-07
     66    166 0.0000000e+00 9.0740300e-06 5.8073800e-06
     66    167 0.0000000e+00 1.1615200e-05 7.4337000e-06
     66    168 0.0000000e+00 9.9444200e-06 6.3644300e-06
     66    169 0.0000000e+00 6.0927100e-06 3.8993300e-06
     66    170 0.0000000e+00 2.8212500e-06 1.8056000e-06
     66    171 0.0000000e+00 8.8439300e-07 5.6601100e-07
     66    172 0.0000000e+00 1.9008400e-07 1.2165400e-07
     67    160 0.0000000e+00 0.0000000e+00 0.0000000e+00
     67    160 1.0000000e+00 0.0000000e+00 0.0000000e+00
     67    161 0.0000000e+00 6.5279300e-13 4.1778800e-13
     67    161 1.0000000e+00 8.7335200e-14 5.5894500e-14
     67    162 0.0000000e+00 5.0996300e-12 3.2637600e-12
     67    162 1.0000000e+00 1.3928800e-11 8.9144500e-12
     67    163 0.0000000e+00 3.1501400e-10 2.0160900e-10
     67    163 1.0000000e+00 4.2144700e-11 2.6972600e-11
     67    164 0.0000000e+00 1.1671200e-09 7.4695800e-10
     67    164 1.0000000e+00 3.1878100e-09 2.0402000e-09
     67    165 0.0000000e+00 3.3715000e-08 2.1577600e-08
     67    166 0.0000000e+00 4.6143300e-08 2.9531700e-08
     67    166 1.0000000e+00 1.2603300e-07 8.0661200e-08
     67    167 0.0000000e+00 5.7025300e-07 3.6496200e-07
     67    168 0.0000000e+00 1.2505600e-06 8.0035500e-07
     67    169 0.0000000e+00 1.8908400e-06 1.2101400e-06
     67    170 0.0000000e+00 1.5525300e-06 9.9361900e-07
     67    170 1.0000000e+00 5.6841200e-07 3.6378400e-07
     67    171 0.0000000e+00 1.5506900e-06 9.9244100e-07
     67    172 0.0000000e+00 8.0835900e-07 5.1735000e-07
     68    163 0.0000000e+00 2.0209000e-14 1.2933700e-14
     68    164 0.0000000e+00 7.2332100e-13 4.6292600e-13
     68    165 0.0000000e+00 1.6307200e-11 1.0436600e-11
     68    166 0.0000000e+00 2.4010700e-10 1.5366800e-10
     68    167 0.0000000e+00 1.9350900e-09 1.2384500e-09
     68    167 1.0000000e+00 2.5888900e-10 1.6568900e-10
     68    168 0.0000000e+00 1.3305900e-08 8.5157800e-09
     68    169 0.0000000e+00 5.4624300e-08 3.4959500e-08
     68    170 0.0000000e+00 1.6007100e-07 1.0244500e-07
     68    171 0.0000000e+00 2.8812800e-07 1.8440200e-07
     68    172 0.0000000e+00 3.6816300e-07 2.3562500e-07
     69    166 0.0000000e+00 1.8708300e-14 1.1973300e-14
     69    167 0.0000000e+00 4.8521500e-13 3.1053800e-13
     69    168 0.0000000e+00 8.5638000e-12 5.4808300e-12
     69    169 0.0000000e+00 1.0004400e-10 6.4028400e-11
     69    170 0.0000000e+00 8.2736700e-10 5.2951500e-10
     69    171 0.0000000e+00 4.0017800e-09 2.5611400e-09
     69    172 0.0000000e+00 1.3706100e-08 8.7719000e-09
     70    168 0.0000000e+00 0.0000000e+00 0.0000000e+00
     70    169 0.0000000e+00 1.1405100e-14 7.2992400e-15
     70    170 0.0000000e+00 2.9413100e-13 1.8824400e-13
     70    171 0.0000000e+00 4.0017800e-12 2.5611400e-12
     70    172 0.0000000e+00 3.8917300e-11 2.4907100e-11
     71    172 0.0000000e+00 0.0000000e+00 0.0000000e+00
     71    172 1.0000000e+00 0.0000000e+00 0.0000000e+00


