#  n-U236-MT454-E2.53E-08.jeff3.3.txt  independent fission yields
#   0    92   236  92xx  2.5300E-08         941
    0     1     1     0       3.337700E-05       1.141200E-05
    1     1     2     0       8.466000E-06       2.862700E-06
    2     1     3     0       1.140000E-04       3.456600E-05
    1     2     3     0       0.000000E+00       0.000000E+00
    2     2     4     0       2.110000E-03       6.380600E-04
   36    23    59     0       1.095600E-12       1.153100E-12
   37    23    60     0       7.138400E-11       7.706500E-11
   38    23    61     0       5.468800E-11       5.885100E-11
   39    23    62     0       7.730200E-12       8.301700E-12
   35    24    59     0       2.479000E-12       2.532600E-12
   36    24    60     0       1.420700E-09       1.442500E-09
   37    24    61     0       2.164400E-09       2.266300E-09
   38    24    62     0       3.449200E-09       3.644600E-09
   39    24    63     0       1.073300E-09       1.153900E-09
   40    24    64     0       3.894800E-10       4.215900E-10
   41    24    65     0       3.780600E-11       4.069100E-11
   42    24    66     0       2.837300E-12       3.052600E-12
   34    25    59     0       0.000000E+00       0.000000E+00
   35    25    60     0       3.122200E-11       3.336400E-11
   35    25    60     1       2.773000E-10       2.963200E-10
   36    25    61     0       3.804200E-09       3.895300E-09
   37    25    62     0       8.495000E-09       8.689100E-09
   37    25    62     1       1.525000E-09       1.559900E-09
   38    25    63     0       2.902500E-08       2.970700E-08
   39    25    64     0       2.217300E-08       2.368100E-08
   40    25    65     0       2.530000E-08       2.705500E-08
   41    25    66     0       4.728900E-09       5.084900E-09
   42    25    67     0       9.068900E-10       9.806400E-10
   43    25    68     0       3.921700E-11       4.214900E-11
   44    25    69     0       1.575900E-12       1.695200E-12
   33    26    59     0       0.000000E+00       0.000000E+00
   34    26    60     0       5.205100E-12       5.635200E-12
   35    26    61     0       1.355300E-10       1.457000E-10
   36    26    62     0       3.334000E-09       3.524800E-09
   37    26    63     0       1.599400E-08       1.675900E-08
   38    26    64     0       9.883200E-08       1.003700E-07
   39    26    65     0       1.946800E-07       1.988300E-07
   40    26    66     0       3.597000E-07       3.694100E-07
   41    26    67     0       1.528200E-07       1.635400E-07
   42    26    68     0       8.040000E-08       8.611600E-08
   43    26    69     0       8.479300E-09       9.119000E-09
   44    26    70     0       7.858200E-10       8.517800E-10
   45    26    71     0       2.116900E-11       2.277600E-11
   32    27    59     0       0.000000E+00       0.000000E+00
   34    27    61     0       0.000000E+00       0.000000E+00
   35    27    62     0       2.144700E-12       2.303300E-12
   35    27    62     1       5.023500E-12       5.394800E-12
   36    27    63     0       3.886600E-10       4.183200E-10
   37    27    64     0       4.791700E-09       5.172800E-09
   38    27    65     0       8.326200E-08       8.768900E-08
   39    27    66     0       2.479900E-07       2.585100E-07
   40    27    67     0       8.706000E-07       8.842500E-07
   41    27    68     0       4.438900E-07       4.598300E-07
   41    27    68     1       3.915900E-07       4.056600E-07
   42    27    69     0       9.230800E-07       9.661500E-07
   43    27    70     0       9.897000E-08       1.068400E-07
   43    27    70     1       9.897000E-08       1.068400E-07
   44    27    71     0       6.658700E-08       7.156300E-08
   45    27    72     0       4.728000E-09       5.077300E-09
   46    27    73     0       3.790900E-10       2.411500E-10
   47    27    74     0       1.093300E-11       1.062100E-11
   33    28    61     0       0.000000E+00       0.000000E+00
   34    28    62     0       0.000000E+00       0.000000E+00
   35    28    63     0       0.000000E+00       0.000000E+00
   36    28    64     0       1.300000E-11       1.407500E-11
   37    28    65     0       5.325800E-10       5.731500E-10
   38    28    66     0       1.707300E-08       1.833000E-08
   39    28    67     0       1.126200E-07       1.208500E-07
   40    28    68     0       9.092600E-07       9.387400E-07
   41    28    69     0       8.051500E-07       8.248500E-07
   41    28    69     1       8.051500E-07       8.248500E-07
   42    28    70     0       2.970100E-06       3.013400E-06
   43    28    71     0       1.934900E-06       2.014100E-06
   44    28    72     0       1.516800E-06       1.595000E-06
   45    28    73     0       2.916500E-07       1.841400E-07
   46    28    74     0       1.070900E-07       1.039900E-07
   47    28    75     0       1.199100E-08       9.282300E-09
   48    28    76     0       1.073700E-09       7.550400E-10
   49    28    77     0       4.085700E-11       1.489100E-11
   34    29    63     0       0.000000E+00       0.000000E+00
   36    29    65     0       0.000000E+00       0.000000E+00
   37    29    66     0       5.653500E-12       6.082700E-12
   38    29    67     0       4.601200E-10       4.975500E-10
   39    29    68     0       2.518700E-09       2.706100E-09
   39    29    68     1       5.899400E-09       6.338200E-09
   40    29    69     0       1.517900E-07       1.625600E-07
   41    29    70     0       3.776600E-08       4.051100E-08
   41    29    70     1       4.207400E-07       4.513200E-07
   41    29    70     2       3.776600E-08       4.051100E-08
   42    29    71     0       2.636100E-06       2.709900E-06
   43    29    72     0       3.368000E-06       3.447600E-06
   44    29    73     0       5.874300E-06       3.127000E-06
   45    29    74     0       4.430300E-06       4.225200E-06
   46    29    75     0       5.729700E-06       4.369500E-06
   47    29    76     0       6.342000E-07       4.452900E-07
   47    29    76     1       6.342000E-07       4.452900E-07
   48    29    77     0       5.755300E-07       2.095500E-07
   49    29    78     0       2.678500E-08       9.646700E-09
   50    29    79     0       1.729500E-09       6.474600E-10
   36    30    66     0       0.000000E+00       0.000000E+00
   37    30    67     0       0.000000E+00       0.000000E+00
   38    30    68     0       3.421700E-12       3.677500E-12
   39    30    69     0       2.906200E-11       3.126100E-11
   39    30    69     1       1.256900E-10       1.352000E-10
   40    30    70     0       6.056000E-09       6.563600E-09
   41    30    71     0       1.305700E-08       1.403300E-08
   41    30    71     1       5.647100E-08       6.068900E-08
   42    30    72     0       8.520900E-07       9.044400E-07
   43    30    73     0       2.478000E-07       1.472100E-07
   43    30    73     1       3.387600E-07       2.012400E-07
   43    30    73     2       1.919000E-06       1.140000E-06
   44    30    74     0       1.815200E-05       1.626900E-05
   45    30    75     0       2.615800E-05       1.883200E-05
   46    30    76     0       1.070100E-04       6.460800E-05
   47    30    77     0       4.166700E-05       1.384300E-05
   47    30    77     1       6.369700E-06       2.116200E-06
   48    30    78     0       1.089300E-04       3.418800E-05
   49    30    79     0       4.403300E-05       1.611100E-05
   50    30    80     0       2.633000E-05       1.006800E-05
   51    30    81     0       3.704800E-08       1.386500E-08
   52    30    82     0       1.443000E-09       5.107400E-10
   38    31    69     0       0.000000E+00       0.000000E+00
   40    31    71     0       4.342900E-11       4.672600E-11
   41    31    72     0       1.179600E-09       1.266800E-09
   41    31    72     1       1.328100E-10       1.426300E-10
   42    31    73     0       4.446600E-08       2.825500E-08
   43    31    74     0       2.769600E-07       2.684600E-07
   43    31    74     1       2.769600E-07       2.684600E-07
   44    31    75     0       2.615800E-05       1.883200E-05
   45    31    76     0       3.796000E-05       2.541900E-05
   46    31    77     0       1.921500E-04       3.984200E-05
   47    31    78     0       3.268000E-04       6.206200E-05
   48    31    79     0       3.082300E-04       9.560000E-05
   49    31    80     0       2.369700E-04       8.586300E-05
   50    31    81     0       1.483300E-04       5.408700E-05
   51    31    82     0       2.459400E-05       8.679300E-06
   52    31    83     0       9.973800E-07       3.532700E-07
   53    31    84     0       2.369400E-08       8.970600E-09
   54    31    85     0       7.397600E-10       2.807900E-10
   40    32    72     0       0.000000E+00       0.000000E+00
   41    32    73     0       5.449500E-12       3.466600E-12
   41    32    73     1       1.260000E-12       8.015700E-13
   42    32    74     0       1.068200E-09       1.037800E-09
   43    32    75     0       6.703200E-09       5.188600E-09
   43    32    75     1       4.384900E-08       3.394100E-08
   44    32    76     0       1.929800E-06       1.353800E-06
   45    32    77     0       1.250000E-04       3.198100E-05
   45    32    77     1       1.910900E-05       4.889000E-06
   46    32    78     0       1.906300E-04       5.223700E-05
   47    32    79     0       1.148300E-04       1.482500E-05
   47    32    79     1       7.511500E-04       9.697500E-05
   48    32    80     0       1.974700E-03       1.786500E-04
   49    32    81     0       2.162500E-03       2.451600E-04
   49    32    81     1       5.000200E-04       5.668700E-05
   50    32    82     0       2.833300E-03       5.726500E-04
   51    32    83     0       1.656400E-03       5.196500E-04
   52    32    84     0       4.980300E-04       1.850800E-04
   53    32    85     0       1.236000E-04       4.675100E-05
   54    32    86     0       1.357700E-05       5.007000E-06
   55    32    87     0       9.634600E-09       3.378500E-09
   42    33    75     0       1.227900E-12       9.505600E-13
   42    33    75     1       4.017100E-12       3.109900E-12
   43    33    76     0       4.511600E-10       3.172700E-10
   44    33    77     0       8.739600E-08       3.184800E-08
   45    33    78     0       1.717900E-06       6.175400E-07
   46    33    79     0       4.403300E-05       1.611100E-05
   47    33    80     0       2.764600E-04       9.910200E-05
   48    33    81     0       8.158000E-04       2.593700E-04
   49    33    82     0       5.240100E-04       1.310500E-04
   49    33    82     1       1.581300E-03       3.954500E-04
   50    33    83     0       4.578000E-03       1.030900E-03
   51    33    84     0       1.741600E-03       5.690000E-04
   51    33    84     1       1.741600E-03       5.690000E-04
   52    33    85     0       2.361900E-03       8.346100E-04
   53    33    86     0       8.301400E-04       3.007400E-04
   54    33    87     0       3.836600E-04       1.336000E-04
   55    33    88     0       4.672100E-05       1.643600E-05
   56    33    89     0       4.678200E-06       1.712500E-06
   57    33    90     0       1.529500E-09       5.833100E-10
   42    34    76     0       0.000000E+00       0.000000E+00
   43    34    77     0       0.000000E+00       0.000000E+00
   44    34    78     0       4.987800E-10       1.796400E-10
   45    34    79     0       3.008800E-08       1.126400E-08
   45    34    79     1       4.599600E-09       1.721900E-09
   46    34    80     0       2.633000E-05       1.006800E-05
   47    34    81     0       1.868500E-05       6.822500E-06
   47    34    81     1       1.222300E-04       4.462900E-05
   48    34    82     0       1.077200E-03       3.288200E-04
   49    34    83     0       3.838300E-03       8.435500E-04
   49    34    83     1       8.875100E-04       1.950500E-04
   50    34    84     0       1.265500E-02       1.289000E-03
   51    34    85     0       1.675100E-02       1.484600E-03
   52    34    86     0       2.070400E-02       2.571700E-03
   53    34    87     0       1.562900E-02       3.602300E-03
   54    34    88     0       8.670400E-03       2.679600E-03
   55    34    89     0       2.545000E-03       9.068800E-04
   56    34    90     0       5.545900E-04       2.104500E-04
   57    34    91     0       6.120500E-05       2.235600E-05
   58    34    92     0       7.544900E-06       2.643700E-06
   44    35    79     0       0.000000E+00       0.000000E+00
   45    35    80     0       2.821500E-11       1.085700E-11
   45    35    80     1       8.514500E-11       3.276400E-11
   46    35    81     0       1.599000E-08       5.984100E-09
   47    35    82     0       4.636600E-07       1.640900E-07
   47    35    82     1       1.979500E-07       7.005800E-08
   48    35    83     0       5.651800E-05       1.994600E-05
   49    35    84     0       2.416000E-04       8.983500E-05
   49    35    84     1       2.416000E-04       8.983500E-05
   50    35    85     0       2.737100E-03       9.553000E-04
   51    35    86     0       7.377800E-03       2.251000E-03
   52    35    87     0       1.734900E-02       3.698100E-03
   53    35    88     0       2.111300E-02       4.940200E-03
   54    35    89     0       1.883400E-02       5.391800E-03
   55    35    90     0       8.407400E-03       2.953200E-03
   56    35    91     0       3.734600E-03       1.312200E-03
   57    35    92     0       6.100700E-04       2.123400E-04
   58    35    93     0       1.826600E-04       6.404200E-05
   59    35    94     0       8.500900E-06       3.116000E-06
   60    35    95     0       4.353900E-09       1.612100E-09
   44    36    80     0       0.000000E+00       0.000000E+00
   46    36    82     0       0.000000E+00       0.000000E+00
   47    36    83     0       3.531000E-06       1.250500E-06
   47    36    83     1       8.164600E-07       2.891400E-07
   48    36    84     0       1.185800E-05       4.487400E-06
   49    36    85     0       1.314100E-04       4.965300E-05
   49    36    85     1       3.038600E-05       1.148100E-05
   50    36    86     0       1.962900E-03       6.929800E-04
   51    36    87     0       6.864100E-03       2.085300E-03
   52    36    88     0       2.477800E-02       5.122800E-03
   53    36    89     0       4.116400E-02       5.855100E-03
   54    36    90     0       5.268700E-02       4.450200E-03
   55    36    91     0       4.256800E-02       5.730900E-03
   56    36    92     0       2.932000E-02       6.097600E-03
   57    36    93     0       1.193700E-02       3.637600E-03
   58    36    94     0       3.818700E-03       1.347300E-03
   59    36    95     0       6.540800E-04       2.405900E-04
   60    36    96     0       1.165200E-04       4.309000E-05
   61    36    97     0       4.928300E-06       1.732800E-06
   48    37    85     0       7.397600E-10       2.807900E-10
   49    37    86     0       2.092700E-08       7.719500E-09
   49    37    86     1       3.764200E-08       1.388600E-08
   50    37    87     0       5.480900E-05       1.920000E-05
   51    37    88     0       3.287800E-04       1.152300E-04
   52    37    89     0       2.476400E-03       8.831000E-04
   53    37    90     0       6.309400E-04       2.266900E-04
   53    37    90     1       5.603700E-03       2.013300E-03
   54    37    91     0       1.719700E-02       5.070500E-03
   55    37    92     0       2.451200E-02       5.815800E-03
   56    37    93     0       3.276900E-02       6.519600E-03
   57    37    94     0       1.914600E-02       5.575100E-03
   58    37    95     0       1.164100E-02       3.770900E-03
   59    37    96     0       1.586100E-03       5.659000E-04
   59    37    96     1       1.586100E-03       5.659000E-04
   60    37    97     0       1.050600E-03       3.643100E-04
   61    37    98     0       5.718000E-05       1.992700E-05
   61    37    98     1       5.718000E-05       1.992700E-05
   62    37    99     0       1.745200E-05       6.269500E-06
   63    37   100     0       1.306200E-06       4.903000E-07
   48    38    86     0       0.000000E+00       0.000000E+00
   50    38    88     0       1.211300E-05       4.263200E-06
   51    38    89     0       9.512100E-05       3.478800E-05
   52    38    90     0       6.813900E-04       2.582700E-04
   53    38    91     0       2.800400E-03       9.940000E-04
   54    38    92     0       1.183500E-02       3.564200E-03
   55    38    93     0       2.485200E-02       6.079000E-03
   56    38    94     0       4.465100E-02       6.110800E-03
   57    38    95     0       4.504000E-02       5.065100E-03
   58    38    96     0       3.997900E-02       4.571700E-03
   59    38    97     0       2.297700E-02       5.111100E-03
   60    38    98     0       1.068500E-02       3.112200E-03
   61    38    99     0       2.639400E-03       9.107500E-04
   62    38   100     0       6.504800E-04       2.418300E-04
   63    38   101     0       6.083200E-05       2.201800E-05
   64    38   102     0       7.750600E-06       2.736000E-06
   50    39    89     0       0.000000E+00       0.000000E+00
   50    39    89     1       0.000000E+00       0.000000E+00
   51    39    90     0       6.323000E-10       2.411400E-10
   51    39    90     1       8.972100E-10       3.421700E-10
   52    39    91     0       8.674900E-07       3.170400E-07
   52    39    91     1       3.751700E-06       1.371200E-06
   53    39    92     0       6.036000E-05       2.113700E-05
   54    39    93     0       8.267900E-05       2.885500E-05
   54    39    93     1       5.408400E-04       1.887600E-04
   55    39    94     0       1.787100E-03       6.437300E-04
   56    39    95     0       7.280200E-03       2.490100E-03
   57    39    96     0       4.285500E-03       1.354600E-03
   57    39    96     1       7.708500E-03       2.436600E-03
   58    39    97     0       4.487700E-03       9.678700E-04
   58    39    97     1       1.529600E-02       3.298900E-03
   58    39    97     2       4.110100E-03       8.864400E-04
   59    39    98     0       3.964000E-03       8.896500E-04
   59    39    98     1       1.667100E-02       3.741600E-03
   60    39    99     0       1.741000E-02       4.363700E-03
   61    39   100     0       3.633700E-03       1.210200E-03
   61    39   100     1       3.633700E-03       1.210200E-03
   62    39   101     0       2.993100E-03       1.012500E-03
   63    39   102     0       2.690100E-04       9.347500E-05
   63    39   102     1       2.690100E-04       9.347500E-05
   64    39   103     0       1.048800E-04       3.676300E-05
   65    39   104     0       6.705300E-06       2.385700E-06
   66    39   105     0       8.495900E-10       3.076100E-10
   50    40    90     0       0.000000E+00       0.000000E+00
   51    40    91     0       0.000000E+00       0.000000E+00
   52    40    92     0       1.077900E-06       3.777000E-07
   53    40    93     0       1.465800E-05       5.148100E-06
   54    40    94     0       8.500900E-05       3.113700E-05
   55    40    95     0       5.243600E-04       1.931300E-04
   56    40    96     0       2.742900E-03       9.837000E-04
   57    40    97     0       7.766000E-03       2.438300E-03
   58    40    98     0       2.016800E-02       4.598600E-03
   59    40    99     0       2.548500E-02       4.564300E-03
   60    40   100     0       3.168200E-02       3.200000E-03
   61    40   101     0       1.971800E-02       2.785100E-03
   62    40   102     0       1.209000E-02       2.306000E-03
   63    40   103     0       3.599300E-03       1.041400E-03
   64    40   104     0       9.990900E-04       3.291600E-04
   65    40   105     0       1.345100E-04       4.780800E-05
   66    40   106     0       1.760000E-05       6.550400E-06
   67    40   107     0       1.556300E-09       5.628100E-10
   68    40   108     0       3.214800E-11       1.138900E-11
   54    41    95     0       7.267900E-07       2.691100E-07
   54    41    95     1       1.680500E-07       6.222400E-08
   55    41    96     0       4.788400E-06       1.773100E-06
   56    41    97     0       6.137600E-05       2.156100E-05
   56    41    97     1       1.419200E-05       4.985300E-06
   57    41    98     0       8.930000E-05       3.101000E-05
   57    41    98     1       2.694800E-04       9.358000E-05
   58    41    99     0       1.344900E-03       4.713400E-04
   58    41    99     1       3.109800E-04       1.089800E-04
   59    41   100     0       7.060600E-04       2.503600E-04
   59    41   100     1       2.969400E-03       1.052900E-03
   60    41   101     0       8.013400E-03       2.351000E-03
   61    41   102     0       4.370100E-03       1.078000E-03
   61    41   102     1       4.370100E-03       1.078000E-03
   62    41   103     0       8.136000E-03       1.475600E-03
   63    41   104     0       1.916500E-03       4.576400E-04
   63    41   104     1       1.916500E-03       4.576400E-04
   64    41   105     0       1.676100E-03       4.489900E-04
   65    41   106     0       3.696100E-04       1.246700E-04
   66    41   107     0       1.014000E-04       3.441600E-05
   67    41   108     0       2.632900E-05       9.106500E-06
   68    41   109     0       1.513000E-05       5.358500E-06
   69    41   110     0       6.001900E-11       2.229600E-11
   53    42    95     0       0.000000E+00       0.000000E+00
   54    42    96     0       0.000000E+00       0.000000E+00
   55    42    97     0       8.213800E-07       2.888100E-07
   56    42    98     0       8.969700E-06       3.130500E-06
   57    42    99     0       6.213200E-05       2.230600E-05
   58    42   100     0       3.559400E-04       1.329100E-04
   59    42   101     0       1.069300E-03       3.785000E-04
   60    42   102     0       3.243400E-03       1.030700E-03
   61    42   103     0       4.149300E-03       1.155600E-03
   62    42   104     0       4.904200E-03       9.502600E-04
   63    42   105     0       2.961700E-03       4.798100E-04
   64    42   106     0       1.824300E-03       1.954900E-04
   65    42   107     0       6.926600E-04       1.080200E-04
   66    42   108     0       3.861500E-04       7.670300E-05
   67    42   109     0       6.808400E-05       2.186900E-05
   68    42   110     0       2.260900E-05       8.086800E-06
   69    42   111     0       2.131300E-08       8.108500E-09
   70    42   112     0       4.381800E-10       1.714700E-10
   71    42   113     0       4.439100E-12       2.523000E-12
   56    43    99     0       0.000000E+00       0.000000E+00
   56    43    99     1       0.000000E+00       0.000000E+00
   58    43   101     0       6.271200E-06       2.272500E-06
   59    43   102     0       1.388600E-05       4.899200E-06
   59    43   102     1       1.388600E-05       4.899200E-06
   60    43   103     0       7.695300E-05       2.700800E-05
   61    43   104     0       1.542200E-04       5.428600E-05
   62    43   105     0       3.003200E-04       1.042300E-04
   63    43   106     0       3.159300E-04       1.083100E-04
   64    43   107     0       3.413300E-04       9.552300E-05
   65    43   108     0       3.027700E-04       7.293900E-05
   66    43   109     0       1.891200E-04       4.325100E-05
   67    43   110     0       1.469600E-04       3.958700E-05
   68    43   111     0       3.687700E-05       1.268600E-05
   69    43   112     0       8.734700E-07       3.406000E-07
   70    43   113     0       1.039500E-07       5.907200E-08
   71    43   114     0       2.689300E-09       1.913300E-09
   72    43   115     0       7.231800E-11       2.637100E-11
   55    44    99     0       0.000000E+00       0.000000E+00
   57    44   101     0       0.000000E+00       0.000000E+00
   58    44   102     0       6.458800E-07       2.280500E-07
   59    44   103     0       1.817700E-07       6.401600E-08
   59    44   103     1       4.388200E-07       1.545400E-07
   60    44   104     0       3.657500E-06       1.301600E-06
   61    44   105     0       1.198600E-05       4.332700E-06
   62    44   106     0       3.256100E-05       1.207200E-05
   63    44   107     0       3.427600E-05       1.214300E-05
   64    44   108     0       9.214900E-05       2.985500E-05
   65    44   109     0       1.513000E-04       3.951100E-05
   66    44   110     0       2.147800E-04       4.420600E-05
   67    44   111     0       1.770100E-04       2.374000E-05
   68    44   112     0       1.143200E-04       1.245900E-05
   69    44   113     0       4.835000E-05       2.262400E-05
   69    44   113     1       4.835000E-05       2.262400E-05
   70    44   114     0       3.952700E-05       2.704600E-05
   71    44   115     0       1.844300E-05       6.284200E-06
   72    44   116     0       1.454100E-05       8.405000E-06
   73    44   117     0       4.603900E-10       1.711000E-10
   74    44   118     0       6.247000E-12       2.299700E-12
   75    44   119     0       1.620100E-07       5.694200E-08
   76    44   120     0       1.367100E-08       5.054800E-09
   58    45   103     0       0.000000E+00       0.000000E+00
   58    45   103     1       0.000000E+00       0.000000E+00
   60    45   105     0       0.000000E+00       0.000000E+00
   60    45   105     1       0.000000E+00       0.000000E+00
   61    45   106     0       2.733800E-10       1.022000E-10
   61    45   106     1       6.403400E-10       2.393800E-10
   62    45   107     0       1.428200E-06       5.160400E-07
   63    45   108     0       1.057900E-07       3.745900E-08
   63    45   108     1       3.192300E-07       1.130400E-07
   64    45   109     0       4.598300E-06       1.657100E-06
   65    45   110     0       1.929100E-05       6.933500E-06
   65    45   110     1       5.149600E-07       1.850800E-07
   66    45   111     0       3.687700E-05       1.268600E-05
   67    45   112     0       1.333700E-05       4.623400E-06
   67    45   112     1       1.333700E-05       4.623400E-06
   68    45   113     0       4.395500E-05       2.308000E-05
   69    45   114     0       4.799500E-05       3.088000E-05
   69    45   114     1       4.799500E-05       3.088000E-05
   70    45   115     0       5.532900E-05       1.587800E-05
   71    45   116     0       8.700700E-06       4.915600E-06
   71    45   116     1       2.037900E-05       1.151300E-05
   72    45   117     0       2.827100E-05       9.144500E-06
   73    45   118     0       8.775800E-08       3.229500E-08
   74    45   119     0       3.023400E-05       9.056200E-06
   75    45   120     0       6.109600E-06       2.207200E-06
   76    45   121     0       1.202200E-06       4.440800E-07
   77    45   122     0       4.584100E-08       1.740400E-08
   59    46   105     0       0.000000E+00       0.000000E+00
   60    46   106     0       0.000000E+00       0.000000E+00
   61    46   107     0       0.000000E+00       0.000000E+00
   62    46   108     0       3.214800E-11       1.138900E-11
   63    46   109     0       4.105800E-10       1.490500E-10
   63    46   109     1       7.716200E-10       2.801200E-10
   64    46   110     0       6.390700E-08       2.373800E-08
   65    46   111     0       1.932600E-07       7.343000E-08
   65    46   111     1       3.632100E-07       1.380000E-07
   66    46   112     0       3.810700E-06       1.468100E-06
   67    46   113     0       7.724400E-06       4.192900E-06
   67    46   113     1       1.864800E-05       1.012200E-05
   68    46   114     0       5.081800E-05       3.436700E-05
   69    46   115     0       3.843200E-05       6.846000E-06
   69    46   115     1       7.222800E-05       1.286600E-05
   70    46   116     0       1.211700E-04       5.740000E-05
   71    46   117     0       3.436500E-05       4.969200E-06
   71    46   117     1       6.458400E-05       9.338800E-06
   72    46   118     0       9.616200E-05       1.529400E-05
   73    46   119     0       2.682900E-05       8.206100E-06
   74    46   120     0       1.141100E-05       4.036600E-06
   75    46   121     0       6.874000E-06       2.487800E-06
   76    46   122     0       2.608300E-05       9.050600E-06
   77    46   123     0       3.578300E-06       2.122700E-06
   78    46   124     0       6.491600E-07       2.273200E-07
   62    47   109     0       0.000000E+00       0.000000E+00
   62    47   109     1       0.000000E+00       0.000000E+00
   64    47   111     0       1.111200E-11       4.227800E-12
   64    47   111     1       7.269000E-11       2.765600E-11
   65    47   112     0       1.934900E-09       7.571600E-10
   66    47   113     0       1.295400E-08       7.361400E-09
   66    47   113     1       8.474000E-08       4.815500E-08
   67    47   114     0       2.057600E-07       1.462400E-07
   67    47   114     1       8.653400E-07       6.150100E-07
   68    47   115     0       1.630300E-06       5.688100E-07
   68    47   115     1       1.066500E-05       3.720900E-06
   69    47   116     0       2.900400E-06       1.689000E-06
   69    47   116     1       6.793300E-06       3.956000E-06
   70    47   117     0       2.811500E-06       9.451100E-07
   70    47   117     1       1.839100E-05       6.182400E-06
   71    47   118     0       5.833300E-06       1.851300E-06
   71    47   118     1       2.453300E-05       7.785700E-06
   72    47   119     0       9.486900E-06       1.973300E-06
   72    47   119     1       6.205800E-05       1.290900E-05
   73    47   120     0       2.122800E-05       6.173700E-06
   73    47   120     1       3.012200E-05       8.760300E-06
   74    47   121     0       6.874000E-05       1.836400E-05
   75    47   122     0       1.502200E-05       5.163700E-06
   75    47   122     1       1.353200E-05       4.651400E-06
   76    47   123     0       1.862800E-05       1.084400E-05
   77    47   124     0       2.494100E-05       7.761000E-06
   77    47   124     1       2.246700E-05       6.991000E-06
   78    47   125     0       6.806600E-05       2.374800E-05
   79    47   126     0       4.641500E-05       2.218600E-05
   80    47   127     0       2.364200E-06       9.888400E-07
   81    47   128     0       1.134600E-07       4.621900E-08
   82    47   129     0       4.635000E-09       1.817500E-09
   63    48   111     0       0.000000E+00       0.000000E+00
   64    48   112     0       0.000000E+00       0.000000E+00
   65    48   113     0       1.039200E-12       5.906300E-13
   65    48   113     1       3.399900E-12       1.932400E-12
   66    48   114     0       5.193300E-10       3.694800E-10
   67    48   115     0       3.649900E-09       1.330900E-09
   67    48   115     1       1.194100E-08       4.354200E-09
   68    48   116     0       4.435700E-07       2.619100E-07
   69    48   117     0       8.272600E-07       3.027600E-07
   69    48   117     1       2.706500E-06       9.905400E-07
   70    48   118     0       3.036600E-05       9.637000E-06
   71    48   119     0       9.167800E-06       2.727700E-06
   71    48   119     1       2.213200E-05       6.585000E-06
   72    48   120     0       1.084100E-04       1.770000E-05
   73    48   121     0       3.221600E-05       5.729100E-06
   73    48   121     1       7.777400E-05       1.383100E-05
   74    48   122     0       1.427700E-04       1.694700E-05
   75    48   123     0       4.183200E-05       2.013400E-05
   75    48   123     1       1.009900E-04       4.860700E-05
   76    48   124     0       1.472600E-04       3.008000E-05
   77    48   125     0       9.079000E-05       2.641900E-05
   77    48   125     1       2.191800E-04       6.377800E-05
   78    48   126     0       5.105700E-04       2.251800E-04
   79    48   127     0       7.117600E-04       2.731400E-04
   80    48   128     0       4.531400E-04       1.800600E-04
   81    48   129     0       5.027600E-05       1.960000E-05
   81    48   129     1       1.213700E-04       4.731700E-05
   82    48   130     0       2.540800E-05       9.962600E-06
   83    48   131     0       7.844400E-08       2.821100E-08
   84    48   132     0       1.922000E-09       6.707400E-10
   64    49   113     0       0.000000E+00       0.000000E+00
   66    49   115     0       0.000000E+00       0.000000E+00
   66    49   115     1       0.000000E+00       0.000000E+00
   67    49   116     0       6.781800E-12       4.007000E-12
   67    49   116     1       1.039500E-11       6.141800E-12
   67    49   116     2       1.006800E-11       5.948600E-12
   68    49   117     0       1.699300E-09       6.315100E-10
   68    49   117     1       3.929100E-10       1.460200E-10
   69    49   118     0       1.123100E-08       4.133500E-09
   69    49   118     1       1.721400E-08       6.335600E-09
   69    49   118     2       1.667200E-08       6.136300E-09
   70    49   119     0       0.000000E+00       0.000000E+00
   70    49   119     1       0.000000E+00       0.000000E+00
   71    49   120     0       2.418000E-11       8.940800E-12
   71    49   120     1       2.418000E-11       8.940800E-12
   71    49   120     2       2.418000E-11       8.940800E-12
   72    49   121     0       5.042800E-09       1.870600E-09
   72    49   121     1       1.166000E-09       4.325200E-10
   73    49   122     0       4.241500E-08       1.609900E-08
   73    49   122     1       3.009300E-08       1.142200E-08
   73    49   122     2       3.009300E-08       1.142200E-08
   74    49   123     0       3.530300E-05       1.989100E-05
   74    49   123     1       8.162900E-06       4.599200E-06
   75    49   124     0       4.304000E-05       1.200800E-05
   75    49   124     1       3.877000E-05       1.081700E-05
   76    49   125     0       3.237000E-04       8.631300E-05
   76    49   125     1       7.484800E-05       1.995700E-05
   77    49   126     0       5.128000E-04       2.054700E-04
   77    49   126     1       4.619300E-04       1.850800E-04
   78    49   127     0       1.549300E-03       4.914700E-04
   78    49   127     1       3.582300E-04       1.136400E-04
   79    49   128     0       9.166500E-04       3.206900E-04
   79    49   128     1       3.731300E-04       1.305400E-04
   79    49   128     2       1.161800E-03       4.064600E-04
   80    49   129     0       2.355200E-03       8.282000E-04
   80    49   129     1       5.445800E-04       1.915000E-04
   81    49   130     0       3.162000E-04       1.203400E-04
   81    49   130     1       3.531700E-04       1.344100E-04
   81    49   130     2       6.009000E-04       2.287000E-04
   82    49   131     0       2.048900E-04       7.280300E-05
   82    49   131     1       2.048900E-04       7.280300E-05
   82    49   131     2       2.048900E-04       7.280300E-05
   83    49   132     0       6.605200E-05       2.302700E-05
   84    49   133     0       6.719500E-06       2.432100E-06
   84    49   133     1       1.553700E-06       5.623700E-07
   85    49   134     0       1.683600E-08       6.618000E-09
   65    50   115     0       0.000000E+00       0.000000E+00
   66    50   116     0       0.000000E+00       0.000000E+00
   67    50   117     0       0.000000E+00       0.000000E+00
   67    50   117     1       0.000000E+00       0.000000E+00
   68    50   118     0       6.247000E-12       2.299700E-12
   69    50   119     0       0.000000E+00       0.000000E+00
   69    50   119     1       0.000000E+00       0.000000E+00
   70    50   120     0       0.000000E+00       0.000000E+00
   71    50   121     0       0.000000E+00       0.000000E+00
   71    50   121     1       0.000000E+00       0.000000E+00
   72    50   122     0       1.364200E-11       5.180100E-12
   73    50   123     0       4.890400E-10       2.913700E-10
   73    50   123     1       2.025700E-10       1.206900E-10
   74    50   124     0       4.908500E-05       1.520000E-05
   75    50   125     0       2.818100E-04       7.514400E-05
   75    50   125     1       1.167300E-04       3.112700E-05
   76    50   126     0       8.818900E-04       3.607500E-04
   77    50   127     0       1.288400E-03       4.154300E-04
   77    50   127     1       5.336900E-04       1.720800E-04
   78    50   128     0       2.092800E-03       4.272900E-04
   78    50   128     1       4.901900E-03       1.000800E-03
   79    50   129     0       3.645100E-03       5.711500E-04
   79    50   129     1       8.799900E-03       1.378800E-03
   80    50   130     0       5.820000E-03       7.055100E-04
   80    50   130     1       1.363200E-02       1.652500E-03
   81    50   131     0       5.215100E-03       1.046900E-03
   81    50   131     1       1.259000E-02       2.527500E-03
   82    50   132     0       1.427700E-02       3.737900E-03
   83    50   133     0       2.341400E-03       8.246300E-04
   84    50   134     0       3.603700E-04       1.411900E-04
   85    50   135     0       3.791400E-05       1.399400E-05
   86    50   136     0       7.903300E-06       2.895900E-06
   87    50   137     0       1.670100E-09       5.963800E-10
   70    51   121     0       0.000000E+00       0.000000E+00
   72    51   123     0       0.000000E+00       0.000000E+00
   74    51   125     0       4.809500E-10       1.748400E-10
   75    51   126     0       1.715000E-05       8.197700E-06
   75    51   126     1       1.268100E-05       6.061200E-06
   75    51   126     2       1.658400E-05       7.927100E-06
   76    51   127     0       1.708200E-04       7.009400E-05
   77    51   128     0       8.586400E-05       3.454000E-05
   77    51   128     1       1.465200E-04       5.893800E-05
   78    51   129     0       1.095900E-03       4.033000E-04
   78    51   129     1       6.696900E-04       2.464500E-04
   79    51   130     0       1.900000E-03       6.764000E-04
   79    51   130     1       1.900000E-03       6.764000E-04
   80    51   131     0       1.532700E-02       3.518300E-03
   81    51   132     0       1.195000E-02       2.517500E-03
   81    51   132     1       8.807600E-03       1.855500E-03
   82    51   133     0       2.981800E-02       6.114600E-03
   83    51   134     0       2.329200E-03       8.470300E-04
   83    51   134     1       5.455600E-03       1.984000E-03
   84    51   135     0       2.982700E-03       1.060600E-03
   85    51   136     0       7.004300E-04       2.549700E-04
   86    51   137     0       9.410400E-05       3.356800E-05
   87    51   138     0       7.699100E-06       2.873500E-06
   88    51   139     0       1.809000E-06       6.643400E-07
   73    52   125     0       0.000000E+00       0.000000E+00
   73    52   125     1       0.000000E+00       0.000000E+00
   74    52   126     0       0.000000E+00       0.000000E+00
   75    52   127     0       3.590400E-11       1.502100E-11
   75    52   127     1       8.667600E-11       3.626400E-11
   76    52   128     0       3.711400E-08       1.511900E-08
   77    52   129     0       1.616000E-05       6.324900E-06
   77    52   129     1       3.901300E-05       1.526900E-05
   78    52   130     0       5.985000E-04       2.315300E-04
   79    52   131     0       6.567400E-04       2.257200E-04
   79    52   131     1       1.585500E-03       5.449300E-04
   80    52   132     0       1.311400E-02       3.540300E-03
   81    52   133     0       7.998200E-03       1.780300E-03
   81    52   133     1       1.930900E-02       4.297800E-03
   82    52   134     0       5.232200E-02       3.616100E-03
   83    52   135     0       3.445400E-02       5.079000E-03
   84    52   136     0       3.483300E-02       7.499700E-03
   85    52   137     0       8.922800E-03       2.849100E-03
   86    52   138     0       3.352500E-03       1.204700E-03
   87    52   139     0       3.617900E-04       1.323100E-04
   88    52   140     0       1.071700E-04       4.123500E-05
   89    52   141     0       3.164200E-06       1.128600E-06
   90    52   142     0       5.367900E-09       1.868100E-09
   74    53   127     0       0.000000E+00       0.000000E+00
   76    53   129     0       0.000000E+00       0.000000E+00
   77    53   130     0       3.538100E-09       1.388100E-09
   77    53   130     1       1.510500E-09       5.926500E-10
   78    53   131     0       6.251600E-06       2.248000E-06
   79    53   132     0       3.338800E-05       1.164100E-05
   79    53   132     1       2.460700E-05       8.579800E-06
   80    53   133     0       5.169600E-04       1.853500E-04
   80    53   133     1       3.159100E-04       1.132600E-04
   81    53   134     0       1.340300E-03       5.154000E-04
   81    53   134     1       9.878500E-04       3.798600E-04
   82    53   135     0       1.593800E-02       4.601000E-03
   83    53   136     0       7.936900E-03       2.059300E-03
   83    53   136     1       1.859000E-02       4.823500E-03
   84    53   137     0       3.412600E-02       5.887400E-03
   85    53   138     0       1.365600E-02       4.271600E-03
   86    53   139     0       1.360500E-02       4.122400E-03
   87    53   140     0       3.436300E-03       1.279800E-03
   88    53   141     0       1.434400E-03       5.033000E-04
   89    53   142     0       2.011400E-04       6.984300E-05
   90    53   143     0       2.751400E-05       9.866600E-06
   91    53   144     0       1.481900E-06       5.645600E-07
   76    54   130     0       0.000000E+00       0.000000E+00
   77    54   131     0       0.000000E+00       0.000000E+00
   77    54   131     1       0.000000E+00       0.000000E+00
   78    54   132     0       9.008400E-10       3.143800E-10
   78    54   132     1       1.021200E-09       3.563600E-10
   79    54   133     0       3.231000E-06       1.169400E-06
   79    54   133     1       7.800000E-06       2.823100E-06
   80    54   134     0       2.870200E-05       1.127300E-05
   80    54   134     1       6.722700E-05       2.640300E-05
   81    54   135     0       2.003800E-04       7.337700E-05
   81    54   135     1       4.837400E-04       1.771400E-04
   82    54   136     0       9.232500E-03       3.075600E-03
   83    54   137     0       1.945400E-02       5.212400E-03
   84    54   138     0       4.095900E-02       5.002800E-03
   85    54   139     0       3.732300E-02       4.828200E-03
   86    54   140     0       5.057200E-02       4.091000E-03
   87    54   141     0       2.891300E-02       6.088000E-03
   88    54   142     0       2.099300E-02       5.354500E-03
   89    54   143     0       4.059700E-03       1.385000E-03
   90    54   144     0       8.743600E-04       3.292300E-04
   91    54   145     0       9.718600E-05       3.585700E-05
   92    54   146     0       1.279300E-05       4.721900E-06
   93    54   147     0       1.454700E-09       5.173500E-10
   78    55   133     0       0.000000E+00       0.000000E+00
   80    55   135     0       1.023200E-06       3.778300E-07
   80    55   135     1       6.252400E-07       2.308900E-07
   81    55   136     0       6.228900E-06       2.282300E-06
   81    55   136     1       3.650400E-06       1.337600E-06
   82    55   137     0       2.437800E-04       8.681200E-05
   83    55   138     0       5.202200E-04       1.915000E-04
   83    55   138     1       7.381800E-04       2.717300E-04
   84    55   139     0       5.291900E-03       1.818800E-03
   85    55   140     0       8.574900E-03       3.023100E-03
   86    55   141     0       2.767000E-02       6.055900E-03
   87    55   142     0       2.689200E-02       5.971300E-03
   88    55   143     0       2.697200E-02       5.851300E-03
   89    55   144     0       4.196300E-03       1.410200E-03
   89    55   144     1       4.196300E-03       1.410200E-03
   90    55   145     0       3.991700E-03       1.357700E-03
   91    55   146     0       6.565000E-04       2.382400E-04
   92    55   147     0       1.181700E-04       4.183300E-05
   93    55   148     0       1.268200E-05       4.476700E-06
   94    55   149     0       5.438100E-07       1.985500E-07
   80    56   136     0       0.000000E+00       0.000000E+00
   81    56   137     0       2.625100E-07       9.373700E-08
   81    56   137     1       6.337300E-07       2.262900E-07
   82    56   138     0       3.165300E-05       1.181100E-05
   83    56   139     0       2.803800E-04       1.026300E-04
   84    56   140     0       1.507400E-03       5.722300E-04
   85    56   141     0       4.745000E-03       1.599400E-03
   86    56   142     0       1.924100E-02       5.081100E-03
   87    56   143     0       2.770100E-02       5.866900E-03
   88    56   144     0       3.560200E-02       3.285500E-03
   89    56   145     0       2.346500E-02       2.723000E-03
   90    56   146     0       1.713100E-02       2.134900E-03
   91    56   147     0       5.214400E-03       1.428400E-03
   92    56   148     0       1.974100E-03       6.167600E-04
   93    56   149     0       2.371000E-04       8.476900E-05
   94    56   150     0       2.573300E-05       9.893000E-06
   95    56   151     0       2.627100E-08       9.587000E-09
   96    56   152     0       3.186500E-10       1.124300E-10
   82    57   139     0       0.000000E+00       0.000000E+00
   83    57   140     0       7.160600E-09       2.757900E-09
   84    57   141     0       2.425900E-05       8.650300E-06
   85    57   142     0       8.399300E-05       2.920400E-05
   86    57   143     0       7.225400E-04       2.569700E-04
   87    57   144     0       1.925000E-03       7.144700E-04
   88    57   145     0       6.260900E-03       2.016800E-03
   89    57   146     0       2.171400E-03       6.638300E-04
   89    57   146     1       3.905800E-03       1.194100E-03
   90    57   147     0       9.597600E-03       1.711300E-03
   91    57   148     0       4.815800E-03       1.164800E-03
   92    57   149     0       2.698200E-03       7.175700E-04
   93    57   150     0       5.566000E-04       1.995200E-04
   94    57   151     0       1.958200E-04       6.862200E-05
   95    57   152     0       2.459400E-05       8.599900E-06
   96    57   153     0       1.106700E-06       4.253100E-07
   97    57   154     0       4.697200E-10       1.736200E-10
   82    58   140     0       0.000000E+00       0.000000E+00
   83    58   141     0       0.000000E+00       0.000000E+00
   84    58   142     0       0.000000E+00       0.000000E+00
   85    58   143     0       5.095200E-06       1.827600E-06
   86    58   144     0       1.096600E-04       4.171800E-05
   87    58   145     0       4.781100E-04       1.751000E-04
   88    58   146     0       1.647700E-03       5.818400E-04
   89    58   147     0       3.287900E-03       1.008300E-03
   90    58   148     0       6.200900E-03       1.231400E-03
   91    58   149     0       4.550200E-03       7.581500E-04
   92    58   150     0       3.931500E-03       2.979700E-04
   93    58   151     0       2.046300E-03       3.218700E-04
   94    58   152     0       9.385200E-04       1.878300E-04
   95    58   153     0       2.025300E-04       7.020300E-05
   96    58   154     0       2.048700E-05       7.350700E-06
   97    58   155     0       1.778100E-06       1.074400E-06
   98    58   156     0       1.808300E-09       7.203100E-10
   99    58   157     0       1.143200E-11       4.383000E-12
   82    59   141     0       0.000000E+00       0.000000E+00
   84    59   143     0       0.000000E+00       0.000000E+00
   85    59   144     0       0.000000E+00       0.000000E+00
   85    59   144     1       0.000000E+00       0.000000E+00
   86    59   145     0       3.438200E-09       1.270900E-09
   87    59   146     0       4.040000E-06       1.491400E-06
   88    59   147     0       2.670700E-05       9.488200E-06
   89    59   148     0       1.438600E-05       5.060500E-06
   89    59   148     1       6.050000E-05       2.128300E-05
   90    59   149     0       2.642900E-04       9.425500E-05
   91    59   150     0       3.931400E-04       1.441500E-04
   92    59   151     0       1.008500E-03       2.847700E-04
   93    59   152     0       6.886200E-04       1.722000E-04
   94    59   153     0       6.452200E-04       1.575900E-04
   95    59   154     0       1.409500E-04       4.046000E-05
   96    59   155     0       4.801100E-05       2.747500E-05
   97    59   156     0       4.553600E-06       1.772700E-06
   98    59   157     0       1.466500E-07       5.615800E-08
   99    59   158     0       2.742200E-09       2.201600E-09
  100    59   159     0       1.319300E-11       5.163600E-12
   83    60   143     0       0.000000E+00       0.000000E+00
   84    60   144     0       0.000000E+00       0.000000E+00
   85    60   145     0       0.000000E+00       0.000000E+00
   86    60   146     0       0.000000E+00       0.000000E+00
   87    60   147     0       0.000000E+00       0.000000E+00
   88    60   148     0       6.039200E-07       2.133200E-07
   89    60   149     0       8.701100E-06       3.174600E-06
   90    60   150     0       4.193500E-05       1.609000E-05
   91    60   151     0       1.461100E-04       5.174900E-05
   92    60   152     0       3.474800E-04       1.061000E-04
   93    60   153     0       4.604000E-04       1.341600E-04
   94    60   154     0       2.982900E-04       4.411900E-05
   95    60   155     0       1.458100E-04       7.260900E-05
   96    60   156     0       8.651800E-05       1.318800E-05
   97    60   157     0       2.951900E-05       7.978100E-06
   98    60   158     0       3.147200E-06       2.501500E-06
   99    60   159     0       4.059900E-08       1.585100E-08
  100    60   160     0       3.157700E-09       3.407700E-09
  101    60   161     0       1.728900E-11       6.720100E-12
   86    61   147     0       0.000000E+00       0.000000E+00
   88    61   149     0       0.000000E+00       0.000000E+00
   89    61   150     0       2.208000E-10       8.515400E-11
   90    61   151     0       1.850300E-08       6.752400E-09
   91    61   152     0       3.048100E-07       1.074800E-07
   91    61   152     1       6.086600E-07       2.146200E-07
   91    61   152     2       6.732400E-07       2.373900E-07
   92    61   153     0       7.747000E-06       2.968000E-06
   93    61   154     0       4.097300E-06       1.496800E-06
   93    61   154     1       4.097300E-06       1.496800E-06
   94    61   155     0       2.222700E-05       1.312000E-05
   95    61   156     0       2.049100E-05       7.290700E-06
   96    61   157     0       3.795300E-05       8.647700E-06
   97    61   158     0       2.832400E-05       2.060400E-05
   98    61   159     0       6.266300E-06       1.208000E-06
   99    61   160     0       9.852800E-07       1.048400E-06
  100    61   161     0       3.257700E-08       1.245800E-08
  101    61   162     0       1.813300E-09       1.947200E-09
  102    61   163     0       9.425200E-11       1.017900E-10
   85    62   147     0       0.000000E+00       0.000000E+00
   87    62   149     0       0.000000E+00       0.000000E+00
   88    62   150     0       0.000000E+00       0.000000E+00
   89    62   151     0       0.000000E+00       0.000000E+00
   90    62   152     0       0.000000E+00       0.000000E+00
   91    62   153     0       1.742800E-10       6.701300E-11
   91    62   153     1       4.207500E-10       1.617800E-10
   92    62   154     0       1.760600E-08       6.507200E-09
   93    62   155     0       3.556200E-06       2.144500E-06
   94    62   156     0       3.415100E-06       1.337300E-06
   95    62   157     0       4.217000E-06       1.557600E-06
   96    62   158     0       1.258900E-05       9.696500E-06
   97    62   159     0       3.221000E-06       9.851400E-07
   98    62   160     0       3.941200E-06       4.009400E-06
   99    62   161     0       6.042500E-07       1.495400E-07
  100    62   162     0       3.613500E-07       3.769900E-07
  101    62   163     0       4.434400E-08       4.768700E-08
  102    62   164     0       6.943300E-09       7.484600E-09
  103    62   165     0       2.835600E-10       3.053900E-10
   88    63   151     0       0.000000E+00       0.000000E+00
   90    63   153     0       0.000000E+00       0.000000E+00
   92    63   155     0       7.398300E-12       4.479100E-12
   93    63   156     0       3.052100E-10       1.215800E-10
   94    63   157     0       1.127700E-08       4.323300E-09
   95    63   158     0       9.121300E-08       7.321200E-08
   96    63   159     0       1.943900E-07       7.518200E-08
   97    63   160     0       5.328800E-07       5.707400E-07
   98    63   161     0       5.643200E-07       1.462700E-07
   99    63   162     0       5.455700E-07       5.604400E-07
  100    63   163     0       5.894300E-07       5.997000E-07
  101    63   164     0       1.837700E-07       1.938100E-07
  102    63   165     0       8.489200E-08       9.021200E-08
  103    63   166     0       7.253200E-09       7.818700E-09
  104    63   167     0       8.527400E-10       9.203200E-10
   91    64   155     0       0.000000E+00       0.000000E+00
   92    64   156     0       0.000000E+00       0.000000E+00
   93    64   157     0       0.000000E+00       0.000000E+00
   94    64   158     0       2.105100E-11       1.690200E-11
   95    64   159     0       1.175700E-10       4.601600E-11
   96    64   160     0       3.968000E-09       4.282100E-09
   97    64   161     0       9.439700E-09       3.652200E-09
   98    64   162     0       9.158500E-08       9.765400E-08
   99    64   163     0       1.730200E-07       1.837500E-07
  100    64   164     0       4.393100E-07       4.481100E-07
  101    64   165     0       3.363700E-07       3.427500E-07
  102    64   166     0       2.680900E-07       2.731800E-07
  103    64   167     0       6.658400E-08       7.056500E-08
  104    64   168     0       2.216900E-08       2.361100E-08
  105    64   169     0       1.416800E-09       1.522500E-09
   94    65   159     0       0.000000E+00       0.000000E+00
   96    65   161     0       3.507700E-12       1.363500E-12
   97    65   162     0       8.612900E-11       9.250000E-11
   98    65   163     0       1.935800E-09       2.090200E-09
   99    65   164     0       1.048900E-08       1.130100E-08
  100    65   165     0       7.575200E-08       8.061800E-08
  101    65   166     0       1.007500E-07       1.065100E-07
  102    65   167     0       2.033500E-07       2.070400E-07
  103    65   168     0       1.172700E-07       1.203100E-07
  104    65   169     0       7.437700E-08       7.685000E-08
  105    65   170     0       1.077200E-08       1.159100E-08
  106    65   171     0       2.487300E-09       2.666900E-09
   95    66   161     0       0.000000E+00       0.000000E+00
   96    66   162     0       0.000000E+00       0.000000E+00
   97    66   163     0       0.000000E+00       0.000000E+00
   98    66   164     0       1.240800E-11       1.338600E-11
   99    66   165     0       1.909500E-10       2.056500E-10
   99    66   165     1       2.919100E-11       3.143800E-11
  100    66   166     0       3.340000E-09       3.603300E-09
  101    66   167     0       1.357300E-08       1.459800E-08
  102    66   168     0       6.959100E-08       7.277200E-08
  103    66   169     0       7.156100E-08       7.405600E-08
  104    66   170     0       8.602200E-08       8.723700E-08
  105    66   171     0       3.640500E-08       3.745400E-08
  106    66   172     0       1.397000E-08       1.450900E-08
   98    67   165     0       0.000000E+00       0.000000E+00
   99    67   166     0       0.000000E+00       0.000000E+00
  100    67   167     0       2.501700E-11       2.700500E-11
  101    67   168     0       1.260400E-10       1.353500E-10
  101    67   168     1       1.788500E-10       1.920500E-10
  102    67   169     0       3.401900E-09       3.651800E-09
  103    67   170     0       5.424200E-09       5.849800E-09
  103    67   170     1       2.315800E-09       2.497500E-09
  104    67   171     0       2.772400E-08       2.883600E-08
  105    67   172     0       1.714100E-08       1.766200E-08
  106    67   173     0       3.150000E-12       3.201700E-12
   98    68   166     0       0.000000E+00       0.000000E+00
   99    68   167     0       0.000000E+00       0.000000E+00
   99    68   167     1       0.000000E+00       0.000000E+00
  100    68   168     0       0.000000E+00       0.000000E+00
  101    68   169     0       1.559200E-12       1.676600E-12
  102    68   170     0       4.419900E-11       4.793700E-11
  103    68   171     0       3.613400E-10       3.883900E-10
  104    68   172     0       2.289300E-09       2.445900E-09
  105    68   173     0       0.000000E+00       0.000000E+00
  100    69   169     0       0.000000E+00       0.000000E+00
  102    69   171     0       0.000000E+00       0.000000E+00
  103    69   172     0       1.640800E-12       1.762400E-12
  104    69   173     0       0.000000E+00       0.000000E+00
  101    70   171     0       0.000000E+00       0.000000E+00
  102    70   172     0       0.000000E+00       0.000000E+00
  103    70   173     0       0.000000E+00       0.000000E+00
