   66   4.4618E-06
   67   1.0528E-05
   68   1.4714E-05
   69   2.0603E-05
   70   3.4351E-05
   71   5.2981E-05
   72   1.0425E-04
   73   1.4799E-04
   74   2.2568E-04
   75   3.4343E-04
   76   5.5060E-04
   77   8.3869E-04
   78   1.3532E-03
   79   2.0609E-03
   80   2.5883E-03
   81   4.7371E-03
   82   8.2882E-03
   83   1.1737E-02
   84   1.4143E-02
   85   2.3955E-02
   86   2.2183E-02
   87   3.1520E-02
   88   3.7562E-02
   89   4.3421E-02
   90   4.7544E-02
   91   5.0085E-02
   92   5.1620E-02
   93   4.9853E-02
   94   5.2260E-02
   95   5.0461E-02
   96   5.2969E-02
   97   5.0447E-02
   98   4.8446E-02
   99   4.2683E-02
  100   3.5108E-02
  101   3.1673E-02
  102   2.9699E-02
  103   2.2981E-02
  104   2.0742E-02
  105   2.1419E-02
  106   1.5307E-02
  107   1.2334E-02
  108   1.4203E-02
  109   1.2568E-02
  110   1.4236E-02
  111   1.3183E-02
  112   1.4713E-02
  113   1.3042E-02
  114   1.3246E-02
  115   1.3283E-02
  116   1.1803E-02
  117   1.1930E-02
  118   1.1901E-02
  119   1.1703E-02
  120   1.1505E-02
  121   1.3387E-02
  122   1.2202E-02
  123   1.2995E-02
  124   1.4302E-02
  125   1.6106E-02
  126   2.1349E-02
  127   2.1982E-02
  128   2.5092E-02
  129   3.1924E-02
  130   3.4783E-02
  131   3.7084E-02
  132   5.2616E-02
  133   5.0106E-02
  134   5.5403E-02
  135   5.4594E-02
  136   6.4414E-02
  137   5.0771E-02
  138   5.2710E-02
  139   5.2856E-02
  140   3.9309E-02
  141   3.6809E-02
  142   4.3231E-02
  143   3.2878E-02
  144   2.6957E-02
  145   2.3415E-02
  146   1.9142E-02
  147   1.2824E-02
  148   1.0476E-02
  149   6.2281E-03
  150   4.8327E-03
  151   3.3605E-03
  152   2.3721E-03
  153   1.8194E-03
  154   8.9193E-04
  155   6.4246E-04
  156   4.7119E-04
  157   3.2617E-04
  158   1.9769E-04
  159   1.1638E-04
  160   7.0201E-05
  161   4.5511E-05
  162   2.7681E-05
  163   1.6804E-05
  164   9.8977E-06
  165   5.8317E-06
  166   2.5772E-06
  167   2.0733E-06
  168   1.1864E-06
  169   7.9078E-07
  170   3.8973E-07
  171   2.0752E-07
  172   1.6804E-07
