    2   1.0004E-04
    3   0.0000E+00
    4   1.7169E-03
    5   2.3956E-05
    6   1.6794E-06
    7   1.2376E-07
    8   8.0792E-07
    9   4.6907E-07
   10   4.5072E-07
   65   1.1696E-06
   66   3.3167E-06
   67   1.0688E-05
   68   1.2992E-05
   69   1.5194E-05
   70   3.4143E-05
   71   2.4135E-05
   72   1.0483E-04
   73   1.4399E-04
   74   2.2646E-04
   75   3.4519E-04
   76   4.9704E-04
   77   8.3191E-04
   78   1.3606E-03
   79   2.0418E-03
   80   2.6173E-03
   81   4.5929E-03
   82   8.1983E-03
   83   1.1818E-02
   84   1.5203E-02
   85   2.3202E-02
   86   2.2613E-02
   87   3.2095E-02
   88   3.7801E-02
   89   4.3277E-02
   90   4.7369E-02
   91   5.0234E-02
   92   5.2172E-02
   93   5.0678E-02
   94   5.1918E-02
   95   5.0598E-02
   96   5.3129E-02
   97   3.3404E-02
   98   4.8310E-02
   99   4.2776E-02
  100   3.5089E-02
  101   3.1839E-02
  102   2.9850E-02
  103   1.3493E-02
  104   1.8281E-02
  105   2.1518E-02
  106   1.4806E-02
  107   1.2078E-02
  108   1.4295E-02
  109   1.2624E-02
  110   6.4144E-03
  111   1.3249E-02
  112   1.4088E-02
  113   1.2163E-02
  114   1.2388E-02
  115   1.2203E-02
  116   9.7939E-03
  117   1.1022E-02
  118   1.1962E-02
  119   7.8637E-03
  120   1.0835E-02
  121   1.3459E-02
  122   1.2237E-02
  123   8.3936E-03
  124   1.4212E-02
  125   1.6039E-02
  126   1.8295E-02
  127   2.2097E-02
  128   2.5221E-02
  129   2.7133E-02
  130   3.4405E-02
  131   3.7285E-02
  132   2.2594E-02
  133   4.8139E-02
  134   5.5481E-02
  135   5.3419E-02
  136   5.8525E-02
  137   5.0375E-02
  138   5.0076E-02
  139   2.3096E-02
  140   6.6629E-02
  141   3.7011E-02
  142   4.2981E-02
  143   4.9278E-02
  144   2.7105E-02
  145   2.0754E-02
  146   1.9247E-02
  147   1.6241E-02
  148   6.3081E-03
  149   6.2388E-03
  150   4.7698E-03
  151   3.3469E-03
  152   1.8415E-03
  153   1.8205E-03
  154   8.9442E-04
  155   4.7266E-04
  156   4.7377E-04
  157   3.5403E-04
  158   1.9832E-04
  159   1.1701E-04
  160   6.9564E-05
  161   2.6083E-05
  162   2.7833E-05
  163   1.6896E-05
  164   9.9402E-06
  165   5.8395E-06
  166   2.5914E-06
  167   2.0620E-06
  168   1.1101E-06
  169   7.9511E-07
  170   3.8664E-07
  171   2.0865E-07
  172   1.6895E-07
