# header:
#   title: "U234+n induced fission product yield"
#   source: "ENDF"
#   creator: "Shin Okumura"
#   date: 2023-07-14
#   format: "YANDF-0.1"
# endf:
#   library: "jendl5.0"
#   author: "K.Tsubakihara"
#   year: 2020
# target:
#   Z: 92
#   A: 234
#   nuclide: "U234"
# reaction:
#   type: "(n,f)"
#   Incident energy [MeV]:  5.000000e+05
# datablock:
#   quantity: "independent fission product yield"
#   columns: 4
#   entries: 1299
##   A      Z  ISO           Yield         dYield
##                           %/fission     %/fission
      1      1 0.0000000e+00 2.3086400e-05 7.9609370e-06
      1      2 0.0000000e+00 7.0553900e-06 2.3791870e-06
      1      3 0.0000000e+00 1.0065800e-04 3.1799080e-05
      2      3 0.0000000e+00 0.0000000e+00 0.0000000e+00
      2      4 0.0000000e+00 1.8906100e-03 5.7768770e-04
      2      6 0.0000000e+00 2.6401600e-05 1.3200800e-05
      2      8 0.0000000e+00 4.9355700e-07 2.4677850e-07
      3      6 0.0000000e+00 1.6794200e-06 8.3971000e-07
      3      7 0.0000000e+00 5.2101000e-08 2.6050500e-08
      3      8 0.0000000e+00 3.1395500e-08 1.5697750e-08
      3      9 0.0000000e+00 3.7080300e-08 1.8540150e-08
      4      7 0.0000000e+00 6.3329600e-07 3.1664800e-07
      4      8 0.0000000e+00 3.8161700e-07 1.9080850e-07
      4      9 0.0000000e+00 4.5071700e-07 2.2535850e-07
      4     10 0.0000000e+00 4.5071700e-07 2.2535850e-07
     23     66 0.0000000e+00 4.1223000e-17 2.0611500e-17
     24     66 0.0000000e+00 8.9190700e-13 4.4595300e-13
     24     67 0.0000000e+00 2.1851200e-14 1.0925600e-14
     24     68 0.0000000e+00 0.0000000e+00 0.0000000e+00
     24     69 0.0000000e+00 1.0252000e-16 5.1260000e-17
     24     70 0.0000000e+00 0.0000000e+00 0.0000000e+00
     25     66 0.0000000e+00 2.4699200e-10 2.6180100e-10
     25     67 0.0000000e+00 4.8425200e-11 5.1669200e-11
     25     68 0.0000000e+00 1.7308500e-11 8.6542500e-12
     25     69 0.0000000e+00 2.1391100e-12 1.0695500e-12
     25     70 0.0000000e+00 1.0600300e-13 5.3001500e-14
     25     71 0.0000000e+00 0.0000000e+00 0.0000000e+00
     25     72 0.0000000e+00 6.1030900e-17 3.0515500e-17
     25     73 0.0000000e+00 0.0000000e+00 0.0000000e+00
     26     66 0.0000000e+00 1.3198840e-08 1.1804710e-08
     26     67 0.0000000e+00 5.5805620e-09 5.9063080e-09
     26     68 0.0000000e+00 6.1064370e-09 6.5027810e-09
     26     69 0.0000000e+00 1.9943460e-09 2.1178600e-09
     26     70 0.0000000e+00 6.1717200e-10 6.5830200e-10
     26     71 0.0000000e+00 1.5268400e-10 7.6342200e-11
     26     72 0.0000000e+00 4.0544400e-12 2.0272200e-12
     26     73 0.0000000e+00 2.5691500e-14 1.2845800e-14
     26     74 0.0000000e+00 6.1367600e-15 3.0683800e-15
     26     75 0.0000000e+00 7.7960900e-16 3.8980500e-16
     26     76 0.0000000e+00 0.0000000e+00 0.0000000e+00
     27     66 0.0000000e+00 1.8627190e-08 1.3730570e-08
     27     67 0.0000000e+00 4.9335510e-08 3.5009670e-08
     27     68 0.0000000e+00 4.5249830e-08 4.5894370e-08
     27     68 1.0000000e+00 4.4849780e-08 4.5450510e-08
     27     69 0.0000000e+00 1.0478620e-07 1.0562100e-07
     27     70 0.0000000e+00 3.3267710e-08 3.5409920e-08
     27     70 1.0000000e+00 4.5721280e-08 4.8654350e-08
     27     71 0.0000000e+00 7.2211770e-08 7.7012440e-08
     27     72 0.0000000e+00 5.2922190e-09 5.6107000e-09
     27     73 0.0000000e+00 3.0609900e-10 3.2647900e-10
     27     74 0.0000000e+00 1.2049900e-10 6.0249300e-11
     27     75 0.0000000e+00 5.0486800e-11 2.5243400e-11
     27     76 0.0000000e+00 1.3025700e-12 6.5128500e-13
     27     77 0.0000000e+00 4.9062800e-15 2.4531400e-15
     27     78 0.0000000e+00 0.0000000e+00 0.0000000e+00
     28     66 0.0000000e+00 7.0879120e-09 7.1599070e-09
     28     67 0.0000000e+00 3.6581780e-08 3.1929710e-08
     28     68 0.0000000e+00 1.5863790e-07 8.9901570e-08
     28     69 0.0000000e+00 3.0238290e-07 2.0312300e-07
     28     69 1.0000000e+00 9.5836560e-08 9.3991880e-08
     28     70 0.0000000e+00 1.3258530e-06 7.5237200e-07
     28     71 0.0000000e+00 1.9077090e-06 1.7126540e-06
     28     72 0.0000000e+00 8.2950550e-07 8.5281240e-07
     28     73 0.0000000e+00 1.6649220e-07 1.7739880e-07
     28     74 0.0000000e+00 2.0734860e-07 2.2213830e-07
     28     75 0.0000000e+00 1.2924180e-07 1.3764610e-07
     28     76 0.0000000e+00 1.9221800e-08 1.4407100e-08
     28     77 0.0000000e+00 3.1516200e-10 2.2070100e-10
     28     78 0.0000000e+00 1.1436000e-11 5.7179900e-12
     28     79 0.0000000e+00 2.6943400e-13 1.3471700e-13
     28     80 0.0000000e+00 0.0000000e+00 0.0000000e+00
     28     81 0.0000000e+00 0.0000000e+00 0.0000000e+00
     28     82 0.0000000e+00 0.0000000e+00 0.0000000e+00
     29     66 0.0000000e+00 3.8165300e-11 1.9082700e-11
     29     67 0.0000000e+00 1.3506200e-09 1.4402390e-09
     29     68 0.0000000e+00 3.4941430e-09 3.7197990e-09
     29     68 1.0000000e+00 9.5436910e-09 1.0148240e-08
     29     69 0.0000000e+00 1.1181350e-07 1.1198150e-07
     29     70 0.0000000e+00 2.5705670e-08 2.6833010e-08
     29     70 1.0000000e+00 5.9400670e-07 5.7262730e-07
     29     70 2.0000000e+00 0.0000000e+00 0.0000000e+00
     29     71 0.0000000e+00 2.8484650e-06 1.9271120e-06
     29     72 0.0000000e+00 3.1794990e-06 2.1528430e-06
     29     73 0.0000000e+00 3.6770390e-06 3.1108660e-06
     29     74 0.0000000e+00 6.4635580e-06 6.7115600e-06
     29     75 0.0000000e+00 1.1962570e-05 1.2572310e-05
     29     76 0.0000000e+00 3.3095120e-06 2.4784880e-06
     29     76 1.0000000e+00 1.1562230e-06 8.6601900e-07
     29     77 0.0000000e+00 6.0981950e-07 4.2700480e-07
     29     78 0.0000000e+00 5.3720180e-08 3.2332500e-08
     29     79 0.0000000e+00 7.2068610e-09 3.6343430e-09
     29     80 0.0000000e+00 5.6218200e-10 2.8109100e-10
     29     81 0.0000000e+00 1.5098200e-11 7.5491200e-12
     29     82 0.0000000e+00 3.8974500e-14 1.9487200e-14
     29     83 0.0000000e+00 0.0000000e+00 0.0000000e+00
     29     84 0.0000000e+00 0.0000000e+00 0.0000000e+00
     30     66 0.0000000e+00 3.8234000e-14 1.9117000e-14
     30     67 0.0000000e+00 3.1515400e-12 1.5757700e-12
     30     68 0.0000000e+00 1.0105300e-10 5.0526600e-11
     30     69 0.0000000e+00 3.6666100e-10 3.8936800e-10
     30     69 1.0000000e+00 1.8158420e-09 1.9282380e-09
     30     70 0.0000000e+00 4.4748760e-08 4.7646830e-08
     30     71 0.0000000e+00 1.5825790e-07 1.6791260e-07
     30     71 1.0000000e+00 1.7094540e-07 1.8134600e-07
     30     72 0.0000000e+00 2.2684590e-06 1.9652380e-06
     30     73 0.0000000e+00 4.6577860e-06 3.4049340e-06
     30     73 1.0000000e+00 1.4555960e-06 1.4776800e-06
     30     74 0.0000000e+00 2.9531590e-05 1.1488810e-05
     30     75 0.0000000e+00 7.0777490e-05 3.8601550e-05
     30     76 0.0000000e+00 1.2085860e-04 6.4343540e-05
     30     77 0.0000000e+00 3.6881940e-05 2.5407780e-05
     30     77 1.0000000e+00 2.0691220e-05 1.4297780e-05
     30     78 0.0000000e+00 2.3924810e-05 1.4076300e-05
     30     79 0.0000000e+00 6.4321310e-06 3.2407770e-06
     30     80 0.0000000e+00 2.2235490e-06 1.0429610e-06
     30     81 0.0000000e+00 1.5543440e-07 6.4495190e-08
     30     82 0.0000000e+00 3.2042250e-09 1.2448570e-09
     30     83 0.0000000e+00 2.8547000e-11 1.4273500e-11
     30     84 0.0000000e+00 2.9510500e-12 1.4755200e-12
     30     85 0.0000000e+00 1.7935500e-13 8.9677600e-14
     30     86 0.0000000e+00 0.0000000e+00 0.0000000e+00
     31     67 0.0000000e+00 0.0000000e+00 0.0000000e+00
     31     68 0.0000000e+00 2.7356500e-14 1.3678200e-14
     31     69 0.0000000e+00 2.3540200e-12 1.1770100e-12
     31     70 0.0000000e+00 8.1388100e-11 4.0694000e-11
     31     71 0.0000000e+00 2.2612310e-09 2.4128950e-09
     31     72 0.0000000e+00 5.0521920e-08 5.3543470e-08
     31     72 1.0000000e+00 6.5417830e-09 6.9332510e-09
     31     73 0.0000000e+00 7.7682580e-07 8.2082910e-07
     31     74 0.0000000e+00 3.6007410e-06 3.8060510e-06
     31     74 1.0000000e+00 1.5066200e-06 1.6020100e-06
     31     75 0.0000000e+00 3.3660490e-05 3.1877900e-05
     31     76 0.0000000e+00 1.1719540e-04 6.4487150e-05
     31     77 0.0000000e+00 3.4081360e-04 1.2720580e-04
     31     78 0.0000000e+00 2.8801510e-04 1.5126660e-04
     31     79 0.0000000e+00 2.9430000e-04 1.3676880e-04
     31     80 0.0000000e+00 1.6053860e-04 7.4213590e-05
     31     81 0.0000000e+00 7.1453180e-05 2.9494080e-05
     31     82 0.0000000e+00 5.4160300e-06 2.1025900e-06
     31     83 0.0000000e+00 3.2373650e-07 1.2352970e-07
     31     84 0.0000000e+00 5.1906530e-08 2.0318460e-08
     31     85 0.0000000e+00 9.2912410e-09 4.6456200e-09
     31     86 0.0000000e+00 2.5745700e-10 1.2872800e-10
     31     87 0.0000000e+00 2.7645500e-13 1.3822800e-13
     31     88 0.0000000e+00 0.0000000e+00 0.0000000e+00
     31     89 0.0000000e+00 0.0000000e+00 0.0000000e+00
     32     69 0.0000000e+00 0.0000000e+00 0.0000000e+00
     32     70 0.0000000e+00 1.4879500e-14 7.4397300e-15
     32     71 0.0000000e+00 1.2510200e-13 6.2551000e-14
     32     71 1.0000000e+00 6.1955400e-13 3.0977700e-13
     32     72 0.0000000e+00 1.8073000e-10 1.9159600e-10
     32     73 0.0000000e+00 4.9591400e-09 5.2895260e-09
     32     73 1.0000000e+00 1.0013640e-09 1.0680630e-09
     32     74 0.0000000e+00 1.1998500e-07 1.2855100e-07
     32     75 0.0000000e+00 4.8032810e-07 5.1129030e-07
     32     75 1.0000000e+00 6.2800190e-07 6.6850040e-07
     32     76 0.0000000e+00 1.8350150e-05 1.3462130e-05
     32     77 0.0000000e+00 1.1927180e-04 7.2544720e-05
     32     77 1.0000000e+00 4.3982270e-05 2.7722510e-05
     32     78 0.0000000e+00 5.3746380e-04 2.0612300e-04
     32     79 0.0000000e+00 6.7704980e-04 2.0565160e-04
     32     79 1.0000000e+00 2.3090090e-04 7.6116320e-05
     32     80 0.0000000e+00 1.4526030e-03 3.8413850e-04
     32     81 0.0000000e+00 9.8083890e-04 2.7952070e-04
     32     81 1.0000000e+00 3.9180840e-04 1.1383580e-04
     32     82 0.0000000e+00 8.9061960e-04 2.8940440e-04
     32     83 0.0000000e+00 1.6463650e-04 6.1049560e-05
     32     84 0.0000000e+00 7.7287860e-05 3.0124810e-05
     32     85 0.0000000e+00 2.0177490e-05 7.4317720e-06
     32     86 0.0000000e+00 2.3871120e-06 8.2848800e-07
     32     87 0.0000000e+00 1.3712560e-08 4.8157990e-09
     32     88 0.0000000e+00 3.6108200e-10 1.8054100e-10
     32     89 0.0000000e+00 1.1253100e-11 5.6265600e-12
     32     90 0.0000000e+00 4.8712200e-13 2.4356100e-13
     32     91 0.0000000e+00 0.0000000e+00 0.0000000e+00
     33     72 0.0000000e+00 0.0000000e+00 0.0000000e+00
     33     73 0.0000000e+00 2.1610100e-12 1.0805000e-12
     33     74 0.0000000e+00 6.6426600e-11 3.3213300e-11
     33     75 0.0000000e+00 1.9129030e-09 2.0372700e-09
     33     76 0.0000000e+00 8.1053020e-08 6.0749100e-08
     33     77 0.0000000e+00 5.4800620e-06 3.8343670e-06
     33     78 0.0000000e+00 3.8149890e-05 2.2818390e-05
     33     79 0.0000000e+00 2.3289240e-04 1.1290230e-04
     33     80 0.0000000e+00 5.2461550e-04 2.1573100e-04
     33     81 0.0000000e+00 1.9420300e-03 5.6779830e-04
     33     82 0.0000000e+00 2.1096690e-03 5.7110080e-04
     33     82 1.0000000e+00 1.3039800e-03 3.6080500e-04
     33     83 0.0000000e+00 4.4447290e-03 1.1402400e-03
     33     84 0.0000000e+00 2.8854240e-03 9.8902580e-04
     33     85 0.0000000e+00 2.0548750e-03 7.2327710e-04
     33     86 0.0000000e+00 5.5384450e-04 1.9164210e-04
     33     87 0.0000000e+00 2.8948760e-05 1.0169750e-05
     33     88 0.0000000e+00 1.9288030e-06 7.2240820e-07
     33     89 0.0000000e+00 2.4080070e-07 9.1054080e-08
     33     90 0.0000000e+00 1.8300650e-08 6.4882770e-09
     33     91 0.0000000e+00 7.2665100e-10 3.6332500e-10
     33     92 0.0000000e+00 7.6266100e-13 3.8133100e-13
     33     93 0.0000000e+00 0.0000000e+00 0.0000000e+00
     33     94 0.0000000e+00 0.0000000e+00 0.0000000e+00
     33     95 0.0000000e+00 0.0000000e+00 0.0000000e+00
     34     74 0.0000000e+00 0.0000000e+00 0.0000000e+00
     34     75 0.0000000e+00 1.4448900e-13 7.2244400e-14
     34     76 0.0000000e+00 3.4430200e-11 1.7215100e-11
     34     77 0.0000000e+00 1.1189420e-09 7.8355300e-10
     34     77 1.0000000e+00 8.3636240e-09 5.8566610e-09
     34     78 0.0000000e+00 3.2332670e-07 1.9459360e-07
     34     79 0.0000000e+00 3.0311700e-06 1.5258290e-06
     34     79 1.0000000e+00 8.8431150e-07 4.4515380e-07
     34     80 0.0000000e+00 2.8481240e-05 1.3182750e-05
     34     81 0.0000000e+00 8.2029590e-05 3.1638110e-05
     34     81 1.0000000e+00 1.4377310e-04 5.5421850e-05
     34     82 0.0000000e+00 2.1774780e-03 6.3895260e-04
     34     83 0.0000000e+00 4.9973160e-03 9.8843110e-04
     34     83 1.0000000e+00 1.6427530e-03 3.4215750e-04
     34     84 0.0000000e+00 1.4373240e-02 1.8834560e-03
     34     85 0.0000000e+00 1.2925320e-02 1.5520690e-03
     34     86 0.0000000e+00 1.5078890e-02 2.9342230e-03
     34     87 0.0000000e+00 2.9242000e-03 9.0640850e-04
     34     88 0.0000000e+00 9.3853530e-04 3.5331940e-04
     34     89 0.0000000e+00 2.2336200e-04 8.5000940e-05
     34     90 0.0000000e+00 5.6829400e-05 2.0187590e-05
     34     91 0.0000000e+00 4.8786180e-06 1.6741380e-06
     34     92 0.0000000e+00 4.6272130e-08 1.6365030e-08
     34     93 0.0000000e+00 4.5594800e-10 2.2797400e-10
     34     94 0.0000000e+00 1.8861900e-11 9.4309400e-12
     34     95 0.0000000e+00 7.5828500e-13 3.7914200e-13
     34     96 0.0000000e+00 0.0000000e+00 0.0000000e+00
     35     77 0.0000000e+00 1.4966400e-13 7.4831900e-14
     35     77 1.0000000e+00 5.6643100e-13 2.8321600e-13
     35     78 0.0000000e+00 6.0503100e-11 3.0251500e-11
     35     79 0.0000000e+00 6.6208700e-10 3.3386500e-10
     35     79 1.0000000e+00 2.5057980e-09 1.2635850e-09
     35     80 0.0000000e+00 1.7857270e-08 8.3758460e-09
     35     80 1.0000000e+00 2.1452540e-08 1.0062300e-08
     35     81 0.0000000e+00 1.5838590e-06 6.5702650e-07
     35     82 0.0000000e+00 2.1627630e-05 8.3934290e-06
     35     82 1.0000000e+00 2.8899490e-05 1.1215640e-05
     35     83 0.0000000e+00 8.1530180e-04 3.0580180e-04
     35     84 0.0000000e+00 1.0083610e-03 3.7511680e-04
     35     84 1.0000000e+00 1.2437020e-03 4.6159430e-04
     35     85 0.0000000e+00 6.5490430e-03 1.5590600e-03
     35     86 0.0000000e+00 1.6294590e-02 3.3534050e-03
     35     87 0.0000000e+00 1.7892250e-02 2.4569000e-03
     35     88 0.0000000e+00 1.2601670e-02 2.9653820e-03
     35     89 0.0000000e+00 1.0677230e-02 3.4397540e-03
     35     90 0.0000000e+00 4.2933360e-03 1.5096110e-03
     35     91 0.0000000e+00 1.4994780e-03 5.1771400e-04
     35     92 0.0000000e+00 6.1412680e-05 2.1762760e-05
     35     93 0.0000000e+00 3.4674170e-06 1.3010160e-06
     35     94 0.0000000e+00 2.6709880e-07 1.0534440e-07
     35     95 0.0000000e+00 3.4988950e-08 1.2621020e-08
     35     96 0.0000000e+00 4.1201600e-10 2.0600800e-10
     35     97 0.0000000e+00 7.5998500e-13 3.7999200e-13
     35     98 0.0000000e+00 0.0000000e+00 0.0000000e+00
     35     99 0.0000000e+00 0.0000000e+00 0.0000000e+00
     35    100 0.0000000e+00 0.0000000e+00 0.0000000e+00
     36     79 0.0000000e+00 1.2732400e-14 6.3661900e-15
     36     79 1.0000000e+00 9.5169200e-14 4.7584600e-14
     36     80 0.0000000e+00 4.7386800e-12 2.3693400e-12
     36     81 0.0000000e+00 4.4074300e-10 2.2037100e-10
     36     81 1.0000000e+00 5.8965600e-11 2.9482800e-11
     36     82 0.0000000e+00 1.2132390e-07 4.7133120e-08
     36     83 0.0000000e+00 4.7853390e-06 1.8250730e-06
     36     83 1.0000000e+00 1.3712590e-06 5.2296780e-07
     36     84 0.0000000e+00 4.7533710e-05 1.8545760e-05
     36     85 0.0000000e+00 1.3639090e-04 4.8984300e-05
     36     85 1.0000000e+00 4.4158870e-05 1.5860630e-05
     36     86 0.0000000e+00 2.9978590e-03 8.7621840e-04
     36     87 0.0000000e+00 8.7518560e-03 1.8236660e-03
     36     88 0.0000000e+00 2.4271020e-02 2.7752130e-03
     36     89 0.0000000e+00 3.4291040e-02 3.4375510e-03
     36     90 0.0000000e+00 4.0382880e-02 4.1355000e-03
     36     91 0.0000000e+00 2.5857590e-02 4.7355090e-03
     36     92 0.0000000e+00 7.8155970e-03 2.5380170e-03
     36     93 0.0000000e+00 1.1886430e-03 4.5625220e-04
     36     94 0.0000000e+00 3.1954110e-04 1.2779580e-04
     36     95 0.0000000e+00 6.7899030e-05 2.4537770e-05
     36     96 0.0000000e+00 4.3628840e-06 1.5335060e-06
     36     97 0.0000000e+00 3.5127240e-08 1.2909650e-08
     36     98 0.0000000e+00 6.9041300e-10 3.4520600e-10
     36     99 0.0000000e+00 1.2530400e-11 6.2652200e-12
     36    100 0.0000000e+00 5.6746700e-13 2.8373400e-13
     36    101 0.0000000e+00 0.0000000e+00 0.0000000e+00
     36    102 0.0000000e+00 0.0000000e+00 0.0000000e+00
     37     81 0.0000000e+00 6.4392800e-15 3.2196400e-15
     37     81 1.0000000e+00 0.0000000e+00 0.0000000e+00
     37     82 0.0000000e+00 0.0000000e+00 0.0000000e+00
     37     82 1.0000000e+00 0.0000000e+00 0.0000000e+00
     37     83 0.0000000e+00 2.1141410e-09 1.0570700e-09
     37     84 0.0000000e+00 2.1400020e-09 8.3765900e-10
     37     84 1.0000000e+00 2.2037410e-08 8.6262170e-09
     37     85 0.0000000e+00 2.5975880e-07 9.5724000e-08
     37     86 0.0000000e+00 7.8895120e-06 2.7370220e-06
     37     86 1.0000000e+00 5.8898500e-06 2.0432200e-06
     37     87 0.0000000e+00 3.0206160e-04 1.0530420e-04
     37     88 0.0000000e+00 1.8318420e-03 6.6439580e-04
     37     89 0.0000000e+00 8.5685200e-03 2.7361450e-03
     37     90 0.0000000e+00 5.0921320e-03 1.3716040e-03
     37     90 1.0000000e+00 9.8171950e-03 2.5731960e-03
     37     91 0.0000000e+00 3.3655500e-02 4.9782050e-03
     37     92 0.0000000e+00 3.2397740e-02 4.8789670e-03
     37     93 0.0000000e+00 2.3496120e-02 4.6051200e-03
     37     94 0.0000000e+00 1.0139130e-02 3.6910240e-03
     37     95 0.0000000e+00 6.3240590e-03 2.2405770e-03
     37     96 0.0000000e+00 1.0933930e-03 3.8761120e-04
     37     97 0.0000000e+00 6.8417630e-05 2.5236300e-05
     37     98 0.0000000e+00 2.3413330e-06 9.1268350e-07
     37     98 1.0000000e+00 1.2459270e-06 4.8567930e-07
     37     99 0.0000000e+00 2.6665170e-07 1.0168700e-07
     37    100 0.0000000e+00 1.9870620e-08 7.6074420e-09
     37    101 0.0000000e+00 6.4244900e-10 3.2122500e-10
     37    102 0.0000000e+00 1.0066900e-12 5.0334700e-13
     37    103 0.0000000e+00 1.7966900e-15 8.9834700e-16
     37    104 0.0000000e+00 0.0000000e+00 0.0000000e+00
     37    105 0.0000000e+00 0.0000000e+00 0.0000000e+00
     38     83 0.0000000e+00 0.0000000e+00 0.0000000e+00
     38     83 1.0000000e+00 0.0000000e+00 0.0000000e+00
     38     84 0.0000000e+00 1.0348900e-12 5.1744500e-13
     38     85 0.0000000e+00 1.3293000e-11 6.6465200e-12
     38     85 1.0000000e+00 2.6841800e-12 1.3420900e-12
     38     86 0.0000000e+00 6.3744210e-09 3.1872100e-09
     38     87 0.0000000e+00 3.1289100e-07 1.0986170e-07
     38     87 1.0000000e+00 8.9820840e-08 3.1537310e-08
     38     88 0.0000000e+00 1.5984510e-05 5.9750610e-06
     38     89 0.0000000e+00 1.3900670e-04 5.2166740e-05
     38     90 0.0000000e+00 7.4532810e-04 2.4731770e-04
     38     91 0.0000000e+00 3.2160220e-03 9.1568860e-04
     38     92 0.0000000e+00 2.0393140e-02 3.6993470e-03
     38     93 0.0000000e+00 3.3388200e-02 4.2520020e-03
     38     94 0.0000000e+00 4.5924550e-02 4.3199230e-03
     38     95 0.0000000e+00 3.7943170e-02 4.3234330e-03
     38     96 0.0000000e+00 2.8397430e-02 5.3415520e-03
     38     97 0.0000000e+00 6.3612450e-03 2.1449950e-03
     38     98 0.0000000e+00 1.5635120e-03 6.2325620e-04
     38     99 0.0000000e+00 2.4110710e-04 9.2493320e-05
     38    100 0.0000000e+00 5.4666710e-05 2.0960350e-05
     38    101 0.0000000e+00 3.9751160e-06 1.5158630e-06
     38    102 0.0000000e+00 4.9052450e-08 1.8947560e-08
     38    103 0.0000000e+00 3.1504600e-10 1.5752300e-10
     38    104 0.0000000e+00 0.0000000e+00 0.0000000e+00
     38    105 0.0000000e+00 0.0000000e+00 0.0000000e+00
     38    106 0.0000000e+00 0.0000000e+00 0.0000000e+00
     38    107 0.0000000e+00 0.0000000e+00 0.0000000e+00
     39     86 0.0000000e+00 0.0000000e+00 0.0000000e+00
     39     86 1.0000000e+00 0.0000000e+00 0.0000000e+00
     39     87 0.0000000e+00 2.2522000e-11 1.1261000e-11
     39     87 1.0000000e+00 0.0000000e+00 0.0000000e+00
     39     88 0.0000000e+00 4.8237800e-10 2.4118900e-10
     39     88 1.0000000e+00 4.8874600e-10 2.4437300e-10
     39     88 2.0000000e+00 1.3069410e-09 6.5347000e-10
     39     89 0.0000000e+00 3.7836200e-08 1.4306810e-08
     39     89 1.0000000e+00 6.6672130e-08 2.5210730e-08
     39     90 0.0000000e+00 5.5828200e-07 1.9791860e-07
     39     90 1.0000000e+00 3.9583410e-07 1.4033300e-07
     39     91 0.0000000e+00 5.6600510e-06 1.9391590e-06
     39     91 1.0000000e+00 1.1496300e-05 3.9387650e-06
     39     92 0.0000000e+00 4.3552310e-04 1.5287430e-04
     39     93 0.0000000e+00 1.2775530e-03 4.5681590e-04
     39     93 1.0000000e+00 2.1843690e-03 7.7897230e-04
     39     94 0.0000000e+00 7.6501020e-03 2.6066760e-03
     39     95 0.0000000e+00 1.8441130e-02 3.9536630e-03
     39     96 0.0000000e+00 1.7804310e-02 3.6052310e-03
     39     96 1.0000000e+00 1.0587640e-02 2.2307370e-03
     39     97 0.0000000e+00 9.2976470e-03 1.7474900e-03
     39     97 1.0000000e+00 2.7320240e-02 3.9641930e-03
     39     97 2.0000000e+00 0.0000000e+00 0.0000000e+00
     39     98 0.0000000e+00 7.9650370e-03 2.2820690e-03
     39     98 1.0000000e+00 1.1418390e-02 3.1855720e-03
     39     99 0.0000000e+00 1.0750540e-02 3.0747930e-03
     39    100 0.0000000e+00 3.2897360e-03 1.2282730e-03
     39    100 1.0000000e+00 3.2647120e-04 1.2353270e-04
     39    101 0.0000000e+00 1.0487970e-03 3.9793290e-04
     39    102 0.0000000e+00 3.5580970e-05 1.3733490e-05
     39    102 1.0000000e+00 1.5510020e-05 5.9865410e-06
     39    103 0.0000000e+00 2.1924290e-06 9.2501610e-07
     39    104 0.0000000e+00 1.0047600e-13 5.0365600e-14
     39    105 0.0000000e+00 2.6882900e-15 1.4677300e-15
     39    106 0.0000000e+00 2.6593600e-16 1.3296800e-16
     39    107 0.0000000e+00 3.9917700e-18 1.9958900e-18
     39    108 0.0000000e+00 0.0000000e+00 0.0000000e+00
     39    109 0.0000000e+00 7.7502900e-13 3.8751500e-13
     40     88 0.0000000e+00 2.6557500e-14 1.3278800e-14
     40     89 0.0000000e+00 2.4284200e-12 1.2142100e-12
     40     89 1.0000000e+00 0.0000000e+00 0.0000000e+00
     40     90 0.0000000e+00 1.7482400e-11 8.7412200e-12
     40     90 1.0000000e+00 8.4754000e-11 4.2377000e-11
     40     91 0.0000000e+00 4.0304900e-09 2.0152450e-09
     40     92 0.0000000e+00 8.9593600e-07 3.1683640e-07
     40     93 0.0000000e+00 2.0250220e-05 7.5795990e-06
     40     94 0.0000000e+00 1.5320700e-04 5.9623660e-05
     40     95 0.0000000e+00 5.6756960e-04 1.9428990e-04
     40     96 0.0000000e+00 4.3403540e-03 1.2068580e-03
     40     97 0.0000000e+00 1.6804940e-02 3.3972270e-03
     40     98 0.0000000e+00 3.4258290e-02 4.3088430e-03
     40     99 0.0000000e+00 3.1943060e-02 3.3060490e-03
     40    100 0.0000000e+00 2.8090650e-02 3.3677440e-03
     40    101 0.0000000e+00 1.5136200e-02 3.2593890e-03
     40    102 0.0000000e+00 4.7543990e-03 1.5237770e-03
     40    103 0.0000000e+00 6.5236920e-04 2.6620390e-04
     40    104 0.0000000e+00 1.1759770e-06 5.8473870e-07
     40    105 0.0000000e+00 1.0665200e-07 5.8163890e-08
     40    106 0.0000000e+00 1.4442190e-08 9.6515780e-09
     40    107 0.0000000e+00 6.7583400e-10 4.5496400e-10
     40    108 0.0000000e+00 1.5569000e-11 7.7845100e-12
     40    109 0.0000000e+00 1.3433560e-08 6.7167800e-09
     40    110 0.0000000e+00 1.7161800e-11 8.5808800e-12
     40    111 0.0000000e+00 7.1282900e-14 3.5641400e-14
     40    112 0.0000000e+00 5.5621200e-16 2.7810600e-16
     41     90 0.0000000e+00 0.0000000e+00 0.0000000e+00
     41     90 1.0000000e+00 0.0000000e+00 0.0000000e+00
     41     91 0.0000000e+00 3.8232000e-14 1.9116000e-14
     41     91 1.0000000e+00 0.0000000e+00 0.0000000e+00
     41     92 0.0000000e+00 3.9991300e-11 1.9995600e-11
     41     92 1.0000000e+00 0.0000000e+00 0.0000000e+00
     41     93 0.0000000e+00 4.4517570e-09 2.2258780e-09
     41     93 1.0000000e+00 8.9891400e-10 4.4945700e-10
     41     94 0.0000000e+00 4.8368660e-08 1.9076050e-08
     41     94 1.0000000e+00 2.8897570e-08 1.1396830e-08
     41     95 0.0000000e+00 8.3547770e-07 3.0128890e-07
     41     95 1.0000000e+00 6.4732300e-08 2.3342550e-08
     41     96 0.0000000e+00 1.8829110e-05 6.6055590e-06
     41     97 0.0000000e+00 4.6925230e-04 1.7030860e-04
     41     97 1.0000000e+00 6.4899440e-05 2.3560030e-05
     41     98 0.0000000e+00 1.5811780e-03 5.9056440e-04
     41     98 1.0000000e+00 8.5729330e-04 3.2067610e-04
     41     99 0.0000000e+00 6.6018230e-03 2.0462800e-03
     41     99 1.0000000e+00 1.1041050e-03 3.6205560e-04
     41    100 0.0000000e+00 6.0287040e-03 1.7170300e-03
     41    100 1.0000000e+00 3.1759860e-03 9.2492540e-04
     41    101 0.0000000e+00 1.6395370e-02 3.1336210e-03
     41    102 0.0000000e+00 1.3376450e-02 2.7909090e-03
     41    102 1.0000000e+00 1.4151250e-03 3.3392860e-04
     41    103 0.0000000e+00 1.0292080e-02 2.2693420e-03
     41    104 0.0000000e+00 1.2274780e-03 5.3722920e-04
     41    104 1.0000000e+00 8.7393630e-04 3.8417840e-04
     41    105 0.0000000e+00 1.0938930e-03 5.5271080e-04
     41    106 0.0000000e+00 1.6342600e-04 1.0773050e-04
     41    107 0.0000000e+00 4.1634440e-05 2.7865790e-05
     41    108 0.0000000e+00 4.1412550e-06 2.7779860e-06
     41    109 0.0000000e+00 9.9806150e-06 6.5073680e-06
     41    110 0.0000000e+00 8.9876100e-08 5.9781880e-08
     41    111 0.0000000e+00 1.9947610e-09 9.9738100e-10
     41    112 0.0000000e+00 4.2851300e-11 2.1425700e-11
     41    113 0.0000000e+00 4.8130200e-13 2.4065100e-13
     41    114 0.0000000e+00 3.4065400e-16 1.7032700e-16
     41    115 0.0000000e+00 0.0000000e+00 0.0000000e+00
     42     92 0.0000000e+00 0.0000000e+00 0.0000000e+00
     42     93 0.0000000e+00 3.2596000e-14 1.6298000e-14
     42     93 1.0000000e+00 2.4092800e-14 1.2046400e-14
     42     94 0.0000000e+00 3.1171000e-12 1.5585500e-12
     42     95 0.0000000e+00 6.1901100e-11 3.0950500e-11
     42     96 0.0000000e+00 7.2296370e-09 2.5401560e-09
     42     97 0.0000000e+00 8.6116430e-07 3.1640980e-07
     42     98 0.0000000e+00 1.8926390e-05 7.3573410e-06
     42     99 0.0000000e+00 1.1783600e-04 4.4403400e-05
     42    100 0.0000000e+00 3.9471550e-04 1.4249250e-04
     42    101 0.0000000e+00 1.3514270e-03 4.4305580e-04
     42    102 0.0000000e+00 6.9848050e-03 1.7580710e-03
     42    103 0.0000000e+00 1.2111280e-02 2.3290530e-03
     42    104 0.0000000e+00 1.0929110e-02 1.8402270e-03
     42    105 0.0000000e+00 1.0575490e-02 9.6400020e-04
     42    106 0.0000000e+00 3.7554820e-03 5.1939460e-04
     42    107 0.0000000e+00 1.9976380e-03 7.4883680e-04
     42    108 0.0000000e+00 1.1189010e-03 5.1817280e-04
     42    109 0.0000000e+00 3.4203940e-04 2.0486340e-04
     42    110 0.0000000e+00 3.6533740e-05 2.4163640e-05
     42    111 0.0000000e+00 2.3535030e-06 1.6140590e-06
     42    112 0.0000000e+00 2.5588430e-07 1.9165100e-07
     42    113 0.0000000e+00 7.9752130e-09 3.9876060e-09
     42    114 0.0000000e+00 4.9186100e-11 2.4593100e-11
     42    115 0.0000000e+00 1.8050500e-13 9.0252600e-14
     42    116 0.0000000e+00 4.1468800e-15 2.0734400e-15
     42    117 0.0000000e+00 0.0000000e+00 0.0000000e+00
     43     95 0.0000000e+00 0.0000000e+00 0.0000000e+00
     43     95 1.0000000e+00 0.0000000e+00 0.0000000e+00
     43     96 0.0000000e+00 0.0000000e+00 0.0000000e+00
     43     96 1.0000000e+00 0.0000000e+00 0.0000000e+00
     43     97 0.0000000e+00 4.8546500e-11 2.4273200e-11
     43     97 1.0000000e+00 9.8026600e-12 4.9013300e-12
     43     98 0.0000000e+00 3.4359130e-09 1.7179560e-09
     43     99 0.0000000e+00 7.2514810e-08 2.7651370e-08
     43     99 1.0000000e+00 1.4642410e-08 5.5837090e-09
     43    100 0.0000000e+00 4.5901550e-07 1.7570840e-07
     43    101 0.0000000e+00 6.3187080e-06 2.4061930e-06
     43    102 0.0000000e+00 9.2824980e-05 3.5711830e-05
     43    102 1.0000000e+00 2.4926890e-05 9.5900800e-06
     43    103 0.0000000e+00 1.1074460e-03 4.5709430e-04
     43    104 0.0000000e+00 1.8339510e-04 8.9511170e-05
     43    105 0.0000000e+00 7.0488370e-04 3.6163610e-04
     43    106 0.0000000e+00 3.7175940e-04 2.3152410e-04
     43    107 0.0000000e+00 6.4461370e-04 3.7055800e-04
     43    108 0.0000000e+00 7.3190250e-04 4.0669230e-04
     43    109 0.0000000e+00 7.4672170e-04 2.8459210e-04
     43    110 0.0000000e+00 3.9476380e-04 2.2335360e-04
     43    111 0.0000000e+00 1.1688310e-04 7.5249860e-05
     43    112 0.0000000e+00 3.4325830e-05 2.5374020e-05
     43    113 0.0000000e+00 5.6625650e-06 4.3092770e-06
     43    114 0.0000000e+00 1.6383270e-07 1.2085970e-07
     43    115 0.0000000e+00 4.9400870e-09 2.4664860e-09
     43    116 0.0000000e+00 2.2325300e-10 1.1162600e-10
     43    117 0.0000000e+00 1.3288600e-11 6.6442800e-12
     43    118 0.0000000e+00 3.8433700e-14 2.2960200e-14
     43    119 0.0000000e+00 3.8113600e-17 1.9056800e-17
     43    120 0.0000000e+00 0.0000000e+00 0.0000000e+00
     44     98 0.0000000e+00 4.8640500e-14 2.4320200e-14
     44     99 0.0000000e+00 2.6610900e-12 1.3305500e-12
     44    100 0.0000000e+00 4.2961900e-11 2.1480900e-11
     44    101 0.0000000e+00 1.3164440e-09 6.5822200e-10
     44    102 0.0000000e+00 1.8814240e-07 7.2666260e-08
     44    103 0.0000000e+00 2.5152050e-06 1.0612220e-06
     44    103 1.0000000e+00 3.2524230e-06 1.3722510e-06
     44    104 0.0000000e+00 3.3280770e-09 1.6648190e-09
     44    105 0.0000000e+00 3.9963560e-08 2.1747180e-08
     44    106 0.0000000e+00 1.1149000e-07 7.3821350e-08
     44    107 0.0000000e+00 5.0492280e-07 3.3439350e-07
     44    108 0.0000000e+00 3.6769120e-06 2.2823320e-06
     44    109 0.0000000e+00 1.2800850e-04 7.1168280e-05
     44    110 0.0000000e+00 5.6747550e-04 2.4926200e-04
     44    111 0.0000000e+00 3.6981040e-04 1.3286560e-04
     44    112 0.0000000e+00 4.3938090e-04 1.9710450e-04
     44    113 0.0000000e+00 1.8587840e-05 1.3675480e-05
     44    113 1.0000000e+00 1.5508360e-04 1.0585500e-04
     44    114 0.0000000e+00 3.9024450e-05 2.8046950e-05
     44    115 0.0000000e+00 4.7174340e-06 2.3488160e-06
     44    116 0.0000000e+00 8.1190400e-07 6.7350390e-07
     44    117 0.0000000e+00 8.4270220e-08 4.9018880e-08
     44    118 0.0000000e+00 1.6765440e-09 1.0008500e-09
     44    119 0.0000000e+00 7.1638400e-12 4.2244900e-12
     44    120 0.0000000e+00 2.0679000e-13 1.4065700e-13
     44    121 0.0000000e+00 8.3117600e-15 4.1558800e-15
     44    122 0.0000000e+00 0.0000000e+00 0.0000000e+00
     44    123 0.0000000e+00 0.0000000e+00 0.0000000e+00
     44    124 0.0000000e+00 0.0000000e+00 0.0000000e+00
     45    100 0.0000000e+00 0.0000000e+00 0.0000000e+00
     45    100 1.0000000e+00 0.0000000e+00 0.0000000e+00
     45    101 0.0000000e+00 0.0000000e+00 0.0000000e+00
     45    101 1.0000000e+00 1.1171300e-14 5.5856700e-15
     45    102 0.0000000e+00 1.7896800e-12 8.9484100e-13
     45    102 1.0000000e+00 4.8882200e-12 2.4441100e-12
     45    103 0.0000000e+00 1.5955100e-10 7.9775300e-11
     45    103 1.0000000e+00 1.1925740e-09 5.9628700e-10
     45    104 0.0000000e+00 0.0000000e+00 0.0000000e+00
     45    104 1.0000000e+00 0.0000000e+00 0.0000000e+00
     45    105 0.0000000e+00 0.0000000e+00 0.0000000e+00
     45    105 1.0000000e+00 0.0000000e+00 0.0000000e+00
     45    106 0.0000000e+00 0.0000000e+00 0.0000000e+00
     45    106 1.0000000e+00 0.0000000e+00 0.0000000e+00
     45    107 0.0000000e+00 2.0451500e-13 1.3756400e-13
     45    108 0.0000000e+00 3.5358000e-12 2.3716000e-12
     45    108 1.0000000e+00 2.4057200e-12 1.6137200e-12
     45    109 0.0000000e+00 1.3265770e-06 8.5721100e-07
     45    110 0.0000000e+00 1.1837230e-05 7.7451960e-06
     45    110 1.0000000e+00 2.1557870e-05 1.4102380e-05
     45    111 0.0000000e+00 9.1444340e-05 5.7937150e-05
     45    112 0.0000000e+00 1.5939250e-04 1.0962080e-04
     45    112 1.0000000e+00 7.3097020e-05 5.2046140e-05
     45    113 0.0000000e+00 3.5931840e-04 1.4585110e-04
     45    114 0.0000000e+00 1.0437840e-04 7.0336160e-05
     45    114 1.0000000e+00 1.6940820e-04 1.0795710e-04
     45    115 0.0000000e+00 1.8234170e-04 7.2401920e-05
     45    116 0.0000000e+00 2.3432660e-05 1.9160080e-05
     45    116 1.0000000e+00 3.3554760e-05 2.7393090e-05
     45    117 0.0000000e+00 2.0965840e-05 1.2136860e-05
     45    118 0.0000000e+00 1.6552570e-06 9.8607460e-07
     45    119 0.0000000e+00 5.7372120e-08 3.3356520e-08
     45    120 0.0000000e+00 3.4871550e-09 2.3696910e-09
     45    121 0.0000000e+00 4.3690100e-10 2.4636000e-10
     45    122 0.0000000e+00 1.1539300e-11 7.6515100e-12
     45    123 0.0000000e+00 2.2235700e-14 1.1117900e-14
     45    124 0.0000000e+00 0.0000000e+00 0.0000000e+00
     45    125 0.0000000e+00 0.0000000e+00 0.0000000e+00
     45    126 0.0000000e+00 0.0000000e+00 0.0000000e+00
     45    127 0.0000000e+00 0.0000000e+00 0.0000000e+00
     45    128 0.0000000e+00 0.0000000e+00 0.0000000e+00
     46    102 0.0000000e+00 0.0000000e+00 0.0000000e+00
     46    103 0.0000000e+00 0.0000000e+00 0.0000000e+00
     46    104 0.0000000e+00 0.0000000e+00 0.0000000e+00
     46    105 0.0000000e+00 0.0000000e+00 0.0000000e+00
     46    106 0.0000000e+00 0.0000000e+00 0.0000000e+00
     46    107 0.0000000e+00 0.0000000e+00 0.0000000e+00
     46    107 1.0000000e+00 0.0000000e+00 0.0000000e+00
     46    108 0.0000000e+00 0.0000000e+00 0.0000000e+00
     46    109 0.0000000e+00 2.0666500e-10 1.3474600e-10
     46    109 1.0000000e+00 4.6594000e-10 3.0379500e-10
     46    110 0.0000000e+00 2.0266650e-07 1.3471970e-07
     46    111 0.0000000e+00 6.1487650e-07 4.1983000e-07
     46    111 1.0000000e+00 8.4103820e-07 5.7426450e-07
     46    112 0.0000000e+00 1.6234660e-05 1.1961880e-05
     46    113 0.0000000e+00 1.9385780e-05 1.4390910e-05
     46    113 1.0000000e+00 3.8793080e-05 2.8700460e-05
     46    114 0.0000000e+00 2.6520840e-04 1.4143950e-04
     46    115 0.0000000e+00 7.2369690e-05 2.6986170e-05
     46    115 1.0000000e+00 3.5221050e-04 8.8376230e-05
     46    116 0.0000000e+00 3.9533860e-04 1.6303100e-04
     46    117 0.0000000e+00 7.5661680e-05 3.7228770e-05
     46    117 1.0000000e+00 1.8729900e-04 8.1695340e-05
     46    118 0.0000000e+00 1.1999500e-04 6.3726390e-05
     46    119 0.0000000e+00 1.6899410e-05 9.8161380e-06
     46    120 0.0000000e+00 4.1884560e-06 2.8374200e-06
     46    121 0.0000000e+00 9.4725830e-07 5.2170670e-07
     46    122 0.0000000e+00 9.6533510e-08 6.3645860e-08
     46    123 0.0000000e+00 8.4084600e-10 5.2274700e-10
     46    124 0.0000000e+00 0.0000000e+00 0.0000000e+00
     46    125 0.0000000e+00 0.0000000e+00 0.0000000e+00
     46    126 0.0000000e+00 0.0000000e+00 0.0000000e+00
     46    127 0.0000000e+00 0.0000000e+00 0.0000000e+00
     46    128 0.0000000e+00 0.0000000e+00 0.0000000e+00
     46    129 0.0000000e+00 0.0000000e+00 0.0000000e+00
     46    130 0.0000000e+00 0.0000000e+00 0.0000000e+00
     46    131 0.0000000e+00 0.0000000e+00 0.0000000e+00
     47    105 0.0000000e+00 0.0000000e+00 0.0000000e+00
     47    105 1.0000000e+00 0.0000000e+00 0.0000000e+00
     47    106 0.0000000e+00 0.0000000e+00 0.0000000e+00
     47    106 1.0000000e+00 0.0000000e+00 0.0000000e+00
     47    107 0.0000000e+00 0.0000000e+00 0.0000000e+00
     47    107 1.0000000e+00 0.0000000e+00 0.0000000e+00
     47    108 0.0000000e+00 0.0000000e+00 0.0000000e+00
     47    108 1.0000000e+00 0.0000000e+00 0.0000000e+00
     47    109 0.0000000e+00 1.7344200e-15 8.6721000e-16
     47    109 1.0000000e+00 1.2964100e-14 6.4820400e-15
     47    110 0.0000000e+00 1.0509900e-11 6.9906600e-12
     47    110 1.0000000e+00 2.1299800e-11 1.4168100e-11
     47    111 0.0000000e+00 2.1019300e-10 1.4415300e-10
     47    111 1.0000000e+00 9.4763800e-10 6.4989000e-10
     47    112 0.0000000e+00 3.3790000e-08 2.5305710e-08
     47    113 0.0000000e+00 1.0072140e-07 7.6566450e-08
     47    113 1.0000000e+00 4.7016440e-07 3.5741410e-07
     47    114 0.0000000e+00 2.6068070e-06 1.9193010e-06
     47    114 1.0000000e+00 7.6695630e-06 5.6457530e-06
     47    115 0.0000000e+00 8.2791980e-06 3.9298760e-06
     47    115 1.0000000e+00 6.4511360e-05 3.0173040e-05
     47    116 0.0000000e+00 4.1549610e-05 3.3540520e-05
     47    116 1.0000000e+00 6.9521840e-05 5.5653350e-05
     47    116 2.0000000e+00 0.0000000e+00 0.0000000e+00
     47    117 0.0000000e+00 6.9018840e-05 3.5071230e-05
     47    117 1.0000000e+00 1.7676600e-04 8.0133780e-05
     47    118 0.0000000e+00 2.4333190e-04 9.9360330e-05
     47    118 1.0000000e+00 6.3054270e-05 3.2334560e-05
     47    119 0.0000000e+00 2.4194430e-04 1.0236850e-04
     47    119 1.0000000e+00 1.3790770e-05 7.1631880e-06
     47    120 0.0000000e+00 6.2205940e-05 4.0459700e-05
     47    120 1.0000000e+00 5.9658970e-05 3.8825630e-05
     47    121 0.0000000e+00 7.9379170e-05 4.2388840e-05
     47    122 0.0000000e+00 1.0787000e-05 7.0714910e-06
     47    122 1.0000000e+00 8.2726500e-06 5.4235430e-06
     47    123 0.0000000e+00 1.4082150e-06 8.7299920e-07
     47    124 0.0000000e+00 7.8793700e-12 4.6105500e-12
     47    125 0.0000000e+00 4.9054900e-13 2.9673400e-13
     47    126 0.0000000e+00 3.4499700e-14 2.1223400e-14
     47    127 0.0000000e+00 0.0000000e+00 0.0000000e+00
     47    128 0.0000000e+00 0.0000000e+00 0.0000000e+00
     47    129 0.0000000e+00 1.8717800e-17 9.3588900e-18
     47    130 0.0000000e+00 2.1874200e-10 1.0937100e-10
     47    131 0.0000000e+00 3.4810700e-13 1.7405300e-13
     47    132 0.0000000e+00 8.2608200e-16 4.1304100e-16
     47    133 0.0000000e+00 0.0000000e+00 0.0000000e+00
     48    108 0.0000000e+00 0.0000000e+00 0.0000000e+00
     48    109 0.0000000e+00 0.0000000e+00 0.0000000e+00
     48    110 0.0000000e+00 0.0000000e+00 0.0000000e+00
     48    111 0.0000000e+00 0.0000000e+00 0.0000000e+00
     48    111 1.0000000e+00 4.1172900e-14 2.0586400e-14
     48    112 0.0000000e+00 6.0170600e-12 4.5065900e-12
     48    113 0.0000000e+00 8.1250400e-11 6.1842900e-11
     48    113 1.0000000e+00 1.9966900e-10 1.5197300e-10
     48    114 0.0000000e+00 4.0725060e-08 3.0042220e-08
     48    115 0.0000000e+00 1.7820600e-07 8.8925760e-08
     48    115 1.0000000e+00 5.4721120e-07 2.7306430e-07
     48    116 0.0000000e+00 3.6475710e-06 3.0176040e-06
     48    117 0.0000000e+00 3.1486160e-06 1.7828930e-06
     48    117 1.0000000e+00 1.4847590e-05 8.3991890e-06
     48    118 0.0000000e+00 1.1807330e-04 6.2268440e-05
     48    119 0.0000000e+00 1.3989470e-04 6.8240950e-05
     48    119 1.0000000e+00 1.5689480e-04 7.5279740e-05
     48    120 0.0000000e+00 4.4308360e-04 1.6523840e-04
     48    121 0.0000000e+00 3.0712200e-04 1.2390790e-04
     48    121 1.0000000e+00 1.1565480e-04 5.2875810e-05
     48    122 0.0000000e+00 3.8189660e-04 1.8136980e-04
     48    123 0.0000000e+00 2.5299020e-05 1.3899790e-05
     48    123 1.0000000e+00 8.2315160e-05 4.5028360e-05
     48    124 0.0000000e+00 3.3187620e-06 1.8476120e-06
     48    125 0.0000000e+00 4.6820630e-08 2.7464050e-08
     48    125 1.0000000e+00 6.3998510e-07 3.7540530e-07
     48    126 0.0000000e+00 2.3121160e-07 1.3823180e-07
     48    127 0.0000000e+00 5.5080860e-08 3.0324160e-08
     48    128 0.0000000e+00 1.5806550e-08 7.6282500e-09
     48    129 0.0000000e+00 3.3438680e-09 1.3245600e-09
     48    130 0.0000000e+00 2.4468600e-06 8.8172790e-07
     48    131 0.0000000e+00 2.2404100e-08 8.0028100e-09
     48    132 0.0000000e+00 2.4491600e-10 1.2245800e-10
     48    133 0.0000000e+00 5.1211600e-12 2.5605800e-12
     48    134 0.0000000e+00 1.6445200e-13 8.2226000e-14
     48    135 0.0000000e+00 0.0000000e+00 0.0000000e+00
     48    136 0.0000000e+00 0.0000000e+00 0.0000000e+00
     49    110 0.0000000e+00 0.0000000e+00 0.0000000e+00
     49    110 1.0000000e+00 0.0000000e+00 0.0000000e+00
     49    111 0.0000000e+00 0.0000000e+00 0.0000000e+00
     49    111 1.0000000e+00 0.0000000e+00 0.0000000e+00
     49    112 0.0000000e+00 0.0000000e+00 0.0000000e+00
     49    112 1.0000000e+00 0.0000000e+00 0.0000000e+00
     49    113 0.0000000e+00 6.2401600e-15 3.1200800e-15
     49    113 1.0000000e+00 0.0000000e+00 0.0000000e+00
     49    114 0.0000000e+00 9.5196800e-13 4.7598400e-13
     49    114 1.0000000e+00 3.3260100e-12 1.6630000e-12
     49    114 2.0000000e+00 0.0000000e+00 0.0000000e+00
     49    115 0.0000000e+00 2.7590900e-10 1.3775300e-10
     49    115 1.0000000e+00 5.5712400e-11 2.7814200e-11
     49    116 0.0000000e+00 3.2115000e-10 2.6639900e-10
     49    116 1.0000000e+00 2.9051880e-09 2.4098600e-09
     49    116 2.0000000e+00 0.0000000e+00 0.0000000e+00
     49    117 0.0000000e+00 7.1220860e-08 4.1424060e-08
     49    117 1.0000000e+00 7.3930050e-09 4.2999060e-09
     49    118 0.0000000e+00 3.3326930e-07 1.9908600e-07
     49    118 1.0000000e+00 1.4233680e-06 8.5031910e-07
     49    118 2.0000000e+00 0.0000000e+00 0.0000000e+00
     49    119 0.0000000e+00 2.4160270e-05 1.4217130e-05
     49    119 1.0000000e+00 3.8812230e-06 2.2887380e-06
     49    120 0.0000000e+00 4.3636520e-05 2.9444820e-05
     49    120 1.0000000e+00 3.2121330e-05 2.1713710e-05
     49    120 2.0000000e+00 0.0000000e+00 0.0000000e+00
     49    121 0.0000000e+00 1.5954510e-04 8.1029810e-05
     49    121 1.0000000e+00 2.7468560e-05 1.4585800e-05
     49    122 0.0000000e+00 8.0153250e-05 4.9903890e-05
     49    122 1.0000000e+00 2.8068610e-04 1.5711670e-04
     49    122 2.0000000e+00 0.0000000e+00 0.0000000e+00
     49    123 0.0000000e+00 5.2251250e-04 2.2678150e-04
     49    123 1.0000000e+00 6.4547220e-05 3.6248230e-05
     49    124 0.0000000e+00 2.5136060e-04 1.2876120e-04
     49    124 1.0000000e+00 2.6287960e-04 1.3428980e-04
     49    125 0.0000000e+00 3.7905950e-04 1.9176360e-04
     49    125 1.0000000e+00 1.0631060e-04 5.7290850e-05
     49    126 0.0000000e+00 2.4663480e-04 1.3847230e-04
     49    126 1.0000000e+00 1.1794530e-04 6.6541220e-05
     49    127 0.0000000e+00 2.4733090e-04 1.2509890e-04
     49    127 1.0000000e+00 1.0417110e-04 5.2924410e-05
     49    127 2.0000000e+00 0.0000000e+00 0.0000000e+00
     49    128 0.0000000e+00 1.6086520e-04 7.4914740e-05
     49    128 1.0000000e+00 5.9452810e-05 2.7703110e-05
     49    129 0.0000000e+00 2.1046150e-04 8.1471980e-05
     49    129 1.0000000e+00 2.3285400e-05 9.0181380e-06
     49    129 2.0000000e+00 0.0000000e+00 0.0000000e+00
     49    130 0.0000000e+00 4.6784330e-04 1.6769810e-04
     49    130 1.0000000e+00 1.0229410e-04 3.6682260e-05
     49    130 2.0000000e+00 0.0000000e+00 0.0000000e+00
     49    131 0.0000000e+00 3.7075520e-05 1.3237870e-05
     49    131 1.0000000e+00 2.4692310e-05 8.8164430e-06
     49    131 2.0000000e+00 0.0000000e+00 0.0000000e+00
     49    132 0.0000000e+00 1.9413240e-06 7.0519490e-07
     49    133 0.0000000e+00 1.6026120e-07 5.9970780e-08
     49    134 0.0000000e+00 8.7693040e-09 4.3846520e-09
     49    135 0.0000000e+00 7.4712500e-10 3.7356300e-10
     49    136 0.0000000e+00 4.2293800e-13 2.1146900e-13
     49    137 0.0000000e+00 0.0000000e+00 0.0000000e+00
     49    138 0.0000000e+00 0.0000000e+00 0.0000000e+00
     50    113 0.0000000e+00 0.0000000e+00 0.0000000e+00
     50    113 1.0000000e+00 0.0000000e+00 0.0000000e+00
     50    114 0.0000000e+00 0.0000000e+00 0.0000000e+00
     50    115 0.0000000e+00 0.0000000e+00 0.0000000e+00
     50    116 0.0000000e+00 2.0739500e-13 1.0369700e-13
     50    117 0.0000000e+00 3.3517700e-12 1.9497900e-12
     50    117 1.0000000e+00 1.2685400e-11 7.3797200e-12
     50    118 0.0000000e+00 2.4110470e-09 1.2055230e-09
     50    119 0.0000000e+00 8.3577610e-08 4.1788800e-08
     50    119 1.0000000e+00 7.3979250e-08 3.6989620e-08
     50    120 0.0000000e+00 1.5415870e-06 7.7079150e-07
     50    121 0.0000000e+00 1.2268140e-06 6.9189520e-07
     50    121 1.0000000e+00 4.8189880e-06 2.7177210e-06
     50    122 0.0000000e+00 5.3748420e-05 3.5170580e-05
     50    123 0.0000000e+00 2.3877280e-04 1.3723420e-04
     50    123 1.0000000e+00 5.1620280e-05 3.1164600e-05
     50    124 0.0000000e+00 6.7524480e-04 2.7627950e-04
     50    125 0.0000000e+00 8.4075900e-04 2.7802810e-04
     50    125 1.0000000e+00 2.2731900e-04 1.2020960e-04
     50    126 0.0000000e+00 2.1855470e-03 4.1411480e-04
     50    127 0.0000000e+00 2.4007870e-03 4.9370100e-04
     50    127 1.0000000e+00 9.3892720e-04 3.9819770e-04
     50    128 0.0000000e+00 4.2266110e-03 1.0354800e-03
     50    128 1.0000000e+00 1.5188770e-03 4.8178660e-04
     50    129 0.0000000e+00 6.8126250e-03 1.2738810e-03
     50    129 1.0000000e+00 5.7609700e-03 1.1615080e-03
     50    130 0.0000000e+00 9.6656910e-03 1.8777850e-03
     50    130 1.0000000e+00 3.7521710e-03 7.6992590e-04
     50    131 0.0000000e+00 3.8901580e-03 1.1581740e-03
     50    131 1.0000000e+00 1.8906820e-03 5.7361150e-04
     50    132 0.0000000e+00 1.3471740e-03 4.8385750e-04
     50    133 0.0000000e+00 2.4157970e-04 9.0632300e-05
     50    134 0.0000000e+00 3.8980550e-05 1.4320880e-05
     50    135 0.0000000e+00 4.8373740e-06 1.7445340e-06
     50    136 0.0000000e+00 3.1933820e-08 1.1489530e-08
     50    137 0.0000000e+00 3.0152300e-10 1.5076100e-10
     50    138 0.0000000e+00 1.5241800e-11 7.6209000e-12
     50    139 0.0000000e+00 1.8900400e-13 9.4502000e-14
     50    140 0.0000000e+00 0.0000000e+00 0.0000000e+00
     51    116 0.0000000e+00 0.0000000e+00 0.0000000e+00
     51    116 1.0000000e+00 0.0000000e+00 0.0000000e+00
     51    117 0.0000000e+00 0.0000000e+00 0.0000000e+00
     51    118 0.0000000e+00 2.2272100e-14 1.1136000e-14
     51    118 1.0000000e+00 3.7278900e-14 1.8639500e-14
     51    119 0.0000000e+00 3.0142300e-11 1.5071100e-11
     51    120 0.0000000e+00 2.3357600e-10 1.1678800e-10
     51    120 1.0000000e+00 3.9095800e-10 1.9547900e-10
     51    121 0.0000000e+00 7.3647430e-09 3.6823710e-09
     51    122 0.0000000e+00 1.2647360e-07 6.3236800e-08
     51    122 1.0000000e+00 8.3510800e-08 4.1755400e-08
     51    122 2.0000000e+00 0.0000000e+00 0.0000000e+00
     51    123 0.0000000e+00 8.0413570e-06 5.0011540e-06
     51    124 0.0000000e+00 5.0147670e-07 2.9624890e-07
     51    124 1.0000000e+00 1.0956850e-06 6.4728400e-07
     51    124 2.0000000e+00 0.0000000e+00 0.0000000e+00
     51    125 0.0000000e+00 1.0886200e-05 6.5687740e-06
     51    126 0.0000000e+00 1.9655590e-05 1.2047730e-05
     51    126 1.0000000e+00 2.2546430e-05 1.3820320e-05
     51    126 2.0000000e+00 0.0000000e+00 0.0000000e+00
     51    127 0.0000000e+00 1.9642640e-04 1.0695850e-04
     51    128 0.0000000e+00 3.0342650e-04 1.4324740e-04
     51    128 1.0000000e+00 2.0562720e-04 9.7202770e-05
     51    129 0.0000000e+00 3.0662630e-03 9.2122340e-04
     51    129 1.0000000e+00 2.8902440e-04 9.3611260e-05
     51    130 0.0000000e+00 5.1094470e-03 1.2724960e-03
     51    130 1.0000000e+00 5.1315680e-03 1.2777260e-03
     51    131 0.0000000e+00 2.3581340e-02 2.7177840e-03
     51    132 0.0000000e+00 1.2654850e-02 2.8467770e-03
     51    132 1.0000000e+00 2.9144100e-03 7.7163520e-04
     51    133 0.0000000e+00 1.3886280e-02 3.5270040e-03
     51    134 0.0000000e+00 1.4172520e-03 5.2102100e-04
     51    134 1.0000000e+00 2.3139300e-03 8.4576260e-04
     51    135 0.0000000e+00 1.2877370e-03 4.6606580e-04
     51    136 0.0000000e+00 4.8901500e-05 1.7614450e-05
     51    137 0.0000000e+00 2.3691040e-06 8.9569830e-07
     51    138 0.0000000e+00 2.2144000e-07 8.5892070e-08
     51    139 0.0000000e+00 1.2581150e-08 4.5376740e-09
     51    140 0.0000000e+00 2.4709200e-10 1.2354600e-10
     51    141 0.0000000e+00 3.6708400e-13 1.8354200e-13
     51    142 0.0000000e+00 0.0000000e+00 0.0000000e+00
     51    143 0.0000000e+00 0.0000000e+00 0.0000000e+00
     52    119 0.0000000e+00 0.0000000e+00 0.0000000e+00
     52    119 1.0000000e+00 0.0000000e+00 0.0000000e+00
     52    120 0.0000000e+00 2.0625900e-14 1.0313000e-14
     52    121 0.0000000e+00 8.6688100e-14 4.3344000e-14
     52    121 1.0000000e+00 3.2808700e-13 1.6404300e-13
     52    122 0.0000000e+00 7.9001700e-11 3.9500800e-11
     52    123 0.0000000e+00 2.7736520e-09 1.3868260e-09
     52    123 1.0000000e+00 1.0497390e-08 5.2486950e-09
     52    124 0.0000000e+00 4.2399600e-12 2.1199800e-12
     52    125 0.0000000e+00 8.8915400e-12 4.4457700e-12
     52    125 1.0000000e+00 7.7939900e-11 3.8970000e-11
     52    126 0.0000000e+00 1.4342830e-09 8.8240200e-10
     52    127 0.0000000e+00 3.5101130e-09 1.9475220e-09
     52    127 1.0000000e+00 1.1716160e-08 6.5002920e-09
     52    128 0.0000000e+00 1.3977630e-07 6.7451480e-08
     52    129 0.0000000e+00 8.7671850e-07 3.4386250e-07
     52    129 1.0000000e+00 1.4829060e-06 5.8159500e-07
     52    130 0.0000000e+00 1.1713330e-03 3.7995250e-04
     52    131 0.0000000e+00 3.0126770e-03 8.4044430e-04
     52    131 1.0000000e+00 4.7427590e-03 1.2990230e-03
     52    132 0.0000000e+00 2.4769230e-02 3.1125960e-03
     52    133 0.0000000e+00 1.4541060e-02 1.6936990e-03
     52    133 1.0000000e+00 2.5633160e-02 2.7972560e-03
     52    134 0.0000000e+00 3.8797580e-02 2.8521180e-03
     52    135 0.0000000e+00 2.1416530e-02 4.6139200e-03
     52    136 0.0000000e+00 6.6196920e-03 2.3161700e-03
     52    137 0.0000000e+00 9.3070470e-04 3.5610780e-04
     52    138 0.0000000e+00 2.7287870e-04 1.0642400e-04
     52    139 0.0000000e+00 3.5923440e-05 1.2960570e-05
     52    140 0.0000000e+00 2.6166850e-06 9.3521450e-07
     52    141 0.0000000e+00 1.8347010e-08 6.8032420e-09
     52    142 0.0000000e+00 1.5151600e-10 7.5758100e-11
     52    143 0.0000000e+00 4.5129100e-12 2.2564500e-12
     52    144 0.0000000e+00 2.2997800e-13 1.1498900e-13
     52    145 0.0000000e+00 0.0000000e+00 0.0000000e+00
     53    122 0.0000000e+00 0.0000000e+00 0.0000000e+00
     53    123 0.0000000e+00 1.1417500e-12 5.7087600e-13
     53    124 0.0000000e+00 0.0000000e+00 0.0000000e+00
     53    125 0.0000000e+00 0.0000000e+00 0.0000000e+00
     53    126 0.0000000e+00 0.0000000e+00 0.0000000e+00
     53    127 0.0000000e+00 0.0000000e+00 0.0000000e+00
     53    128 0.0000000e+00 1.0083100e-14 4.8761400e-15
     53    129 0.0000000e+00 8.6960300e-13 3.4457500e-13
     53    130 0.0000000e+00 4.0532960e-06 1.4599930e-06
     53    130 1.0000000e+00 9.7997840e-07 3.5298860e-07
     53    131 0.0000000e+00 1.7907500e-04 6.3695430e-05
     53    132 0.0000000e+00 1.2980630e-03 4.6429500e-04
     53    132 1.0000000e+00 6.3974950e-04 2.2930650e-04
     53    133 0.0000000e+00 8.7511210e-03 2.7190180e-03
     53    133 1.0000000e+00 1.3978130e-03 4.7397980e-04
     53    134 0.0000000e+00 1.0654640e-02 2.7866210e-03
     53    134 1.0000000e+00 3.5547680e-03 1.0513070e-03
     53    135 0.0000000e+00 3.0297620e-02 4.0007870e-03
     53    136 0.0000000e+00 2.8540110e-02 5.5285520e-03
     53    136 1.0000000e+00 4.6198440e-03 1.0772580e-03
     53    137 0.0000000e+00 1.9853230e-02 4.3694630e-03
     53    138 0.0000000e+00 1.0138870e-02 3.6859650e-03
     53    139 0.0000000e+00 4.7302260e-03 1.6978280e-03
     53    140 0.0000000e+00 8.2245650e-04 2.9512190e-04
     53    141 0.0000000e+00 4.4617180e-05 1.6567490e-05
     53    142 0.0000000e+00 1.4032370e-06 5.7443900e-07
     53    143 0.0000000e+00 1.4170730e-07 5.5432990e-08
     53    144 0.0000000e+00 1.0013960e-08 3.8472660e-09
     53    145 0.0000000e+00 9.0319100e-11 4.5159500e-11
     53    146 0.0000000e+00 1.5888500e-14 7.9442400e-15
     53    147 0.0000000e+00 0.0000000e+00 0.0000000e+00
     53    148 0.0000000e+00 0.0000000e+00 0.0000000e+00
     54    125 0.0000000e+00 0.0000000e+00 0.0000000e+00
     54    125 1.0000000e+00 0.0000000e+00 0.0000000e+00
     54    126 0.0000000e+00 0.0000000e+00 0.0000000e+00
     54    127 0.0000000e+00 0.0000000e+00 0.0000000e+00
     54    127 1.0000000e+00 0.0000000e+00 0.0000000e+00
     54    128 0.0000000e+00 0.0000000e+00 0.0000000e+00
     54    129 0.0000000e+00 0.0000000e+00 0.0000000e+00
     54    129 1.0000000e+00 0.0000000e+00 0.0000000e+00
     54    130 0.0000000e+00 1.9787770e-09 9.8938800e-10
     54    131 0.0000000e+00 6.0439260e-08 2.1588960e-08
     54    131 1.0000000e+00 1.5524580e-07 5.5450480e-08
     54    132 0.0000000e+00 1.5926470e-05 5.7832300e-06
     54    132 1.0000000e+00 1.7117150e-06 6.2156880e-07
     54    133 0.0000000e+00 6.8406900e-05 2.5527460e-05
     54    133 1.0000000e+00 1.2223720e-04 4.5615750e-05
     54    134 0.0000000e+00 5.0973070e-04 1.8187260e-04
     54    134 1.0000000e+00 2.1025840e-04 7.5044650e-05
     54    135 0.0000000e+00 1.1294150e-03 3.6376660e-04
     54    135 1.0000000e+00 1.6639540e-03 5.3542070e-04
     54    136 0.0000000e+00 2.4505760e-02 4.0497710e-03
     54    137 0.0000000e+00 3.3115550e-02 3.8911660e-03
     54    138 0.0000000e+00 4.5094670e-02 3.6861220e-03
     54    139 0.0000000e+00 3.4559500e-02 5.2962410e-03
     54    140 0.0000000e+00 2.2883540e-02 4.3348670e-03
     54    141 0.0000000e+00 5.0912210e-03 1.8166720e-03
     54    142 0.0000000e+00 9.3852180e-04 3.9614730e-04
     54    143 0.0000000e+00 1.9079140e-04 7.4997070e-05
     54    144 0.0000000e+00 3.5145950e-05 1.3520250e-05
     54    145 0.0000000e+00 9.7350230e-07 3.6928140e-07
     54    146 0.0000000e+00 2.3094860e-09 8.7985200e-10
     54    147 0.0000000e+00 9.4411300e-12 4.7205600e-12
     54    148 0.0000000e+00 6.6082000e-13 3.3041000e-13
     54    149 0.0000000e+00 2.1554100e-14 1.0777100e-14
     54    150 0.0000000e+00 0.0000000e+00 0.0000000e+00
     55    128 0.0000000e+00 0.0000000e+00 0.0000000e+00
     55    129 0.0000000e+00 0.0000000e+00 0.0000000e+00
     55    130 0.0000000e+00 0.0000000e+00 0.0000000e+00
     55    130 1.0000000e+00 0.0000000e+00 0.0000000e+00
     55    131 0.0000000e+00 1.1454200e-11 5.7271200e-12
     55    132 0.0000000e+00 4.8772210e-09 2.4386100e-09
     55    133 0.0000000e+00 2.0154720e-07 7.5422060e-08
     55    134 0.0000000e+00 7.9309250e-07 2.9113300e-07
     55    134 1.0000000e+00 4.7459790e-07 1.7422950e-07
     55    135 0.0000000e+00 1.5737340e-05 5.6734980e-06
     55    135 1.0000000e+00 2.7363190e-06 9.8649290e-07
     55    136 0.0000000e+00 4.4573200e-04 1.5968330e-04
     55    136 1.0000000e+00 1.3963300e-04 5.0027500e-05
     55    137 0.0000000e+00 4.6925350e-03 1.6439290e-03
     55    138 0.0000000e+00 4.8716060e-03 1.6176800e-03
     55    138 1.0000000e+00 5.2141170e-03 1.7282010e-03
     55    139 0.0000000e+00 1.9892640e-02 4.2109230e-03
     55    140 0.0000000e+00 2.8837370e-02 4.8196770e-03
     55    141 0.0000000e+00 3.6624170e-02 5.0325320e-03
     55    142 0.0000000e+00 1.6938430e-02 4.4731860e-03
     55    143 0.0000000e+00 1.0819380e-02 3.4804490e-03
     55    144 0.0000000e+00 3.4092550e-03 1.2917330e-03
     55    145 0.0000000e+00 4.9273480e-04 1.8697110e-04
     55    146 0.0000000e+00 8.1792240e-06 3.1164770e-06
     55    147 0.0000000e+00 2.1536980e-07 8.3819650e-08
     55    148 0.0000000e+00 1.9485150e-08 8.2173570e-09
     55    149 0.0000000e+00 1.4634020e-09 6.1108900e-10
     55    150 0.0000000e+00 7.8212700e-12 3.9106300e-12
     55    151 0.0000000e+00 1.4548500e-15 7.2742400e-16
     55    152 0.0000000e+00 0.0000000e+00 0.0000000e+00
     56    131 0.0000000e+00 0.0000000e+00 0.0000000e+00
     56    131 1.0000000e+00 0.0000000e+00 0.0000000e+00
     56    132 0.0000000e+00 0.0000000e+00 0.0000000e+00
     56    133 0.0000000e+00 1.0484700e-11 5.2423400e-12
     56    133 1.0000000e+00 0.0000000e+00 0.0000000e+00
     56    134 0.0000000e+00 1.9569200e-10 9.7845800e-11
     56    135 0.0000000e+00 2.2393540e-09 1.1196770e-09
     56    135 1.0000000e+00 4.9435890e-09 2.4717940e-09
     56    136 0.0000000e+00 8.1070050e-07 2.9169470e-07
     56    136 1.0000000e+00 6.1560970e-07 2.2150140e-07
     56    137 0.0000000e+00 1.2520660e-05 4.7295440e-06
     56    137 1.0000000e+00 1.9006410e-05 7.1791920e-06
     56    138 0.0000000e+00 2.7927850e-04 1.0697700e-04
     56    139 0.0000000e+00 8.2102350e-04 2.7757730e-04
     56    140 0.0000000e+00 5.2886670e-03 1.4771070e-03
     56    141 0.0000000e+00 2.2237540e-02 4.6401330e-03
     56    142 0.0000000e+00 3.8059600e-02 4.3792380e-03
     56    143 0.0000000e+00 3.8785040e-02 4.1201470e-03
     56    144 0.0000000e+00 3.3574630e-02 3.2125450e-03
     56    145 0.0000000e+00 1.2261750e-02 2.9361130e-03
     56    146 0.0000000e+00 1.8719460e-03 6.0019930e-04
     56    147 0.0000000e+00 1.7621120e-04 6.7302750e-05
     56    148 0.0000000e+00 3.9152270e-05 1.6468380e-05
     56    149 0.0000000e+00 4.6485020e-06 1.9390090e-06
     56    150 0.0000000e+00 1.2640190e-07 5.4840720e-08
     56    151 0.0000000e+00 1.7329500e-10 7.1300800e-11
     56    152 0.0000000e+00 2.5162700e-12 1.2581300e-12
     56    153 0.0000000e+00 7.6366000e-14 3.8183000e-14
     56    154 0.0000000e+00 0.0000000e+00 0.0000000e+00
     57    133 0.0000000e+00 0.0000000e+00 0.0000000e+00
     57    134 0.0000000e+00 0.0000000e+00 0.0000000e+00
     57    135 0.0000000e+00 1.5059800e-13 7.5299000e-14
     57    136 0.0000000e+00 0.0000000e+00 0.0000000e+00
     57    136 1.0000000e+00 0.0000000e+00 0.0000000e+00
     57    137 0.0000000e+00 1.1231800e-08 5.6159000e-09
     57    138 0.0000000e+00 1.7784200e-07 6.8981370e-08
     57    139 0.0000000e+00 1.7847760e-06 6.4366500e-07
     57    140 0.0000000e+00 3.7099570e-05 1.3248310e-05
     57    141 0.0000000e+00 1.0559040e-03 3.8763620e-04
     57    142 0.0000000e+00 3.9302630e-03 1.5440300e-03
     57    143 0.0000000e+00 1.1405370e-02 3.5160380e-03
     57    144 0.0000000e+00 1.6345520e-02 3.6386830e-03
     57    145 0.0000000e+00 2.3304120e-02 3.8927830e-03
     57    146 0.0000000e+00 6.6765820e-03 1.5948630e-03
     57    146 1.0000000e+00 7.5313300e-03 1.7807530e-03
     57    147 0.0000000e+00 5.7882500e-03 1.2734250e-03
     57    148 0.0000000e+00 1.9244520e-03 7.2108540e-04
     57    149 0.0000000e+00 6.5578360e-04 2.5772630e-04
     57    150 0.0000000e+00 5.6755490e-05 2.4346360e-05
     57    151 0.0000000e+00 8.3859040e-07 3.4375730e-07
     57    152 0.0000000e+00 3.1119670e-08 1.3745100e-08
     57    153 0.0000000e+00 2.7221550e-09 1.2958330e-09
     57    154 0.0000000e+00 7.6828400e-11 4.0181300e-11
     57    155 0.0000000e+00 1.8434900e-12 9.2174400e-13
     57    156 0.0000000e+00 2.8762400e-16 1.4381200e-16
     57    157 0.0000000e+00 0.0000000e+00 0.0000000e+00
     58    135 0.0000000e+00 0.0000000e+00 0.0000000e+00
     58    135 1.0000000e+00 0.0000000e+00 0.0000000e+00
     58    136 0.0000000e+00 0.0000000e+00 0.0000000e+00
     58    137 0.0000000e+00 1.9223200e-13 9.6116100e-14
     58    137 1.0000000e+00 0.0000000e+00 0.0000000e+00
     58    138 0.0000000e+00 9.5843100e-12 4.7921500e-12
     58    138 1.0000000e+00 0.0000000e+00 0.0000000e+00
     58    139 0.0000000e+00 3.2430700e-11 1.6215400e-11
     58    139 1.0000000e+00 9.0880000e-11 4.5440000e-11
     58    140 0.0000000e+00 2.3392190e-08 1.1696090e-08
     58    141 0.0000000e+00 2.9371500e-06 1.0889920e-06
     58    142 0.0000000e+00 4.1624500e-05 1.7013580e-05
     58    143 0.0000000e+00 2.1979920e-04 8.5317780e-05
     58    144 0.0000000e+00 1.0709510e-03 3.9541660e-04
     58    145 0.0000000e+00 3.7896780e-03 1.2465330e-03
     58    146 0.0000000e+00 1.4018280e-02 2.8655310e-03
     58    147 0.0000000e+00 1.2281730e-02 1.7087980e-03
     58    148 0.0000000e+00 9.8538170e-03 1.3288460e-03
     58    149 0.0000000e+00 5.5927210e-03 9.3989410e-04
     58    150 0.0000000e+00 2.0966730e-03 5.1550100e-04
     58    151 0.0000000e+00 1.6749000e-05 5.7778860e-06
     58    151 1.0000000e+00 1.4135280e-04 7.0406790e-05
     58    152 0.0000000e+00 2.6374750e-05 1.0891250e-05
     58    153 0.0000000e+00 3.9802520e-06 1.8678300e-06
     58    154 0.0000000e+00 3.7909940e-07 1.9802660e-07
     58    155 0.0000000e+00 1.7157000e-08 1.0579580e-08
     58    156 0.0000000e+00 3.2678600e-11 2.2842400e-11
     58    157 0.0000000e+00 2.5072500e-13 1.2536200e-13
     58    158 0.0000000e+00 6.6192400e-15 3.3096200e-15
     58    159 0.0000000e+00 8.5842600e-17 4.2921300e-17
     58    160 0.0000000e+00 0.0000000e+00 0.0000000e+00
     59    138 0.0000000e+00 0.0000000e+00 0.0000000e+00
     59    138 1.0000000e+00 0.0000000e+00 0.0000000e+00
     59    139 0.0000000e+00 0.0000000e+00 0.0000000e+00
     59    140 0.0000000e+00 2.9310200e-13 1.4655100e-13
     59    141 0.0000000e+00 4.0610200e-10 2.0305100e-10
     59    142 0.0000000e+00 3.2149790e-09 1.6074890e-09
     59    142 1.0000000e+00 8.7812250e-09 4.3906120e-09
     59    143 0.0000000e+00 2.0962710e-07 8.2000860e-08
     59    144 0.0000000e+00 5.6759090e-07 2.1805690e-07
     59    144 1.0000000e+00 1.8760780e-06 7.2075570e-07
     59    145 0.0000000e+00 4.1468860e-05 1.5719670e-05
     59    146 0.0000000e+00 6.0697900e-04 2.3053480e-04
     59    147 0.0000000e+00 1.9142660e-03 7.1763550e-04
     59    148 0.0000000e+00 2.1807930e-03 8.6009310e-04
     59    148 1.0000000e+00 2.7768510e-04 1.1291010e-04
     59    149 0.0000000e+00 3.8857870e-03 1.0339840e-03
     59    150 0.0000000e+00 3.4206780e-03 1.0373300e-03
     59    151 0.0000000e+00 1.6501830e-03 3.6272600e-04
     59    152 0.0000000e+00 6.0965100e-04 2.0963430e-04
     59    153 0.0000000e+00 2.4535360e-04 9.7137670e-05
     59    154 0.0000000e+00 4.4943250e-05 2.2346110e-05
     59    155 0.0000000e+00 7.4994260e-06 4.5414140e-06
     59    156 0.0000000e+00 8.9147840e-08 6.2301820e-08
     59    157 0.0000000e+00 3.0857870e-09 2.1084500e-09
     59    158 0.0000000e+00 1.5253000e-10 1.3112500e-10
     59    159 0.0000000e+00 5.7897500e-12 2.8948700e-12
     59    160 0.0000000e+00 1.0810900e-13 5.4054600e-14
     59    161 0.0000000e+00 7.4821200e-17 3.7410600e-17
     59    162 0.0000000e+00 5.7470600e-20 2.8735300e-20
     60    141 0.0000000e+00 0.0000000e+00 0.0000000e+00
     60    141 1.0000000e+00 0.0000000e+00 0.0000000e+00
     60    142 0.0000000e+00 2.5016900e-13 1.2508400e-13
     60    143 0.0000000e+00 8.5783300e-12 4.2891600e-12
     60    144 0.0000000e+00 4.7164900e-10 2.3582500e-10
     60    145 0.0000000e+00 2.4134140e-08 1.2067070e-08
     60    146 0.0000000e+00 2.4321710e-06 9.2654980e-07
     60    147 0.0000000e+00 1.6681000e-05 6.4903730e-06
     60    148 0.0000000e+00 6.8904420e-05 2.8989310e-05
     60    149 0.0000000e+00 2.1839590e-04 9.0017160e-05
     60    150 0.0000000e+00 7.9147700e-04 3.2215800e-04
     60    151 0.0000000e+00 1.2954860e-03 3.8193520e-04
     60    152 0.0000000e+00 1.6427570e-03 4.4095080e-04
     60    153 0.0000000e+00 9.4105270e-04 2.1409750e-04
     60    154 0.0000000e+00 4.9785600e-04 1.5017590e-04
     60    155 0.0000000e+00 1.6793040e-04 8.1422820e-05
     60    156 0.0000000e+00 1.6484670e-05 1.0662590e-05
     60    157 0.0000000e+00 1.5349180e-06 9.9256100e-07
     60    158 0.0000000e+00 2.4150370e-07 2.0741370e-07
     60    159 0.0000000e+00 1.6026400e-08 1.7060700e-08
     60    160 0.0000000e+00 9.2133900e-10 9.8513300e-10
     60    161 0.0000000e+00 2.9675700e-12 1.4837800e-12
     60    162 0.0000000e+00 1.6999100e-14 8.4995600e-15
     60    163 0.0000000e+00 0.0000000e+00 0.0000000e+00
     60    164 0.0000000e+00 0.0000000e+00 0.0000000e+00
     61    144 0.0000000e+00 0.0000000e+00 0.0000000e+00
     61    145 0.0000000e+00 6.6318500e-13 3.3159200e-13
     61    146 0.0000000e+00 2.5799900e-10 1.2899900e-10
     61    147 0.0000000e+00 6.1451840e-09 3.0725920e-09
     61    148 0.0000000e+00 1.5370690e-08 6.4826900e-09
     61    148 1.0000000e+00 4.1982570e-08 1.7706030e-08
     61    149 0.0000000e+00 7.2982280e-07 3.0476320e-07
     61    150 0.0000000e+00 7.5984160e-06 3.2967540e-06
     61    151 0.0000000e+00 7.6262400e-05 3.1324710e-05
     61    152 0.0000000e+00 9.8835210e-05 4.3535060e-05
     61    152 1.0000000e+00 1.0601310e-04 4.6687390e-05
     61    152 2.0000000e+00 0.0000000e+00 0.0000000e+00
     61    153 0.0000000e+00 2.9132550e-04 1.2971280e-04
     61    154 0.0000000e+00 6.4144100e-05 3.2474330e-05
     61    154 1.0000000e+00 1.8316320e-04 8.9385630e-05
     61    155 0.0000000e+00 2.9035280e-04 1.2425670e-04
     61    156 0.0000000e+00 1.0484710e-04 5.3472280e-05
     61    157 0.0000000e+00 3.7070260e-05 2.1169640e-05
     61    158 0.0000000e+00 1.0005990e-05 8.2920440e-06
     61    159 0.0000000e+00 1.8586620e-06 1.9532010e-06
     61    160 0.0000000e+00 2.2574520e-07 2.4110520e-07
     61    161 0.0000000e+00 5.4062250e-09 5.7762760e-09
     61    162 0.0000000e+00 9.8402800e-11 1.0450400e-10
     61    163 0.0000000e+00 2.2550100e-12 1.1275000e-12
     61    164 0.0000000e+00 1.4381900e-13 7.1909400e-14
     61    165 0.0000000e+00 0.0000000e+00 0.0000000e+00
     61    166 0.0000000e+00 1.1468100e-18 5.7340600e-19
     62    146 0.0000000e+00 0.0000000e+00 0.0000000e+00
     62    147 0.0000000e+00 8.4750600e-14 4.2375300e-14
     62    148 0.0000000e+00 3.4765800e-12 1.7382900e-12
     62    149 0.0000000e+00 1.2264100e-10 6.1320300e-11
     62    150 0.0000000e+00 6.4684040e-09 3.2342020e-09
     62    151 0.0000000e+00 2.4083400e-07 9.9087140e-08
     62    152 0.0000000e+00 2.6590640e-06 1.1748750e-06
     62    153 0.0000000e+00 2.6575020e-06 1.2648930e-06
     62    153 1.0000000e+00 3.2328740e-06 1.5387550e-06
     62    154 0.0000000e+00 1.5115660e-05 7.8872450e-06
     62    155 0.0000000e+00 4.1024090e-05 2.4865300e-05
     62    156 0.0000000e+00 8.4485390e-05 4.8755880e-05
     62    157 0.0000000e+00 6.2643410e-05 2.9248210e-05
     62    158 0.0000000e+00 4.4037720e-05 1.9311590e-05
     62    159 0.0000000e+00 1.2416810e-05 7.6414610e-06
     62    160 0.0000000e+00 4.9334360e-06 3.9327270e-06
     62    161 0.0000000e+00 4.6820210e-07 4.8861960e-07
     62    162 0.0000000e+00 4.6934450e-08 4.9551310e-08
     62    163 0.0000000e+00 2.3650590e-09 2.5102570e-09
     62    164 0.0000000e+00 3.9068100e-10 4.1836100e-10
     62    165 0.0000000e+00 1.1947500e-11 5.9737500e-12
     62    166 0.0000000e+00 5.7596300e-14 2.8798100e-14
     62    167 0.0000000e+00 9.1425900e-17 4.5712900e-17
     62    168 0.0000000e+00 0.0000000e+00 0.0000000e+00
     63    149 0.0000000e+00 0.0000000e+00 0.0000000e+00
     63    150 0.0000000e+00 0.0000000e+00 0.0000000e+00
     63    150 1.0000000e+00 0.0000000e+00 0.0000000e+00
     63    151 0.0000000e+00 3.4137600e-11 1.7068800e-11
     63    152 0.0000000e+00 4.3891800e-10 2.1945900e-10
     63    152 1.0000000e+00 4.3031000e-11 2.1515500e-11
     63    152 2.0000000e+00 4.7334200e-10 2.3667100e-10
     63    153 0.0000000e+00 5.9460340e-09 2.8305060e-09
     63    154 0.0000000e+00 1.2194000e-08 6.3775790e-09
     63    154 1.0000000e+00 1.7080490e-08 8.9335170e-09
     63    155 0.0000000e+00 3.8629310e-07 2.3818840e-07
     63    156 0.0000000e+00 2.9349510e-06 2.0509100e-06
     63    157 0.0000000e+00 8.0861020e-06 5.4867270e-06
     63    158 0.0000000e+00 9.1611750e-06 7.6184750e-06
     63    159 0.0000000e+00 6.3702770e-06 5.9025630e-06
     63    160 0.0000000e+00 5.0872840e-06 4.0220610e-06
     63    161 0.0000000e+00 2.6347240e-06 1.4418580e-06
     63    162 0.0000000e+00 5.4464910e-07 4.9699810e-07
     63    163 0.0000000e+00 1.0675670e-07 1.0523960e-07
     63    164 0.0000000e+00 2.3790640e-08 2.5198860e-08
     63    165 0.0000000e+00 3.2385950e-09 3.4340980e-09
     63    166 0.0000000e+00 5.5743600e-11 5.9073800e-11
     63    167 0.0000000e+00 6.2143900e-13 3.1071900e-13
     63    168 0.0000000e+00 2.0135500e-14 1.0067800e-14
     63    169 0.0000000e+00 2.0705400e-15 1.0352700e-15
     63    170 0.0000000e+00 2.1891200e-17 1.0945600e-17
     64    151 0.0000000e+00 0.0000000e+00 0.0000000e+00
     64    152 0.0000000e+00 0.0000000e+00 0.0000000e+00
     64    153 0.0000000e+00 2.5222700e-13 1.2611400e-13
     64    154 0.0000000e+00 4.1305000e-12 2.0652500e-12
     64    155 0.0000000e+00 1.3495300e-11 6.7476300e-12
     64    155 1.0000000e+00 1.7548900e-10 8.7744400e-11
     64    156 0.0000000e+00 8.8708510e-09 6.2004560e-09
     64    157 0.0000000e+00 6.2289710e-08 4.2562630e-08
     64    158 0.0000000e+00 2.0337540e-07 1.7482500e-07
     64    159 0.0000000e+00 2.2781920e-07 2.4246610e-07
     64    160 0.0000000e+00 6.9896800e-07 7.4258530e-07
     64    161 0.0000000e+00 1.2292800e-06 1.1865790e-06
     64    162 0.0000000e+00 9.4110010e-07 5.9520560e-07
     64    163 0.0000000e+00 3.1611420e-07 1.7410410e-07
     64    164 0.0000000e+00 1.9875650e-07 1.0025040e-07
     64    165 0.0000000e+00 4.4061130e-08 3.3622210e-08
     64    166 0.0000000e+00 5.1251150e-09 5.0697580e-09
     64    167 0.0000000e+00 1.7576100e-10 1.8654900e-10
     64    168 0.0000000e+00 2.1825200e-11 2.3311000e-11
     64    169 0.0000000e+00 2.2237300e-12 1.1118600e-12
     64    170 0.0000000e+00 9.1280400e-14 4.5640200e-14
     64    171 0.0000000e+00 1.3962700e-15 6.9813500e-16
     64    172 0.0000000e+00 3.1978100e-18 1.5989100e-18
     65    154 0.0000000e+00 0.0000000e+00 0.0000000e+00
     65    154 1.0000000e+00 0.0000000e+00 0.0000000e+00
     65    154 2.0000000e+00 0.0000000e+00 0.0000000e+00
     65    155 0.0000000e+00 0.0000000e+00 0.0000000e+00
     65    156 0.0000000e+00 6.4050300e-13 3.2025100e-13
     65    156 1.0000000e+00 6.2488100e-14 3.1244000e-14
     65    156 2.0000000e+00 0.0000000e+00 0.0000000e+00
     65    157 0.0000000e+00 2.1959100e-11 1.0979500e-11
     65    158 0.0000000e+00 4.1686400e-11 2.0843200e-11
     65    158 1.0000000e+00 4.0669700e-12 2.0334800e-12
     65    158 2.0000000e+00 8.6833200e-11 4.3416600e-11
     65    159 0.0000000e+00 4.1480000e-10 2.0740000e-10
     65    160 0.0000000e+00 3.6513630e-09 3.9042060e-09
     65    161 0.0000000e+00 4.2305410e-08 4.5202910e-08
     65    162 0.0000000e+00 5.6808220e-08 6.0222940e-08
     65    163 0.0000000e+00 7.0776550e-08 7.3249100e-08
     65    164 0.0000000e+00 6.2024610e-08 6.2959250e-08
     65    165 0.0000000e+00 4.4177420e-08 3.3522420e-08
     65    166 0.0000000e+00 1.3753450e-08 8.8176120e-09
     65    167 0.0000000e+00 2.7008730e-09 2.1640050e-09
     65    168 0.0000000e+00 5.3766900e-10 5.4595800e-10
     65    169 0.0000000e+00 1.3245900e-10 1.3651600e-10
     65    170 0.0000000e+00 9.7562400e-12 1.0355900e-11
     65    171 0.0000000e+00 6.9713600e-13 3.4856200e-13
     65    172 0.0000000e+00 5.0438800e-15 2.5219400e-15
     66    157 0.0000000e+00 0.0000000e+00 0.0000000e+00
     66    157 1.0000000e+00 0.0000000e+00 0.0000000e+00
     66    158 0.0000000e+00 0.0000000e+00 0.0000000e+00
     66    159 0.0000000e+00 3.2873900e-14 1.6437000e-14
     66    160 0.0000000e+00 1.6095300e-12 8.0476400e-13
     66    161 0.0000000e+00 8.1883400e-11 4.0941700e-11
     66    162 0.0000000e+00 4.1074700e-10 4.3622200e-10
     66    163 0.0000000e+00 9.8497300e-10 1.0459410e-09
     66    164 0.0000000e+00 3.0337150e-09 3.2475950e-09
     66    165 0.0000000e+00 2.8427610e-09 3.0154530e-09
     66    165 1.0000000e+00 2.5649800e-10 2.7234100e-10
     66    166 0.0000000e+00 5.8910740e-09 5.7804260e-09
     66    167 0.0000000e+00 2.8807960e-09 2.2313960e-09
     66    168 0.0000000e+00 1.9033100e-09 9.1807200e-10
     66    169 0.0000000e+00 5.9114700e-10 3.3231400e-10
     66    170 0.0000000e+00 1.4235700e-10 9.1039200e-11
     66    171 0.0000000e+00 2.0676800e-11 2.0319500e-11
     66    172 0.0000000e+00 9.0026800e-13 4.4953000e-13
     67    160 0.0000000e+00 0.0000000e+00 0.0000000e+00
     67    160 1.0000000e+00 0.0000000e+00 0.0000000e+00
     67    160 2.0000000e+00 0.0000000e+00 0.0000000e+00
     67    161 0.0000000e+00 0.0000000e+00 0.0000000e+00
     67    161 1.0000000e+00 0.0000000e+00 0.0000000e+00
     67    162 0.0000000e+00 2.7474900e-14 1.3737500e-14
     67    162 1.0000000e+00 3.5157600e-14 1.7578800e-14
     67    163 0.0000000e+00 5.8100200e-13 2.9050100e-13
     67    163 1.0000000e+00 7.7730400e-14 3.8865200e-14
     67    164 0.0000000e+00 1.0378400e-12 5.1892200e-13
     67    164 1.0000000e+00 2.8347100e-12 1.4173500e-12
     67    165 0.0000000e+00 1.1714300e-11 5.8571700e-12
     67    166 0.0000000e+00 1.6248200e-11 1.7219900e-11
     67    166 1.0000000e+00 5.8240300e-11 6.1723100e-11
     67    167 0.0000000e+00 2.1110000e-10 2.2449700e-10
     67    168 0.0000000e+00 1.6484500e-10 1.7511500e-10
     67    168 1.0000000e+00 5.9092600e-11 6.2952200e-11
     67    169 0.0000000e+00 2.1332300e-10 2.1080400e-10
     67    170 0.0000000e+00 8.2191000e-11 7.5677200e-11
     67    170 1.0000000e+00 6.0316000e-12 6.2448000e-12
     67    171 0.0000000e+00 4.8603600e-11 2.8442400e-11
     67    172 0.0000000e+00 5.2485600e-12 4.2222400e-12
     68    163 0.0000000e+00 0.0000000e+00 0.0000000e+00
     68    164 0.0000000e+00 0.0000000e+00 0.0000000e+00
     68    165 0.0000000e+00 1.9766600e-15 9.8833100e-16
     68    166 0.0000000e+00 9.4869500e-14 4.7434800e-14
     68    167 0.0000000e+00 7.5341400e-13 3.7670700e-13
     68    167 1.0000000e+00 1.0079700e-13 5.0398400e-14
     68    168 0.0000000e+00 3.2382900e-12 1.6191400e-12
     68    169 0.0000000e+00 5.8362800e-12 2.9181200e-12
     68    170 0.0000000e+00 8.5481800e-12 9.0651100e-12
     68    171 0.0000000e+00 9.4934800e-12 9.9267500e-12
     68    172 0.0000000e+00 5.5408400e-12 4.2930000e-12
     69    166 0.0000000e+00 0.0000000e+00 0.0000000e+00
     69    166 1.0000000e+00 0.0000000e+00 0.0000000e+00
     69    167 0.0000000e+00 0.0000000e+00 0.0000000e+00
     69    168 0.0000000e+00 1.0405600e-15 5.2028000e-16
     69    169 0.0000000e+00 9.5311100e-15 4.7655500e-15
     69    170 0.0000000e+00 2.4888600e-14 1.2444300e-14
     69    171 0.0000000e+00 1.2761200e-13 6.3805800e-14
     69    172 0.0000000e+00 2.0430900e-13 1.0214700e-13
     70    168 0.0000000e+00 0.0000000e+00 0.0000000e+00
     70    169 0.0000000e+00 0.0000000e+00 0.0000000e+00
     70    169 1.0000000e+00 0.0000000e+00 0.0000000e+00
     70    170 0.0000000e+00 8.3107000e-18 4.1553500e-18
     70    171 0.0000000e+00 1.1337500e-17 5.6687600e-18
     70    171 1.0000000e+00 8.4743000e-17 4.2371500e-17
     70    172 0.0000000e+00 9.8714100e-16 4.9357000e-16
     71    172 0.0000000e+00 0.0000000e+00 0.0000000e+00
     71    172 1.0000000e+00 0.0000000e+00 0.0000000e+00


