    2   1.0706E-04
    3   0.0000E+00
    4   1.7155E-03
    5   2.3956E-05
    6   2.3127E-06
    7   5.2101E-08
    8   8.6085E-07
    9   4.8780E-07
   10   4.5072E-07
   65   1.1663E-06
   66   3.3199E-06
   67   1.1109E-05
   68   1.7518E-05
   69   1.5114E-05
   70   6.3004E-05
   71   2.4303E-05
   72   1.0482E-04
   73   1.4540E-04
   74   2.2550E-04
   75   3.9933E-04
   76   4.9749E-04
   77   8.3286E-04
   78   1.3918E-03
   79   2.0410E-03
   80   2.6025E-03
   81   4.6005E-03
   82   8.3336E-03
   83   1.1801E-02
   84   1.4220E-02
   85   2.4086E-02
   86   2.2305E-02
   87   3.1693E-02
   88   3.7768E-02
   89   4.3658E-02
   90   4.7804E-02
   91   5.0359E-02
   92   5.1902E-02
   93   5.0126E-02
   94   5.2546E-02
   95   5.0737E-02
   96   7.1084E-02
   97   3.2894E-02
   98   4.8710E-02
   99   4.2939E-02
  100   3.5089E-02
  101   3.1846E-02
  102   3.9458E-02
  103   1.6140E-02
  104   1.8208E-02
  105   2.2058E-02
  106   1.5197E-02
  107   1.2073E-02
  108   1.4281E-02
  109   2.0547E-02
  110   6.4035E-03
  111   1.3256E-02
  112   1.4185E-02
  113   1.2166E-02
  114   1.2389E-02
  115   1.3993E-02
  116   9.7638E-03
  117   1.1046E-02
  118   1.5406E-02
  119   7.8855E-03
  120   1.1548E-02
  121   1.3489E-02
  122   1.6214E-02
  123   8.3956E-03
  124   1.4380E-02
  125   1.9214E-02
  126   1.8293E-02
  127   2.2098E-02
  128   2.5994E-02
  129   2.7131E-02
  130   3.4973E-02
  131   6.7504E-02
  132   2.4837E-02
  133   4.8138E-02
  134   5.7157E-02
  135   5.5412E-02
  136   6.2795E-02
  137   5.4025E-02
  138   8.0007E-02
  139   2.3160E-02
  140   3.9524E-02
  141   3.7520E-02
  142   4.2958E-02
  143   3.3058E-02
  144   2.9885E-02
  145   2.0762E-02
  146   1.9247E-02
  147   1.7114E-02
  148   6.3348E-03
  149   6.2401E-03
  150   4.8646E-03
  151   3.8901E-03
  152   1.8415E-03
  153   1.8205E-03
  154   1.0701E-03
  155   4.7266E-04
  156   4.7377E-04
  157   3.2840E-04
  158   1.9832E-04
  159   1.1701E-04
  160   9.0262E-05
  161   2.6083E-05
  162   2.7833E-05
  163   1.6896E-05
  164   9.9760E-06
  165   5.8395E-06
  166   2.6140E-06
  167   2.0620E-06
  168   1.1101E-06
  169   7.9511E-07
  170   3.9186E-07
  171   2.0865E-07
  172   1.6895E-07
