   66   2.0800E-09
   67   4.1700E-09
   68   7.3300E-09
   69   1.5600E-08
   70   3.1200E-08
   71   5.2200E-08
   72   1.1400E-07
   73   1.8600E-07
   74   5.2200E-07
   75   5.2200E-07
   76   2.0900E-06
   77   5.1830E-05
   78   1.4569E-04
   79   2.9249E-04
   80   5.5415E-04
   81   9.1987E-04
   82   1.3449E-03
   83   2.1888E-03
   84   3.5368E-03
   85   6.7478E-03
   86   8.3039E-03
   87   9.9969E-03
   88   1.1808E-02
   89   1.3459E-02
   90   1.5334E-02
   91   2.1242E-02
   92   2.3974E-02
   93   2.6479E-02
   94   2.8269E-02
   95   3.3930E-02
   96   3.8565E-02
   97   4.2503E-02
   98   4.5637E-02
   99   5.1279E-02
  100   5.0645E-02
  101   5.0859E-02
  102   5.3687E-02
  103   5.6765E-02
  104   5.5094E-02
  105   5.5508E-02
  106   5.0645E-02
  107   3.8346E-02
  108   3.0394E-02
  109   2.5466E-02
  110   2.3297E-02
  111   2.2342E-02
  112   1.9324E-02
  113   1.7802E-02
  114   1.4255E-02
  115   1.2374E-02
  116   9.1641E-03
  117   8.1031E-03
  118   7.1276E-03
  119   6.1094E-03
  120   6.1094E-03
  121   6.4760E-03
  122   7.7565E-03
  123   8.8062E-03
  124   1.0763E-02
  125   1.3295E-02
  126   1.5658E-02
  127   1.9862E-02
  128   2.4621E-02
  129   2.6592E-02
  130   2.9355E-02
  131   3.7812E-02
  132   5.2691E-02
  133   5.5594E-02
  134   5.9311E-02
  135   6.1776E-02
  136   5.5045E-02
  137   5.1608E-02
  138   5.2310E-02
  139   4.8936E-02
  140   4.8794E-02
  141   4.8232E-02
  142   4.3102E-02
  143   3.6324E-02
  144   3.1665E-02
  145   2.5606E-02
  146   2.1566E-02
  147   1.9569E-02
  148   1.7616E-02
  149   1.5929E-02
  150   1.2720E-02
  151   9.0520E-03
  152   8.7259E-03
  153   6.5929E-03
  154   4.5569E-03
  155   3.6843E-03
  156   2.7147E-03
  157   1.7840E-03
  158   1.1925E-03
  159   7.3589E-04
  160   4.5763E-04
  161   2.6856E-04
  162   1.3961E-04
  163   6.1180E-05
  164   3.0540E-05
  165   2.0350E-05
  166   1.0280E-05
  167   3.9800E-06
  168   1.7300E-06
  169   9.6800E-07
  170   4.5900E-07
  171   1.9700E-07
  172   1.5300E-07
