# header:
#   title: "Pu242+n induced fission product yield"
#   source: "ENDF"
#   creator: "Shin Okumura"
#   date: 2023-07-14
#   format: "YANDF-0.1"
# endf:
#   library: "endfb8.0"
#   author: "T.R. ENGLAND ET AL"
#   year: 1989
# target:
#   Z: 94
#   A: 242
#   nuclide: "Pu242"
# reaction:
#   type: "(n,f)"
#   Incident energy [MeV]: 1.4000000e+07
# datablock:
#   quantity: "cumulative fission product yield"
#   columns: 4
#   entries: 1263
##   A      Z  ISO           Yield         dYield
##                           %/fission     %/fission
     23     66 0.0000000e+00 1.6471000e-16 1.0541400e-16
     23     67 0.0000000e+00 3.5677800e-17 2.2833800e-17
     23     68 0.0000000e+00 3.6646500e-18 2.3453700e-18
     24     66 0.0000000e+00 8.2700000e-13 5.2928000e-13
     24     67 0.0000000e+00 1.5200000e-13 9.7280000e-14
     24     68 0.0000000e+00 1.8400000e-14 1.1776000e-14
     24     69 0.0000000e+00 1.0796400e-15 6.9097200e-16
     24     70 0.0000000e+00 0.0000000e+00 0.0000000e+00
     24     71 0.0000000e+00 1.7905400e-17 1.1459400e-17
     25     66 0.0000000e+00 8.5000000e-11 5.4400000e-11
     25     67 0.0000000e+00 3.8800000e-11 2.4832000e-11
     25     68 0.0000000e+00 1.1600000e-11 7.4240000e-12
     25     69 0.0000000e+00 2.8400000e-12 1.8176000e-12
     25     70 0.0000000e+00 4.9400000e-13 3.1616000e-13
     25     71 0.0000000e+00 4.7100000e-14 3.0144000e-14
     25     72 0.0000000e+00 1.8223600e-15 1.1663100e-15
     25     73 0.0000000e+00 2.6993100e-16 1.7275600e-16
     26     66 0.0000000e+00 9.3500000e-10 5.9840000e-10
     26     67 0.0000000e+00 9.5800000e-10 6.1312000e-10
     26     68 0.0000000e+00 6.6400000e-10 4.2496000e-10
     26     69 0.0000000e+00 3.9800000e-10 2.5472000e-10
     26     70 0.0000000e+00 1.6900000e-10 1.0816000e-10
     26     71 0.0000000e+00 4.1100000e-11 2.6304000e-11
     26     72 0.0000000e+00 9.1500000e-12 5.8560000e-12
     26     73 0.0000000e+00 1.1500000e-12 7.3600000e-13
     26     74 0.0000000e+00 1.6300000e-13 1.0432000e-13
     26     75 0.0000000e+00 7.2229700e-15 4.6227000e-15
     26     76 0.0000000e+00 0.0000000e+00 0.0000000e+00
     27     66 0.0000000e+00 1.9400000e-09 1.2416000e-09
     27     67 0.0000000e+00 3.3800000e-09 2.1632000e-09
     27     68 0.0000000e+00 4.4600000e-09 2.8544000e-09
     27     69 0.0000000e+00 5.7400000e-09 3.6736000e-09
     27     70 0.0000000e+00 5.4500000e-09 3.4880000e-09
     27     71 0.0000000e+00 3.1800000e-09 2.0352000e-09
     27     72 0.0000000e+00 1.7500000e-09 1.1200000e-09
     27     73 0.0000000e+00 5.4300000e-10 3.4752000e-10
     27     74 0.0000000e+00 1.9600000e-10 1.2544000e-10
     27     75 0.0000000e+00 1.9000000e-11 1.2160000e-11
     27     76 0.0000000e+00 4.8500000e-12 3.1040000e-12
     27     77 0.0000000e+00 2.2181300e-12 1.4196000e-12
     27     78 0.0000000e+00 4.2621400e-13 2.7277700e-13
     27     79 0.0000000e+00 2.3009400e-13 1.4726000e-13
     28     66 0.0000000e+00 2.0800000e-09 9.3600000e-10
     28     67 0.0000000e+00 4.1500000e-09 1.8675000e-09
     28     68 0.0000000e+00 7.1200000e-09 4.5568000e-09
     28     69 0.0000000e+00 1.4000000e-08 8.9600000e-09
     28     70 0.0000000e+00 2.3400000e-08 1.4976000e-08
     28     71 0.0000000e+00 2.7500000e-08 1.7600000e-08
     28     72 0.0000000e+00 3.3300000e-08 2.1312000e-08
     28     73 0.0000000e+00 2.3500000e-08 1.5040000e-08
     28     74 0.0000000e+00 2.0600000e-08 1.3184000e-08
     28     75 0.0000000e+00 4.8500000e-09 3.1040000e-09
     28     76 0.0000000e+00 3.1500000e-09 2.0160000e-09
     28     77 0.0000000e+00 9.4500000e-09 6.0480000e-09
     28     78 0.0000000e+00 2.1400000e-09 1.3696000e-09
     28     79 0.0000000e+00 9.8028300e-10 6.2738100e-10
     28     80 0.0000000e+00 1.9400000e-11 1.2416000e-11
     28     81 0.0000000e+00 2.0148300e-12 1.2894900e-12
     28     82 0.0000000e+00 2.5300000e-14 1.6192000e-14
     29     66 0.0000000e+00 2.0800000e-09 9.3600000e-10
     29     67 0.0000000e+00 4.1700000e-09 1.8765000e-09
     29     68 0.0000000e+00 7.2600000e-09 3.2670000e-09
     29     68 1.0000000e+00 1.5000000e-10 9.6000000e-11
     29     69 0.0000000e+00 1.5600000e-08 7.0200000e-09
     29     70 0.0000000e+00 1.3600000e-08 8.7040000e-09
     29     70 1.0000000e+00 1.7300000e-08 1.1072000e-08
     29     71 0.0000000e+00 4.9800000e-08 3.1872000e-08
     29     72 0.0000000e+00 9.7600000e-08 6.2464000e-08
     29     73 0.0000000e+00 1.2700000e-07 8.1280000e-08
     29     74 0.0000000e+00 2.3100000e-07 1.4784000e-07
     29     75 0.0000000e+00 1.2000000e-07 7.6800000e-08
     29     76 0.0000000e+00 1.8400000e-07 1.1776000e-07
     29     77 0.0000000e+00 1.3200000e-06 8.4480000e-07
     29     78 0.0000000e+00 7.5200000e-07 4.8128000e-07
     29     79 0.0000000e+00 2.1700000e-07 1.3888000e-07
     29     80 0.0000000e+00 4.3600000e-08 2.7904000e-08
     29     81 0.0000000e+00 5.3000000e-09 3.3920000e-09
     29     82 0.0000000e+00 3.8600000e-10 2.4704000e-10
     29     83 0.0000000e+00 1.6313200e-11 1.0440500e-11
     29     84 0.0000000e+00 8.1657900e-13 5.2261000e-13
     30     66 0.0000000e+00 2.0800000e-09 6.6560000e-10
     30     67 0.0000000e+00 4.1700000e-09 1.3344000e-09
     30     68 0.0000000e+00 7.3300000e-09 2.3456000e-09
     30     69 0.0000000e+00 1.5600000e-08 7.0200000e-09
     30     69 1.0000000e+00 2.4300000e-11 1.5552000e-11
     30     70 0.0000000e+00 3.1200000e-08 7.1760000e-09
     30     71 0.0000000e+00 5.0200000e-08 2.2590000e-08
     30     71 1.0000000e+00 1.9500000e-09 1.2480000e-09
     30     72 0.0000000e+00 1.1300000e-07 5.0850000e-08
     30     73 0.0000000e+00 1.8300000e-07 1.1712000e-07
     30     74 0.0000000e+00 4.8500000e-07 3.1040000e-07
     30     75 0.0000000e+00 4.2200000e-07 2.7008000e-07
     30     76 0.0000000e+00 1.2600000e-06 8.0640000e-07
     30     77 0.0000000e+00 1.9070000e-05 1.2204800e-05
     30     78 0.0000000e+00 2.4850000e-05 1.5904000e-05
     30     79 0.0000000e+00 1.7190000e-05 1.1001600e-05
     30     80 0.0000000e+00 8.3300000e-06 5.3312000e-06
     30     81 0.0000000e+00 2.5600000e-06 1.6384000e-06
     30     82 0.0000000e+00 4.7600000e-07 3.0464000e-07
     30     83 0.0000000e+00 6.9500000e-08 4.4480000e-08
     30     84 0.0000000e+00 4.1000000e-09 2.6240000e-09
     30     85 0.0000000e+00 3.5962800e-10 2.3016200e-10
     30     86 0.0000000e+00 1.0700000e-11 6.8480000e-12
     31     66 0.0000000e+00 0.0000000e+00 0.0000000e+00
     31     67 0.0000000e+00 0.0000000e+00 0.0000000e+00
     31     68 0.0000000e+00 0.0000000e+00 0.0000000e+00
     31     69 0.0000000e+00 1.5600000e-08 4.9920000e-09
     31     70 0.0000000e+00 1.4600000e-12 9.3440000e-13
     31     71 0.0000000e+00 5.2200000e-08 1.6704000e-08
     31     72 1.0000000e+00 2.0950000e-10 1.3408000e-10
     31     72 0.0000000e+00 1.1400000e-07 7.2960000e-08
     31     73 0.0000000e+00 1.8600000e-07 8.3700000e-08
     31     74 1.0000000e+00 3.8200000e-07 2.4448000e-07
     31     74 0.0000000e+00 4.2650000e-07 2.7296000e-07
     31     75 0.0000000e+00 5.1900000e-07 2.3355000e-07
     31     76 0.0000000e+00 2.0300000e-06 9.1350000e-07
     31     77 0.0000000e+00 4.6590000e-05 2.0965500e-05
     31     78 0.0000000e+00 1.0868000e-04 6.9555200e-05
     31     79 0.0000000e+00 1.5134000e-04 9.6857600e-05
     31     80 0.0000000e+00 1.5832000e-04 1.0132500e-04
     31     81 0.0000000e+00 1.1345000e-04 7.2608000e-05
     31     82 0.0000000e+00 5.1290000e-05 3.2825600e-05
     31     83 0.0000000e+00 1.8660000e-05 1.1942400e-05
     31     84 0.0000000e+00 2.8600000e-06 1.8304000e-06
     31     85 0.0000000e+00 9.4600000e-07 6.0544000e-07
     31     86 0.0000000e+00 5.7700000e-08 3.6928000e-08
     31     87 0.0000000e+00 8.4265400e-10 5.3929800e-10
     31     88 0.0000000e+00 5.5965500e-11 3.5817900e-11
     31     89 0.0000000e+00 1.2798300e-11 8.1909400e-12
     32     66 0.0000000e+00 0.0000000e+00 0.0000000e+00
     32     67 0.0000000e+00 0.0000000e+00 0.0000000e+00
     32     68 0.0000000e+00 0.0000000e+00 0.0000000e+00
     32     69 0.0000000e+00 0.0000000e+00 0.0000000e+00
     32     70 0.0000000e+00 1.4600000e-12 9.3440000e-13
     32     71 0.0000000e+00 2.4300000e-14 1.5552000e-14
     32     71 1.0000000e+00 1.2100000e-14 7.7440000e-15
     32     72 0.0000000e+00 1.1400000e-07 3.6480000e-08
     32     73 0.0000000e+00 1.8600000e-07 4.2780000e-08
     32     73 1.0000000e+00 1.8600000e-07 5.9520000e-08
     32     74 0.0000000e+00 5.2200000e-07 1.6704000e-07
     32     75 0.0000000e+00 5.2200000e-07 2.3490000e-07
     32     75 1.0000000e+00 2.3700000e-08 1.0665000e-08
     32     76 0.0000000e+00 2.0900000e-06 6.6880000e-07
     32     77 0.0000000e+00 1.8810000e-05 8.4645000e-06
     32     77 1.0000000e+00 4.1670000e-05 2.6668800e-05
     32     78 0.0000000e+00 1.4403000e-04 6.4813500e-05
     32     79 1.0000000e+00 7.0839700e-05 4.5337400e-05
     32     79 0.0000000e+00 2.1045400e-04 1.3469100e-04
     32     80 0.0000000e+00 4.7656000e-04 3.0499800e-04
     32     81 0.0000000e+00 6.1982000e-04 3.9668500e-04
     32     82 0.0000000e+00 5.8739000e-04 3.7593000e-04
     32     83 0.0000000e+00 4.7139000e-04 3.0169000e-04
     32     84 0.0000000e+00 1.7936000e-04 1.1479000e-04
     32     85 0.0000000e+00 1.5658000e-04 1.0021100e-04
     32     86 0.0000000e+00 2.5830000e-05 1.6531200e-05
     32     87 0.0000000e+00 3.5900000e-06 2.2976000e-06
     32     88 0.0000000e+00 2.8100000e-07 1.7984000e-07
     32     89 0.0000000e+00 5.4525400e-08 3.4896300e-08
     32     90 0.0000000e+00 2.4193900e-10 1.5484100e-10
     32     91 0.0000000e+00 4.6735900e-11 2.9911000e-11
     33     69 0.0000000e+00 0.0000000e+00 0.0000000e+00
     33     71 0.0000000e+00 0.0000000e+00 0.0000000e+00
     33     72 0.0000000e+00 0.0000000e+00 0.0000000e+00
     33     73 0.0000000e+00 1.0300000e-14 6.5920000e-15
     33     74 0.0000000e+00 6.9200000e-13 4.4288000e-13
     33     74 1.0000000e+00 4.8400000e-13 3.0976000e-13
     33     75 0.0000000e+00 5.2200000e-07 1.6704000e-07
     33     76 0.0000000e+00 5.1200000e-10 3.2768000e-10
     33     77 0.0000000e+00 5.1830000e-05 1.6585600e-05
     33     78 0.0000000e+00 1.4568000e-04 6.5556000e-05
     33     79 0.0000000e+00 2.9234000e-04 1.3155300e-04
     33     80 0.0000000e+00 5.5215000e-04 2.4846800e-04
     33     81 0.0000000e+00 9.0198000e-04 5.7726700e-04
     33     82 0.0000000e+00 9.1764000e-04 5.8729000e-04
     33     82 1.0000000e+00 3.3036000e-04 2.1143000e-04
     33     83 0.0000000e+00 1.7494000e-03 1.1196200e-03
     33     84 1.0000000e+00 5.5863500e-04 3.5752700e-04
     33     84 0.0000000e+00 7.5442500e-04 4.8283200e-04
     33     85 0.0000000e+00 2.5934300e-03 1.6598000e-03
     33     86 0.0000000e+00 1.0662000e-03 6.8236800e-04
     33     87 0.0000000e+00 3.8651000e-04 2.4736600e-04
     33     88 0.0000000e+00 8.3090000e-05 5.3177600e-05
     33     89 0.0000000e+00 1.2070000e-05 7.7248000e-06
     33     90 0.0000000e+00 5.4003000e-07 3.4561900e-07
     33     91 0.0000000e+00 1.2293900e-07 7.8680700e-08
     33     92 0.0000000e+00 8.6637000e-10 5.5447700e-10
     33     93 0.0000000e+00 1.1625600e-10 7.4403800e-11
     34     72 0.0000000e+00 0.0000000e+00 0.0000000e+00
     34     73 0.0000000e+00 0.0000000e+00 0.0000000e+00
     34     73 1.0000000e+00 0.0000000e+00 0.0000000e+00
     34     74 0.0000000e+00 2.2600000e-13 1.0170000e-13
     34     75 0.0000000e+00 0.0000000e+00 0.0000000e+00
     34     76 0.0000000e+00 5.1300000e-10 3.2832000e-10
     34     77 0.0000000e+00 5.1830000e-05 1.1920900e-05
     34     77 1.0000000e+00 1.5600000e-07 4.9920000e-08
     34     78 0.0000000e+00 1.4569000e-04 4.6620800e-05
     34     79 0.0000000e+00 2.9249000e-04 1.3162100e-04
     34     79 1.0000000e+00 2.9236000e-04 1.3156200e-04
     34     80 0.0000000e+00 5.5415000e-04 1.7732800e-04
     34     81 0.0000000e+00 9.1977000e-04 4.1389700e-04
     34     81 1.0000000e+00 1.5470000e-05 9.9008000e-06
     34     82 0.0000000e+00 1.3449300e-03 4.3037800e-04
     34     83 0.0000000e+00 9.7313000e-04 4.3790900e-04
     34     83 1.0000000e+00 1.2001500e-03 5.4006800e-04
     34     84 0.0000000e+00 3.4608600e-03 1.5573900e-03
     34     85 0.0000000e+00 3.5077200e-03 2.2449400e-03
     34     85 1.0000000e+00 2.2581700e-03 1.4452300e-03
     34     86 0.0000000e+00 5.6002600e-03 3.5841700e-03
     34     87 0.0000000e+00 4.2575800e-03 2.7248500e-03
     34     88 0.0000000e+00 2.3458100e-03 1.5013200e-03
     34     89 0.0000000e+00 8.9251000e-04 5.7120700e-04
     34     90 0.0000000e+00 2.2768000e-04 1.4571500e-04
     34     91 0.0000000e+00 4.4000000e-05 2.8160000e-05
     34     92 0.0000000e+00 4.3500000e-06 2.7840000e-06
     34     93 0.0000000e+00 4.9529100e-07 3.1698700e-07
     34     94 0.0000000e+00 1.3800000e-08 8.8320000e-09
     34     95 0.0000000e+00 3.5197400e-10 2.2526300e-10
     34     96 0.0000000e+00 1.0300000e-11 6.5920000e-12
     35     75 0.0000000e+00 0.0000000e+00 0.0000000e+00
     35     77 0.0000000e+00 2.4900000e-14 1.5936000e-14
     35     77 1.0000000e+00 1.9200000e-14 1.2288000e-14
     35     78 0.0000000e+00 2.7200000e-12 1.7408000e-12
     35     79 0.0000000e+00 2.9249000e-04 9.3596800e-05
     35     79 1.0000000e+00 1.1300000e-10 7.2320000e-11
     35     80 0.0000000e+00 4.7800000e-09 3.0592000e-09
     35     80 1.0000000e+00 3.5800000e-09 2.2912000e-09
     35     81 0.0000000e+00 9.1987000e-04 2.9435800e-04
     35     82 0.0000000e+00 1.4400000e-06 9.2160000e-07
     35     82 1.0000000e+00 4.3700000e-07 2.7968000e-07
     35     83 0.0000000e+00 2.1887400e-03 7.0039700e-04
     35     84 0.0000000e+00 3.4879600e-03 1.5695800e-03
     35     84 1.0000000e+00 4.8180000e-05 3.0835200e-05
     35     85 0.0000000e+00 6.7257600e-03 1.0761200e-03
     35     86 0.0000000e+00 6.7664900e-03 3.0449200e-03
     35     86 1.0000000e+00 1.1731200e-03 7.5079700e-04
     35     87 0.0000000e+00 8.9206300e-03 2.0517500e-03
     35     88 0.0000000e+00 8.9692800e-03 4.0361800e-03
     35     89 0.0000000e+00 7.3640600e-03 3.3138300e-03
     35     90 0.0000000e+00 4.5282000e-03 2.8980500e-03
     35     91 0.0000000e+00 2.2334200e-03 1.4293900e-03
     35     92 0.0000000e+00 6.0895000e-04 3.8972800e-04
     35     93 0.0000000e+00 1.0964000e-04 7.0169600e-05
     35     94 0.0000000e+00 1.4630000e-05 9.3632000e-06
     35     95 0.0000000e+00 9.2586700e-07 5.9255500e-07
     35     96 0.0000000e+00 8.3400000e-08 5.3376000e-08
     35     97 0.0000000e+00 1.5210000e-09 9.7344100e-10
     35     98 0.0000000e+00 9.9781900e-11 6.3860400e-11
     36     77 0.0000000e+00 0.0000000e+00 0.0000000e+00
     36     78 0.0000000e+00 0.0000000e+00 0.0000000e+00
     36     79 1.0000000e+00 5.7500000e-15 3.6800000e-15
     36     79 0.0000000e+00 1.1500000e-14 7.3600000e-15
     36     80 0.0000000e+00 4.7800000e-09 3.0592000e-09
     36     81 0.0000000e+00 5.5500000e-11 3.5520000e-11
     36     81 1.0000000e+00 7.2100000e-12 4.6144000e-12
     36     82 0.0000000e+00 1.4600000e-06 9.3440000e-07
     36     83 0.0000000e+00 2.1887900e-03 5.0342200e-04
     36     83 1.0000000e+00 2.1887500e-03 7.0040000e-04
     36     84 0.0000000e+00 3.5367900e-03 1.1317700e-03
     36     85 0.0000000e+00 1.3624000e-03 1.0899200e-04
     36     85 1.0000000e+00 6.7299400e-03 5.3839500e-04
     36     86 0.0000000e+00 8.3038800e-03 2.6572400e-03
     36     87 0.0000000e+00 9.9859600e-03 7.9887700e-04
     36     88 0.0000000e+00 1.1709700e-02 9.3677300e-04
     36     89 0.0000000e+00 1.2861000e-02 2.9580300e-03
     36     90 0.0000000e+00 1.2904000e-02 5.8068000e-03
     36     91 0.0000000e+00 1.3517900e-02 3.1091200e-03
     36     92 0.0000000e+00 8.5294400e-03 3.8382500e-03
     36     93 0.0000000e+00 3.9453500e-03 2.5250200e-03
     36     94 0.0000000e+00 1.3663100e-03 8.7443900e-04
     36     95 0.0000000e+00 3.3137000e-04 2.1207700e-04
     36     96 0.0000000e+00 5.5370000e-05 3.5436800e-05
     36     97 0.0000000e+00 6.4800000e-06 4.1472000e-06
     36     98 0.0000000e+00 5.0100000e-07 3.2064000e-07
     36     99 0.0000000e+00 2.7180200e-09 1.7395300e-09
     36    100 0.0000000e+00 9.6300000e-10 6.1632000e-10
     36    101 0.0000000e+00 1.0502800e-10 6.7218100e-11
     37     79 0.0000000e+00 0.0000000e+00 0.0000000e+00
     37     81 0.0000000e+00 0.0000000e+00 0.0000000e+00
     37     83 0.0000000e+00 1.4700000e-11 9.4080000e-12
     37     84 0.0000000e+00 4.9000000e-10 3.1360000e-10
     37     85 0.0000000e+00 6.7478100e-03 2.6991200e-04
     37     86 1.0000000e+00 3.8750000e-07 2.4800000e-07
     37     86 0.0000000e+00 7.7500000e-07 4.9600000e-07
     37     87 0.0000000e+00 9.9969300e-03 7.9975500e-04
     37     88 0.0000000e+00 1.1807800e-02 9.4462400e-04
     37     89 0.0000000e+00 1.3453400e-02 1.4798700e-03
     37     90 0.0000000e+00 1.2021100e-02 3.8467500e-03
     37     90 1.0000000e+00 3.3337300e-03 2.1335900e-03
     37     91 0.0000000e+00 2.0714100e-02 3.3142600e-03
     37     92 0.0000000e+00 2.1340900e-02 3.4145400e-03
     37     93 0.0000000e+00 1.8542100e-02 4.2646800e-03
     37     94 0.0000000e+00 1.3790400e-02 3.1718000e-03
     37     95 0.0000000e+00 8.0164300e-03 3.6073900e-03
     37     96 0.0000000e+00 3.3145000e-03 2.1212800e-03
     37     97 0.0000000e+00 9.7421000e-04 6.2349500e-04
     37     98 0.0000000e+00 1.9396000e-04 1.2413400e-04
     37     99 0.0000000e+00 7.1497400e-06 4.5758400e-06
     37    100 0.0000000e+00 2.5800000e-06 1.6512000e-06
     37    101 0.0000000e+00 2.7627700e-07 1.7681700e-07
     37    102 0.0000000e+00 2.2047600e-09 1.4110500e-09
     37    103 0.0000000e+00 3.2531300e-10 2.0820000e-10
     37    104 0.0000000e+00 9.1018700e-12 5.8251900e-12
     38     83 0.0000000e+00 0.0000000e+00 0.0000000e+00
     38     84 0.0000000e+00 1.4700000e-11 9.4080000e-12
     38     85 1.0000000e+00 3.8850000e-12 2.4864000e-12
     38     85 0.0000000e+00 7.2766100e-12 4.6570300e-12
     38     86 0.0000000e+00 7.7500000e-07 4.9600000e-07
     38     87 0.0000000e+00 9.9969500e-03 7.9975600e-04
     38     87 1.0000000e+00 2.7700000e-09 7.7560000e-11
     38     88 0.0000000e+00 1.1808200e-02 9.4465300e-04
     38     89 0.0000000e+00 1.3459500e-02 1.4805400e-03
     38     90 0.0000000e+00 1.5333600e-02 4.9067400e-03
     38     91 0.0000000e+00 2.1238100e-02 1.6990500e-03
     38     92 0.0000000e+00 2.3925500e-02 2.6318100e-03
     38     93 0.0000000e+00 2.6133400e-02 4.1813500e-03
     38     94 0.0000000e+00 2.6531400e-02 4.2450300e-03
     38     95 0.0000000e+00 2.7542200e-02 6.3347000e-03
     38     96 0.0000000e+00 2.2870300e-02 5.2601700e-03
     38     97 0.0000000e+00 1.4708700e-02 3.3830000e-03
     38     98 0.0000000e+00 6.9847000e-03 3.1431200e-03
     38     99 0.0000000e+00 2.5589100e-03 1.6377000e-03
     38    100 0.0000000e+00 5.8364000e-04 3.7353000e-04
     38    101 0.0000000e+00 9.8880000e-05 6.3283200e-05
     38    102 0.0000000e+00 1.1070000e-05 7.0848000e-06
     38    103 0.0000000e+00 1.3859500e-06 8.8700700e-07
     38    104 0.0000000e+00 4.5700000e-08 2.9248000e-08
     38    105 0.0000000e+00 8.3684800e-10 5.3558300e-10
     38    106 0.0000000e+00 1.2831200e-10 8.2119900e-11
     39     85 0.0000000e+00 0.0000000e+00 0.0000000e+00
     39     87 0.0000000e+00 1.5800000e-12 1.0112000e-12
     39     88 0.0000000e+00 1.1400000e-10 7.2960000e-11
     39     89 0.0000000e+00 1.3459500e-02 1.4805400e-03
     39     89 1.0000000e+00 1.3500000e-06 1.4850000e-07
     39     90 1.0000000e+00 8.2500000e-08 5.2800000e-08
     39     90 0.0000000e+00 1.5333700e-02 9.8135800e-03
     39     91 1.0000000e+00 1.2320000e-02 7.8847700e-03
     39     91 0.0000000e+00 2.1241800e-02 1.3594700e-02
     39     92 0.0000000e+00 2.3974100e-02 1.9179300e-03
     39     93 1.0000000e+00 9.2142500e-03 5.8971200e-03
     39     93 0.0000000e+00 2.6477600e-02 1.6945700e-02
     39     94 0.0000000e+00 2.8246600e-02 3.1071300e-03
     39     95 0.0000000e+00 3.3718300e-02 5.3949200e-03
     39     96 0.0000000e+00 3.7324900e-02 5.9719800e-03
     39     96 1.0000000e+00 1.3009200e-02 2.9921200e-03
     39     97 1.0000000e+00 0.0000000e+00 0.0000000e+00
     39     97 0.0000000e+00 3.7796600e-02 6.0474600e-03
     39     98 0.0000000e+00 1.9874600e-02 4.5711600e-03
     39     98 1.0000000e+00 1.2891600e-02 2.9650600e-03
     39     99 0.0000000e+00 2.5177700e-02 5.7908800e-03
     39    100 0.0000000e+00 1.2921500e-02 2.9719400e-03
     39    101 0.0000000e+00 5.1608800e-03 2.3224000e-03
     39    102 0.0000000e+00 1.4774400e-03 9.4556200e-04
     39    103 0.0000000e+00 3.0680000e-04 1.9635200e-04
     39    104 0.0000000e+00 4.0810000e-05 2.6118400e-05
     39    105 0.0000000e+00 2.2013300e-06 1.4088500e-06
     39    106 0.0000000e+00 2.8640500e-07 1.8329900e-07
     39    107 0.0000000e+00 1.3809400e-09 8.8380000e-10
     39    108 0.0000000e+00 1.6729900e-10 1.0707100e-10
     39    109 0.0000000e+00 3.6422800e-11 2.3310600e-11
     40     87 0.0000000e+00 0.0000000e+00 0.0000000e+00
     40     88 0.0000000e+00 0.0000000e+00 0.0000000e+00
     40     89 0.0000000e+00 3.9200000e-13 2.5088000e-13
     40     90 1.0000000e+00 1.7200000e-11 1.1008000e-11
     40     90 0.0000000e+00 1.5333700e-02 9.8135800e-03
     40     91 0.0000000e+00 2.1241800e-02 1.6993400e-03
     40     92 0.0000000e+00 2.3974200e-02 1.9179400e-03
     40     93 0.0000000e+00 2.6479300e-02 2.9127200e-03
     40     94 0.0000000e+00 2.8269300e-02 3.1096300e-03
     40     95 0.0000000e+00 3.3929500e-02 2.7143600e-03
     40     96 0.0000000e+00 3.8565400e-02 6.1704600e-03
     40     97 0.0000000e+00 4.2407000e-02 3.3925600e-03
     40     98 0.0000000e+00 4.5027100e-02 7.2043300e-03
     40     99 0.0000000e+00 4.8345300e-02 7.7352500e-03
     40    100 0.0000000e+00 4.2005000e-02 9.6611600e-03
     40    101 0.0000000e+00 3.2200600e-02 7.4061400e-03
     40    102 0.0000000e+00 2.0405000e-02 4.6931600e-03
     40    103 0.0000000e+00 9.9345000e-03 4.4705300e-03
     40    104 0.0000000e+00 3.2325800e-03 2.0688500e-03
     40    105 0.0000000e+00 7.8786000e-04 5.0423100e-04
     40    106 0.0000000e+00 1.2075000e-04 7.7280000e-05
     40    107 0.0000000e+00 5.8832800e-06 3.7653000e-06
     40    108 0.0000000e+00 8.4000000e-07 5.3760000e-07
     40    109 0.0000000e+00 1.5517400e-07 9.9311300e-08
     40    110 0.0000000e+00 0.0000000e+00 0.0000000e+00
     40    111 0.0000000e+00 0.0000000e+00 0.0000000e+00
     40    112 0.0000000e+00 0.0000000e+00 0.0000000e+00
     40    113 0.0000000e+00 0.0000000e+00 0.0000000e+00
     41     89 0.0000000e+00 0.0000000e+00 0.0000000e+00
     41     90 0.0000000e+00 0.0000000e+00 0.0000000e+00
     41     91 0.0000000e+00 1.0500000e-13 6.7200000e-14
     41     92 0.0000000e+00 1.2100000e-11 7.7440000e-12
     41     93 0.0000000e+00 2.6479300e-02 2.9127200e-03
     41     93 1.0000000e+00 2.5155300e-02 2.7670800e-03
     41     94 0.0000000e+00 2.6000000e-08 1.6640000e-08
     41     94 1.0000000e+00 1.0700000e-08 6.8480000e-09
     41     95 0.0000000e+00 3.3930200e-02 2.7144100e-03
     41     95 1.0000000e+00 3.3942000e-04 2.7153600e-05
     41     96 0.0000000e+00 1.0100000e-05 6.4640000e-06
     41     97 0.0000000e+00 4.2502800e-02 2.5501700e-03
     41     97 1.0000000e+00 3.9880800e-02 3.1904600e-03
     41     98 0.0000000e+00 4.5482500e-02 7.2772100e-03
     41     98 1.0000000e+00 1.5182000e-04 9.7164800e-05
     41     99 0.0000000e+00 3.4073600e-02 5.4517800e-03
     41     99 1.0000000e+00 1.7169700e-02 3.9490300e-03
     41    100 0.0000000e+00 2.5192300e-02 5.7942400e-03
     41    100 1.0000000e+00 2.5192300e-02 5.7942400e-03
     41    101 0.0000000e+00 4.9568600e-02 7.9309800e-03
     41    102 1.0000000e+00 1.4077300e-02 9.0094500e-03
     41    102 0.0000000e+00 3.4482300e-02 2.2068700e-02
     41    103 0.0000000e+00 4.2651400e-02 9.8098200e-03
     41    104 1.0000000e+00 1.2633700e-02 8.0855600e-03
     41    104 0.0000000e+00 1.5869000e-02 1.0156100e-02
     41    105 0.0000000e+00 1.5707100e-02 3.6126300e-03
     41    106 0.0000000e+00 5.7489400e-03 2.5870200e-03
     41    107 0.0000000e+00 1.3023500e-03 8.3350400e-04
     41    108 0.0000000e+00 2.3663000e-04 1.5144300e-04
     41    109 0.0000000e+00 3.4350000e-05 2.1984000e-05
     41    110 0.0000000e+00 7.7600000e-12 4.9664000e-12
     41    111 0.0000000e+00 3.9623200e-14 2.5358900e-14
     41    112 0.0000000e+00 1.7741900e-15 1.1354800e-15
     41    113 0.0000000e+00 1.1786500e-15 7.5433500e-16
     41    114 0.0000000e+00 0.0000000e+00 0.0000000e+00
     41    115 0.0000000e+00 0.0000000e+00 0.0000000e+00
     41    116 0.0000000e+00 5.7758000e-11 3.6965100e-11
     42     90 0.0000000e+00 0.0000000e+00 0.0000000e+00
     42     91 0.0000000e+00 0.0000000e+00 0.0000000e+00
     42     92 0.0000000e+00 0.0000000e+00 0.0000000e+00
     42     93 1.0000000e+00 1.1350000e-14 7.2640000e-15
     42     93 0.0000000e+00 2.2700000e-14 1.4528000e-14
     42     94 0.0000000e+00 2.6000000e-08 1.6640000e-08
     42     95 0.0000000e+00 3.3930200e-02 2.7144100e-03
     42     96 0.0000000e+00 1.0100000e-05 6.4640000e-06
     42     97 0.0000000e+00 4.2502900e-02 2.5501800e-03
     42     98 0.0000000e+00 4.5637300e-02 5.0201000e-03
     42     99 0.0000000e+00 5.1279300e-02 4.1023500e-03
     42    100 0.0000000e+00 5.0644600e-02 8.1031300e-03
     42    101 0.0000000e+00 5.0850200e-02 8.1360400e-03
     42    102 0.0000000e+00 5.3593700e-02 8.5749900e-03
     42    103 0.0000000e+00 5.6143600e-02 8.9829800e-03
     42    104 0.0000000e+00 5.2464600e-02 8.3943300e-03
     42    105 0.0000000e+00 4.7171300e-02 1.0849400e-02
     42    106 0.0000000e+00 3.3262300e-02 7.6503400e-03
     42    107 0.0000000e+00 1.6001700e-02 3.6804000e-03
     42    108 0.0000000e+00 6.3893700e-03 2.8752200e-03
     42    109 0.0000000e+00 2.1077900e-03 1.3489900e-03
     42    110 0.0000000e+00 1.0710000e-05 6.8544000e-06
     42    111 0.0000000e+00 1.0100000e-06 6.4640000e-07
     42    112 0.0000000e+00 5.3300000e-08 3.4112000e-08
     42    113 0.0000000e+00 3.0043900e-08 1.9228100e-08
     42    114 0.0000000e+00 6.5400000e-11 4.1856000e-11
     42    115 0.0000000e+00 1.8822000e-14 1.2046100e-14
     42    116 0.0000000e+00 2.9000000e-07 1.8560000e-07
     42    117 0.0000000e+00 3.8566600e-10 2.4682700e-10
     42    118 0.0000000e+00 3.5608700e-11 2.2789600e-11
     43     93 0.0000000e+00 0.0000000e+00 0.0000000e+00
     43     95 0.0000000e+00 0.0000000e+00 0.0000000e+00
     43     95 1.0000000e+00 0.0000000e+00 0.0000000e+00
     43     97 1.0000000e+00 1.3850000e-11 8.8640000e-12
     43     97 0.0000000e+00 2.7700000e-11 1.7728000e-11
     43     98 0.0000000e+00 1.2200000e-09 7.8080000e-10
     43     99 0.0000000e+00 5.1279400e-02 3.0767600e-03
     43     99 1.0000000e+00 4.5125800e-02 2.7075500e-03
     43    100 0.0000000e+00 7.4000000e-07 4.7360000e-07
     43    101 0.0000000e+00 5.0859400e-02 5.5945400e-03
     43    102 0.0000000e+00 2.7286900e-03 4.3659100e-04
     43    102 1.0000000e+00 5.3640300e-02 8.5824500e-03
     43    103 0.0000000e+00 5.6762100e-02 6.2438300e-03
     43    104 0.0000000e+00 5.5065300e-02 6.0571800e-03
     43    105 0.0000000e+00 5.5281300e-02 8.8450000e-03
     43    106 0.0000000e+00 4.9539600e-02 7.9263400e-03
     43    107 0.0000000e+00 3.5277200e-02 5.6443500e-03
     43    108 0.0000000e+00 2.4016000e-02 5.5236900e-03
     43    109 0.0000000e+00 1.5003500e-02 3.4508000e-03
     43    110 0.0000000e+00 7.5751600e-03 3.4088200e-03
     43    111 0.0000000e+00 3.2534900e-03 2.0822300e-03
     43    112 0.0000000e+00 8.8925000e-04 5.6912000e-04
     43    113 0.0000000e+00 1.9845000e-04 1.2700800e-04
     43    114 0.0000000e+00 2.7830000e-05 1.7811200e-05
     43    115 0.0000000e+00 2.9618800e-07 1.8956000e-07
     43    116 0.0000000e+00 7.7960000e-05 4.9894400e-05
     43    117 0.0000000e+00 1.0144900e-06 6.4927700e-07
     43    118 0.0000000e+00 7.9481700e-08 5.0868300e-08
     43    119 0.0000000e+00 3.5443100e-10 2.2683600e-10
     43    120 0.0000000e+00 7.5284600e-12 4.8182100e-12
     44     95 0.0000000e+00 0.0000000e+00 0.0000000e+00
     44     96 0.0000000e+00 0.0000000e+00 0.0000000e+00
     44     97 0.0000000e+00 0.0000000e+00 0.0000000e+00
     44     98 0.0000000e+00 1.2200000e-09 7.8080000e-10
     44     99 0.0000000e+00 5.1279400e-02 3.0767600e-03
     44    100 0.0000000e+00 7.4000000e-07 4.7360000e-07
     44    101 0.0000000e+00 5.0859400e-02 5.5945400e-03
     44    102 0.0000000e+00 5.3687200e-02 8.5899500e-03
     44    103 0.0000000e+00 5.6764800e-02 4.5411800e-03
     44    104 0.0000000e+00 5.5094100e-02 6.0603500e-03
     44    105 0.0000000e+00 5.5507600e-02 4.4406100e-03
     44    106 0.0000000e+00 5.0637400e-02 8.1019900e-03
     44    107 0.0000000e+00 3.8297700e-02 6.1276300e-03
     44    108 0.0000000e+00 3.0159500e-02 6.9367000e-03
     44    109 1.0000000e+00 4.7967000e-03 3.0698900e-03
     44    109 0.0000000e+00 1.9834000e-02 1.2693800e-02
     44    110 0.0000000e+00 2.3107400e-02 5.3147100e-03
     44    111 0.0000000e+00 2.1545700e-02 4.9555100e-03
     44    112 0.0000000e+00 1.7004300e-02 3.9109900e-03
     44    113 0.0000000e+00 1.2765100e-02 2.9359600e-03
     44    114 0.0000000e+00 6.9786600e-03 3.1404000e-03
     44    115 0.0000000e+00 3.1689000e-03 2.0281000e-03
     44    116 0.0000000e+00 2.0137800e-03 1.2888200e-03
     44    117 0.0000000e+00 3.6309000e-04 2.3237800e-04
     44    118 0.0000000e+00 3.3510000e-05 2.1446400e-05
     44    119 0.0000000e+00 1.5100000e-06 9.6640000e-07
     44    120 0.0000000e+00 3.7800000e-08 2.4192000e-08
     44    121 0.0000000e+00 3.7293300e-10 2.3867700e-10
     44    122 0.0000000e+00 4.1900000e-12 2.6816000e-12
     44    124 0.0000000e+00 0.0000000e+00 0.0000000e+00
     45     99 0.0000000e+00 0.0000000e+00 0.0000000e+00
     45    101 0.0000000e+00 7.5400000e-14 4.8256000e-14
     45    101 1.0000000e+00 2.2500000e-13 1.4400000e-13
     45    102 0.0000000e+00 1.0500000e-11 6.7200000e-12
     45    102 1.0000000e+00 1.0500000e-11 6.7200000e-12
     45    103 0.0000000e+00 5.6764800e-02 4.5411800e-03
     45    103 1.0000000e+00 5.6197100e-02 4.4957700e-03
     45    104 0.0000000e+00 2.7600000e-08 1.7664000e-08
     45    104 1.0000000e+00 2.0800000e-08 1.3312000e-08
     45    105 0.0000000e+00 5.5508100e-02 3.3304900e-03
     45    105 1.0000000e+00 1.4987100e-02 1.1989700e-03
     45    106 0.0000000e+00 5.0641000e-02 8.1025600e-03
     45    106 1.0000000e+00 3.5700000e-06 2.2848000e-06
     45    107 0.0000000e+00 3.8346400e-02 4.2181000e-03
     45    108 0.0000000e+00 3.0276600e-02 6.9636100e-03
     45    108 1.0000000e+00 1.1702000e-04 7.4892800e-05
     45    109 0.0000000e+00 2.5459200e-02 1.6293900e-02
     45    109 1.0000000e+00 1.0331300e-02 6.6120100e-03
     45    110 0.0000000e+00 2.3202000e-02 5.3364500e-03
     45    110 1.0000000e+00 9.4520000e-05 6.0492800e-05
     45    111 0.0000000e+00 2.2341800e-02 5.1386200e-03
     45    112 0.0000000e+00 1.9323200e-02 3.0917200e-03
     45    113 0.0000000e+00 1.7796400e-02 4.0931700e-03
     45    114 0.0000000e+00 1.4222400e-02 4.5511700e-03
     45    115 0.0000000e+00 1.2203600e-02 3.9051700e-03
     45    116 0.0000000e+00 7.3278500e-03 3.2975300e-03
     45    117 0.0000000e+00 3.7934000e-03 2.4277800e-03
     45    118 0.0000000e+00 1.1607100e-03 7.4285500e-04
     45    119 0.0000000e+00 1.8776000e-04 1.2016600e-04
     45    120 0.0000000e+00 1.7790000e-05 1.1385600e-05
     45    121 0.0000000e+00 9.8100000e-07 6.2784000e-07
     45    122 0.0000000e+00 2.8500000e-08 1.8240000e-08
     45    123 0.0000000e+00 4.1200000e-10 2.6368000e-10
     45    124 0.0000000e+00 0.0000000e+00 0.0000000e+00
     46     99 0.0000000e+00 0.0000000e+00 0.0000000e+00
     46    101 0.0000000e+00 0.0000000e+00 0.0000000e+00
     46    102 0.0000000e+00 1.6800000e-12 1.0752000e-12
     46    103 0.0000000e+00 2.8100000e-14 1.7984000e-14
     46    104 0.0000000e+00 2.7500000e-08 1.7600000e-08
     46    105 0.0000000e+00 5.5508100e-02 3.3304900e-03
     46    106 0.0000000e+00 5.0644600e-02 8.1031300e-03
     46    107 0.0000000e+00 3.8346500e-02 4.2181100e-03
     46    107 1.0000000e+00 4.5200000e-08 2.8928000e-08
     46    108 0.0000000e+00 3.0394400e-02 4.8631100e-03
     46    109 0.0000000e+00 2.5466200e-02 1.6298400e-02
     46    109 1.0000000e+00 4.5700000e-06 2.9248000e-06
     46    110 0.0000000e+00 2.3296500e-02 3.7274400e-03
     46    111 0.0000000e+00 2.2314300e-02 5.1322900e-03
     46    111 1.0000000e+00 9.6090000e-05 2.2100700e-05
     46    112 0.0000000e+00 1.9323800e-02 1.5459000e-03
     46    113 0.0000000e+00 1.7801700e-02 2.8482700e-03
     46    114 0.0000000e+00 1.4255200e-02 4.5616700e-03
     46    115 0.0000000e+00 1.2373900e-02 3.9596600e-03
     46    116 0.0000000e+00 9.0992700e-03 2.9117700e-03
     46    117 0.0000000e+00 7.5963500e-03 3.4183600e-03
     46    118 0.0000000e+00 5.2447200e-03 3.3566200e-03
     46    119 0.0000000e+00 2.4356600e-03 1.5588200e-03
     46    120 0.0000000e+00 7.7154000e-04 4.9378600e-04
     46    121 0.0000000e+00 1.4758000e-04 9.4451200e-05
     46    122 0.0000000e+00 1.5900000e-05 1.0176000e-05
     46    123 0.0000000e+00 8.5900000e-07 5.4976000e-07
     46    124 0.0000000e+00 0.0000000e+00 0.0000000e+00
     46    125 0.0000000e+00 0.0000000e+00 0.0000000e+00
     46    126 0.0000000e+00 0.0000000e+00 0.0000000e+00
     46    127 0.0000000e+00 0.0000000e+00 0.0000000e+00
     46    128 0.0000000e+00 0.0000000e+00 0.0000000e+00
     46    129 0.0000000e+00 0.0000000e+00 0.0000000e+00
     46    130 0.0000000e+00 1.0600000e-12 6.7840000e-13
     47    103 0.0000000e+00 0.0000000e+00 0.0000000e+00
     47    105 0.0000000e+00 0.0000000e+00 0.0000000e+00
     47    105 1.0000000e+00 0.0000000e+00 0.0000000e+00
     47    106 0.0000000e+00 5.3100000e-14 3.3984000e-14
     47    106 1.0000000e+00 1.2400000e-13 7.9360000e-14
     47    107 0.0000000e+00 3.8346500e-02 4.2181100e-03
     47    107 1.0000000e+00 7.0700000e-12 4.5248000e-12
     47    108 1.0000000e+00 1.2300000e-10 7.8720000e-11
     47    108 0.0000000e+00 1.3370100e-10 8.5568700e-11
     47    109 1.0000000e+00 2.5454000e-02 1.6290600e-02
     47    109 0.0000000e+00 2.5466200e-02 1.6298400e-02
     47    110 0.0000000e+00 0.0000000e+00 0.0000000e+00
     47    110 1.0000000e+00 0.0000000e+00 0.0000000e+00
     47    111 0.0000000e+00 2.2275300e-02 2.4502900e-03
     47    111 1.0000000e+00 2.2178900e-02 5.1011600e-03
     47    112 0.0000000e+00 1.9323800e-02 1.5459000e-03
     47    113 0.0000000e+00 1.6021500e-02 1.7623700e-03
     47    113 1.0000000e+00 1.7801700e-03 4.0943900e-04
     47    114 0.0000000e+00 1.4255200e-02 4.5616700e-03
     47    115 0.0000000e+00 9.0329700e-03 2.8905500e-03
     47    115 1.0000000e+00 3.3409600e-03 1.0691100e-03
     47    116 0.0000000e+00 4.5819300e-03 1.4662200e-03
     47    116 1.0000000e+00 4.5819300e-03 1.4662200e-03
     47    117 0.0000000e+00 4.0482200e-03 1.8217000e-03
     47    117 1.0000000e+00 4.0482200e-03 1.8217000e-03
     47    118 0.0000000e+00 5.1385400e-03 2.3123400e-03
     47    118 1.0000000e+00 3.5195500e-03 1.5838000e-03
     47    119 0.0000000e+00 5.5750500e-03 2.5087700e-03
     47    120 1.0000000e+00 1.6930900e-03 1.0835700e-03
     47    120 0.0000000e+00 3.0910700e-03 1.9782800e-03
     47    121 0.0000000e+00 2.2648100e-03 1.4494800e-03
     47    122 1.0000000e+00 3.9692500e-04 2.5403200e-04
     47    122 0.0000000e+00 4.1282500e-04 2.6420800e-04
     47    123 0.0000000e+00 1.5270000e-04 9.7728000e-05
     47    124 0.0000000e+00 2.2600000e-08 1.4464000e-08
     47    125 0.0000000e+00 1.3100000e-09 8.3840000e-10
     47    126 0.0000000e+00 5.1100000e-11 3.2704000e-11
     47    127 0.0000000e+00 1.3000000e-12 8.3200000e-13
     47    128 0.0000000e+00 2.0400000e-14 1.3056000e-14
     47    129 0.0000000e+00 5.3354100e-16 3.4146600e-16
     47    130 0.0000000e+00 1.3900000e-08 8.8960000e-09
     47    131 0.0000000e+00 2.9105600e-10 1.8627600e-10
     47    132 0.0000000e+00 1.7905000e-11 1.1459200e-11
     48    105 0.0000000e+00 0.0000000e+00 0.0000000e+00
     48    106 0.0000000e+00 0.0000000e+00 0.0000000e+00
     48    107 0.0000000e+00 0.0000000e+00 0.0000000e+00
     48    108 0.0000000e+00 2.4100000e-10 1.5424000e-10
     48    109 0.0000000e+00 3.0300000e-13 1.9392000e-13
     48    110 0.0000000e+00 0.0000000e+00 0.0000000e+00
     48    111 0.0000000e+00 2.2341900e-02 1.7873500e-03
     48    111 1.0000000e+00 0.0000000e+00 0.0000000e+00
     48    112 0.0000000e+00 1.9323800e-02 1.5459000e-03
     48    113 0.0000000e+00 1.7593600e-02 1.4074900e-03
     48    113 1.0000000e+00 2.0828000e-04 2.2910800e-05
     48    114 0.0000000e+00 1.4255200e-02 3.2787000e-03
     48    115 0.0000000e+00 1.1348800e-02 1.2483600e-03
     48    115 1.0000000e+00 1.0251800e-03 2.3579100e-04
     48    116 0.0000000e+00 9.1640700e-03 2.1077400e-03
     48    117 0.0000000e+00 6.0738700e-03 1.9436400e-03
     48    117 1.0000000e+00 2.0292500e-03 9.1316300e-04
     48    118 0.0000000e+00 7.1272000e-03 2.2807000e-03
     48    119 0.0000000e+00 3.0501400e-03 1.3725600e-03
     48    119 1.0000000e+00 3.0501400e-03 1.3725600e-03
     48    120 0.0000000e+00 5.9954700e-03 2.6979600e-03
     48    121 1.0000000e+00 1.7493300e-03 1.1195700e-03
     48    121 0.0000000e+00 4.0156300e-03 2.5700000e-03
     48    122 0.0000000e+00 4.9583400e-03 3.1733400e-03
     48    123 0.0000000e+00 2.7202500e-03 1.7409600e-03
     48    124 0.0000000e+00 4.3872000e-04 2.8078100e-04
     48    125 0.0000000e+00 1.2735000e-04 8.1504000e-05
     48    126 0.0000000e+00 2.5430000e-05 1.6275200e-05
     48    127 0.0000000e+00 3.3700000e-06 2.1568000e-06
     48    128 0.0000000e+00 3.2700000e-07 2.0928000e-07
     48    129 0.0000000e+00 1.3600000e-08 8.7040000e-09
     48    130 0.0000000e+00 1.4730000e-05 9.4272000e-06
     48    131 0.0000000e+00 1.2400000e-06 7.9360000e-07
     48    132 0.0000000e+00 8.9900000e-08 5.7536000e-08
     48    133 0.0000000e+00 2.0566500e-09 1.3162500e-09
     48    134 0.0000000e+00 5.2400000e-11 3.3536000e-11
     48    136 0.0000000e+00 0.0000000e+00 0.0000000e+00
     49    107 0.0000000e+00 0.0000000e+00 0.0000000e+00
     49    109 0.0000000e+00 0.0000000e+00 0.0000000e+00
     49    111 0.0000000e+00 0.0000000e+00 0.0000000e+00
     49    112 0.0000000e+00 0.0000000e+00 0.0000000e+00
     49    112 1.0000000e+00 0.0000000e+00 0.0000000e+00
     49    113 0.0000000e+00 1.7801700e-02 1.0681000e-03
     49    113 1.0000000e+00 0.0000000e+00 0.0000000e+00
     49    114 0.0000000e+00 0.0000000e+00 0.0000000e+00
     49    114 1.0000000e+00 0.0000000e+00 0.0000000e+00
     49    115 0.0000000e+00 1.1954000e-02 1.3149400e-03
     49    115 1.0000000e+00 1.1348900e-02 1.2483700e-03
     49    116 2.0000000e+00 2.0533300e-11 1.3141300e-11
     49    116 0.0000000e+00 2.0533300e-11 1.3141300e-11
     49    116 1.0000000e+00 4.1066700e-11 2.6282700e-11
     49    117 0.0000000e+00 5.1307500e-03 1.1800700e-03
     49    117 1.0000000e+00 5.6082500e-03 1.7946400e-03
     49    118 2.0000000e+00 5.1000000e-08 3.2640000e-08
     49    118 0.0000000e+00 7.1275100e-03 2.2808000e-03
     49    118 1.0000000e+00 1.0123500e-07 6.4790400e-08
     49    119 0.0000000e+00 3.2100900e-03 1.4445400e-03
     49    119 1.0000000e+00 3.0518700e-03 1.3733400e-03
     49    120 2.0000000e+00 0.0000000e+00 0.0000000e+00
     49    120 0.0000000e+00 3.0543600e-03 1.3744600e-03
     49    120 1.0000000e+00 3.0543600e-03 1.3744600e-03
     49    121 0.0000000e+00 2.3632400e-03 1.5124700e-03
     49    121 1.0000000e+00 4.1479600e-03 2.6547000e-03
     49    122 2.0000000e+00 0.0000000e+00 0.0000000e+00
     49    122 0.0000000e+00 6.2632200e-03 2.8184500e-03
     49    122 1.0000000e+00 1.3048900e-03 8.3513000e-04
     49    123 0.0000000e+00 6.0788700e-03 3.8904800e-03
     49    123 1.0000000e+00 1.5602400e-03 9.9855410e-04
     49    124 1.0000000e+00 4.4527600e-03 2.8497600e-03
     49    124 0.0000000e+00 4.8914800e-03 3.1305400e-03
     49    125 0.0000000e+00 4.6616800e-03 2.9834800e-03
     49    125 1.0000000e+00 4.6107400e-03 2.9508700e-03
     49    126 1.0000000e+00 3.6644000e-03 2.3452200e-03
     49    126 0.0000000e+00 3.6389700e-03 2.3289400e-03
     49    127 0.0000000e+00 2.1104600e-03 1.3506900e-03
     49    127 1.0000000e+00 2.1104600e-03 1.3506900e-03
     49    128 1.0000000e+00 1.1059000e-03 7.0777600e-04
     49    128 0.0000000e+00 1.1062300e-03 7.0798700e-04
     49    129 0.0000000e+00 2.8303000e-04 1.8113900e-04
     49    129 1.0000000e+00 2.8302000e-04 1.8113300e-04
     49    130 2.0000000e+00 0.0000000e+00 0.0000000e+00
     49    130 1.0000000e+00 0.0000000e+00 0.0000000e+00
     49    130 0.0000000e+00 1.3758800e-03 8.8056300e-04
     49    131 1.0000000e+00 0.0000000e+00 0.0000000e+00
     49    131 0.0000000e+00 3.1672000e-04 2.0270100e-04
     49    132 0.0000000e+00 6.4310000e-05 4.1158400e-05
     49    133 0.0000000e+00 5.4100000e-06 3.4624000e-06
     49    134 0.0000000e+00 3.1300000e-07 2.0032000e-07
     49    135 0.0000000e+00 3.9456900e-09 2.5252400e-09
     49    136 0.0000000e+00 2.7600000e-10 1.7664000e-10
     49    137 0.0000000e+00 1.2158600e-11 7.7815200e-12
     50    111 0.0000000e+00 0.0000000e+00 0.0000000e+00
     50    112 0.0000000e+00 0.0000000e+00 0.0000000e+00
     50    113 1.0000000e+00 0.0000000e+00 0.0000000e+00
     50    113 0.0000000e+00 0.0000000e+00 0.0000000e+00
     50    114 0.0000000e+00 0.0000000e+00 0.0000000e+00
     50    115 0.0000000e+00 1.2373900e-02 1.3611300e-03
     50    116 0.0000000e+00 6.1600000e-11 2.7720000e-11
     50    117 1.0000000e+00 1.6418400e-05 1.0507800e-05
     50    117 0.0000000e+00 8.1031200e-03 5.1860000e-03
     50    118 0.0000000e+00 7.1276100e-03 1.6393500e-03
     50    119 0.0000000e+00 6.1093800e-03 1.4051600e-03
     50    119 1.0000000e+00 1.6052000e-04 7.2234000e-05
     50    120 0.0000000e+00 6.1093800e-03 1.4051600e-03
     50    121 0.0000000e+00 6.4138300e-03 4.1048500e-03
     50    121 1.0000000e+00 2.7736600e-04 1.7751400e-04
     50    122 0.0000000e+00 7.7564600e-03 2.4820700e-03
     50    123 0.0000000e+00 8.0872000e-04 5.1758100e-04
     50    123 1.0000000e+00 7.9694300e-03 2.5502200e-03
     50    124 0.0000000e+00 1.0763100e-02 2.4755200e-03
     50    125 0.0000000e+00 7.4883900e-03 3.3697800e-03
     50    125 1.0000000e+00 5.8011800e-03 2.6105300e-03
     50    126 0.0000000e+00 1.5615400e-02 4.9969300e-03
     50    127 0.0000000e+00 1.4903400e-02 1.6393700e-03
     50    127 1.0000000e+00 4.7062500e-03 3.0120000e-03
     50    128 1.0000000e+00 1.0406900e-02 6.6604300e-03
     50    128 0.0000000e+00 2.3032900e-02 1.4741000e-02
     50    129 0.0000000e+00 1.5208200e-02 3.4978800e-03
     50    129 1.0000000e+00 5.9911300e-03 2.6960100e-03
     50    130 1.0000000e+00 6.6871500e-03 4.2797700e-03
     50    130 0.0000000e+00 7.2565400e-03 4.6441800e-03
     50    131 1.0000000e+00 3.7700500e-03 2.4128300e-03
     50    131 0.0000000e+00 4.0533000e-03 2.5941100e-03
     50    132 0.0000000e+00 4.1245400e-03 2.6397100e-03
     50    133 0.0000000e+00 9.6332000e-04 6.1652500e-04
     50    134 0.0000000e+00 1.5494000e-04 9.9161600e-05
     50    135 0.0000000e+00 1.6810000e-05 1.0758400e-05
     50    136 0.0000000e+00 1.0500000e-06 6.7200000e-07
     50    137 0.0000000e+00 5.1800000e-08 3.3152000e-08
     50    138 0.0000000e+00 1.8000000e-09 1.1520000e-09
     50    139 0.0000000e+00 1.0036100e-10 6.4231200e-11
     51    113 0.0000000e+00 0.0000000e+00 0.0000000e+00
     51    115 0.0000000e+00 0.0000000e+00 0.0000000e+00
     51    117 0.0000000e+00 0.0000000e+00 0.0000000e+00
     51    118 0.0000000e+00 0.0000000e+00 0.0000000e+00
     51    118 1.0000000e+00 0.0000000e+00 0.0000000e+00
     51    119 0.0000000e+00 1.7600000e-12 1.1264000e-12
     51    120 0.0000000e+00 1.3800000e-10 8.8320000e-11
     51    120 1.0000000e+00 1.9800000e-10 1.2672000e-10
     51    121 0.0000000e+00 6.4759800e-03 1.4894800e-03
     51    122 0.0000000e+00 1.3200000e-06 8.4480000e-07
     51    122 1.0000000e+00 6.9800000e-07 4.4672000e-07
     51    123 0.0000000e+00 8.8062100e-03 2.0254300e-03
     51    124 2.0000000e+00 0.0000000e+00 0.0000000e+00
     51    124 0.0000000e+00 3.7500000e-07 2.4000000e-07
     51    124 1.0000000e+00 1.8800000e-07 1.2032000e-07
     51    125 0.0000000e+00 1.3294500e-02 2.1271100e-03
     51    126 2.0000000e+00 1.0475900e-02 6.7045600e-03
     51    126 0.0000000e+00 2.2058700e-03 7.0587900e-04
     51    126 1.0000000e+00 1.5642500e-02 5.0056000e-03
     51    127 0.0000000e+00 1.9862400e-02 2.1848600e-03
     51    128 0.0000000e+00 1.4527100e-03 9.2973200e-04
     51    128 1.0000000e+00 2.4033200e-02 1.5381300e-02
     51    129 0.0000000e+00 2.6589200e-02 6.1155100e-03
     51    130 0.0000000e+00 1.1739300e-02 7.5131500e-03
     51    130 1.0000000e+00 1.5858800e-02 1.0149600e-02
     51    131 0.0000000e+00 2.7581500e-02 3.0339700e-03
     51    132 0.0000000e+00 1.7379100e-02 3.9971900e-03
     51    132 1.0000000e+00 1.3153800e-02 3.0253700e-03
     51    133 0.0000000e+00 1.7185800e-02 3.9527300e-03
     51    134 1.0000000e+00 3.4389300e-03 2.2009100e-03
     51    134 0.0000000e+00 3.5655200e-03 2.2819300e-03
     51    135 0.0000000e+00 2.0393300e-03 1.3051700e-03
     51    136 0.0000000e+00 3.3448000e-04 2.1406700e-04
     51    137 0.0000000e+00 4.4030000e-05 2.8179200e-05
     51    138 0.0000000e+00 4.0300000e-06 2.5792000e-06
     51    139 0.0000000e+00 2.6400000e-07 1.6896000e-07
     51    140 0.0000000e+00 3.0532100e-09 1.9540500e-09
     51    141 0.0000000e+00 3.6359200e-10 2.3269900e-10
     51    142 0.0000000e+00 1.0635400e-11 6.8066800e-12
     52    115 0.0000000e+00 0.0000000e+00 0.0000000e+00
     52    117 0.0000000e+00 0.0000000e+00 0.0000000e+00
     52    118 0.0000000e+00 0.0000000e+00 0.0000000e+00
     52    119 0.0000000e+00 0.0000000e+00 0.0000000e+00
     52    120 0.0000000e+00 1.3500000e-14 8.6400000e-15
     52    121 1.0000000e+00 2.1050000e-12 1.3472000e-12
     52    121 0.0000000e+00 3.9700300e-12 2.5408200e-12
     52    122 0.0000000e+00 1.2800000e-06 8.1920000e-07
     52    123 0.0000000e+00 6.2400000e-08 3.9936000e-08
     52    123 1.0000000e+00 4.8000000e-08 3.0720000e-08
     52    124 0.0000000e+00 3.7500000e-07 2.4000000e-07
     52    125 0.0000000e+00 1.3294500e-02 2.1271100e-03
     52    125 1.0000000e+00 2.9912500e-03 4.7860000e-04
     52    126 0.0000000e+00 1.5658400e-02 3.6014400e-03
     52    127 0.0000000e+00 1.9786100e-02 1.5828900e-03
     52    127 1.0000000e+00 3.1779800e-03 3.4957800e-04
     52    128 0.0000000e+00 2.4620900e-02 3.9393400e-03
     52    129 0.0000000e+00 2.4984800e-02 3.9975600e-03
     52    129 1.0000000e+00 4.4159100e-03 1.0156600e-03
     52    130 0.0000000e+00 2.9354600e-02 6.7515700e-03
     52    131 0.0000000e+00 3.0964100e-02 3.4060500e-03
     52    131 1.0000000e+00 7.9972400e-03 2.5591200e-03
     52    132 0.0000000e+00 5.1026700e-02 1.4287500e-03
     52    133 0.0000000e+00 2.2769000e-02 7.2860800e-03
     52    133 1.0000000e+00 2.9249800e-02 6.7274400e-03
     52    134 0.0000000e+00 3.9530000e-02 9.0918900e-03
     52    135 0.0000000e+00 2.5606200e-02 4.0970000e-03
     52    136 0.0000000e+00 1.0005500e-02 4.5024900e-03
     52    137 0.0000000e+00 3.3204200e-03 2.1250700e-03
     52    138 0.0000000e+00 7.7124000e-04 4.9359400e-04
     52    139 0.0000000e+00 1.3035000e-04 8.3424000e-05
     52    140 0.0000000e+00 1.5330000e-05 9.8112000e-06
     52    141 0.0000000e+00 1.5490300e-06 9.9137800e-07
     52    142 0.0000000e+00 5.3400000e-08 3.4176000e-08
     52    143 0.0000000e+00 6.1594700e-10 3.9420600e-10
     52    144 0.0000000e+00 8.4383300e-11 5.4005300e-11
     53    121 0.0000000e+00 0.0000000e+00 0.0000000e+00
     53    123 0.0000000e+00 1.1500000e-11 7.3600000e-12
     53    125 0.0000000e+00 0.0000000e+00 0.0000000e+00
     53    126 0.0000000e+00 0.0000000e+00 0.0000000e+00
     53    127 0.0000000e+00 1.9862400e-02 1.5889900e-03
     53    128 0.0000000e+00 0.0000000e+00 0.0000000e+00
     53    129 0.0000000e+00 2.6592100e-02 4.2547400e-03
     53    130 0.0000000e+00 2.1850000e-05 1.3984000e-05
     53    130 1.0000000e+00 6.8600000e-06 4.3904000e-06
     53    131 0.0000000e+00 3.7811300e-02 2.2686800e-03
     53    132 1.0000000e+00 8.2371000e-04 5.2717500e-04
     53    132 0.0000000e+00 5.2565300e-02 3.3641800e-02
     53    133 1.0000000e+00 3.5992800e-03 2.3035400e-03
     53    133 0.0000000e+00 5.5414800e-02 3.5465500e-02
     53    134 0.0000000e+00 5.7980200e-02 6.3778200e-03
     53    134 1.0000000e+00 7.6706700e-03 3.4518000e-03
     53    135 0.0000000e+00 5.8277400e-02 4.6621900e-03
     53    136 0.0000000e+00 2.5446400e-02 5.8526800e-03
     53    136 1.0000000e+00 1.5600500e-02 3.5881300e-03
     53    137 0.0000000e+00 2.8152000e-02 6.4749600e-03
     53    138 0.0000000e+00 1.4617100e-02 3.3619200e-03
     53    139 0.0000000e+00 5.9062000e-03 2.6577900e-03
     53    140 0.0000000e+00 1.7319600e-03 1.1084500e-03
     53    141 0.0000000e+00 3.4290000e-04 2.1945600e-04
     53    142 0.0000000e+00 4.2150000e-05 2.6976000e-05
     53    143 0.0000000e+00 1.6202500e-06 1.0369600e-06
     53    144 0.0000000e+00 1.8835100e-07 1.2054500e-07
     53    145 0.0000000e+00 1.5843800e-09 1.0140000e-09
     53    146 0.0000000e+00 7.8272100e-11 5.0094100e-11
     53    147 0.0000000e+00 3.6622500e-11 2.3438400e-11
     54    124 0.0000000e+00 0.0000000e+00 0.0000000e+00
     54    125 1.0000000e+00 0.0000000e+00 0.0000000e+00
     54    125 0.0000000e+00 0.0000000e+00 0.0000000e+00
     54    126 0.0000000e+00 0.0000000e+00 0.0000000e+00
     54    127 1.0000000e+00 0.0000000e+00 0.0000000e+00
     54    127 0.0000000e+00 0.0000000e+00 0.0000000e+00
     54    128 0.0000000e+00 0.0000000e+00 0.0000000e+00
     54    129 1.0000000e+00 0.0000000e+00 0.0000000e+00
     54    129 0.0000000e+00 2.6592100e-02 1.7019000e-02
     54    130 0.0000000e+00 2.2910000e-05 1.4662400e-05
     54    131 0.0000000e+00 3.7812200e-02 2.2687300e-03
     54    131 1.0000000e+00 5.3002000e-04 3.1801200e-05
     54    132 0.0000000e+00 5.2690500e-02 1.4753300e-03
     54    133 0.0000000e+00 5.5593500e-02 3.5579900e-02
     54    133 1.0000000e+00 1.7228300e-03 1.1026100e-03
     54    134 0.0000000e+00 5.9311000e-02 4.7448800e-03
     54    134 1.0000000e+00 9.7760000e-04 6.2566400e-04
     54    135 0.0000000e+00 6.1717500e-02 3.7030500e-03
     54    135 1.0000000e+00 1.1009300e-02 3.5229700e-03
     54    136 0.0000000e+00 5.5045200e-02 6.0549700e-03
     54    137 0.0000000e+00 4.9225400e-02 7.8760600e-03
     54    138 0.0000000e+00 4.2316700e-02 6.7706700e-03
     54    139 0.0000000e+00 3.2583700e-02 7.4942500e-03
     54    140 0.0000000e+00 2.0569100e-02 4.7309000e-03
     54    141 0.0000000e+00 9.6430100e-03 4.3393600e-03
     54    142 0.0000000e+00 2.9639100e-03 1.8969000e-03
     54    143 1.0000000e+00 2.8913500e-04 1.8504600e-04
     54    143 0.0000000e+00 2.9075500e-04 1.8608300e-04
     54    144 0.0000000e+00 7.9410000e-05 5.0822400e-05
     54    145 0.0000000e+00 6.7500000e-06 4.3200000e-06
     54    146 0.0000000e+00 3.9300000e-07 2.5152000e-07
     54    147 0.0000000e+00 1.5602500e-07 9.9855900e-08
     54    148 0.0000000e+00 4.8100000e-10 3.0784000e-10
     54    149 0.0000000e+00 3.4658900e-11 2.2181700e-11
     54    150 0.0000000e+00 8.8800000e-14 5.6832000e-14
     55    127 0.0000000e+00 0.0000000e+00 0.0000000e+00
     55    129 0.0000000e+00 0.0000000e+00 0.0000000e+00
     55    131 0.0000000e+00 2.5000000e-10 1.6000000e-10
     55    132 0.0000000e+00 1.2600000e-08 8.0640000e-09
     55    133 0.0000000e+00 5.5593900e-02 3.3356400e-03
     55    134 1.0000000e+00 3.6500000e-06 2.3360000e-06
     55    134 0.0000000e+00 7.3000000e-06 4.6720000e-06
     55    135 1.0000000e+00 2.9060000e-05 1.8598400e-05
     55    135 0.0000000e+00 6.1775700e-02 3.9536400e-02
     55    136 1.0000000e+00 2.5766000e-04 1.6490200e-04
     55    136 0.0000000e+00 5.1532000e-04 3.2980500e-04
     55    137 0.0000000e+00 5.1583200e-02 8.2533200e-03
     55    138 0.0000000e+00 5.0547800e-02 4.0438200e-03
     55    138 1.0000000e+00 6.3074000e-03 1.4507000e-03
     55    139 0.0000000e+00 4.7939200e-02 5.2733100e-03
     55    140 0.0000000e+00 4.4987500e-02 7.1980100e-03
     55    141 0.0000000e+00 3.7654300e-02 8.6605000e-03
     55    142 0.0000000e+00 2.3731400e-02 5.4582300e-03
     55    143 0.0000000e+00 1.0828400e-02 2.4905400e-03
     55    144 0.0000000e+00 3.6912700e-03 2.3624100e-03
     55    145 0.0000000e+00 8.1927000e-04 5.2433300e-04
     55    146 0.0000000e+00 1.2829000e-04 8.2105600e-05
     55    147 0.0000000e+00 3.4538400e-05 2.2104600e-05
     55    148 0.0000000e+00 1.1600000e-06 7.4240000e-07
     55    149 0.0000000e+00 9.1170100e-08 5.8348900e-08
     55    150 0.0000000e+00 1.7000000e-09 1.0880000e-09
     55    151 0.0000000e+00 4.7280700e-11 3.0259600e-11
     56    129 0.0000000e+00 0.0000000e+00 0.0000000e+00
     56    131 0.0000000e+00 0.0000000e+00 0.0000000e+00
     56    132 0.0000000e+00 2.7700000e-10 1.7728000e-10
     56    133 0.0000000e+00 7.3300000e-11 4.6912000e-11
     56    134 0.0000000e+00 7.3000000e-06 4.6720000e-06
     56    135 1.0000000e+00 4.3650000e-08 2.7936000e-08
     56    135 0.0000000e+00 6.1775800e-02 3.9536500e-02
     56    136 1.0000000e+00 5.8745900e-05 3.7597300e-05
     56    136 0.0000000e+00 5.1739000e-04 3.3113000e-04
     56    137 0.0000000e+00 5.1608000e-02 8.2572900e-03
     56    137 1.0000000e+00 4.8815300e-02 7.8104500e-03
     56    138 0.0000000e+00 5.2309500e-02 4.1847600e-03
     56    139 0.0000000e+00 4.8929700e-02 3.9143800e-03
     56    140 0.0000000e+00 4.8734400e-02 3.8987500e-03
     56    141 0.0000000e+00 4.7823900e-02 7.6518300e-03
     56    142 0.0000000e+00 4.1359800e-02 6.6175600e-03
     56    143 0.0000000e+00 3.1250800e-02 7.1876800e-03
     56    144 0.0000000e+00 2.0987100e-02 4.8270300e-03
     56    145 0.0000000e+00 1.0309100e-02 4.6390900e-03
     56    146 0.0000000e+00 3.9434100e-03 2.5237800e-03
     56    147 0.0000000e+00 1.1768600e-03 7.5319100e-04
     56    148 0.0000000e+00 2.3920000e-04 1.5308800e-04
     56    149 0.0000000e+00 3.2630000e-05 2.0883200e-05
     56    150 0.0000000e+00 2.6300000e-06 1.6832000e-06
     56    151 0.0000000e+00 2.0143200e-07 1.2891700e-07
     56    152 0.0000000e+00 5.2600000e-09 3.3664000e-09
     56    153 0.0000000e+00 1.2735200e-10 8.1505500e-11
     56    154 0.0000000e+00 2.0100000e-12 1.2864000e-12
     57    133 0.0000000e+00 0.0000000e+00 0.0000000e+00
     57    135 0.0000000e+00 1.0700000e-11 6.8480000e-12
     57    137 0.0000000e+00 2.2700000e-08 1.4528000e-08
     57    138 0.0000000e+00 4.4300000e-07 2.8352000e-07
     57    139 0.0000000e+00 4.8935900e-02 3.9148700e-03
     57    140 0.0000000e+00 4.8793800e-02 2.9276300e-03
     57    141 0.0000000e+00 4.8230200e-02 5.3053200e-03
     57    142 0.0000000e+00 4.3084800e-02 3.4467800e-03
     57    143 0.0000000e+00 3.6195700e-02 5.7913100e-03
     57    144 0.0000000e+00 3.1000200e-02 3.4100200e-03
     57    145 0.0000000e+00 2.3422600e-02 5.3872000e-03
     57    146 1.0000000e+00 6.2378800e-03 3.9922400e-03
     57    146 0.0000000e+00 1.0181300e-02 6.5160300e-03
     57    147 0.0000000e+00 1.0291400e-02 4.6311300e-03
     57    148 0.0000000e+00 4.8532700e-03 3.1060900e-03
     57    149 0.0000000e+00 1.6642200e-03 1.0651000e-03
     57    150 0.0000000e+00 3.5046000e-04 2.2429400e-04
     57    151 0.0000000e+00 4.4590000e-05 2.8537600e-05
     57    152 0.0000000e+00 5.1900000e-06 3.3216000e-06
     57    153 0.0000000e+00 3.3500000e-07 2.1440000e-07
     57    154 0.0000000e+00 1.4400000e-08 9.2160000e-09
     57    155 0.0000000e+00 1.7838900e-10 1.1416900e-10
     57    156 0.0000000e+00 8.5641200e-12 5.4810400e-12
     57    157 0.0000000e+00 3.7790300e-13 2.4185800e-13
     58    135 0.0000000e+00 0.0000000e+00 0.0000000e+00
     58    137 0.0000000e+00 1.6800000e-12 1.0752000e-12
     58    138 0.0000000e+00 1.3300000e-07 8.5120000e-08
     58    139 0.0000000e+00 3.2500000e-09 2.0800000e-09
     58    139 1.0000000e+00 2.3000000e-09 1.4720000e-09
     58    140 0.0000000e+00 4.8793900e-02 2.9276300e-03
     58    141 0.0000000e+00 4.8231700e-02 3.8585400e-03
     58    142 0.0000000e+00 4.3101700e-02 3.4481400e-03
     58    143 0.0000000e+00 3.6323400e-02 2.9058700e-03
     58    144 0.0000000e+00 3.1660900e-02 2.5328700e-03
     58    145 0.0000000e+00 2.5569300e-02 5.8809500e-03
     58    146 0.0000000e+00 2.1349300e-02 4.9103500e-03
     58    147 0.0000000e+00 1.8657600e-02 5.9704300e-03
     58    148 0.0000000e+00 1.4898300e-02 3.4266100e-03
     58    149 0.0000000e+00 1.0175900e-02 4.5791700e-03
     58    150 0.0000000e+00 4.8424800e-03 3.0991900e-03
     58    151 0.0000000e+00 1.5103100e-03 9.6659900e-04
     58    152 0.0000000e+00 4.5157000e-04 2.8900500e-04
     58    153 0.0000000e+00 7.5810000e-05 4.8518400e-05
     58    154 0.0000000e+00 8.4300000e-06 5.3952000e-06
     58    155 0.0000000e+00 7.6000000e-07 4.8640000e-07
     58    156 0.0000000e+00 4.3000000e-08 2.7520000e-08
     58    157 0.0000000e+00 1.6100000e-09 1.0304000e-09
     58    158 0.0000000e+00 4.2700000e-11 2.7328000e-11
     58    159 0.0000000e+00 1.6080600e-12 1.0291600e-12
     58    160 0.0000000e+00 0.0000000e+00 0.0000000e+00
     59    139 0.0000000e+00 1.3800000e-13 8.8320000e-14
     59    140 0.0000000e+00 9.4400000e-12 6.0416000e-12
     59    141 0.0000000e+00 4.8231700e-02 3.8585400e-03
     59    142 1.0000000e+00 7.2000000e-09 4.6080000e-09
     59    142 0.0000000e+00 1.4400000e-08 9.2160000e-09
     59    143 0.0000000e+00 3.6323700e-02 2.9059000e-03
     59    144 0.0000000e+00 3.1665000e-02 2.5332000e-03
     59    144 1.0000000e+00 1.6208000e-04 1.2966400e-05
     59    145 0.0000000e+00 2.5605600e-02 5.8892900e-03
     59    146 0.0000000e+00 2.1565300e-02 2.3721800e-03
     59    147 0.0000000e+00 1.9559600e-02 6.2590800e-03
     59    148 1.0000000e+00 1.3212700e-03 8.4561300e-04
     59    148 0.0000000e+00 1.6219600e-02 1.0380500e-02
     59    149 0.0000000e+00 1.5539700e-02 3.5741200e-03
     59    150 0.0000000e+00 1.1526400e-02 3.6884400e-03
     59    151 0.0000000e+00 6.7082400e-03 3.0187100e-03
     59    152 0.0000000e+00 4.3115200e-03 2.7593700e-03
     59    153 0.0000000e+00 1.6784900e-03 1.0742300e-03
     59    154 0.0000000e+00 4.4959000e-04 2.8773800e-04
     59    155 0.0000000e+00 1.0140000e-04 6.4896000e-05
     59    156 0.0000000e+00 1.4720000e-05 9.4208000e-06
     59    157 0.0000000e+00 1.4000000e-06 8.9600000e-07
     59    158 0.0000000e+00 9.5800000e-08 6.1312000e-08
     59    159 0.0000000e+00 4.2300000e-09 2.7072000e-09
     59    160 0.0000000e+00 1.3100000e-10 8.3840000e-11
     59    161 0.0000000e+00 2.1383200e-12 1.3685300e-12
     59    162 0.0000000e+00 5.9749700e-14 3.8239800e-14
     60    140 0.0000000e+00 0.0000000e+00 0.0000000e+00
     60    141 0.0000000e+00 1.1800000e-14 7.5520000e-15
     60    142 0.0000000e+00 1.4400000e-08 9.2160000e-09
     60    143 0.0000000e+00 3.6323700e-02 2.9059000e-03
     60    144 0.0000000e+00 3.1665100e-02 2.5332000e-03
     60    145 0.0000000e+00 2.5605700e-02 4.0969100e-03
     60    146 0.0000000e+00 2.1566200e-02 2.3722800e-03
     60    147 0.0000000e+00 1.9569300e-02 6.2621900e-03
     60    148 0.0000000e+00 1.7615600e-02 4.0515800e-03
     60    149 0.0000000e+00 1.5926700e-02 1.7519300e-03
     60    150 0.0000000e+00 1.2720100e-02 2.9256200e-03
     60    151 0.0000000e+00 8.9441700e-03 2.0571600e-03
     60    152 0.0000000e+00 8.2463600e-03 5.2776700e-03
     60    153 0.0000000e+00 5.4705600e-03 3.5011600e-03
     60    154 0.0000000e+00 2.8578900e-03 1.8290500e-03
     60    155 0.0000000e+00 1.4004500e-03 8.9628800e-04
     60    156 0.0000000e+00 4.7522000e-04 3.0414100e-04
     60    157 0.0000000e+00 1.0860000e-04 6.9504000e-05
     60    158 0.0000000e+00 1.8320000e-05 1.1724800e-05
     60    159 0.0000000e+00 2.0400000e-06 1.3056000e-06
     60    160 0.0000000e+00 1.6200000e-07 1.0368000e-07
     60    161 0.0000000e+00 9.1100000e-09 5.8304000e-09
     60    162 0.0000000e+00 3.0000000e-10 1.9200000e-10
     60    163 0.0000000e+00 6.3100000e-12 4.0384000e-12
     60    164 0.0000000e+00 9.7300000e-14 6.2272000e-14
     60    165 0.0000000e+00 6.4246400e-15 4.1117700e-15
     61    141 0.0000000e+00 0.0000000e+00 0.0000000e+00
     61    143 0.0000000e+00 0.0000000e+00 0.0000000e+00
     61    144 0.0000000e+00 9.8800000e-14 6.3232000e-14
     61    145 0.0000000e+00 6.6900000e-12 4.2816000e-12
     61    146 0.0000000e+00 3.0600000e-10 1.9584000e-10
     61    147 0.0000000e+00 1.9569300e-02 6.2621900e-03
     61    148 0.0000000e+00 6.4100000e-08 4.1024000e-08
     61    148 1.0000000e+00 1.3500000e-07 8.6400000e-08
     61    149 0.0000000e+00 1.5929400e-02 1.7522300e-03
     61    150 0.0000000e+00 2.2160000e-05 1.4182400e-05
     61    151 0.0000000e+00 9.0514900e-03 9.9566400e-04
     61    152 2.0000000e+00 1.5794000e-04 1.0108200e-04
     61    152 0.0000000e+00 8.4043000e-03 3.7819400e-03
     61    152 1.0000000e+00 1.5794000e-04 1.0108200e-04
     61    153 0.0000000e+00 6.5590700e-03 2.9515800e-03
     61    154 0.0000000e+00 3.6477700e-03 1.6415000e-03
     61    154 1.0000000e+00 7.8988000e-04 5.0552300e-04
     61    155 0.0000000e+00 3.3327700e-03 2.1329700e-03
     61    156 0.0000000e+00 2.0399000e-03 1.3055400e-03
     61    157 0.0000000e+00 9.3884000e-04 6.0085800e-04
     61    158 0.0000000e+00 3.4838000e-04 2.2296300e-04
     61    159 0.0000000e+00 9.0490000e-05 5.7913600e-05
     61    160 0.0000000e+00 1.7450000e-05 1.1168000e-05
     61    161 0.0000000e+00 2.3900000e-06 1.5296000e-06
     61    162 0.0000000e+00 1.9900000e-07 1.2736000e-07
     61    163 0.0000000e+00 1.0500000e-08 6.7200000e-09
     61    164 0.0000000e+00 4.2000000e-10 2.6880000e-10
     61    165 0.0000000e+00 1.6900000e-11 1.0816000e-11
     61    166 0.0000000e+00 1.5415400e-13 9.8658700e-14
     61    167 0.0000000e+00 4.9761200e-15 3.1847100e-15
     62    143 0.0000000e+00 0.0000000e+00 0.0000000e+00
     62    143 1.0000000e+00 0.0000000e+00 0.0000000e+00
     62    144 0.0000000e+00 0.0000000e+00 0.0000000e+00
     62    145 0.0000000e+00 0.0000000e+00 0.0000000e+00
     62    146 0.0000000e+00 1.0700000e-10 6.8480000e-11
     62    147 0.0000000e+00 1.9569300e-02 4.5009500e-03
     62    148 0.0000000e+00 1.9300000e-07 1.2352000e-07
     62    149 0.0000000e+00 1.5929400e-02 1.7522300e-03
     62    150 0.0000000e+00 2.2200000e-05 1.4208000e-05
     62    151 0.0000000e+00 9.0519700e-03 9.9571700e-04
     62    152 0.0000000e+00 8.7259300e-03 2.7923000e-03
     62    153 0.0000000e+00 6.5928300e-03 2.9667700e-03
     62    154 0.0000000e+00 4.5568800e-03 1.4582000e-03
     62    155 0.0000000e+00 3.6778700e-03 1.6550400e-03
     62    156 0.0000000e+00 2.6850200e-03 1.2082600e-03
     62    157 0.0000000e+00 1.7009200e-03 1.0885900e-03
     62    158 0.0000000e+00 1.0218000e-03 6.5395200e-04
     62    159 0.0000000e+00 4.9655000e-04 3.1779200e-04
     62    160 0.0000000e+00 1.9995000e-04 1.2796800e-04
     62    161 0.0000000e+00 6.0310000e-05 3.8598400e-05
     62    162 0.0000000e+00 1.1920000e-05 7.6288000e-06
     62    163 0.0000000e+00 1.5000000e-06 9.6000000e-07
     62    164 0.0000000e+00 1.5100000e-07 9.6640000e-08
     62    165 0.0000000e+00 1.5100000e-08 9.6640000e-09
     62    166 0.0000000e+00 7.7400000e-10 4.9536000e-10
     62    167 0.0000000e+00 2.1200000e-11 1.3568000e-11
     62    168 0.0000000e+00 4.9500000e-13 3.1680000e-13
     62    169 0.0000000e+00 1.1670800e-14 7.4693100e-15
     62    170 0.0000000e+00 0.0000000e+00 0.0000000e+00
     63    147 0.0000000e+00 0.0000000e+00 0.0000000e+00
     63    149 0.0000000e+00 7.8000000e-14 4.9920000e-14
     63    151 0.0000000e+00 9.0519700e-03 9.9571700e-04
     63    152 2.0000000e+00 2.0333300e-09 1.3013300e-09
     63    152 0.0000000e+00 3.0500000e-09 1.9520000e-09
     63    152 1.0000000e+00 3.0500000e-09 1.9520000e-09
     63    153 0.0000000e+00 6.5929300e-03 2.1097400e-03
     63    154 1.0000000e+00 4.3750000e-07 2.8000000e-07
     63    154 0.0000000e+00 8.7500000e-07 5.6000000e-07
     63    155 0.0000000e+00 3.6842700e-03 1.6579200e-03
     63    156 0.0000000e+00 2.7146100e-03 1.2215700e-03
     63    157 0.0000000e+00 1.7830800e-03 8.0238600e-04
     63    158 0.0000000e+00 1.1881500e-03 5.3466800e-04
     63    159 0.0000000e+00 7.2162000e-04 4.6183700e-04
     63    160 0.0000000e+00 4.2465000e-04 1.9109300e-04
     63    161 0.0000000e+00 2.1596000e-04 1.3821400e-04
     63    162 0.0000000e+00 8.3230000e-05 5.3267200e-05
     63    163 0.0000000e+00 2.2140000e-05 1.4169600e-05
     63    164 0.0000000e+00 5.1000000e-06 3.2640000e-06
     63    165 0.0000000e+00 1.2000000e-06 7.6800000e-07
     63    166 0.0000000e+00 1.5200000e-07 9.7280000e-08
     63    167 0.0000000e+00 1.0500000e-08 6.7200000e-09
     63    168 0.0000000e+00 6.1000000e-10 3.9040000e-10
     63    169 0.0000000e+00 3.0700000e-11 1.9648000e-11
     63    170 0.0000000e+00 9.8500000e-13 6.3040000e-13
     63    171 0.0000000e+00 7.4407000e-15 4.7620500e-15
     63    172 0.0000000e+00 4.2023900e-16 2.6895300e-16
     64    147 0.0000000e+00 0.0000000e+00 0.0000000e+00
     64    149 0.0000000e+00 0.0000000e+00 0.0000000e+00
     64    151 0.0000000e+00 0.0000000e+00 0.0000000e+00
     64    152 0.0000000e+00 3.2000000e-09 2.0480000e-09
     64    153 0.0000000e+00 2.2800000e-11 1.4592000e-11
     64    154 0.0000000e+00 8.7600000e-07 5.6064000e-07
     64    155 0.0000000e+00 3.6842800e-03 1.1789700e-03
     64    156 0.0000000e+00 2.7147300e-03 8.6871400e-04
     64    157 0.0000000e+00 1.7839700e-03 5.7087100e-04
     64    158 0.0000000e+00 1.1925400e-03 3.8161300e-04
     64    159 0.0000000e+00 7.3580000e-04 3.3111000e-04
     64    160 0.0000000e+00 4.5763000e-04 1.4644200e-04
     64    161 0.0000000e+00 2.6675000e-04 1.2003800e-04
     64    162 0.0000000e+00 1.3519000e-04 8.6521600e-05
     64    163 0.0000000e+00 5.4820000e-05 3.5084800e-05
     64    164 0.0000000e+00 2.2630000e-05 1.4483200e-05
     64    165 0.0000000e+00 1.0580000e-05 6.7712000e-06
     64    166 0.0000000e+00 2.9500000e-06 1.8880000e-06
     64    167 0.0000000e+00 4.7600000e-07 3.0464000e-07
     64    168 0.0000000e+00 6.5700000e-08 4.2048000e-08
     64    169 0.0000000e+00 8.2300000e-09 5.2672000e-09
     64    170 0.0000000e+00 6.5400000e-10 4.1856000e-10
     64    171 0.0000000e+00 3.1700000e-11 2.0288000e-11
     64    172 0.0000000e+00 2.1100000e-12 1.3504000e-12
     65    151 0.0000000e+00 0.0000000e+00 0.0000000e+00
     65    153 0.0000000e+00 0.0000000e+00 0.0000000e+00
     65    155 0.0000000e+00 1.4400000e-12 9.2160000e-13
     65    156 0.0000000e+00 4.4000000e-11 2.8160000e-11
     65    156 1.0000000e+00 4.6300000e-12 2.9632000e-12
     65    157 0.0000000e+00 8.3000000e-10 5.3120000e-10
     65    158 0.0000000e+00 1.0500000e-08 6.7200000e-09
     65    158 1.0000000e+00 1.0500000e-09 6.7200000e-10
     65    159 0.0000000e+00 7.3589000e-04 2.3548500e-04
     65    160 0.0000000e+00 4.9500000e-07 3.1680000e-07
     65    161 0.0000000e+00 2.6856000e-04 1.2085200e-04
     65    162 0.0000000e+00 1.3468000e-04 6.0606000e-05
     65    162 1.0000000e+00 4.9000000e-06 3.1360000e-06
     65    163 0.0000000e+00 6.1050000e-05 2.7472500e-05
     65    164 0.0000000e+00 3.0180000e-05 1.3581000e-05
     65    165 0.0000000e+00 1.9370000e-05 1.2396800e-05
     65    166 0.0000000e+00 8.7700000e-06 5.6128000e-06
     65    167 0.0000000e+00 2.6600000e-06 1.7024000e-06
     65    168 0.0000000e+00 7.5300000e-07 4.8192000e-07
     65    169 0.0000000e+00 2.1300000e-07 1.3632000e-07
     65    170 0.0000000e+00 3.9100000e-08 2.5024000e-08
     65    171 0.0000000e+00 4.6600000e-09 2.9824000e-09
     65    172 0.0000000e+00 7.5700000e-10 4.8448000e-10
     66    155 0.0000000e+00 0.0000000e+00 0.0000000e+00
     66    156 0.0000000e+00 0.0000000e+00 0.0000000e+00
     66    157 0.0000000e+00 6.3000000e-14 4.0320000e-14
     66    158 0.0000000e+00 1.6800000e-09 1.0752000e-09
     66    159 0.0000000e+00 4.4200000e-11 2.8288000e-11
     66    160 0.0000000e+00 4.9600000e-07 3.1744000e-07
     66    161 0.0000000e+00 2.6856000e-04 8.5939200e-05
     66    162 0.0000000e+00 1.3961000e-04 4.4675200e-05
     66    163 0.0000000e+00 6.1180000e-05 1.9577600e-05
     66    164 0.0000000e+00 3.0540000e-05 9.7728000e-06
     66    165 0.0000000e+00 2.0100000e-05 6.4320000e-06
     66    165 1.0000000e+00 9.8100000e-06 4.4145000e-06
     66    166 0.0000000e+00 1.0240000e-05 4.6080000e-06
     66    167 0.0000000e+00 3.8900000e-06 2.4896000e-06
     66    168 0.0000000e+00 1.6000000e-06 1.0240000e-06
     66    169 0.0000000e+00 7.7400000e-07 4.9536000e-07
     66    170 0.0000000e+00 2.7300000e-07 1.7472000e-07
     66    171 0.0000000e+00 7.0000000e-08 4.4800000e-08
     66    172 0.0000000e+00 2.5600000e-08 1.6384000e-08
     67    159 0.0000000e+00 0.0000000e+00 0.0000000e+00
     67    159 1.0000000e+00 0.0000000e+00 0.0000000e+00
     67    161 0.0000000e+00 1.6400000e-12 1.0496000e-12
     67    161 1.0000000e+00 2.1400000e-13 1.3696000e-13
     67    162 0.0000000e+00 1.9200000e-11 1.2288000e-11
     67    162 1.0000000e+00 1.8100000e-11 1.1584000e-11
     67    163 0.0000000e+00 2.2200000e-10 1.4208000e-10
     67    163 1.0000000e+00 2.8800000e-11 1.8432000e-11
     67    164 0.0000000e+00 1.6400000e-09 1.0496000e-09
     67    164 1.0000000e+00 1.1500000e-09 7.3600000e-10
     67    165 0.0000000e+00 2.0350000e-05 4.6805000e-06
     67    166 0.0000000e+00 1.0250000e-05 4.6125000e-06
     67    166 1.0000000e+00 2.7800000e-08 1.7792000e-08
     67    167 0.0000000e+00 3.9700000e-06 1.7865000e-06
     67    168 0.0000000e+00 1.7200000e-06 7.7400000e-07
     67    169 0.0000000e+00 9.6100000e-07 4.3245000e-07
     67    170 0.0000000e+00 3.5900000e-07 2.2976000e-07
     67    170 1.0000000e+00 8.5400000e-08 5.4656000e-08
     67    171 0.0000000e+00 1.7600000e-07 1.1264000e-07
     67    172 0.0000000e+00 1.1400000e-07 7.2960000e-08
     68    161 0.0000000e+00 0.0000000e+00 0.0000000e+00
     68    162 0.0000000e+00 0.0000000e+00 0.0000000e+00
     68    163 0.0000000e+00 3.2500000e-14 2.0800000e-14
     68    164 0.0000000e+00 8.6900000e-10 3.9105000e-10
     68    165 0.0000000e+00 1.0300000e-11 6.5920000e-12
     68    166 0.0000000e+00 1.0280000e-05 3.2896000e-06
     68    167 0.0000000e+00 3.9800000e-06 1.2736000e-06
     68    167 1.0000000e+00 3.9800000e-07 1.7910000e-07
     68    168 0.0000000e+00 1.7300000e-06 5.5360000e-07
     68    169 0.0000000e+00 9.6800000e-07 4.3560000e-07
     68    170 0.0000000e+00 4.5900000e-07 1.4688000e-07
     68    171 0.0000000e+00 1.9600000e-07 8.8200000e-08
     68    172 0.0000000e+00 1.5100000e-07 6.7950000e-08
     69    165 0.0000000e+00 0.0000000e+00 0.0000000e+00
     69    166 0.0000000e+00 1.9800000e-14 1.2672000e-14
     69    167 0.0000000e+00 2.6100000e-13 1.6704000e-13
     69    168 0.0000000e+00 2.4700000e-12 1.5808000e-12
     69    169 0.0000000e+00 9.6800000e-07 3.0976000e-07
     69    170 0.0000000e+00 1.1900000e-10 7.6160000e-11
     69    171 0.0000000e+00 1.9700000e-07 8.8650000e-08
     69    172 0.0000000e+00 1.5300000e-07 6.8850000e-08
     70    166 0.0000000e+00 0.0000000e+00 0.0000000e+00
     70    167 0.0000000e+00 0.0000000e+00 0.0000000e+00
     70    168 0.0000000e+00 0.0000000e+00 0.0000000e+00
     70    169 0.0000000e+00 0.0000000e+00 0.0000000e+00
     70    169 1.0000000e+00 0.0000000e+00 0.0000000e+00
     70    170 0.0000000e+00 1.1900000e-10 7.6160000e-11
     70    171 0.0000000e+00 1.9700000e-07 6.3040000e-08
     70    172 0.0000000e+00 1.5300000e-07 4.8960000e-08
     71    169 0.0000000e+00 0.0000000e+00 0.0000000e+00
     71    169 1.0000000e+00 0.0000000e+00 0.0000000e+00
     71    171 0.0000000e+00 0.0000000e+00 0.0000000e+00
     71    171 1.0000000e+00 0.0000000e+00 0.0000000e+00
     71    172 0.0000000e+00 0.0000000e+00 0.0000000e+00
     71    172 1.0000000e+00 0.0000000e+00 0.0000000e+00
     72    171 0.0000000e+00 0.0000000e+00 0.0000000e+00
     72    172 0.0000000e+00 0.0000000e+00 0.0000000e+00


