# header:
#   title: "Pu242+n induced fission product yield"
#   source: "ENDF"
#   creator: "Shin Okumura"
#   date: 2023-07-14
#   format: "YANDF-0.1"
# endf:
#   library: "endfb8.0"
#   author: "T.R. ENGLAND ET AL"
#   year: 1989
# target:
#   Z: 94
#   A: 242
#   nuclide: "Pu242"
# reaction:
#   type: "(n,f)"
#   Incident energy [MeV]:  2.530000e-02
# datablock:
#   quantity: "cumulative fission product yield"
#   columns: 4
#   entries: 1279
##   A      Z  ISO           Yield         dYield
##                           %/fission     %/fission
     23     66 0.0000000e+00 1.0331700e-18 6.6123200e-19
     24     66 0.0000000e+00 3.9900000e-14 2.5536000e-14
     24     67 0.0000000e+00 0.0000000e+00 0.0000000e+00
     24     68 0.0000000e+00 0.0000000e+00 0.0000000e+00
     24     69 0.0000000e+00 5.0096000e-18 3.2061400e-18
     24     70 0.0000000e+00 0.0000000e+00 0.0000000e+00
     25     66 0.0000000e+00 9.4300000e-12 6.0352000e-12
     25     67 0.0000000e+00 3.2500000e-12 2.0800000e-12
     25     68 0.0000000e+00 7.4000000e-13 4.7360000e-13
     25     69 0.0000000e+00 1.1000000e-13 7.0400000e-14
     25     70 0.0000000e+00 1.6100000e-14 1.0304000e-14
     25     71 0.0000000e+00 0.0000000e+00 0.0000000e+00
     25     72 0.0000000e+00 2.8224600e-17 1.8063700e-17
     25     73 0.0000000e+00 3.5974800e-18 2.3023900e-18
     26     66 0.0000000e+00 2.4900000e-10 1.5936000e-10
     26     67 0.0000000e+00 2.1500000e-10 1.3760000e-10
     26     68 0.0000000e+00 1.6700000e-10 1.0688000e-10
     26     69 0.0000000e+00 6.7700000e-11 4.3328000e-11
     26     70 0.0000000e+00 3.6200000e-11 2.3168000e-11
     26     71 0.0000000e+00 4.7000000e-12 3.0080000e-12
     26     72 0.0000000e+00 1.0900000e-12 6.9760000e-13
     26     73 0.0000000e+00 1.1800000e-13 7.5520000e-14
     26     74 0.0000000e+00 0.0000000e+00 0.0000000e+00
     26     75 0.0000000e+00 2.5731100e-16 1.6467900e-16
     26     76 0.0000000e+00 0.0000000e+00 0.0000000e+00
     27     66 0.0000000e+00 4.6700000e-10 2.9888000e-10
     27     67 0.0000000e+00 7.9800000e-10 5.1072000e-10
     27     68 0.0000000e+00 1.2200000e-09 7.8080000e-10
     27     69 0.0000000e+00 1.4800000e-09 9.4720000e-10
     27     70 0.0000000e+00 1.9400000e-09 1.2416000e-09
     27     71 0.0000000e+00 8.9200000e-10 5.7088000e-10
     27     72 0.0000000e+00 5.7300000e-10 3.6672000e-10
     27     73 0.0000000e+00 2.2600000e-10 1.4464000e-10
     27     74 0.0000000e+00 4.0200000e-11 2.5728000e-11
     27     75 0.0000000e+00 5.6500000e-12 3.6160000e-12
     27     76 0.0000000e+00 3.4000000e-13 2.1760000e-13
     27     77 0.0000000e+00 2.1493400e-14 1.3755800e-14
     27     78 0.0000000e+00 2.1569800e-15 1.3804700e-15
     27     79 0.0000000e+00 3.2269000e-16 2.0652100e-16
     28     66 0.0000000e+00 4.9700000e-10 2.2365000e-10
     28     67 0.0000000e+00 9.9200000e-10 4.4640000e-10
     28     68 0.0000000e+00 2.2500000e-09 1.4400000e-09
     28     69 0.0000000e+00 4.6200000e-09 2.9568000e-09
     28     70 0.0000000e+00 1.4500000e-08 9.2800000e-09
     28     71 0.0000000e+00 1.5000000e-08 9.6000000e-09
     28     72 0.0000000e+00 3.1000000e-08 1.9840000e-08
     28     73 0.0000000e+00 3.0900000e-08 1.9776000e-08
     28     74 0.0000000e+00 1.9900000e-08 1.2736000e-08
     28     75 0.0000000e+00 7.5600000e-09 4.8384000e-09
     28     76 0.0000000e+00 1.7300000e-09 1.1072000e-09
     28     77 0.0000000e+00 7.0500000e-10 4.5120000e-10
     28     78 0.0000000e+00 8.3300000e-11 5.3312000e-11
     28     79 0.0000000e+00 1.0584500e-11 6.7740500e-12
     28     80 0.0000000e+00 1.1200000e-13 7.1680000e-14
     28     81 0.0000000e+00 5.1917700e-15 3.3227300e-15
     28     82 0.0000000e+00 0.0000000e+00 0.0000000e+00
     29     66 0.0000000e+00 4.9700000e-10 2.2365000e-10
     29     67 0.0000000e+00 9.9500000e-10 4.4775000e-10
     29     68 0.0000000e+00 2.2800000e-09 1.0260000e-09
     29     68 1.0000000e+00 2.5200000e-11 1.6128000e-11
     29     69 0.0000000e+00 4.9700000e-09 3.1808000e-09
     29     70 0.0000000e+00 8.0900000e-09 5.1776000e-09
     29     70 1.0000000e+00 9.7100000e-09 6.2144000e-09
     29     71 0.0000000e+00 2.5900000e-08 1.6576000e-08
     29     72 0.0000000e+00 8.4400000e-08 5.4016000e-08
     29     73 0.0000000e+00 1.9300000e-07 1.2352000e-07
     29     74 0.0000000e+00 2.7600000e-07 1.7664000e-07
     29     75 0.0000000e+00 3.3000000e-07 2.1120000e-07
     29     76 0.0000000e+00 1.9800000e-07 1.2672000e-07
     29     77 0.0000000e+00 2.9500000e-07 1.8880000e-07
     29     78 0.0000000e+00 9.5100000e-08 6.0864000e-08
     29     79 0.0000000e+00 9.8500000e-09 6.3040000e-09
     29     80 0.0000000e+00 1.3800000e-09 8.8320000e-10
     29     81 0.0000000e+00 1.1400000e-10 7.2960000e-11
     29     82 0.0000000e+00 4.0400000e-12 2.5856000e-12
     29     83 0.0000000e+00 1.4450900e-13 9.2485800e-14
     29     84 0.0000000e+00 6.0074300e-15 3.8447500e-15
     30     66 0.0000000e+00 4.9700000e-10 1.5904000e-10
     30     67 0.0000000e+00 9.9500000e-10 3.1840000e-10
     30     68 0.0000000e+00 2.2900000e-09 7.3280000e-10
     30     69 0.0000000e+00 4.9700000e-09 2.2365000e-09
     30     69 1.0000000e+00 2.9200000e-12 1.8688000e-12
     30     70 0.0000000e+00 1.7900000e-08 5.7280000e-09
     30     71 0.0000000e+00 2.6100000e-08 1.1745000e-08
     30     71 1.0000000e+00 7.7600000e-10 4.9664000e-10
     30     72 0.0000000e+00 9.9400000e-08 4.4730000e-08
     30     73 0.0000000e+00 2.9600000e-07 1.8944000e-07
     30     74 0.0000000e+00 7.6100000e-07 4.8704000e-07
     30     75 0.0000000e+00 1.6900000e-06 1.0816000e-06
     30     76 0.0000000e+00 2.7900000e-06 1.7856000e-06
     30     77 0.0000000e+00 9.9300000e-06 6.3552000e-06
     30     78 0.0000000e+00 1.0530000e-05 6.7392000e-06
     30     79 0.0000000e+00 2.9300000e-06 1.8752000e-06
     30     80 0.0000000e+00 1.4600000e-06 9.3440000e-07
     30     81 0.0000000e+00 3.4300000e-07 2.1952000e-07
     30     82 0.0000000e+00 4.5300000e-08 2.8992000e-08
     30     83 0.0000000e+00 4.7400000e-09 3.0336000e-09
     30     84 0.0000000e+00 2.3200000e-10 1.4848000e-10
     30     85 0.0000000e+00 2.7780500e-12 1.7779500e-12
     30     86 0.0000000e+00 7.0300000e-14 4.4992000e-14
     31     66 0.0000000e+00 0.0000000e+00 0.0000000e+00
     31     67 0.0000000e+00 0.0000000e+00 0.0000000e+00
     31     68 0.0000000e+00 0.0000000e+00 0.0000000e+00
     31     69 0.0000000e+00 4.9700000e-09 1.5904000e-09
     31     70 0.0000000e+00 9.5500000e-14 6.1120000e-14
     31     71 0.0000000e+00 2.6900000e-08 8.6080000e-09
     31     72 1.0000000e+00 6.3500000e-11 4.0640000e-11
     31     72 0.0000000e+00 9.9500000e-08 6.3680000e-08
     31     73 0.0000000e+00 2.9900000e-07 1.3455000e-07
     31     74 1.0000000e+00 5.8800000e-07 3.7632000e-07
     31     74 0.0000000e+00 6.4900000e-07 4.1536000e-07
     31     75 0.0000000e+00 1.9800000e-06 1.2672000e-06
     31     76 0.0000000e+00 4.0800000e-06 1.8360000e-06
     31     77 0.0000000e+00 2.4330000e-05 1.5571200e-05
     31     78 0.0000000e+00 4.5560000e-05 2.9158400e-05
     31     79 0.0000000e+00 3.4150000e-05 2.1856000e-05
     31     80 0.0000000e+00 3.9790000e-05 2.5465600e-05
     31     81 0.0000000e+00 3.1850000e-05 2.0384000e-05
     31     82 0.0000000e+00 1.1040000e-05 7.0656000e-06
     31     83 0.0000000e+00 4.3000000e-06 2.7520000e-06
     31     84 0.0000000e+00 6.2000000e-07 3.9680000e-07
     31     85 0.0000000e+00 6.1000000e-08 3.9040000e-08
     31     86 0.0000000e+00 2.3200000e-09 1.4848000e-09
     31     87 0.0000000e+00 1.7530100e-11 1.1219300e-11
     31     88 0.0000000e+00 8.0789600e-13 5.1705300e-13
     31     89 0.0000000e+00 7.5348800e-14 4.8223300e-14
     32     66 0.0000000e+00 0.0000000e+00 0.0000000e+00
     32     67 0.0000000e+00 0.0000000e+00 0.0000000e+00
     32     68 0.0000000e+00 0.0000000e+00 0.0000000e+00
     32     69 0.0000000e+00 0.0000000e+00 0.0000000e+00
     32     70 0.0000000e+00 9.5500000e-14 6.1120000e-14
     32     71 0.0000000e+00 0.0000000e+00 0.0000000e+00
     32     71 1.0000000e+00 0.0000000e+00 0.0000000e+00
     32     72 0.0000000e+00 9.9500000e-08 3.1840000e-08
     32     73 0.0000000e+00 2.9900000e-07 6.8770000e-08
     32     73 1.0000000e+00 2.9900000e-07 9.5680000e-08
     32     74 0.0000000e+00 7.9600000e-07 2.5472000e-07
     32     75 0.0000000e+00 1.9900000e-06 8.9550000e-07
     32     75 1.0000000e+00 8.4800000e-08 3.8160000e-08
     32     76 0.0000000e+00 4.1800000e-06 1.3376000e-06
     32     77 0.0000000e+00 9.7100000e-06 4.3695000e-06
     32     77 1.0000000e+00 2.1740000e-05 1.3913600e-05
     32     78 0.0000000e+00 6.4340000e-05 2.8953000e-05
     32     79 1.0000000e+00 2.0745800e-05 1.3277300e-05
     32     79 0.0000000e+00 5.2474000e-05 3.3583400e-05
     32     80 0.0000000e+00 1.7997000e-04 1.1518100e-04
     32     81 0.0000000e+00 2.9206000e-04 1.8691800e-04
     32     82 0.0000000e+00 2.9924000e-04 1.9151400e-04
     32     83 0.0000000e+00 2.8971000e-04 1.8541400e-04
     32     84 0.0000000e+00 1.5274000e-04 9.7753600e-05
     32     85 0.0000000e+00 4.2640000e-05 2.7289600e-05
     32     86 0.0000000e+00 6.5000000e-06 4.1600000e-06
     32     87 0.0000000e+00 5.7500000e-07 3.6800000e-07
     32     88 0.0000000e+00 3.1200000e-08 1.9968000e-08
     32     89 0.0000000e+00 2.4715000e-09 1.5817600e-09
     32     90 0.0000000e+00 4.3014600e-12 2.7529400e-12
     32     91 0.0000000e+00 5.9710600e-13 3.8214800e-13
     33     69 0.0000000e+00 0.0000000e+00 0.0000000e+00
     33     71 0.0000000e+00 0.0000000e+00 0.0000000e+00
     33     72 0.0000000e+00 0.0000000e+00 0.0000000e+00
     33     73 0.0000000e+00 0.0000000e+00 0.0000000e+00
     33     74 0.0000000e+00 5.1600000e-14 3.3024000e-14
     33     74 1.0000000e+00 3.6100000e-14 2.3104000e-14
     33     75 0.0000000e+00 1.9900000e-06 6.3680000e-07
     33     76 0.0000000e+00 1.7700000e-10 1.1328000e-10
     33     77 0.0000000e+00 2.6900000e-05 8.6080000e-06
     33     78 0.0000000e+00 6.4670000e-05 2.9101500e-05
     33     79 0.0000000e+00 7.4630000e-05 3.3583500e-05
     33     80 0.0000000e+00 1.9887000e-04 8.9491500e-05
     33     81 0.0000000e+00 4.0302000e-04 2.5793300e-04
     33     82 0.0000000e+00 4.3373000e-04 2.7758700e-04
     33     82 1.0000000e+00 1.3456000e-04 8.6118400e-05
     33     83 0.0000000e+00 1.1126900e-03 7.1212200e-04
     33     84 1.0000000e+00 5.2195500e-04 3.3405100e-04
     33     84 0.0000000e+00 6.7375500e-04 4.3120300e-04
     33     85 0.0000000e+00 1.0315700e-03 6.6020500e-04
     33     86 0.0000000e+00 4.2515000e-04 2.7209600e-04
     33     87 0.0000000e+00 1.4770000e-04 9.4528000e-05
     33     88 0.0000000e+00 2.4520000e-05 1.5692800e-05
     33     89 0.0000000e+00 2.3000000e-06 1.4720000e-06
     33     90 0.0000000e+00 8.0221600e-08 5.1341800e-08
     33     91 0.0000000e+00 1.3111200e-08 8.3911400e-09
     33     92 0.0000000e+00 4.1948400e-11 2.6847000e-11
     33     93 0.0000000e+00 2.4514600e-12 1.5689300e-12
     33     94 0.0000000e+00 6.8360400e-14 4.3750700e-14
     34     72 0.0000000e+00 0.0000000e+00 0.0000000e+00
     34     73 0.0000000e+00 0.0000000e+00 0.0000000e+00
     34     73 1.0000000e+00 0.0000000e+00 0.0000000e+00
     34     74 0.0000000e+00 1.6900000e-14 7.6050000e-15
     34     75 0.0000000e+00 0.0000000e+00 0.0000000e+00
     34     76 0.0000000e+00 1.7700000e-10 1.1328000e-10
     34     77 0.0000000e+00 2.6900000e-05 6.1870000e-06
     34     77 1.0000000e+00 8.0700000e-08 2.5824000e-08
     34     78 0.0000000e+00 6.4670000e-05 2.0694400e-05
     34     79 0.0000000e+00 7.4640000e-05 3.3588000e-05
     34     79 1.0000000e+00 7.4630000e-05 3.3583500e-05
     34     80 0.0000000e+00 1.9920000e-04 6.3744000e-05
     34     81 0.0000000e+00 4.0800000e-04 1.8360000e-04
     34     81 1.0000000e+00 4.3300000e-06 2.7712000e-06
     34     82 0.0000000e+00 6.0707000e-04 1.9426200e-04
     34     83 0.0000000e+00 6.2575000e-04 4.0048000e-04
     34     83 1.0000000e+00 7.6494000e-04 4.8956200e-04
     34     84 0.0000000e+00 2.8202300e-03 1.8049500e-03
     34     85 0.0000000e+00 1.7391900e-03 1.1130800e-03
     34     85 1.0000000e+00 1.2420200e-03 7.9489300e-04
     34     86 0.0000000e+00 3.7771200e-03 2.4173600e-03
     34     87 0.0000000e+00 3.1573000e-03 2.0206700e-03
     34     88 0.0000000e+00 1.9178900e-03 1.2274500e-03
     34     89 0.0000000e+00 5.2277000e-04 3.3457300e-04
     34     90 0.0000000e+00 1.3124000e-04 8.3993600e-05
     34     91 0.0000000e+00 1.8220000e-05 1.1660800e-05
     34     92 0.0000000e+00 1.6200000e-06 1.0368000e-06
     34     93 0.0000000e+00 8.0409600e-08 5.1462100e-08
     34     94 0.0000000e+00 2.6400000e-09 1.6896000e-09
     34     95 0.0000000e+00 1.2152500e-11 7.7776100e-12
     34     96 0.0000000e+00 4.3000000e-13 2.7520000e-13
     35     75 0.0000000e+00 0.0000000e+00 0.0000000e+00
     35     77 0.0000000e+00 0.0000000e+00 0.0000000e+00
     35     77 1.0000000e+00 0.0000000e+00 0.0000000e+00
     35     78 0.0000000e+00 2.1900000e-14 1.4016000e-14
     35     79 0.0000000e+00 7.4640000e-05 2.3884800e-05
     35     79 1.0000000e+00 1.2300000e-12 7.8720000e-13
     35     80 0.0000000e+00 1.3100000e-10 8.3840000e-11
     35     80 1.0000000e+00 9.8100000e-11 6.2784000e-11
     35     81 0.0000000e+00 4.0801000e-04 1.3056300e-04
     35     82 0.0000000e+00 1.5500000e-07 9.9200000e-08
     35     82 1.0000000e+00 4.6900000e-08 3.0016000e-08
     35     83 0.0000000e+00 1.3946800e-03 6.2760600e-04
     35     84 0.0000000e+00 2.8353400e-03 1.2759000e-03
     35     84 1.0000000e+00 2.6850000e-05 1.7184000e-05
     35     85 0.0000000e+00 3.2890400e-03 1.4800700e-03
     35     86 0.0000000e+00 4.2912100e-03 1.9310400e-03
     35     86 1.0000000e+00 5.2003000e-04 3.3281900e-04
     35     87 0.0000000e+00 6.2386400e-03 3.9927300e-03
     35     88 0.0000000e+00 6.5794100e-03 4.2108200e-03
     35     89 0.0000000e+00 4.8475100e-03 3.1024100e-03
     35     90 0.0000000e+00 3.0177300e-03 1.9313500e-03
     35     91 0.0000000e+00 1.4986300e-03 9.5912300e-04
     35     92 0.0000000e+00 3.8427000e-04 2.4593300e-04
     35     93 0.0000000e+00 7.4830000e-05 4.7891200e-05
     35     94 0.0000000e+00 7.4900000e-06 4.7936000e-06
     35     95 0.0000000e+00 2.6684300e-07 1.7077900e-07
     35     96 0.0000000e+00 1.5700000e-08 1.0048000e-08
     35     97 0.0000000e+00 1.0335100e-10 6.6144900e-11
     35     98 0.0000000e+00 5.3341800e-12 3.4138800e-12
     35     99 0.0000000e+00 1.7508000e-12 1.1205100e-12
     36     77 0.0000000e+00 0.0000000e+00 0.0000000e+00
     36     78 0.0000000e+00 0.0000000e+00 0.0000000e+00
     36     79 1.0000000e+00 0.0000000e+00 0.0000000e+00
     36     79 0.0000000e+00 0.0000000e+00 0.0000000e+00
     36     80 0.0000000e+00 1.3100000e-10 8.3840000e-11
     36     81 0.0000000e+00 7.4600000e-13 4.7744000e-13
     36     81 1.0000000e+00 9.7000000e-14 6.2080000e-14
     36     82 0.0000000e+00 1.5600000e-07 9.9840000e-08
     36     83 0.0000000e+00 1.3946800e-03 3.2077600e-04
     36     83 1.0000000e+00 1.3946800e-03 4.4629800e-04
     36     84 0.0000000e+00 2.8623700e-03 9.1595900e-04
     36     85 0.0000000e+00 6.6011000e-04 2.1123500e-04
     36     85 1.0000000e+00 3.2897100e-03 1.0527100e-03
     36     86 0.0000000e+00 5.0132900e-03 1.6042500e-03
     36     87 0.0000000e+00 6.8457900e-03 3.0806100e-03
     36     88 0.0000000e+00 8.6618300e-03 3.8978200e-03
     36     89 0.0000000e+00 9.0479700e-03 5.7907000e-03
     36     90 0.0000000e+00 1.1326400e-02 3.6244400e-03
     36     91 0.0000000e+00 1.2435500e-02 2.8601500e-03
     36     92 0.0000000e+00 9.9860600e-03 4.4937300e-03
     36     93 0.0000000e+00 5.2193800e-03 2.3487200e-03
     36     94 0.0000000e+00 1.9586300e-03 1.2535200e-03
     36     95 0.0000000e+00 3.7082000e-04 2.3732500e-04
     36     96 0.0000000e+00 4.8060000e-05 3.0758400e-05
     36     97 0.0000000e+00 3.3900000e-06 2.1696000e-06
     36     98 0.0000000e+00 2.0600000e-07 1.3184000e-07
     36     99 0.0000000e+00 5.7427300e-08 3.6753500e-08
     36    100 0.0000000e+00 9.7800000e-11 6.2592000e-11
     36    101 0.0000000e+00 2.7197500e-12 1.7406400e-12
     37     79 0.0000000e+00 0.0000000e+00 0.0000000e+00
     37     81 0.0000000e+00 0.0000000e+00 0.0000000e+00
     37     83 0.0000000e+00 1.2400000e-13 7.9360000e-14
     37     84 0.0000000e+00 1.5100000e-11 9.6640000e-12
     37     85 0.0000000e+00 3.2925700e-03 7.5729100e-04
     37     86 1.0000000e+00 2.2950000e-08 1.4688000e-08
     37     86 0.0000000e+00 4.5900000e-08 2.9376000e-08
     37     87 0.0000000e+00 6.8473000e-03 3.0812900e-03
     37     88 0.0000000e+00 8.6845700e-03 3.9080600e-03
     37     89 0.0000000e+00 9.2423500e-03 4.1590600e-03
     37     90 0.0000000e+00 1.0333800e-02 3.3068100e-03
     37     90 1.0000000e+00 2.0936500e-03 9.4214300e-04
     37     91 0.0000000e+00 1.6686000e-02 5.3395100e-03
     37     92 0.0000000e+00 1.8952200e-02 6.0646900e-03
     37     93 0.0000000e+00 2.0213800e-02 4.6491800e-03
     37     94 0.0000000e+00 1.6016400e-02 3.6837700e-03
     37     95 0.0000000e+00 9.7802800e-03 4.4011300e-03
     37     96 0.0000000e+00 3.4416100e-03 2.2026300e-03
     37     97 0.0000000e+00 9.2579000e-04 5.9250600e-04
     37     98 0.0000000e+00 1.6210000e-04 1.0374400e-04
     37     99 0.0000000e+00 5.3442500e-05 3.4203200e-05
     37    100 0.0000000e+00 9.0000000e-07 5.7600000e-07
     37    101 0.0000000e+00 5.9719800e-08 3.8220700e-08
     37    102 0.0000000e+00 1.9498300e-10 1.2478900e-10
     37    103 0.0000000e+00 9.1824000e-12 5.8767400e-12
     37    104 0.0000000e+00 3.1849700e-13 2.0383800e-13
     38     83 0.0000000e+00 0.0000000e+00 0.0000000e+00
     38     84 0.0000000e+00 4.5300000e-13 2.8992000e-13
     38     85 1.0000000e+00 1.3600000e-14 8.7040000e-15
     38     85 0.0000000e+00 2.5472800e-14 1.6302600e-14
     38     86 0.0000000e+00 4.5900000e-08 2.9376000e-08
     38     87 0.0000000e+00 6.8473000e-03 2.1911400e-03
     38     87 1.0000000e+00 8.3600000e-11 3.7620000e-11
     38     88 0.0000000e+00 8.6846000e-03 2.7790700e-03
     38     89 0.0000000e+00 9.2430700e-03 4.1593800e-03
     38     90 0.0000000e+00 1.2388100e-02 3.9641900e-03
     38     91 0.0000000e+00 1.6858000e-02 5.3945700e-03
     38     92 0.0000000e+00 2.0468800e-02 6.5500200e-03
     38     93 0.0000000e+00 2.6757300e-02 6.1541800e-03
     38     94 0.0000000e+00 3.0933900e-02 4.9494200e-03
     38     95 0.0000000e+00 3.4353700e-02 7.9013400e-03
     38     96 0.0000000e+00 3.2372400e-02 7.4456600e-03
     38     97 0.0000000e+00 2.1074700e-02 4.8471700e-03
     38     98 0.0000000e+00 1.2658600e-02 2.9114800e-03
     38     99 0.0000000e+00 3.6569000e-03 2.3404200e-03
     38    100 0.0000000e+00 7.2509000e-04 4.6405800e-04
     38    101 0.0000000e+00 8.2990000e-05 5.3113600e-05
     38    102 0.0000000e+00 7.5300000e-06 4.8192000e-06
     38    103 0.0000000e+00 3.0118900e-07 1.9276100e-07
     38    104 0.0000000e+00 1.2300000e-08 7.8720000e-09
     38    105 0.0000000e+00 3.2519300e-11 2.0812400e-11
     38    106 0.0000000e+00 4.4142100e-12 2.8251000e-12
     38    107 0.0000000e+00 1.3371600e-12 8.5578200e-13
     39     85 0.0000000e+00 0.0000000e+00 0.0000000e+00
     39     87 0.0000000e+00 0.0000000e+00 0.0000000e+00
     39     88 0.0000000e+00 7.0700000e-13 4.5248000e-13
     39     89 0.0000000e+00 9.2430700e-03 2.9577800e-03
     39     89 1.0000000e+00 9.2400000e-07 4.1580000e-07
     39     90 1.0000000e+00 2.5100000e-09 1.6064000e-09
     39     90 0.0000000e+00 1.2388100e-02 7.9283900e-03
     39     91 1.0000000e+00 9.7777700e-03 6.2577700e-03
     39     91 0.0000000e+00 1.6858200e-02 1.0789300e-02
     39     92 0.0000000e+00 2.0473700e-02 6.5515800e-03
     39     93 1.0000000e+00 9.2968200e-03 5.9499600e-03
     39     93 0.0000000e+00 2.6834900e-02 1.7174300e-02
     39     94 0.0000000e+00 3.1565600e-02 5.0504900e-03
     39     95 0.0000000e+00 3.7763700e-02 8.6856600e-03
     39     96 0.0000000e+00 4.2085900e-02 6.7337500e-03
     39     96 1.0000000e+00 8.7422200e-03 3.9340000e-03
     39     97 1.0000000e+00 0.0000000e+00 0.0000000e+00
     39     97 0.0000000e+00 4.2477100e-02 6.7963400e-03
     39     98 0.0000000e+00 2.8023700e-02 4.4837900e-03
     39     98 1.0000000e+00 1.5367500e-02 3.5345200e-03
     39     99 0.0000000e+00 3.2649200e-02 7.5093100e-03
     39    100 0.0000000e+00 1.5396000e-02 3.5410800e-03
     39    101 0.0000000e+00 6.0893300e-03 2.7402000e-03
     39    102 0.0000000e+00 1.4851900e-03 9.5052200e-04
     39    103 0.0000000e+00 2.8029000e-04 1.7938600e-04
     39    104 0.0000000e+00 2.6240000e-05 1.6793600e-05
     39    105 0.0000000e+00 7.1405400e-07 4.5699500e-07
     39    106 0.0000000e+00 8.2324300e-08 5.2687600e-08
     39    107 0.0000000e+00 2.9361100e-08 1.8791100e-08
     39    108 0.0000000e+00 1.2636300e-11 8.0872400e-12
     39    109 0.0000000e+00 6.7289800e-13 4.3065500e-13
     40     87 0.0000000e+00 0.0000000e+00 0.0000000e+00
     40     88 0.0000000e+00 0.0000000e+00 0.0000000e+00
     40     89 0.0000000e+00 0.0000000e+00 0.0000000e+00
     40     90 1.0000000e+00 7.0500000e-14 4.5120000e-14
     40     90 0.0000000e+00 1.2388100e-02 7.9283900e-03
     40     91 0.0000000e+00 1.6858200e-02 3.8774000e-03
     40     92 0.0000000e+00 2.0473700e-02 4.7089500e-03
     40     93 0.0000000e+00 2.6835000e-02 6.1720400e-03
     40     94 0.0000000e+00 3.1568300e-02 5.0509300e-03
     40     95 0.0000000e+00 3.7806400e-02 8.6954800e-03
     40     96 0.0000000e+00 4.2557400e-02 6.8091900e-03
     40     97 0.0000000e+00 4.5120800e-02 7.2193300e-03
     40     98 0.0000000e+00 5.6060800e-02 6.1666900e-03
     40     99 0.0000000e+00 5.8788600e-02 9.4061800e-03
     40    100 0.0000000e+00 5.6887500e-02 1.3084100e-02
     40    101 0.0000000e+00 4.6467400e-02 1.0687500e-02
     40    102 0.0000000e+00 3.3381900e-02 7.6778400e-03
     40    103 0.0000000e+00 1.5619100e-02 3.5923900e-03
     40    104 0.0000000e+00 5.2412500e-03 2.3585600e-03
     40    105 0.0000000e+00 9.9229000e-04 6.3506600e-04
     40    106 0.0000000e+00 1.3468000e-04 8.6195200e-05
     40    107 0.0000000e+00 4.0801900e-05 2.6113200e-05
     40    108 0.0000000e+00 4.8800000e-07 3.1232000e-07
     40    109 0.0000000e+00 2.2071500e-08 1.4125800e-08
     40    110 0.0000000e+00 0.0000000e+00 0.0000000e+00
     40    111 0.0000000e+00 0.0000000e+00 0.0000000e+00
     40    112 0.0000000e+00 0.0000000e+00 0.0000000e+00
     40    113 0.0000000e+00 0.0000000e+00 0.0000000e+00
     40    114 0.0000000e+00 0.0000000e+00 0.0000000e+00
     41     89 0.0000000e+00 0.0000000e+00 0.0000000e+00
     41     90 0.0000000e+00 0.0000000e+00 0.0000000e+00
     41     91 0.0000000e+00 0.0000000e+00 0.0000000e+00
     41     92 0.0000000e+00 1.2700000e-14 8.1280000e-15
     41     93 0.0000000e+00 2.6835000e-02 4.2935900e-03
     41     93 1.0000000e+00 2.5493200e-02 5.8634400e-03
     41     94 0.0000000e+00 2.5700000e-10 1.6448000e-10
     41     94 1.0000000e+00 1.0500000e-10 6.7200000e-11
     41     95 0.0000000e+00 3.7806500e-02 8.6954800e-03
     41     95 1.0000000e+00 3.7807000e-04 8.6956100e-05
     41     96 0.0000000e+00 5.1800000e-07 3.3152000e-07
     41     97 0.0000000e+00 4.5132600e-02 7.2212200e-03
     41     97 1.0000000e+00 4.2415800e-02 6.7865300e-03
     41     98 0.0000000e+00 5.6173600e-02 6.1791000e-03
     41     98 1.0000000e+00 3.7590000e-05 2.4057600e-05
     41     99 0.0000000e+00 4.1245100e-02 6.5992200e-03
     41     99 1.0000000e+00 1.8707100e-02 2.9931300e-03
     41    100 0.0000000e+00 3.0713300e-02 7.0640600e-03
     41    100 1.0000000e+00 3.0713300e-02 7.0640600e-03
     41    101 0.0000000e+00 6.0441200e-02 9.6706000e-03
     41    102 1.0000000e+00 1.2485200e-02 7.9905000e-03
     41    102 0.0000000e+00 4.5867100e-02 2.9354900e-02
     41    103 0.0000000e+00 5.1902800e-02 1.1937600e-02
     41    104 1.0000000e+00 1.4843900e-02 9.5001000e-03
     41    104 0.0000000e+00 2.0086400e-02 1.2855300e-02
     41    105 0.0000000e+00 1.9480500e-02 4.4805100e-03
     41    106 0.0000000e+00 6.8115300e-03 3.0651900e-03
     41    107 0.0000000e+00 1.8831300e-03 1.2052000e-03
     41    108 0.0000000e+00 2.5615000e-04 1.6393600e-04
     41    109 0.0000000e+00 2.0540000e-05 1.3145600e-05
     41    110 0.0000000e+00 7.5200000e-12 4.8128000e-12
     41    111 0.0000000e+00 2.0099200e-14 1.2863500e-14
     41    112 0.0000000e+00 4.3371600e-16 2.7757800e-16
     41    113 0.0000000e+00 1.5359000e-16 9.8297900e-17
     41    114 0.0000000e+00 3.6432200e-19 2.3316600e-19
     41    115 0.0000000e+00 0.0000000e+00 0.0000000e+00
     41    116 0.0000000e+00 1.6857100e-14 1.0788500e-14
     42     90 0.0000000e+00 0.0000000e+00 0.0000000e+00
     42     91 0.0000000e+00 0.0000000e+00 0.0000000e+00
     42     92 0.0000000e+00 0.0000000e+00 0.0000000e+00
     42     93 1.0000000e+00 0.0000000e+00 0.0000000e+00
     42     93 0.0000000e+00 0.0000000e+00 0.0000000e+00
     42     94 0.0000000e+00 2.5700000e-10 1.6448000e-10
     42     95 0.0000000e+00 3.7806500e-02 6.0490300e-03
     42     96 0.0000000e+00 5.1800000e-07 3.3152000e-07
     42     97 0.0000000e+00 4.5132600e-02 7.2212200e-03
     42     98 0.0000000e+00 5.6211400e-02 6.1832600e-03
     42     99 0.0000000e+00 5.9956300e-02 6.5951900e-03
     42    100 0.0000000e+00 6.1486600e-02 6.7635200e-03
     42    101 0.0000000e+00 6.0940300e-02 9.7504500e-03
     42    102 0.0000000e+00 6.1335200e-02 9.8136300e-03
     42    103 0.0000000e+00 6.2227000e-02 9.9563200e-03
     42    104 0.0000000e+00 6.1723200e-02 9.8757200e-03
     42    105 0.0000000e+00 5.6252400e-02 1.2938100e-02
     42    106 0.0000000e+00 4.8739800e-02 1.1210200e-02
     42    107 0.0000000e+00 3.0956000e-02 7.1198800e-03
     42    108 0.0000000e+00 1.3837600e-02 3.1826500e-03
     42    109 0.0000000e+00 3.1614400e-03 2.0233200e-03
     42    110 0.0000000e+00 1.4120000e-05 9.0368000e-06
     42    111 0.0000000e+00 4.9200000e-07 3.1488000e-07
     42    112 0.0000000e+00 1.2500000e-08 8.0000000e-09
     42    113 0.0000000e+00 3.7596800e-09 2.4061900e-09
     42    114 0.0000000e+00 1.0500000e-11 6.7200000e-12
     42    115 0.0000000e+00 2.5274700e-15 1.6175800e-15
     42    116 0.0000000e+00 6.5100000e-10 4.1664000e-10
     42    117 0.0000000e+00 3.2214900e-13 2.0617500e-13
     42    118 0.0000000e+00 2.9399700e-14 1.8815800e-14
     43     93 0.0000000e+00 0.0000000e+00 0.0000000e+00
     43     95 0.0000000e+00 0.0000000e+00 0.0000000e+00
     43     95 1.0000000e+00 0.0000000e+00 0.0000000e+00
     43     97 1.0000000e+00 1.5350000e-14 9.8240000e-15
     43     97 0.0000000e+00 3.0800000e-14 1.9712000e-14
     43     98 0.0000000e+00 4.6700000e-12 2.9888000e-12
     43     99 0.0000000e+00 5.9956300e-02 6.5951900e-03
     43     99 1.0000000e+00 5.2761500e-02 5.8037700e-03
     43    100 0.0000000e+00 1.8100000e-08 1.1584000e-08
     43    101 0.0000000e+00 6.0940900e-02 9.7505400e-03
     43    102 0.0000000e+00 3.0718600e-03 4.9149800e-04
     43    102 1.0000000e+00 6.1340000e-02 9.8144000e-03
     43    103 0.0000000e+00 6.2347700e-02 9.9756200e-03
     43    104 0.0000000e+00 6.2544400e-02 1.0007100e-02
     43    105 0.0000000e+00 6.0029600e-02 1.3806800e-02
     43    106 0.0000000e+00 5.9008500e-02 9.4413700e-03
     43    107 0.0000000e+00 5.2973700e-02 8.4757900e-03
     43    108 0.0000000e+00 3.7722900e-02 8.6762600e-03
     43    109 0.0000000e+00 2.1693800e-02 4.9895700e-03
     43    110 0.0000000e+00 6.7333100e-03 3.0299900e-03
     43    111 0.0000000e+00 1.3252000e-03 8.4812800e-04
     43    112 0.0000000e+00 1.4003000e-04 8.9619200e-05
     43    113 0.0000000e+00 2.5860000e-05 1.6550400e-05
     43    114 0.0000000e+00 2.7700000e-06 1.7728000e-06
     43    115 0.0000000e+00 4.1416400e-08 2.6506500e-08
     43    116 0.0000000e+00 8.7000000e-07 5.5680000e-07
     43    117 0.0000000e+00 7.0736900e-09 4.5271600e-09
     43    118 0.0000000e+00 5.4829900e-10 3.5091100e-10
     43    119 0.0000000e+00 1.3140000e-12 8.4095700e-13
     43    120 0.0000000e+00 2.2320700e-14 1.4285300e-14
     44     95 0.0000000e+00 0.0000000e+00 0.0000000e+00
     44     96 0.0000000e+00 0.0000000e+00 0.0000000e+00
     44     97 0.0000000e+00 0.0000000e+00 0.0000000e+00
     44     98 0.0000000e+00 4.6700000e-12 2.9888000e-12
     44     99 0.0000000e+00 5.9956300e-02 6.5951900e-03
     44    100 0.0000000e+00 1.8100000e-08 1.1584000e-08
     44    101 0.0000000e+00 6.0940900e-02 9.7505400e-03
     44    102 0.0000000e+00 6.1344900e-02 9.8151800e-03
     44    103 0.0000000e+00 6.2347800e-02 9.9756400e-03
     44    104 0.0000000e+00 6.2547100e-02 1.0007500e-02
     44    105 0.0000000e+00 6.0063700e-02 9.6101900e-03
     44    106 0.0000000e+00 5.9344800e-02 9.4951700e-03
     44    107 0.0000000e+00 5.4851100e-02 8.7761700e-03
     44    108 0.0000000e+00 4.4439700e-02 1.0221100e-02
     44    109 1.0000000e+00 6.4619200e-03 4.1356300e-03
     44    109 0.0000000e+00 2.8178400e-02 1.8034200e-02
     44    110 0.0000000e+00 2.5874600e-02 5.9511600e-03
     44    111 0.0000000e+00 1.0720100e-02 4.8240600e-03
     44    112 0.0000000e+00 3.6363100e-03 2.3272400e-03
     44    113 0.0000000e+00 1.9748900e-03 1.2639300e-03
     44    114 0.0000000e+00 8.8663000e-04 5.6744300e-04
     44    115 0.0000000e+00 4.2553000e-04 2.7233900e-04
     44    116 0.0000000e+00 1.1150000e-04 7.1360000e-05
     44    117 0.0000000e+00 9.8300000e-06 6.2912000e-06
     44    118 0.0000000e+00 8.9700000e-07 5.7408000e-07
     44    119 0.0000000e+00 4.3100000e-08 2.7584000e-08
     44    120 0.0000000e+00 8.6200000e-10 5.5168000e-10
     44    121 0.0000000e+00 1.3890300e-12 8.8897700e-13
     44    122 0.0000000e+00 4.4700000e-14 2.8608000e-14
     44    123 0.0000000e+00 7.1500700e-16 4.5760400e-16
     44    124 0.0000000e+00 0.0000000e+00 0.0000000e+00
     45     99 0.0000000e+00 0.0000000e+00 0.0000000e+00
     45    101 0.0000000e+00 0.0000000e+00 0.0000000e+00
     45    101 1.0000000e+00 0.0000000e+00 0.0000000e+00
     45    102 0.0000000e+00 0.0000000e+00 0.0000000e+00
     45    102 1.0000000e+00 0.0000000e+00 0.0000000e+00
     45    103 0.0000000e+00 6.2347800e-02 9.9756400e-03
     45    103 1.0000000e+00 6.1724300e-02 9.8758800e-03
     45    104 0.0000000e+00 1.9000000e-10 1.2160000e-10
     45    104 1.0000000e+00 1.4300000e-10 9.1520000e-11
     45    105 0.0000000e+00 6.0063700e-02 9.6102000e-03
     45    105 1.0000000e+00 1.6217200e-02 2.5947500e-03
     45    106 0.0000000e+00 5.9344900e-02 9.4951900e-03
     45    106 1.0000000e+00 1.3400000e-07 8.5760000e-08
     45    107 0.0000000e+00 5.4856800e-02 8.7770900e-03
     45    108 0.0000000e+00 4.4468100e-02 7.1149000e-03
     45    108 1.0000000e+00 2.8460000e-05 1.8214400e-05
     45    109 0.0000000e+00 3.5054400e-02 2.2434800e-02
     45    109 1.0000000e+00 1.4296200e-02 9.1495800e-03
     45    110 0.0000000e+00 2.5953300e-02 5.9692600e-03
     45    110 1.0000000e+00 7.8710000e-05 5.0374400e-05
     45    111 0.0000000e+00 1.1059100e-02 4.9766000e-03
     45    112 0.0000000e+00 3.9790600e-03 1.7905800e-03
     45    113 0.0000000e+00 2.5896600e-03 1.1653500e-03
     45    114 0.0000000e+00 1.4887000e-03 9.5276800e-04
     45    115 0.0000000e+00 1.1831600e-03 7.5722300e-04
     45    116 0.0000000e+00 5.3444000e-04 3.4204200e-04
     45    117 0.0000000e+00 1.7372000e-04 1.1118100e-04
     45    118 0.0000000e+00 5.0910000e-05 3.2582400e-05
     45    119 0.0000000e+00 1.1070000e-05 7.0848000e-06
     45    120 0.0000000e+00 7.9100000e-07 5.0624000e-07
     45    121 0.0000000e+00 3.0500000e-08 1.9520000e-08
     45    122 0.0000000e+00 7.5300000e-10 4.8192000e-10
     45    123 0.0000000e+00 1.5700000e-11 1.0048000e-11
     45    124 0.0000000e+00 1.4300000e-13 9.1520000e-14
     46     99 0.0000000e+00 0.0000000e+00 0.0000000e+00
     46    101 0.0000000e+00 0.0000000e+00 0.0000000e+00
     46    102 0.0000000e+00 0.0000000e+00 0.0000000e+00
     46    103 0.0000000e+00 0.0000000e+00 0.0000000e+00
     46    104 0.0000000e+00 1.9000000e-10 8.5500000e-11
     46    105 0.0000000e+00 6.0063700e-02 9.6102000e-03
     46    106 0.0000000e+00 5.9345100e-02 9.4952100e-03
     46    107 0.0000000e+00 5.4856800e-02 8.7770900e-03
     46    107 1.0000000e+00 7.6800000e-10 4.9152000e-10
     46    108 0.0000000e+00 4.4496600e-02 7.1194600e-03
     46    109 0.0000000e+00 3.5055400e-02 2.2435500e-02
     46    109 1.0000000e+00 6.7800000e-07 4.3392000e-07
     46    110 0.0000000e+00 2.6032000e-02 4.1651300e-03
     46    111 0.0000000e+00 1.1045500e-02 3.5345500e-03
     46    111 1.0000000e+00 4.7570000e-05 1.5222400e-05
     46    112 0.0000000e+00 3.9791700e-03 1.7906300e-03
     46    113 0.0000000e+00 2.5904200e-03 1.1656900e-03
     46    114 0.0000000e+00 1.4921900e-03 6.7148600e-04
     46    115 0.0000000e+00 1.1955800e-03 5.3801100e-04
     46    116 0.0000000e+00 7.9182000e-04 3.5631900e-04
     46    117 0.0000000e+00 4.7131000e-04 3.0163800e-04
     46    118 0.0000000e+00 4.0009000e-04 2.5605800e-04
     46    119 0.0000000e+00 2.4146000e-04 1.5453400e-04
     46    120 0.0000000e+00 7.1480000e-05 4.5747200e-05
     46    121 0.0000000e+00 9.3600000e-06 5.9904000e-06
     46    122 0.0000000e+00 1.0900000e-06 6.9760000e-07
     46    123 0.0000000e+00 8.3400000e-08 5.3376000e-08
     46    124 0.0000000e+00 3.7900000e-09 2.4256000e-09
     46    125 0.0000000e+00 0.0000000e+00 0.0000000e+00
     46    126 0.0000000e+00 0.0000000e+00 0.0000000e+00
     46    127 0.0000000e+00 0.0000000e+00 0.0000000e+00
     46    128 0.0000000e+00 0.0000000e+00 0.0000000e+00
     46    129 0.0000000e+00 0.0000000e+00 0.0000000e+00
     46    130 0.0000000e+00 0.0000000e+00 0.0000000e+00
     47    103 0.0000000e+00 0.0000000e+00 0.0000000e+00
     47    105 0.0000000e+00 0.0000000e+00 0.0000000e+00
     47    105 1.0000000e+00 0.0000000e+00 0.0000000e+00
     47    106 0.0000000e+00 0.0000000e+00 0.0000000e+00
     47    106 1.0000000e+00 0.0000000e+00 0.0000000e+00
     47    107 0.0000000e+00 5.4856800e-02 8.7770900e-03
     47    107 1.0000000e+00 0.0000000e+00 0.0000000e+00
     47    108 1.0000000e+00 3.8850000e-13 2.4864000e-13
     47    108 0.0000000e+00 4.2230000e-13 2.7027200e-13
     47    109 1.0000000e+00 3.5038600e-02 2.2424700e-02
     47    109 0.0000000e+00 3.5055400e-02 2.2435500e-02
     47    110 0.0000000e+00 0.0000000e+00 0.0000000e+00
     47    110 1.0000000e+00 0.0000000e+00 0.0000000e+00
     47    111 0.0000000e+00 1.1026200e-02 3.5283800e-03
     47    111 1.0000000e+00 1.0978500e-02 3.5131100e-03
     47    112 0.0000000e+00 3.9791700e-03 1.7906300e-03
     47    113 0.0000000e+00 2.3313800e-03 1.0491200e-03
     47    113 1.0000000e+00 2.5904000e-04 1.1656800e-04
     47    114 0.0000000e+00 1.4921900e-03 6.7148600e-04
     47    115 0.0000000e+00 8.7277000e-04 3.9274700e-04
     47    115 1.0000000e+00 3.2281000e-04 1.4526500e-04
     47    116 0.0000000e+00 3.9852000e-04 1.7933400e-04
     47    116 1.0000000e+00 3.9852000e-04 1.7933400e-04
     47    117 0.0000000e+00 2.4924000e-04 1.5951400e-04
     47    117 1.0000000e+00 2.4924000e-04 1.5951400e-04
     47    118 0.0000000e+00 3.6112000e-04 1.6250400e-04
     47    118 1.0000000e+00 2.4734000e-04 1.5829800e-04
     47    119 0.0000000e+00 4.7154000e-04 2.1219300e-04
     47    120 1.0000000e+00 9.8755000e-05 6.3203200e-05
     47    120 0.0000000e+00 2.0677400e-04 1.3233600e-04
     47    121 0.0000000e+00 1.1191000e-04 7.1622400e-05
     47    122 1.0000000e+00 1.9080000e-05 1.2211200e-05
     47    122 0.0000000e+00 2.0180000e-05 1.2915200e-05
     47    123 0.0000000e+00 1.3200000e-05 8.4480000e-06
     47    124 0.0000000e+00 2.1200000e-06 1.3568000e-06
     47    125 0.0000000e+00 6.5300000e-11 4.1792000e-11
     47    126 0.0000000e+00 9.8000000e-12 6.2720000e-12
     47    127 0.0000000e+00 8.0100000e-13 5.1264000e-13
     47    128 0.0000000e+00 4.7500000e-14 3.0400000e-14
     47    129 0.0000000e+00 2.6798900e-15 1.7151300e-15
     47    130 0.0000000e+00 0.0000000e+00 0.0000000e+00
     47    131 0.0000000e+00 1.1341200e-10 7.2583800e-11
     47    132 0.0000000e+00 5.8261700e-12 3.7287500e-12
     47    133 0.0000000e+00 5.4447700e-13 3.4846500e-13
     48    105 0.0000000e+00 0.0000000e+00 0.0000000e+00
     48    106 0.0000000e+00 0.0000000e+00 0.0000000e+00
     48    107 0.0000000e+00 0.0000000e+00 0.0000000e+00
     48    108 0.0000000e+00 7.5900000e-13 4.8576000e-13
     48    109 0.0000000e+00 0.0000000e+00 0.0000000e+00
     48    110 0.0000000e+00 0.0000000e+00 0.0000000e+00
     48    111 0.0000000e+00 1.1059100e-02 2.5436000e-03
     48    111 1.0000000e+00 0.0000000e+00 0.0000000e+00
     48    112 0.0000000e+00 3.9791700e-03 1.2733300e-03
     48    113 0.0000000e+00 2.5601500e-03 8.1924800e-04
     48    113 1.0000000e+00 3.0310000e-05 1.3639500e-05
     48    114 0.0000000e+00 1.4921900e-03 4.7750100e-04
     48    115 0.0000000e+00 1.0965300e-03 4.9343900e-04
     48    115 1.0000000e+00 9.9050000e-05 4.4572500e-05
     48    116 0.0000000e+00 7.9705000e-04 1.8332200e-04
     48    117 0.0000000e+00 3.7391000e-04 1.6826000e-04
     48    117 1.0000000e+00 1.2479000e-04 5.6155500e-05
     48    118 0.0000000e+00 4.9816000e-04 1.5941100e-04
     48    119 0.0000000e+00 2.4902000e-04 1.1205900e-04
     48    119 1.0000000e+00 2.4902000e-04 1.1205900e-04
     48    120 0.0000000e+00 3.5740000e-04 1.6083000e-04
     48    121 1.0000000e+00 6.3835000e-05 4.0854400e-05
     48    121 0.0000000e+00 1.7581500e-04 1.1252200e-04
     48    122 0.0000000e+00 2.1515000e-04 1.3769600e-04
     48    123 0.0000000e+00 1.8989000e-04 1.2153000e-04
     48    124 0.0000000e+00 1.2093000e-04 7.7395200e-05
     48    125 0.0000000e+00 6.9300000e-06 4.4352000e-06
     48    126 0.0000000e+00 4.1500000e-06 2.6560000e-06
     48    127 0.0000000e+00 1.2000000e-06 7.6800000e-07
     48    128 0.0000000e+00 3.4100000e-07 2.1824000e-07
     48    129 0.0000000e+00 6.5600000e-08 4.1984000e-08
     48    130 0.0000000e+00 8.4100000e-09 5.3824000e-09
     48    131 0.0000000e+00 3.7200000e-06 2.3808000e-06
     48    132 0.0000000e+00 2.2500000e-07 1.4400000e-07
     48    133 0.0000000e+00 1.7859200e-08 1.1429900e-08
     48    134 0.0000000e+00 5.9900000e-11 3.8336000e-11
     48    135 0.0000000e+00 1.7198700e-12 1.1007200e-12
     48    136 0.0000000e+00 0.0000000e+00 0.0000000e+00
     49    107 0.0000000e+00 0.0000000e+00 0.0000000e+00
     49    109 0.0000000e+00 0.0000000e+00 0.0000000e+00
     49    111 0.0000000e+00 0.0000000e+00 0.0000000e+00
     49    112 0.0000000e+00 0.0000000e+00 0.0000000e+00
     49    112 1.0000000e+00 0.0000000e+00 0.0000000e+00
     49    113 0.0000000e+00 2.5904200e-03 5.9579700e-04
     49    113 1.0000000e+00 0.0000000e+00 0.0000000e+00
     49    114 0.0000000e+00 0.0000000e+00 0.0000000e+00
     49    114 1.0000000e+00 0.0000000e+00 0.0000000e+00
     49    115 0.0000000e+00 1.1550100e-03 3.6960300e-04
     49    115 1.0000000e+00 1.0965400e-03 3.5089300e-04
     49    116 2.0000000e+00 1.5800000e-13 1.0112000e-13
     49    116 0.0000000e+00 1.5800000e-13 1.0112000e-13
     49    116 1.0000000e+00 3.1600000e-13 2.0224000e-13
     49    117 0.0000000e+00 3.1572000e-04 1.0103000e-04
     49    117 1.0000000e+00 3.4525000e-04 1.1048000e-04
     49    118 2.0000000e+00 3.9200000e-10 2.5088000e-10
     49    118 0.0000000e+00 4.9816000e-04 1.5941100e-04
     49    118 1.0000000e+00 7.7812000e-10 4.9799700e-10
     49    119 0.0000000e+00 2.6157000e-04 1.1770700e-04
     49    119 1.0000000e+00 2.4904000e-04 1.1206800e-04
     49    120 2.0000000e+00 0.0000000e+00 0.0000000e+00
     49    120 0.0000000e+00 1.7934000e-04 8.0703000e-05
     49    120 1.0000000e+00 1.7934000e-04 8.0703000e-05
     49    121 0.0000000e+00 7.2242400e-05 4.6235200e-05
     49    121 1.0000000e+00 1.7728500e-04 1.1346200e-04
     49    122 2.0000000e+00 0.0000000e+00 0.0000000e+00
     49    122 0.0000000e+00 2.3093000e-04 1.0391900e-04
     49    122 1.0000000e+00 1.5780000e-05 1.0099200e-05
     49    123 0.0000000e+00 2.4183000e-04 1.5477100e-04
     49    123 1.0000000e+00 6.6100000e-05 4.2304000e-05
     49    124 1.0000000e+00 1.0994000e-04 7.0361600e-05
     49    124 0.0000000e+00 2.3087000e-04 1.4775700e-04
     49    125 0.0000000e+00 1.8735000e-04 1.1990400e-04
     49    125 1.0000000e+00 1.8457000e-04 1.1812500e-04
     49    126 1.0000000e+00 2.7153000e-04 1.7377900e-04
     49    126 0.0000000e+00 2.6739000e-04 1.7113000e-04
     49    127 0.0000000e+00 3.0863000e-04 1.9752300e-04
     49    127 1.0000000e+00 3.0863000e-04 1.9752300e-04
     49    128 1.0000000e+00 2.7561500e-04 1.7639400e-04
     49    128 0.0000000e+00 2.7595500e-04 1.7661100e-04
     49    129 0.0000000e+00 2.5043000e-04 1.6027500e-04
     49    129 1.0000000e+00 2.5036000e-04 1.6023000e-04
     49    130 2.0000000e+00 0.0000000e+00 0.0000000e+00
     49    130 1.0000000e+00 0.0000000e+00 0.0000000e+00
     49    130 0.0000000e+00 2.5412000e-04 1.6263700e-04
     49    131 1.0000000e+00 0.0000000e+00 0.0000000e+00
     49    131 0.0000000e+00 7.7271000e-04 4.9453400e-04
     49    132 0.0000000e+00 1.5138000e-04 9.6883200e-05
     49    133 0.0000000e+00 1.6620000e-05 1.0636800e-05
     49    134 0.0000000e+00 6.6700000e-07 4.2688000e-07
     49    135 0.0000000e+00 3.7764700e-08 2.4169400e-08
     49    136 0.0000000e+00 1.6400000e-10 1.0496000e-10
     49    137 0.0000000e+00 2.1036100e-12 1.3463100e-12
     50    111 0.0000000e+00 0.0000000e+00 0.0000000e+00
     50    112 0.0000000e+00 0.0000000e+00 0.0000000e+00
     50    113 1.0000000e+00 0.0000000e+00 0.0000000e+00
     50    113 0.0000000e+00 0.0000000e+00 0.0000000e+00
     50    114 0.0000000e+00 0.0000000e+00 0.0000000e+00
     50    115 0.0000000e+00 1.1955800e-03 2.7498300e-04
     50    116 0.0000000e+00 4.7400000e-13 2.1330000e-13
     50    117 1.0000000e+00 1.0103000e-06 6.4659500e-07
     50    117 0.0000000e+00 4.9870000e-04 3.1916800e-04
     50    118 0.0000000e+00 4.9816000e-04 1.1457700e-04
     50    119 0.0000000e+00 4.9816000e-04 1.1457700e-04
     50    119 1.0000000e+00 1.3080000e-05 5.8860000e-06
     50    120 0.0000000e+00 3.5867000e-04 8.2494100e-05
     50    121 0.0000000e+00 2.4560500e-04 1.5718700e-04
     50    121 1.0000000e+00 8.1913900e-06 5.2424900e-06
     50    122 0.0000000e+00 2.4744000e-04 7.9180800e-05
     50    123 0.0000000e+00 6.2200000e-06 3.9808000e-06
     50    123 1.0000000e+00 3.1048000e-04 1.3971600e-04
     50    124 0.0000000e+00 4.0580000e-04 1.2985600e-04
     50    125 0.0000000e+00 3.1650000e-04 1.4242500e-04
     50    125 1.0000000e+00 2.3928000e-04 1.0767600e-04
     50    126 0.0000000e+00 1.1864000e-03 7.5929600e-04
     50    127 0.0000000e+00 1.4958700e-03 9.5735700e-04
     50    127 1.0000000e+00 5.7561000e-04 3.6839000e-04
     50    128 1.0000000e+00 1.7582700e-03 1.1252900e-03
     50    128 0.0000000e+00 4.0750800e-03 2.6080500e-03
     50    129 0.0000000e+00 5.7236800e-03 2.5756600e-03
     50    129 1.0000000e+00 2.1376000e-03 1.3680600e-03
     50    130 1.0000000e+00 6.8337100e-03 4.3735700e-03
     50    130 0.0000000e+00 6.9520100e-03 4.4492900e-03
     50    131 1.0000000e+00 6.6607800e-03 4.2629000e-03
     50    131 0.0000000e+00 7.3515300e-03 4.7049800e-03
     50    132 0.0000000e+00 1.0253400e-02 2.3582900e-03
     50    133 0.0000000e+00 3.5515500e-03 2.2729900e-03
     50    134 0.0000000e+00 6.4671000e-04 4.1389400e-04
     50    135 0.0000000e+00 5.2480000e-05 3.3587200e-05
     50    136 0.0000000e+00 2.5200000e-06 1.6128000e-06
     50    137 0.0000000e+00 6.9000000e-08 4.4160000e-08
     50    138 0.0000000e+00 1.2800000e-09 8.1920000e-10
     50    139 0.0000000e+00 1.2751700e-11 8.1611000e-12
     50    140 0.0000000e+00 1.1258400e-12 7.2053800e-13
     51    113 0.0000000e+00 0.0000000e+00 0.0000000e+00
     51    115 0.0000000e+00 0.0000000e+00 0.0000000e+00
     51    117 0.0000000e+00 0.0000000e+00 0.0000000e+00
     51    118 0.0000000e+00 0.0000000e+00 0.0000000e+00
     51    118 1.0000000e+00 0.0000000e+00 0.0000000e+00
     51    119 0.0000000e+00 0.0000000e+00 0.0000000e+00
     51    120 0.0000000e+00 2.2200000e-14 1.4208000e-14
     51    120 1.0000000e+00 3.2000000e-14 2.0480000e-14
     51    121 0.0000000e+00 2.4745000e-04 7.9184000e-05
     51    122 0.0000000e+00 4.0000000e-10 2.5600000e-10
     51    122 1.0000000e+00 2.1200000e-10 1.3568000e-10
     51    123 0.0000000e+00 3.1672000e-04 1.0135000e-04
     51    124 2.0000000e+00 0.0000000e+00 0.0000000e+00
     51    124 0.0000000e+00 5.8600000e-07 3.7504000e-07
     51    124 1.0000000e+00 2.9300000e-07 1.8752000e-07
     51    125 0.0000000e+00 5.5594000e-04 1.7790100e-04
     51    126 2.0000000e+00 7.9536200e-04 5.0903100e-04
     51    126 0.0000000e+00 1.6679000e-04 7.5055500e-05
     51    126 1.0000000e+00 1.1873500e-03 5.3430800e-04
     51    127 0.0000000e+00 2.0844000e-03 9.3798000e-04
     51    128 0.0000000e+00 1.7899800e-04 1.1455900e-04
     51    128 1.0000000e+00 4.1268900e-03 2.6412100e-03
     51    129 0.0000000e+00 8.4388100e-03 2.7004200e-03
     51    130 0.0000000e+00 7.7698900e-03 4.9727300e-03
     51    130 1.0000000e+00 8.5460100e-03 5.4694500e-03
     51    131 0.0000000e+00 2.5106900e-02 4.0171000e-03
     51    132 0.0000000e+00 1.7782200e-02 4.0899000e-03
     51    132 1.0000000e+00 1.4291000e-02 4.5731300e-03
     51    133 0.0000000e+00 3.1665100e-02 7.2829700e-03
     51    134 1.0000000e+00 7.7632700e-03 4.9684900e-03
     51    134 0.0000000e+00 8.2916400e-03 5.3066500e-03
     51    135 0.0000000e+00 5.3179400e-03 2.3930700e-03
     51    136 0.0000000e+00 8.3401000e-04 5.3376600e-04
     51    137 0.0000000e+00 9.6740000e-05 6.1913600e-05
     51    138 0.0000000e+00 5.6800000e-06 3.6352000e-06
     51    139 0.0000000e+00 2.8000000e-07 1.7920000e-07
     51    140 0.0000000e+00 2.0996700e-08 1.3437900e-08
     51    141 0.0000000e+00 2.2857900e-11 1.4629000e-11
     51    142 0.0000000e+00 2.0301000e-12 1.2992600e-12
     51    143 0.0000000e+00 9.3081900e-13 5.9572400e-13
     52    115 0.0000000e+00 0.0000000e+00 0.0000000e+00
     52    117 0.0000000e+00 0.0000000e+00 0.0000000e+00
     52    118 0.0000000e+00 0.0000000e+00 0.0000000e+00
     52    119 0.0000000e+00 0.0000000e+00 0.0000000e+00
     52    120 0.0000000e+00 0.0000000e+00 0.0000000e+00
     52    121 1.0000000e+00 0.0000000e+00 0.0000000e+00
     52    121 0.0000000e+00 0.0000000e+00 0.0000000e+00
     52    122 0.0000000e+00 3.8800000e-10 2.4832000e-10
     52    123 0.0000000e+00 4.0400000e-12 2.5856000e-12
     52    123 1.0000000e+00 3.1100000e-12 1.9904000e-12
     52    124 0.0000000e+00 5.8600000e-07 3.7504000e-07
     52    125 0.0000000e+00 5.5594000e-04 1.2786600e-04
     52    125 1.0000000e+00 1.2509000e-04 4.0028800e-05
     52    126 0.0000000e+00 1.1879100e-03 3.8013100e-04
     52    127 0.0000000e+00 2.0764000e-03 6.6444800e-04
     52    127 1.0000000e+00 3.3350000e-04 1.5007500e-04
     52    128 0.0000000e+00 4.1573100e-03 1.3303400e-03
     52    129 0.0000000e+00 7.9289700e-03 2.5372700e-03
     52    129 1.0000000e+00 1.4009100e-03 4.4829100e-04
     52    130 0.0000000e+00 1.6318000e-02 2.6108700e-03
     52    131 0.0000000e+00 2.4106900e-02 3.8571100e-03
     52    131 1.0000000e+00 2.5071600e-03 8.0229100e-04
     52    132 0.0000000e+00 3.9614500e-02 9.1113300e-03
     52    133 0.0000000e+00 2.9957400e-02 6.8902100e-03
     52    133 1.0000000e+00 3.1616000e-02 5.0585600e-03
     52    134 0.0000000e+00 6.8031500e-02 1.5647300e-02
     52    135 0.0000000e+00 5.1901400e-02 1.1937300e-02
     52    136 0.0000000e+00 2.9440000e-02 6.7712100e-03
     52    137 0.0000000e+00 9.8405900e-03 4.4282700e-03
     52    138 0.0000000e+00 2.2670100e-03 1.4508900e-03
     52    139 0.0000000e+00 3.2085000e-04 2.0534400e-04
     52    140 0.0000000e+00 3.4350000e-05 2.1984000e-05
     52    141 0.0000000e+00 7.4975500e-07 4.7984300e-07
     52    142 0.0000000e+00 7.8400000e-08 5.0176000e-08
     52    143 0.0000000e+00 3.0531500e-08 1.9540200e-08
     52    144 0.0000000e+00 1.0288200e-11 6.5844800e-12
     52    145 0.0000000e+00 8.4158500e-13 5.3861400e-13
     53    121 0.0000000e+00 0.0000000e+00 0.0000000e+00
     53    123 0.0000000e+00 0.0000000e+00 0.0000000e+00
     53    125 0.0000000e+00 0.0000000e+00 0.0000000e+00
     53    126 0.0000000e+00 0.0000000e+00 0.0000000e+00
     53    127 0.0000000e+00 2.0844000e-03 4.7941200e-04
     53    128 0.0000000e+00 0.0000000e+00 0.0000000e+00
     53    129 0.0000000e+00 8.4389100e-03 1.9409500e-03
     53    130 0.0000000e+00 3.6300000e-13 2.3232000e-13
     53    130 1.0000000e+00 1.1400000e-13 7.2960000e-14
     53    131 0.0000000e+00 2.6166400e-02 4.1866300e-03
     53    132 1.0000000e+00 4.0530000e-05 2.5939200e-05
     53    132 0.0000000e+00 3.9690200e-02 2.5401700e-02
     53    133 1.0000000e+00 5.6242000e-04 3.5994900e-04
     53    133 0.0000000e+00 5.8588200e-02 3.7496400e-02
     53    134 0.0000000e+00 7.4531600e-02 1.7142300e-02
     53    134 1.0000000e+00 2.7535000e-03 1.7622400e-03
     53    135 0.0000000e+00 7.3885100e-02 1.1821600e-02
     53    136 0.0000000e+00 4.6426900e-02 7.4283100e-03
     53    136 1.0000000e+00 1.7458100e-02 4.0153600e-03
     53    137 0.0000000e+00 4.9479000e-02 1.1380200e-02
     53    138 0.0000000e+00 2.6195100e-02 6.0248700e-03
     53    139 0.0000000e+00 1.2141500e-02 2.7925500e-03
     53    140 0.0000000e+00 3.4006600e-03 2.1764200e-03
     53    141 0.0000000e+00 6.9773000e-04 4.4654700e-04
     53    142 0.0000000e+00 8.1550000e-05 5.2192000e-05
     53    143 0.0000000e+00 2.8413000e-05 1.8184300e-05
     53    144 0.0000000e+00 1.9187400e-07 1.2279900e-07
     53    145 0.0000000e+00 1.8479400e-08 1.1826800e-08
     53    146 0.0000000e+00 3.4957000e-11 2.2372500e-11
     53    147 0.0000000e+00 1.9143200e-12 1.2251700e-12
     53    148 0.0000000e+00 2.0456300e-14 1.3092100e-14
     54    124 0.0000000e+00 0.0000000e+00 0.0000000e+00
     54    125 1.0000000e+00 0.0000000e+00 0.0000000e+00
     54    125 0.0000000e+00 0.0000000e+00 0.0000000e+00
     54    126 0.0000000e+00 0.0000000e+00 0.0000000e+00
     54    127 1.0000000e+00 0.0000000e+00 0.0000000e+00
     54    127 0.0000000e+00 0.0000000e+00 0.0000000e+00
     54    128 0.0000000e+00 0.0000000e+00 0.0000000e+00
     54    129 1.0000000e+00 0.0000000e+00 0.0000000e+00
     54    129 0.0000000e+00 8.4389100e-03 5.4009000e-03
     54    130 0.0000000e+00 3.8000000e-13 2.4320000e-13
     54    131 0.0000000e+00 2.6166400e-02 4.1866300e-03
     54    131 1.0000000e+00 3.6633000e-04 5.8612800e-05
     54    132 0.0000000e+00 3.9695600e-02 6.3513000e-03
     54    133 0.0000000e+00 5.8592200e-02 3.7499000e-02
     54    133 1.0000000e+00 1.6901600e-03 1.0817000e-03
     54    134 0.0000000e+00 7.4690100e-02 1.1950400e-02
     54    134 1.0000000e+00 1.2747000e-04 8.1580800e-05
     54    135 0.0000000e+00 7.4943100e-02 1.1990900e-02
     54    135 1.0000000e+00 1.1612300e-02 1.8579600e-03
     54    136 0.0000000e+00 7.3867200e-02 8.1253900e-03
     54    137 0.0000000e+00 6.6795400e-02 1.0687300e-02
     54    138 0.0000000e+00 6.3906900e-02 1.0225100e-02
     54    139 0.0000000e+00 5.4996800e-02 1.2649300e-02
     54    140 0.0000000e+00 4.2063400e-02 9.6745900e-03
     54    141 0.0000000e+00 2.0950300e-02 4.8185600e-03
     54    142 0.0000000e+00 8.2631400e-03 3.7184100e-03
     54    143 1.0000000e+00 9.5789900e-04 6.1305500e-04
     54    143 0.0000000e+00 9.8631210e-04 6.3123900e-04
     54    144 0.0000000e+00 3.1390000e-04 2.0089600e-04
     54    145 0.0000000e+00 2.5680000e-05 1.6435200e-05
     54    146 0.0000000e+00 1.3500000e-06 8.6400000e-07
     54    147 0.0000000e+00 6.2791100e-08 4.0186300e-08
     54    148 0.0000000e+00 7.9000000e-10 5.0560000e-10
     54    149 0.0000000e+00 3.5688700e-12 2.2840800e-12
     54    150 0.0000000e+00 5.2800000e-14 3.3792000e-14
     55    127 0.0000000e+00 0.0000000e+00 0.0000000e+00
     55    129 0.0000000e+00 0.0000000e+00 0.0000000e+00
     55    131 0.0000000e+00 0.0000000e+00 0.0000000e+00
     55    132 0.0000000e+00 1.8400000e-12 1.1776000e-12
     55    133 0.0000000e+00 5.8592200e-02 6.4451400e-03
     55    134 1.0000000e+00 1.8900000e-08 1.2096000e-08
     55    134 0.0000000e+00 3.7800000e-08 2.4192000e-08
     55    135 1.0000000e+00 8.7500000e-07 5.6000000e-07
     55    135 0.0000000e+00 7.4944900e-02 4.7964700e-02
     55    136 1.0000000e+00 1.7790000e-05 1.1385600e-05
     55    136 0.0000000e+00 3.5580000e-05 2.2771200e-05
     55    137 0.0000000e+00 6.7213500e-02 1.0754200e-02
     55    138 0.0000000e+00 6.5871300e-02 1.0539400e-02
     55    138 1.0000000e+00 1.1224800e-03 7.1838700e-04
     55    139 0.0000000e+00 6.3386300e-02 1.4578800e-02
     55    140 0.0000000e+00 5.9126300e-02 9.4602100e-03
     55    141 0.0000000e+00 4.8529300e-02 7.7646900e-03
     55    142 0.0000000e+00 3.3677500e-02 7.7458300e-03
     55    143 0.0000000e+00 2.1586200e-02 4.9648300e-03
     55    144 0.0000000e+00 8.5200200e-03 3.8340100e-03
     55    145 0.0000000e+00 2.5262100e-03 1.6167700e-03
     55    146 0.0000000e+00 3.9511000e-04 2.5287000e-04
     55    147 0.0000000e+00 5.8434100e-05 3.7397800e-05
     55    148 0.0000000e+00 2.8000000e-06 1.7920000e-06
     55    149 0.0000000e+00 7.8364700e-08 5.0153400e-08
     55    150 0.0000000e+00 2.4100000e-09 1.5424000e-09
     55    151 0.0000000e+00 5.0378900e-12 3.2242500e-12
     55    152 0.0000000e+00 4.1689500e-13 2.6681300e-13
     55    153 0.0000000e+00 3.6036400e-14 2.3063300e-14
     56    129 0.0000000e+00 0.0000000e+00 0.0000000e+00
     56    131 0.0000000e+00 0.0000000e+00 0.0000000e+00
     56    132 0.0000000e+00 4.0400000e-14 2.5856000e-14
     56    133 0.0000000e+00 0.0000000e+00 0.0000000e+00
     56    134 0.0000000e+00 3.7800000e-08 2.4192000e-08
     56    135 1.0000000e+00 9.5500000e-11 6.1120000e-11
     56    135 0.0000000e+00 7.4944900e-02 4.7964700e-02
     56    136 1.0000000e+00 3.9940100e-06 2.5561700e-06
     56    136 0.0000000e+00 3.5600000e-05 2.2784000e-05
     56    137 0.0000000e+00 6.7214200e-02 1.0754300e-02
     56    137 1.0000000e+00 6.3584400e-02 1.0173500e-02
     56    138 0.0000000e+00 6.6166800e-02 1.0586700e-02
     56    139 0.0000000e+00 6.3540300e-02 1.4614300e-02
     56    140 0.0000000e+00 6.0224300e-02 9.6358900e-03
     56    141 0.0000000e+00 5.2924800e-02 1.2172700e-02
     56    142 0.0000000e+00 4.6571400e-02 7.4514200e-03
     56    143 0.0000000e+00 4.4195400e-02 7.0712700e-03
     56    144 0.0000000e+00 3.7831100e-02 8.7011600e-03
     56    145 0.0000000e+00 2.4122600e-02 5.5482000e-03
     56    146 0.0000000e+00 1.2545900e-02 2.8855600e-03
     56    147 0.0000000e+00 3.9984600e-03 2.5590100e-03
     56    148 0.0000000e+00 9.0436000e-04 5.7879000e-04
     56    149 0.0000000e+00 1.0890000e-04 6.9696000e-05
     56    150 0.0000000e+00 9.2200000e-06 5.9008000e-06
     56    151 0.0000000e+00 1.6524600e-07 1.0575800e-07
     56    152 0.0000000e+00 1.6100000e-08 1.0304000e-08
     56    153 0.0000000e+00 1.1820200e-09 7.5649300e-10
     56    154 0.0000000e+00 2.8000000e-12 1.7920000e-12
     56    155 0.0000000e+00 9.2417000e-14 5.9146900e-14
     57    133 0.0000000e+00 0.0000000e+00 0.0000000e+00
     57    135 0.0000000e+00 0.0000000e+00 0.0000000e+00
     57    137 0.0000000e+00 3.1400000e-11 2.0096000e-11
     57    138 0.0000000e+00 2.1800000e-09 1.3952000e-09
     57    139 0.0000000e+00 6.3540400e-02 1.0166500e-02
     57    140 0.0000000e+00 6.0226000e-02 9.6361700e-03
     57    141 0.0000000e+00 5.2951500e-02 1.2178900e-02
     57    142 0.0000000e+00 4.6774800e-02 7.4839700e-03
     57    143 0.0000000e+00 4.5466900e-02 7.2747000e-03
     57    144 0.0000000e+00 4.1884400e-02 9.6334200e-03
     57    145 0.0000000e+00 3.3892300e-02 7.7952300e-03
     57    146 1.0000000e+00 6.6266900e-03 4.2410800e-03
     57    146 0.0000000e+00 1.9172600e-02 1.2270500e-02
     57    147 0.0000000e+00 1.7931700e-02 4.1242900e-03
     57    148 0.0000000e+00 8.8203200e-03 3.9691400e-03
     57    149 0.0000000e+00 3.4944600e-03 2.2364500e-03
     57    150 0.0000000e+00 8.0966000e-04 5.1818200e-04
     57    151 0.0000000e+00 1.5378000e-04 9.8419200e-05
     57    152 0.0000000e+00 1.5780000e-05 1.0099200e-05
     57    153 0.0000000e+00 1.1000000e-06 7.0400000e-07
     57    154 0.0000000e+00 3.3300000e-08 2.1312000e-08
     57    155 0.0000000e+00 2.0292800e-09 1.2987400e-09
     57    156 0.0000000e+00 4.2725300e-12 2.7344200e-12
     57    157 0.0000000e+00 1.6066700e-13 1.0282700e-13
     57    158 0.0000000e+00 3.0296100e-15 1.9389500e-15
     58    135 0.0000000e+00 0.0000000e+00 0.0000000e+00
     58    137 0.0000000e+00 0.0000000e+00 0.0000000e+00
     58    138 0.0000000e+00 6.5400000e-10 4.1856000e-10
     58    139 0.0000000e+00 3.2800000e-12 2.0992000e-12
     58    139 1.0000000e+00 2.3300000e-12 1.4912000e-12
     58    140 0.0000000e+00 6.0226000e-02 9.6361700e-03
     58    141 0.0000000e+00 5.2951600e-02 8.4722500e-03
     58    142 0.0000000e+00 4.6775100e-02 7.4840200e-03
     58    143 0.0000000e+00 4.5472800e-02 7.2756400e-03
     58    144 0.0000000e+00 4.1954300e-02 9.6494900e-03
     58    145 0.0000000e+00 3.4356000e-02 7.9018800e-03
     58    146 0.0000000e+00 2.8044700e-02 4.4871600e-03
     58    147 0.0000000e+00 2.3771300e-02 5.4674000e-03
     58    148 0.0000000e+00 1.9393500e-02 4.4605100e-03
     58    149 0.0000000e+00 1.4198700e-02 3.2656900e-03
     58    150 0.0000000e+00 9.1236400e-03 4.1056400e-03
     58    151 0.0000000e+00 4.2851100e-03 2.7424700e-03
     58    152 0.0000000e+00 1.5110100e-03 9.6704700e-04
     58    153 0.0000000e+00 2.8870000e-04 1.8476800e-04
     58    154 0.0000000e+00 3.4310000e-05 2.1958400e-05
     58    155 0.0000000e+00 2.8200000e-06 1.8048000e-06
     58    156 0.0000000e+00 1.6500000e-07 1.0560000e-07
     58    157 0.0000000e+00 5.2700000e-09 3.3728000e-09
     58    158 0.0000000e+00 1.1700000e-10 7.4880000e-11
     58    159 0.0000000e+00 6.7857300e-13 4.3428700e-13
     58    160 0.0000000e+00 1.2200000e-14 7.8080000e-15
     59    139 0.0000000e+00 0.0000000e+00 0.0000000e+00
     59    140 0.0000000e+00 0.0000000e+00 0.0000000e+00
     59    141 0.0000000e+00 5.2951600e-02 8.4722500e-03
     59    142 1.0000000e+00 5.6000000e-12 3.5840000e-12
     59    142 0.0000000e+00 1.1200000e-11 7.1680000e-12
     59    143 0.0000000e+00 4.5472800e-02 7.2756400e-03
     59    144 0.0000000e+00 4.1954200e-02 9.6494700e-03
     59    144 1.0000000e+00 2.0980000e-04 4.8254000e-05
     59    145 0.0000000e+00 3.4356800e-02 7.9020600e-03
     59    146 0.0000000e+00 2.8055600e-02 4.4889000e-03
     59    147 0.0000000e+00 2.3877000e-02 5.4917000e-03
     59    148 1.0000000e+00 2.5557000e-04 1.6356500e-04
     59    148 0.0000000e+00 1.9649100e-02 1.2575400e-02
     59    149 0.0000000e+00 1.5957000e-02 3.6701000e-03
     59    150 0.0000000e+00 1.2422300e-02 3.9751200e-03
     59    151 0.0000000e+00 9.4609900e-03 4.2574500e-03
     59    152 0.0000000e+00 5.9116900e-03 3.7834800e-03
     59    153 0.0000000e+00 3.0467400e-03 1.9499100e-03
     59    154 0.0000000e+00 9.0661000e-04 5.8023000e-04
     59    155 0.0000000e+00 2.5440000e-04 1.6281600e-04
     59    156 0.0000000e+00 4.1410000e-05 2.6502400e-05
     59    157 0.0000000e+00 4.9300000e-06 3.1552000e-06
     59    158 0.0000000e+00 3.1300000e-07 2.0032000e-07
     59    159 0.0000000e+00 1.4900000e-08 9.5360000e-09
     59    160 0.0000000e+00 3.5500000e-10 2.2720000e-10
     59    161 0.0000000e+00 1.1493700e-12 7.3559400e-13
     59    162 0.0000000e+00 2.1492100e-14 1.3754900e-14
     59    163 0.0000000e+00 3.5670000e-16 2.2828800e-16
     60    140 0.0000000e+00 0.0000000e+00 0.0000000e+00
     60    141 0.0000000e+00 0.0000000e+00 0.0000000e+00
     60    142 0.0000000e+00 1.1200000e-11 7.1680000e-12
     60    143 0.0000000e+00 4.5472800e-02 7.2756400e-03
     60    144 0.0000000e+00 4.1954300e-02 6.7126900e-03
     60    145 0.0000000e+00 3.4356800e-02 7.9020600e-03
     60    146 0.0000000e+00 2.8055600e-02 4.4889000e-03
     60    147 0.0000000e+00 2.3877100e-02 5.4917300e-03
     60    148 0.0000000e+00 1.9907400e-02 3.1851800e-03
     60    149 0.0000000e+00 1.5984000e-02 3.6763300e-03
     60    150 0.0000000e+00 1.2608000e-02 2.8998500e-03
     60    151 0.0000000e+00 1.0221200e-02 3.2707700e-03
     60    152 0.0000000e+00 7.9854000e-03 3.5934300e-03
     60    153 0.0000000e+00 6.0745000e-03 3.8876800e-03
     60    154 0.0000000e+00 3.9396000e-03 2.5213400e-03
     60    155 0.0000000e+00 2.2892200e-03 1.4651000e-03
     60    156 0.0000000e+00 1.1529500e-03 7.3788800e-04
     60    157 0.0000000e+00 3.4467000e-04 2.2058900e-04
     60    158 0.0000000e+00 7.7170000e-05 4.9388800e-05
     60    159 0.0000000e+00 9.8000000e-06 6.2720000e-06
     60    160 0.0000000e+00 8.7500000e-07 5.6000000e-07
     60    161 0.0000000e+00 3.7700000e-08 2.4128000e-08
     60    162 0.0000000e+00 8.3000000e-10 5.3120000e-10
     60    163 0.0000000e+00 1.1700000e-11 7.4880000e-12
     60    164 0.0000000e+00 1.1000000e-13 7.0400000e-14
     60    165 0.0000000e+00 2.9738800e-16 1.9032800e-16
     60    166 0.0000000e+00 1.6453300e-17 1.0530100e-17
     61    141 0.0000000e+00 0.0000000e+00 0.0000000e+00
     61    143 0.0000000e+00 0.0000000e+00 0.0000000e+00
     61    144 0.0000000e+00 0.0000000e+00 0.0000000e+00
     61    145 0.0000000e+00 0.0000000e+00 0.0000000e+00
     61    146 0.0000000e+00 4.4300000e-14 2.8352000e-14
     61    147 0.0000000e+00 2.3877100e-02 5.4917300e-03
     61    148 0.0000000e+00 1.0700000e-10 6.8480000e-11
     61    148 1.0000000e+00 2.2500000e-10 1.4400000e-10
     61    149 0.0000000e+00 1.5984000e-02 3.6763300e-03
     61    150 0.0000000e+00 2.6600000e-07 1.7024000e-07
     61    151 0.0000000e+00 1.0225400e-02 3.2721300e-03
     61    152 2.0000000e+00 1.0533300e-05 6.7413300e-06
     61    152 0.0000000e+00 7.9959300e-03 3.5981700e-03
     61    152 1.0000000e+00 1.0533300e-05 6.7413300e-06
     61    153 0.0000000e+00 6.2347800e-03 2.8056500e-03
     61    154 0.0000000e+00 4.1438500e-03 1.8647300e-03
     61    154 1.0000000e+00 2.0425000e-04 1.3072000e-04
     61    155 0.0000000e+00 3.1305000e-03 1.4087300e-03
     61    156 0.0000000e+00 2.2171700e-03 1.4189900e-03
     61    157 0.0000000e+00 1.3319300e-03 8.5243500e-04
     61    158 0.0000000e+00 6.0546000e-04 3.8749400e-04
     61    159 0.0000000e+00 2.2584000e-04 1.4453800e-04
     61    160 0.0000000e+00 5.1080000e-05 3.2691200e-05
     61    161 0.0000000e+00 7.6000000e-06 4.8640000e-06
     61    162 0.0000000e+00 4.6400000e-07 2.9696000e-07
     61    163 0.0000000e+00 2.4700000e-08 1.5808000e-08
     61    164 0.0000000e+00 6.4500000e-10 4.1280000e-10
     61    165 0.0000000e+00 6.5300000e-12 4.1792000e-12
     61    166 0.0000000e+00 3.0685200e-13 1.9638500e-13
     61    167 0.0000000e+00 2.7103100e-16 1.7346000e-16
     61    168 0.0000000e+00 3.5733800e-18 2.2869700e-18
     62    143 0.0000000e+00 0.0000000e+00 0.0000000e+00
     62    143 1.0000000e+00 0.0000000e+00 0.0000000e+00
     62    144 0.0000000e+00 0.0000000e+00 0.0000000e+00
     62    145 0.0000000e+00 0.0000000e+00 0.0000000e+00
     62    146 0.0000000e+00 1.5500000e-14 9.9200000e-15
     62    147 0.0000000e+00 2.3877100e-02 3.8203400e-03
     62    148 0.0000000e+00 3.2200000e-10 2.0608000e-10
     62    149 0.0000000e+00 1.5984000e-02 3.6763300e-03
     62    150 0.0000000e+00 2.6600000e-07 1.7024000e-07
     62    151 0.0000000e+00 1.0225400e-02 3.2721300e-03
     62    152 0.0000000e+00 8.0170400e-03 2.5654500e-03
     62    153 0.0000000e+00 6.2354800e-03 2.8059700e-03
     62    154 0.0000000e+00 4.3549400e-03 1.3935800e-03
     62    155 0.0000000e+00 3.1671700e-03 1.4252300e-03
     62    156 0.0000000e+00 2.3747600e-03 1.0686400e-03
     62    157 0.0000000e+00 1.6774800e-03 7.5486600e-04
     62    158 0.0000000e+00 1.1664200e-03 7.4650900e-04
     62    159 0.0000000e+00 7.3090000e-04 4.6777600e-04
     62    160 0.0000000e+00 4.1090000e-04 2.6297600e-04
     62    161 0.0000000e+00 1.3433000e-04 8.5971200e-05
     62    162 0.0000000e+00 2.6510000e-05 1.6966400e-05
     62    163 0.0000000e+00 3.7000000e-06 2.3680000e-06
     62    164 0.0000000e+00 3.3900000e-07 2.1696000e-07
     62    165 0.0000000e+00 9.6000000e-09 6.1440000e-09
     62    166 0.0000000e+00 5.0200000e-10 3.2128000e-10
     62    167 0.0000000e+00 8.8900000e-12 5.6896000e-12
     62    168 0.0000000e+00 1.3800000e-13 8.8320000e-14
     62    169 0.0000000e+00 1.8125600e-16 1.1600400e-16
     62    170 0.0000000e+00 0.0000000e+00 0.0000000e+00
     62    171 0.0000000e+00 2.4021900e-19 1.5374000e-19
     63    147 0.0000000e+00 0.0000000e+00 0.0000000e+00
     63    149 0.0000000e+00 0.0000000e+00 0.0000000e+00
     63    151 0.0000000e+00 1.0225400e-02 2.3518400e-03
     63    152 2.0000000e+00 5.0933300e-13 3.2597300e-13
     63    152 0.0000000e+00 7.6400000e-13 4.8896000e-13
     63    152 1.0000000e+00 7.6400000e-13 4.8896000e-13
     63    153 0.0000000e+00 6.2354800e-03 1.9953500e-03
     63    154 1.0000000e+00 1.3300000e-09 8.5120000e-10
     63    154 0.0000000e+00 2.6600000e-09 1.7024000e-09
     63    155 0.0000000e+00 3.1672300e-03 1.4252500e-03
     63    156 0.0000000e+00 2.3754200e-03 1.0689400e-03
     63    157 0.0000000e+00 1.6825800e-03 7.5716100e-04
     63    158 0.0000000e+00 1.1876200e-03 5.3442900e-04
     63    159 0.0000000e+00 7.9116000e-04 5.0634200e-04
     63    160 0.0000000e+00 5.1089000e-04 2.2990100e-04
     63    161 0.0000000e+00 2.3782000e-04 1.5220500e-04
     63    162 0.0000000e+00 7.4700000e-05 4.7808000e-05
     63    163 0.0000000e+00 2.4800000e-05 1.5872000e-05
     63    164 0.0000000e+00 4.9600000e-06 3.1744000e-06
     63    165 0.0000000e+00 4.5700000e-07 2.9248000e-07
     63    166 0.0000000e+00 6.1200000e-08 3.9168000e-08
     63    167 0.0000000e+00 3.9500000e-09 2.5280000e-09
     63    168 0.0000000e+00 1.6800000e-10 1.0752000e-10
     63    169 0.0000000e+00 3.9800000e-12 2.5472000e-12
     63    170 0.0000000e+00 1.1800000e-13 7.5520000e-14
     63    171 0.0000000e+00 5.2746900e-15 3.3758000e-15
     63    172 0.0000000e+00 7.6646500e-18 4.9053800e-18
     64    147 0.0000000e+00 0.0000000e+00 0.0000000e+00
     64    149 0.0000000e+00 0.0000000e+00 0.0000000e+00
     64    151 0.0000000e+00 0.0000000e+00 0.0000000e+00
     64    152 0.0000000e+00 8.0200000e-13 5.1328000e-13
     64    153 0.0000000e+00 0.0000000e+00 0.0000000e+00
     64    154 0.0000000e+00 2.6600000e-09 1.7024000e-09
     64    155 0.0000000e+00 3.1672300e-03 1.0135100e-03
     64    156 0.0000000e+00 2.3754200e-03 7.6013500e-04
     64    157 0.0000000e+00 1.6825900e-03 5.3842900e-04
     64    158 0.0000000e+00 1.1877100e-03 3.8006700e-04
     64    159 0.0000000e+00 7.9181000e-04 3.5631500e-04
     64    160 0.0000000e+00 5.1467000e-04 1.6469400e-04
     64    161 0.0000000e+00 2.4741000e-04 1.1133500e-04
     64    162 0.0000000e+00 8.8950000e-05 4.0027500e-05
     64    163 0.0000000e+00 3.9140000e-05 2.5049600e-05
     64    164 0.0000000e+00 1.4150000e-05 9.0560000e-06
     64    165 0.0000000e+00 2.4900000e-06 1.5936000e-06
     64    166 0.0000000e+00 9.0800000e-07 5.8112000e-07
     64    167 0.0000000e+00 1.4100000e-07 9.0240000e-08
     64    168 0.0000000e+00 1.9700000e-08 1.2608000e-08
     64    169 0.0000000e+00 1.2600000e-09 8.0640000e-10
     64    170 0.0000000e+00 1.3400000e-10 8.5760000e-11
     64    171 0.0000000e+00 7.3300000e-12 4.6912000e-12
     64    172 0.0000000e+00 2.9600000e-13 1.8944000e-13
     65    151 0.0000000e+00 0.0000000e+00 0.0000000e+00
     65    153 0.0000000e+00 0.0000000e+00 0.0000000e+00
     65    155 0.0000000e+00 0.0000000e+00 0.0000000e+00
     65    156 0.0000000e+00 0.0000000e+00 0.0000000e+00
     65    156 1.0000000e+00 0.0000000e+00 0.0000000e+00
     65    157 0.0000000e+00 1.6900000e-13 1.0816000e-13
     65    158 0.0000000e+00 7.6200000e-12 4.8768000e-12
     65    158 1.0000000e+00 7.6200000e-13 4.8768000e-13
     65    159 0.0000000e+00 7.9181000e-04 2.5337900e-04
     65    160 0.0000000e+00 3.5200000e-09 2.2528000e-09
     65    161 0.0000000e+00 2.4744000e-04 1.1134800e-04
     65    162 0.0000000e+00 8.7230000e-05 3.9253500e-05
     65    162 1.0000000e+00 1.8400000e-06 8.2800000e-07
     65    163 0.0000000e+00 3.9590000e-05 1.7815500e-05
     65    164 0.0000000e+00 1.4840000e-05 6.6780000e-06
     65    165 0.0000000e+00 2.9700000e-06 1.9008000e-06
     65    166 0.0000000e+00 1.3500000e-06 8.6400000e-07
     65    167 0.0000000e+00 3.5500000e-07 2.2720000e-07
     65    168 0.0000000e+00 8.8900000e-08 5.6896000e-08
     65    169 0.0000000e+00 1.5400000e-08 9.8560000e-09
     65    170 0.0000000e+00 3.8400000e-09 2.4576000e-09
     65    171 0.0000000e+00 7.2100000e-10 4.6144000e-10
     65    172 0.0000000e+00 7.9200000e-11 5.0688000e-11
     66    155 0.0000000e+00 0.0000000e+00 0.0000000e+00
     66    156 0.0000000e+00 0.0000000e+00 0.0000000e+00
     66    157 0.0000000e+00 0.0000000e+00 0.0000000e+00
     66    158 0.0000000e+00 1.2200000e-12 7.8080000e-13
     66    159 0.0000000e+00 0.0000000e+00 0.0000000e+00
     66    160 0.0000000e+00 3.5200000e-09 2.2528000e-09
     66    161 0.0000000e+00 2.4744000e-04 7.9180800e-05
     66    162 0.0000000e+00 8.9080000e-05 2.8505600e-05
     66    163 0.0000000e+00 3.9590000e-05 1.2668800e-05
     66    164 0.0000000e+00 1.4850000e-05 4.7520000e-06
     66    165 0.0000000e+00 2.9400000e-06 9.4080000e-07
     66    165 1.0000000e+00 1.4900000e-06 6.7050000e-07
     66    166 0.0000000e+00 1.3900000e-06 6.2550000e-07
     66    167 0.0000000e+00 3.9600000e-07 1.7820000e-07
     66    168 0.0000000e+00 1.2800000e-07 5.7600000e-08
     66    169 0.0000000e+00 3.3500000e-08 2.1440000e-08
     66    170 0.0000000e+00 1.7700000e-08 1.1328000e-08
     66    171 0.0000000e+00 6.9800000e-09 4.4672000e-09
     66    172 0.0000000e+00 2.3300000e-09 1.4912000e-09
     67    159 0.0000000e+00 0.0000000e+00 0.0000000e+00
     67    159 1.0000000e+00 0.0000000e+00 0.0000000e+00
     67    161 0.0000000e+00 0.0000000e+00 0.0000000e+00
     67    161 1.0000000e+00 0.0000000e+00 0.0000000e+00
     67    162 0.0000000e+00 0.0000000e+00 0.0000000e+00
     67    162 1.0000000e+00 0.0000000e+00 0.0000000e+00
     67    163 0.0000000e+00 7.5900000e-14 4.8576000e-14
     67    163 1.0000000e+00 0.0000000e+00 0.0000000e+00
     67    164 0.0000000e+00 1.1700000e-12 7.4880000e-13
     67    164 1.0000000e+00 8.1700000e-13 5.2288000e-13
     67    165 0.0000000e+00 2.9800000e-06 6.8540000e-07
     67    166 0.0000000e+00 1.3900000e-06 6.2550000e-07
     67    166 1.0000000e+00 4.7800000e-11 3.0592000e-11
     67    167 0.0000000e+00 3.9600000e-07 1.7820000e-07
     67    168 0.0000000e+00 1.2900000e-07 5.8050000e-08
     67    169 0.0000000e+00 3.4600000e-08 1.5570000e-08
     67    170 0.0000000e+00 1.8700000e-08 8.4150000e-09
     67    170 1.0000000e+00 1.0100000e-09 6.4640000e-10
     67    171 0.0000000e+00 9.7600000e-09 6.2464000e-09
     67    172 0.0000000e+00 4.5900000e-09 2.9376000e-09
     68    161 0.0000000e+00 0.0000000e+00 0.0000000e+00
     68    162 0.0000000e+00 0.0000000e+00 0.0000000e+00
     68    163 0.0000000e+00 0.0000000e+00 0.0000000e+00
     68    164 0.0000000e+00 6.1900000e-13 2.7855000e-13
     68    165 0.0000000e+00 0.0000000e+00 0.0000000e+00
     68    166 0.0000000e+00 1.3900000e-06 4.4480000e-07
     68    167 0.0000000e+00 3.9600000e-07 1.2672000e-07
     68    167 1.0000000e+00 3.9600000e-08 1.7820000e-08
     68    168 0.0000000e+00 1.2900000e-07 4.1280000e-08
     68    169 0.0000000e+00 3.4600000e-08 1.5570000e-08
     68    170 0.0000000e+00 1.9800000e-08 6.3360000e-09
     68    171 0.0000000e+00 9.9000000e-09 4.4550000e-09
     68    172 0.0000000e+00 4.9500000e-09 2.2275000e-09
     69    165 0.0000000e+00 0.0000000e+00 0.0000000e+00
     69    166 0.0000000e+00 0.0000000e+00 0.0000000e+00
     69    167 0.0000000e+00 0.0000000e+00 0.0000000e+00
     69    168 0.0000000e+00 0.0000000e+00 0.0000000e+00
     69    169 0.0000000e+00 3.4600000e-08 1.1072000e-08
     69    170 0.0000000e+00 1.5800000e-14 1.0112000e-14
     69    171 0.0000000e+00 9.9000000e-09 4.4550000e-09
     69    172 0.0000000e+00 4.9500000e-09 2.2275000e-09
     70    166 0.0000000e+00 0.0000000e+00 0.0000000e+00
     70    167 0.0000000e+00 0.0000000e+00 0.0000000e+00
     70    168 0.0000000e+00 0.0000000e+00 0.0000000e+00
     70    169 0.0000000e+00 0.0000000e+00 0.0000000e+00
     70    169 1.0000000e+00 0.0000000e+00 0.0000000e+00
     70    170 0.0000000e+00 1.5800000e-14 1.0112000e-14
     70    171 0.0000000e+00 9.9000000e-09 3.1680000e-09
     70    172 0.0000000e+00 4.9500000e-09 1.5840000e-09
     71    169 0.0000000e+00 0.0000000e+00 0.0000000e+00
     71    169 1.0000000e+00 0.0000000e+00 0.0000000e+00
     71    171 0.0000000e+00 0.0000000e+00 0.0000000e+00
     71    171 1.0000000e+00 0.0000000e+00 0.0000000e+00
     71    172 0.0000000e+00 0.0000000e+00 0.0000000e+00
     71    172 1.0000000e+00 0.0000000e+00 0.0000000e+00
     72    171 0.0000000e+00 0.0000000e+00 0.0000000e+00
     72    172 0.0000000e+00 0.0000000e+00 0.0000000e+00


