#            E  2.530000e-02  neutron energy
#    Z      A   Level         FPY           delta-FPY   
     23     66 0.0000000e+00 1.0331700e-18 6.6123200e-19
     24     66 0.0000000e+00 3.9899000e-14 2.5535300e-14
     24     67 0.0000000e+00 0.0000000e+00 0.0000000e+00
     24     68 0.0000000e+00 0.0000000e+00 0.0000000e+00
     24     69 0.0000000e+00 5.0096000e-18 3.2061400e-18
     24     70 0.0000000e+00 0.0000000e+00 0.0000000e+00
     25     66 0.0000000e+00 9.3900000e-12 6.0096000e-12
     25     67 0.0000000e+00 3.2500000e-12 2.0800000e-12
     25     68 0.0000000e+00 7.4000000e-13 4.7360000e-13
     25     69 0.0000000e+00 1.0999500e-13 7.0396800e-14
     25     70 0.0000000e+00 1.6100000e-14 1.0304000e-14
     25     71 0.0000000e+00 0.0000000e+00 0.0000000e+00
     25     72 0.0000000e+00 2.8224600e-17 1.8063700e-17
     25     73 0.0000000e+00 3.5974800e-18 2.3023900e-18
     26     66 0.0000000e+00 2.3900000e-10 1.5296000e-10
     26     67 0.0000000e+00 2.1100000e-10 1.3504000e-10
     26     68 0.0000000e+00 1.6600000e-10 1.0624000e-10
     26     69 0.0000000e+00 6.7600000e-11 4.3264000e-11
     26     70 0.0000000e+00 3.6200000e-11 2.3168000e-11
     26     71 0.0000000e+00 4.7000000e-12 3.0080000e-12
     26     72 0.0000000e+00 1.0899700e-12 6.9758200e-13
     26     73 0.0000000e+00 1.1799600e-13 7.5517700e-14
     26     74 0.0000000e+00 0.0000000e+00 0.0000000e+00
     26     75 0.0000000e+00 2.5731100e-16 1.6467900e-16
     26     76 0.0000000e+00 0.0000000e+00 0.0000000e+00
     27     66 0.0000000e+00 2.1800000e-10 1.3952000e-10
     27     67 0.0000000e+00 5.8300000e-10 3.7312000e-10
     27     68 0.0000000e+00 1.0500000e-09 6.7200000e-10
     27     69 0.0000000e+00 1.4100000e-09 9.0240000e-10
     27     70 0.0000000e+00 1.9000000e-09 1.2160000e-09
     27     71 0.0000000e+00 8.8700000e-10 5.6768000e-10
     27     72 0.0000000e+00 5.7200000e-10 3.6608000e-10
     27     73 0.0000000e+00 2.2600000e-10 1.4464000e-10
     27     74 0.0000000e+00 4.0200000e-11 2.5728000e-11
     27     75 0.0000000e+00 5.6497400e-12 3.6158400e-12
     27     76 0.0000000e+00 3.4000000e-13 2.1760000e-13
     27     77 0.0000000e+00 2.1493400e-14 1.3755800e-14
     27     78 0.0000000e+00 2.1569800e-15 1.3804700e-15
     27     79 0.0000000e+00 3.2269000e-16 2.0652100e-16
     28     66 0.0000000e+00 3.0600000e-11 1.9584000e-11
     28     67 0.0000000e+00 1.9400000e-10 1.2416000e-10
     28     68 0.0000000e+00 1.0300000e-09 6.5920000e-10
     28     69 0.0000000e+00 3.1400000e-09 2.0096000e-09
     28     70 0.0000000e+00 1.2600000e-08 8.0640000e-09
     28     71 0.0000000e+00 1.4100000e-08 9.0240000e-09
     28     72 0.0000000e+00 3.0400000e-08 1.9456000e-08
     28     73 0.0000000e+00 3.0600000e-08 1.9584000e-08
     28     74 0.0000000e+00 1.9800000e-08 1.2672000e-08
     28     75 0.0000000e+00 7.5500000e-09 4.8320000e-09
     28     76 0.0000000e+00 1.7300000e-09 1.1072000e-09
     28     77 0.0000000e+00 7.0497900e-10 4.5118600e-10
     28     78 0.0000000e+00 8.3297900e-11 5.3310600e-11
     28     79 0.0000000e+00 1.0584100e-11 6.7738400e-12
     28     80 0.0000000e+00 1.1200000e-13 7.1680000e-14
     28     81 0.0000000e+00 5.1917700e-15 3.3227300e-15
     28     82 0.0000000e+00 0.0000000e+00 0.0000000e+00
     29     66 0.0000000e+00 1.2000000e-13 7.6800000e-14
     29     67 0.0000000e+00 2.7000000e-12 1.7280000e-12
     29     68 0.0000000e+00 1.0800000e-11 6.9120000e-12
     29     68 1.0000000e+00 2.5200000e-11 1.6128000e-11
     29     69 0.0000000e+00 3.5500000e-10 2.2720000e-10
     29     70 0.0000000e+00 8.1100000e-10 5.1904000e-10
     29     70 1.0000000e+00 2.4300000e-09 1.5552000e-09
     29     71 0.0000000e+00 1.0900000e-08 6.9760000e-09
     29     72 0.0000000e+00 5.3400000e-08 3.4176000e-08
     29     73 0.0000000e+00 1.6300000e-07 1.0432000e-07
     29     74 0.0000000e+00 2.5600000e-07 1.6384000e-07
     29     75 0.0000000e+00 3.2300000e-07 2.0672000e-07
     29     76 0.0000000e+00 1.9600000e-07 1.2544000e-07
     29     77 0.0000000e+00 2.9400000e-07 1.8816000e-07
     29     78 0.0000000e+00 9.5000000e-08 6.0800000e-08
     29     79 0.0000000e+00 9.8394200e-09 6.2972300e-09
     29     80 0.0000000e+00 1.3800000e-09 8.8320000e-10
     29     81 0.0000000e+00 1.1399500e-10 7.2956700e-11
     29     82 0.0000000e+00 4.0400000e-12 2.5856000e-12
     29     83 0.0000000e+00 1.4450900e-13 9.2485800e-14
     29     84 0.0000000e+00 6.0074300e-15 3.8447500e-15
     30     66 0.0000000e+00 0.0000000e+00 0.0000000e+00
     30     67 0.0000000e+00 0.0000000e+00 0.0000000e+00
     30     68 0.0000000e+00 1.3400000e-13 8.5760000e-14
     30     69 0.0000000e+00 6.8500000e-13 4.3840000e-13
     30     69 1.0000000e+00 2.9200000e-12 1.8688000e-12
     30     70 0.0000000e+00 1.1300000e-10 7.2320000e-11
     30     71 0.0000000e+00 1.8200000e-10 1.1648000e-10
     30     71 1.0000000e+00 7.7600000e-10 4.9664000e-10
     30     72 0.0000000e+00 1.5000000e-08 9.6000000e-09
     30     73 0.0000000e+00 1.0200000e-07 6.5280000e-08
     30     74 0.0000000e+00 4.8500000e-07 3.1040000e-07
     30     75 0.0000000e+00 1.3600000e-06 8.7040000e-07
     30     76 0.0000000e+00 2.5900000e-06 1.6576000e-06
     30     77 0.0000000e+00 9.6300000e-06 6.1632000e-06
     30     78 0.0000000e+00 1.0440000e-05 6.6816000e-06
     30     79 0.0000000e+00 2.9200000e-06 1.8688000e-06
     30     80 0.0000000e+00 1.4600000e-06 9.3440000e-07
     30     81 0.0000000e+00 3.4300000e-07 2.1952000e-07
     30     82 0.0000000e+00 4.5300000e-08 2.8992000e-08
     30     83 0.0000000e+00 4.7398600e-09 3.0335100e-09
     30     84 0.0000000e+00 2.3199400e-10 1.4847600e-10
     30     85 0.0000000e+00 2.7780500e-12 1.7779500e-12
     30     86 0.0000000e+00 7.0300000e-14 4.4992000e-14
     31     66 0.0000000e+00 0.0000000e+00 0.0000000e+00
     31     67 0.0000000e+00 0.0000000e+00 0.0000000e+00
     31     68 0.0000000e+00 0.0000000e+00 0.0000000e+00
     31     69 0.0000000e+00 0.0000000e+00 0.0000000e+00
     31     70 0.0000000e+00 9.5500000e-14 6.1120000e-14
     31     71 0.0000000e+00 3.0100000e-12 1.9264000e-12
     31     72 1.0000000e+00 6.3500000e-11 4.0640000e-11
     31     72 0.0000000e+00 6.3500000e-11 4.0640000e-11
     31     73 0.0000000e+00 2.9300000e-09 1.8752000e-09
     31     74 1.0000000e+00 1.7250000e-08 1.1040000e-08
     31     74 0.0000000e+00 1.7250000e-08 1.1040000e-08
     31     75 0.0000000e+00 2.9600000e-07 1.8944000e-07
     31     76 0.0000000e+00 1.2900000e-06 8.2560000e-07
     31     77 0.0000000e+00 1.4400000e-05 9.2160000e-06
     31     78 0.0000000e+00 3.5000000e-05 2.2400000e-05
     31     79 0.0000000e+00 3.1250000e-05 2.0000000e-05
     31     80 0.0000000e+00 3.8330000e-05 2.4531200e-05
     31     81 0.0000000e+00 3.1500000e-05 2.0160000e-05
     31     82 0.0000000e+00 1.0990000e-05 7.0336000e-06
     31     83 0.0000000e+00 4.2900000e-06 2.7456000e-06
     31     84 0.0000000e+00 6.2000000e-07 3.9680000e-07
     31     85 0.0000000e+00 6.0997200e-08 3.9038200e-08
     31     86 0.0000000e+00 2.3200000e-09 1.4848000e-09
     31     87 0.0000000e+00 1.7530100e-11 1.1219300e-11
     31     88 0.0000000e+00 8.0789600e-13 5.1705300e-13
     31     89 0.0000000e+00 7.5348800e-14 4.8223300e-14
     32     66 0.0000000e+00 0.0000000e+00 0.0000000e+00
     32     67 0.0000000e+00 0.0000000e+00 0.0000000e+00
     32     68 0.0000000e+00 0.0000000e+00 0.0000000e+00
     32     69 0.0000000e+00 0.0000000e+00 0.0000000e+00
     32     70 0.0000000e+00 0.0000000e+00 0.0000000e+00
     32     71 0.0000000e+00 0.0000000e+00 0.0000000e+00
     32     71 1.0000000e+00 0.0000000e+00 0.0000000e+00
     32     72 0.0000000e+00 1.0400000e-13 6.6560000e-14
     32     73 0.0000000e+00 5.2900000e-12 3.3856000e-12
     32     73 1.0000000e+00 1.2400000e-12 7.9360000e-13
     32     74 0.0000000e+00 2.8200000e-10 1.8048000e-10
     32     75 0.0000000e+00 8.1700000e-10 5.2288000e-10
     32     75 1.0000000e+00 5.4700000e-09 3.5008000e-09
     32     76 0.0000000e+00 9.3600000e-08 5.9904000e-08
     32     77 0.0000000e+00 2.2200000e-06 1.4208000e-06
     32     77 1.0000000e+00 3.3200000e-07 2.1248000e-07
     32     78 0.0000000e+00 1.8750000e-05 1.2000000e-05
     32     79 1.0000000e+00 1.8970000e-05 1.2140800e-05
     32     79 0.0000000e+00 1.8970000e-05 1.2140800e-05
     32     80 0.0000000e+00 1.3672000e-04 8.7500800e-05
     32     81 0.0000000e+00 2.6167000e-04 1.6746900e-04
     32     82 0.0000000e+00 2.8811000e-04 1.8439000e-04
     32     83 0.0000000e+00 2.8783000e-04 1.8421100e-04
     32     84 0.0000000e+00 1.5212000e-04 9.7356800e-05
     32     85 0.0000000e+00 4.2580000e-05 2.7251200e-05
     32     86 0.0000000e+00 6.4900000e-06 4.1536000e-06
     32     87 0.0000000e+00 5.7498300e-07 3.6798900e-07
     32     88 0.0000000e+00 3.1199200e-08 1.9967500e-08
     32     89 0.0000000e+00 2.4714200e-09 1.5817100e-09
     32     90 0.0000000e+00 4.3014600e-12 2.7529400e-12
     32     91 0.0000000e+00 5.9710600e-13 3.8214800e-13
     33     69 0.0000000e+00 0.0000000e+00 0.0000000e+00
     33     71 0.0000000e+00 0.0000000e+00 0.0000000e+00
     33     72 0.0000000e+00 0.0000000e+00 0.0000000e+00
     33     73 0.0000000e+00 0.0000000e+00 0.0000000e+00
     33     74 0.0000000e+00 1.5500000e-14 9.9200000e-15
     33     74 1.0000000e+00 3.6100000e-14 2.3104000e-14
     33     75 0.0000000e+00 4.2300000e-12 2.7072000e-12
     33     76 0.0000000e+00 1.7700000e-10 1.1328000e-10
     33     77 0.0000000e+00 1.7500000e-08 1.1200000e-08
     33     78 0.0000000e+00 3.3000000e-07 2.1120000e-07
     33     79 0.0000000e+00 2.2400000e-06 1.4336000e-06
     33     80 0.0000000e+00 1.8900000e-05 1.2096000e-05
     33     81 0.0000000e+00 1.1096000e-04 7.1014400e-05
     33     82 0.0000000e+00 1.3449000e-04 8.6073600e-05
     33     82 1.0000000e+00 1.3449000e-04 8.6073600e-05
     33     83 0.0000000e+00 8.1509000e-04 5.2165800e-04
     33     84 1.0000000e+00 5.2195500e-04 3.3405100e-04
     33     84 0.0000000e+00 5.2195500e-04 3.3405100e-04
     33     85 0.0000000e+00 9.9496000e-04 6.3677500e-04
     33     86 0.0000000e+00 4.1964000e-04 2.6857000e-04
     33     87 0.0000000e+00 1.4712000e-04 9.4156800e-05
     33     88 0.0000000e+00 2.4490000e-05 1.5673600e-05
     33     89 0.0000000e+00 2.2975300e-06 1.4704200e-06
     33     90 0.0000000e+00 8.0217300e-08 5.1339100e-08
     33     91 0.0000000e+00 1.3110600e-08 8.3907600e-09
     33     92 0.0000000e+00 4.1948400e-11 2.6847000e-11
     33     93 0.0000000e+00 2.4514600e-12 1.5689300e-12
     33     94 0.0000000e+00 6.8360400e-14 4.3750700e-14
     34     72 0.0000000e+00 0.0000000e+00 0.0000000e+00
     34     73 0.0000000e+00 0.0000000e+00 0.0000000e+00
     34     73 1.0000000e+00 0.0000000e+00 0.0000000e+00
     34     74 0.0000000e+00 0.0000000e+00 0.0000000e+00
     34     75 0.0000000e+00 0.0000000e+00 0.0000000e+00
     34     76 0.0000000e+00 2.9700000e-14 1.9008000e-14
     34     77 0.0000000e+00 1.1000000e-12 7.0400000e-13
     34     77 1.0000000e+00 7.3800000e-12 4.7232000e-12
     34     78 0.0000000e+00 5.8500000e-10 3.7440000e-10
     34     79 0.0000000e+00 9.6300000e-09 6.1632000e-09
     34     79 1.0000000e+00 1.4400000e-09 9.2160000e-10
     34     80 0.0000000e+00 3.2600000e-07 2.0864000e-07
     34     81 0.0000000e+00 6.4700000e-07 4.1408000e-07
     34     81 1.0000000e+00 4.3300000e-06 2.7712000e-06
     34     82 0.0000000e+00 3.8770000e-05 2.4812800e-05
     34     83 0.0000000e+00 2.2518000e-04 1.4411500e-04
     34     83 1.0000000e+00 5.2820000e-05 3.3804800e-05
     34     84 0.0000000e+00 1.1102900e-03 7.1058600e-04
     34     85 0.0000000e+00 1.2234000e-03 7.8297600e-04
     34     85 1.0000000e+00 1.2058700e-03 7.7175700e-04
     34     86 0.0000000e+00 3.3226000e-03 2.1264600e-03
     34     87 0.0000000e+00 3.0751200e-03 1.9680800e-03
     34     88 0.0000000e+00 1.8933700e-03 1.2117600e-03
     34     89 0.0000000e+00 5.2046000e-04 3.3309400e-04
     34     90 0.0000000e+00 1.3116000e-04 8.3942300e-05
     34     91 0.0000000e+00 1.8206900e-05 1.1652400e-05
     34     92 0.0000000e+00 1.6199600e-06 1.0367700e-06
     34     93 0.0000000e+00 8.0407100e-08 5.1460600e-08
     34     94 0.0000000e+00 2.6399300e-09 1.6895600e-09
     34     95 0.0000000e+00 1.2152500e-11 7.7776100e-12
     34     96 0.0000000e+00 4.3000000e-13 2.7520000e-13
     35     75 0.0000000e+00 0.0000000e+00 0.0000000e+00
     35     77 0.0000000e+00 0.0000000e+00 0.0000000e+00
     35     77 1.0000000e+00 0.0000000e+00 0.0000000e+00
     35     78 0.0000000e+00 2.1900000e-14 1.4016000e-14
     35     79 0.0000000e+00 3.6700000e-13 2.3488000e-13
     35     79 1.0000000e+00 1.2300000e-12 7.8720000e-13
     35     80 0.0000000e+00 3.2700000e-11 2.0928000e-11
     35     80 1.0000000e+00 9.8100000e-11 6.2784000e-11
     35     81 0.0000000e+00 7.5000000e-09 4.8000000e-09
     35     82 0.0000000e+00 1.1000000e-07 7.0400000e-08
     35     82 1.0000000e+00 4.6900000e-08 3.0016000e-08
     35     83 0.0000000e+00 3.9900000e-06 2.5536000e-06
     35     84 0.0000000e+00 1.5110000e-05 9.6704000e-06
     35     84 1.0000000e+00 2.6850000e-05 1.7184000e-05
     35     85 0.0000000e+00 3.0784000e-04 1.9701800e-04
     35     86 0.0000000e+00 5.1410000e-04 3.2902400e-04
     35     86 1.0000000e+00 5.1410000e-04 3.2902400e-04
     35     87 0.0000000e+00 3.0687500e-03 1.9640000e-03
     35     88 0.0000000e+00 4.6397900e-03 2.9694700e-03
     35     89 0.0000000e+00 4.3530100e-03 2.7859300e-03
     35     90 0.0000000e+00 2.8940200e-03 1.8521700e-03
     35     91 0.0000000e+00 1.4848600e-03 9.5031100e-04
     35     92 0.0000000e+00 3.8265000e-04 2.4489600e-04
     35     93 0.0000000e+00 7.4749600e-05 4.7839700e-05
     35     94 0.0000000e+00 7.4900000e-06 4.7936000e-06
     35     95 0.0000000e+00 2.6683100e-07 1.7077200e-07
     35     96 0.0000000e+00 1.5700000e-08 1.0048000e-08
     35     97 0.0000000e+00 1.0335100e-10 6.6144900e-11
     35     98 0.0000000e+00 5.3341800e-12 3.4138800e-12
     35     99 0.0000000e+00 1.7508000e-12 1.1205100e-12
     36     77 0.0000000e+00 0.0000000e+00 0.0000000e+00
     36     78 0.0000000e+00 0.0000000e+00 0.0000000e+00
     36     79 1.0000000e+00 0.0000000e+00 0.0000000e+00
     36     79 0.0000000e+00 0.0000000e+00 0.0000000e+00
     36     80 0.0000000e+00 0.0000000e+00 0.0000000e+00
     36     81 0.0000000e+00 6.4900000e-13 4.1536000e-13
     36     81 1.0000000e+00 9.7000000e-14 6.2080000e-14
     36     82 0.0000000e+00 5.8000000e-11 3.7120000e-11
     36     83 0.0000000e+00 3.4200000e-09 2.1888000e-09
     36     83 1.0000000e+00 8.0300000e-10 5.1392000e-10
     36     84 0.0000000e+00 1.7100000e-07 1.0944000e-07
     36     85 0.0000000e+00 2.8500000e-06 1.8240000e-06
     36     85 1.0000000e+00 6.7000000e-07 4.2880000e-07
     36     86 0.0000000e+00 4.3590000e-05 2.7897600e-05
     36     87 0.0000000e+00 3.5375000e-04 2.2640000e-04
     36     88 0.0000000e+00 1.8156400e-03 1.1620100e-03
     36     89 0.0000000e+00 4.1367500e-03 2.6475200e-03
     36     90 0.0000000e+00 8.7797600e-03 5.6190500e-03
     36     91 0.0000000e+00 1.1043900e-02 3.5340400e-03
     36     92 0.0000000e+00 9.7472200e-03 6.2382200e-03
     36     93 0.0000000e+00 5.1633300e-03 3.3045300e-03
     36     94 0.0000000e+00 1.9511300e-03 1.2487200e-03
     36     95 0.0000000e+00 3.7055300e-04 2.3715400e-04
     36     96 0.0000000e+00 4.8050000e-05 3.0752000e-05
     36     97 0.0000000e+00 3.3899000e-06 2.1695300e-06
     36     98 0.0000000e+00 2.0599500e-07 1.3183700e-07
     36     99 0.0000000e+00 5.7425600e-08 3.6752400e-08
     36    100 0.0000000e+00 9.7800000e-11 6.2592000e-11
     36    101 0.0000000e+00 2.7197500e-12 1.7406400e-12
     37     79 0.0000000e+00 0.0000000e+00 0.0000000e+00
     37     81 0.0000000e+00 0.0000000e+00 0.0000000e+00
     37     83 0.0000000e+00 1.2400000e-13 7.9360000e-14
     37     84 0.0000000e+00 1.5100000e-11 9.6640000e-12
     37     85 0.0000000e+00 1.2300000e-09 7.8720000e-10
     37     86 1.0000000e+00 2.2950000e-08 1.4688000e-08
     37     86 0.0000000e+00 2.2950000e-08 1.4688000e-08
     37     87 0.0000000e+00 1.5000000e-06 9.6000000e-07
     37     88 0.0000000e+00 2.2740000e-05 1.4553600e-05
     37     89 0.0000000e+00 1.9438000e-04 1.2440300e-04
     37     90 0.0000000e+00 1.9885000e-04 1.2726400e-04
     37     90 1.0000000e+00 8.4775000e-04 5.4256000e-04
     37     91 0.0000000e+00 4.2472400e-03 2.7182300e-03
     37     92 0.0000000e+00 8.8644800e-03 5.6732700e-03
     37     93 0.0000000e+00 1.4979300e-02 4.7933700e-03
     37     94 0.0000000e+00 1.4150000e-02 4.5279900e-03
     37     95 0.0000000e+00 9.4372900e-03 6.0398700e-03
     37     96 0.0000000e+00 3.3935500e-03 2.1718700e-03
     37     97 0.0000000e+00 9.2240000e-04 5.9033600e-04
     37     98 0.0000000e+00 1.6190000e-04 1.0361600e-04
     37     99 0.0000000e+00 5.3385100e-05 3.4166400e-05
     37    100 0.0000000e+00 9.0000000e-07 5.7600000e-07
     37    101 0.0000000e+00 5.9717100e-08 3.8218900e-08
     37    102 0.0000000e+00 1.9498300e-10 1.2478900e-10
     37    103 0.0000000e+00 9.1824000e-12 5.8767400e-12
     37    104 0.0000000e+00 3.1849700e-13 2.0383800e-13
     38     83 0.0000000e+00 0.0000000e+00 0.0000000e+00
     38     84 0.0000000e+00 0.0000000e+00 0.0000000e+00
     38     85 1.0000000e+00 1.3600000e-14 8.7040000e-15
     38     85 0.0000000e+00 1.3600000e-14 8.7040000e-15
     38     86 0.0000000e+00 4.2100000e-12 2.6944000e-12
     38     87 0.0000000e+00 3.5600000e-10 2.2784000e-10
     38     87 1.0000000e+00 8.3600000e-11 5.3504000e-11
     38     88 0.0000000e+00 2.7800000e-08 1.7792000e-08
     38     89 0.0000000e+00 7.3000000e-07 4.6720000e-07
     38     90 0.0000000e+00 1.5110000e-05 9.6704000e-06
     38     91 0.0000000e+00 1.7014000e-04 1.0889000e-04
     38     92 0.0000000e+00 1.2456500e-03 7.9721600e-04
     38     93 0.0000000e+00 5.2147500e-03 3.3374400e-03
     38     94 0.0000000e+00 1.5676100e-02 5.0163600e-03
     38     95 0.0000000e+00 2.4934600e-02 7.9790800e-03
     38     96 0.0000000e+00 2.9166400e-02 9.3332400e-03
     38     97 0.0000000e+00 2.0373600e-02 6.5195400e-03
     38     98 0.0000000e+00 1.2518100e-02 4.0057800e-03
     38     99 0.0000000e+00 3.6034600e-03 2.3062100e-03
     38    100 0.0000000e+00 7.2419000e-04 4.6348200e-04
     38    101 0.0000000e+00 8.2930300e-05 5.3075400e-05
     38    102 0.0000000e+00 7.5298100e-06 4.8190800e-06
     38    103 0.0000000e+00 3.0118000e-07 1.9275500e-07
     38    104 0.0000000e+00 1.2299700e-08 7.8718000e-09
     38    105 0.0000000e+00 3.2519300e-11 2.0812400e-11
     38    106 0.0000000e+00 4.4142100e-12 2.8251000e-12
     38    107 0.0000000e+00 1.3371600e-12 8.5578200e-13
     39     85 0.0000000e+00 0.0000000e+00 0.0000000e+00
     39     87 0.0000000e+00 0.0000000e+00 0.0000000e+00
     39     88 0.0000000e+00 7.0700000e-13 4.5248000e-13
     39     89 0.0000000e+00 1.5000000e-11 9.6000000e-12
     39     89 1.0000000e+00 6.4100000e-11 4.1024000e-11
     39     90 1.0000000e+00 2.5100000e-09 1.6064000e-09
     39     90 0.0000000e+00 2.5100000e-09 1.6064000e-09
     39     91 1.0000000e+00 1.1350000e-07 7.2640000e-08
     39     91 0.0000000e+00 1.1350000e-07 7.2640000e-08
     39     92 0.0000000e+00 4.8800000e-06 3.1232000e-06
     39     93 1.0000000e+00 3.8785000e-05 2.4822400e-05
     39     93 0.0000000e+00 3.8785000e-05 2.4822400e-05
     39     94 0.0000000e+00 6.3168000e-04 4.0427500e-04
     39     95 0.0000000e+00 3.4100800e-03 2.1824500e-03
     39     96 0.0000000e+00 9.7130000e-04 6.2163200e-04
     39     96 1.0000000e+00 8.7411700e-03 5.5943500e-03
     39     97 1.0000000e+00 1.0701800e-02 6.8491200e-03
     39     97 0.0000000e+00 1.0701800e-02 6.8491200e-03
     39     98 0.0000000e+00 1.5365100e-02 4.9168300e-03
     39     98 1.0000000e+00 1.5362800e-02 4.9160800e-03
     39     99 0.0000000e+00 2.8997000e-02 9.2790400e-03
     39    100 0.0000000e+00 1.4670900e-02 4.6946900e-03
     39    101 0.0000000e+00 6.0063400e-03 3.8440600e-03
     39    102 0.0000000e+00 1.4776600e-03 9.4570300e-04
     39    103 0.0000000e+00 2.7998900e-04 1.7919300e-04
     39    104 0.0000000e+00 2.6230000e-05 1.6787200e-05
     39    105 0.0000000e+00 7.1402200e-07 4.5697400e-07
     39    106 0.0000000e+00 8.2319900e-08 5.2684800e-08
     39    107 0.0000000e+00 2.9359800e-08 1.8790300e-08
     39    108 0.0000000e+00 1.2636300e-11 8.0872400e-12
     39    109 0.0000000e+00 6.7289800e-13 4.3065500e-13
     40     87 0.0000000e+00 0.0000000e+00 0.0000000e+00
     40     88 0.0000000e+00 0.0000000e+00 0.0000000e+00
     40     89 0.0000000e+00 0.0000000e+00 0.0000000e+00
     40     90 1.0000000e+00 7.0500000e-14 4.5120000e-14
     40     90 0.0000000e+00 7.0500000e-14 4.5120000e-14
     40     91 0.0000000e+00 1.9800000e-11 1.2672000e-11
     40     92 0.0000000e+00 1.7500000e-09 1.1200000e-09
     40     93 0.0000000e+00 8.4800000e-08 5.4272000e-08
     40     94 0.0000000e+00 2.7400000e-06 1.7536000e-06
     40     95 0.0000000e+00 4.2690000e-05 2.7321600e-05
     40     96 0.0000000e+00 4.4856000e-04 2.8707800e-04
     40     97 0.0000000e+00 2.6027700e-03 1.6657700e-03
     40     98 0.0000000e+00 1.2074100e-02 3.8637000e-03
     40     99 0.0000000e+00 2.6669300e-02 8.5341800e-03
     40    100 0.0000000e+00 4.1621100e-02 1.3318800e-02
     40    101 0.0000000e+00 4.0378100e-02 1.2921000e-02
     40    102 0.0000000e+00 3.1896700e-02 1.0206900e-02
     40    103 0.0000000e+00 1.5338800e-02 4.9084100e-03
     40    104 0.0000000e+00 5.2150000e-03 3.3376000e-03
     40    105 0.0000000e+00 9.9157600e-04 6.3460900e-04
     40    106 0.0000000e+00 1.3459800e-04 8.6142500e-05
     40    107 0.0000000e+00 4.0772500e-05 2.6094400e-05
     40    108 0.0000000e+00 4.8798700e-07 3.1231200e-07
     40    109 0.0000000e+00 2.2070900e-08 1.4125400e-08
     40    110 0.0000000e+00 0.0000000e+00 0.0000000e+00
     40    111 0.0000000e+00 0.0000000e+00 0.0000000e+00
     40    112 0.0000000e+00 0.0000000e+00 0.0000000e+00
     40    113 0.0000000e+00 0.0000000e+00 0.0000000e+00
     40    114 0.0000000e+00 0.0000000e+00 0.0000000e+00
     41     89 0.0000000e+00 0.0000000e+00 0.0000000e+00
     41     90 0.0000000e+00 0.0000000e+00 0.0000000e+00
     41     91 0.0000000e+00 0.0000000e+00 0.0000000e+00
     41     92 0.0000000e+00 1.2700000e-14 8.1280000e-15
     41     93 0.0000000e+00 2.0800000e-12 1.3312000e-12
     41     93 1.0000000e+00 4.8800000e-13 3.1232000e-13
     41     94 0.0000000e+00 1.5200000e-10 9.7280000e-11
     41     94 1.0000000e+00 1.0500000e-10 6.7200000e-11
     41     95 0.0000000e+00 1.3300000e-08 8.5120000e-09
     41     95 1.0000000e+00 3.1100000e-09 1.9904000e-09
     41     96 0.0000000e+00 5.1800000e-07 3.3152000e-07
     41     97 0.0000000e+00 9.5200000e-06 6.0928000e-06
     41     97 1.0000000e+00 2.2300000e-06 1.4272000e-06
     41     98 0.0000000e+00 1.1278000e-04 7.2179200e-05
     41     98 1.0000000e+00 3.7590000e-05 2.4057600e-05
     41     99 0.0000000e+00 9.3090000e-05 5.9577600e-05
     41     99 1.0000000e+00 1.0705000e-03 6.8512000e-04
     41    100 0.0000000e+00 2.2695700e-03 1.4525300e-03
     41    100 1.0000000e+00 2.2695700e-03 1.4525300e-03
     41    101 0.0000000e+00 1.3973800e-02 4.4716100e-03
     41    102 1.0000000e+00 1.2485200e-02 7.9905000e-03
     41    102 0.0000000e+00 1.2485200e-02 7.9905000e-03
     41    103 0.0000000e+00 3.6274200e-02 1.1607700e-02
     41    104 1.0000000e+00 1.4843900e-02 9.5001000e-03
     41    104 0.0000000e+00 1.4843900e-02 9.5001000e-03
     41    105 0.0000000e+00 1.8499000e-02 5.9196700e-03
     41    106 0.0000000e+00 6.6768500e-03 4.2731800e-03
     41    107 0.0000000e+00 1.8423300e-03 1.1790900e-03
     41    108 0.0000000e+00 2.5566000e-04 1.6362200e-04
     41    109 0.0000000e+00 2.0517900e-05 1.3131500e-05
     41    110 0.0000000e+00 7.5200000e-12 4.8128000e-12
     41    111 0.0000000e+00 2.0099200e-14 1.2863500e-14
     41    112 0.0000000e+00 4.3371600e-16 2.7757800e-16
     41    113 0.0000000e+00 1.5359000e-16 9.8297900e-17
     41    114 0.0000000e+00 3.6432200e-19 2.3316600e-19
     41    115 0.0000000e+00 0.0000000e+00 0.0000000e+00
     41    116 0.0000000e+00 1.6857100e-14 1.0788500e-14
     42     90 0.0000000e+00 0.0000000e+00 0.0000000e+00
     42     91 0.0000000e+00 0.0000000e+00 0.0000000e+00
     42     92 0.0000000e+00 0.0000000e+00 0.0000000e+00
     42     93 1.0000000e+00 0.0000000e+00 0.0000000e+00
     42     93 0.0000000e+00 0.0000000e+00 0.0000000e+00
     42     94 0.0000000e+00 0.0000000e+00 0.0000000e+00
     42     95 0.0000000e+00 3.9800000e-13 2.5472000e-13
     42     96 0.0000000e+00 5.2300000e-11 3.3472000e-11
     42     97 0.0000000e+00 3.6600000e-09 2.3424000e-09
     42     98 0.0000000e+00 1.8400000e-07 1.1776000e-07
     42     99 0.0000000e+00 4.1100000e-06 2.6304000e-06
     42    100 0.0000000e+00 5.9950000e-05 3.8368000e-05
     42    101 0.0000000e+00 4.9910000e-04 3.1942400e-04
     42    102 0.0000000e+00 2.9756800e-03 1.9044400e-03
     42    103 0.0000000e+00 1.0317200e-02 3.3014900e-03
     42    104 0.0000000e+00 2.6372400e-02 8.4391800e-03
     42    105 0.0000000e+00 3.7142700e-02 1.1885700e-02
     42    106 0.0000000e+00 4.1992300e-02 1.3437500e-02
     42    107 0.0000000e+00 2.9072900e-02 9.3033200e-03
     42    108 0.0000000e+00 1.3581500e-02 4.3460700e-03
     42    109 0.0000000e+00 3.1409000e-03 2.0101800e-03
     42    110 0.0000000e+00 1.4120000e-05 9.0368000e-06
     42    111 0.0000000e+00 4.9200000e-07 3.1488000e-07
     42    112 0.0000000e+00 1.2500000e-08 8.0000000e-09
     42    113 0.0000000e+00 3.7596800e-09 2.4061900e-09
     42    114 0.0000000e+00 1.0500000e-11 6.7200000e-12
     42    115 0.0000000e+00 2.5274700e-15 1.6175800e-15
     42    116 0.0000000e+00 6.5098300e-10 4.1662900e-10
     42    117 0.0000000e+00 3.2214900e-13 2.0617500e-13
     42    118 0.0000000e+00 2.9399700e-14 1.8815800e-14
     43     93 0.0000000e+00 0.0000000e+00 0.0000000e+00
     43     95 0.0000000e+00 0.0000000e+00 0.0000000e+00
     43     95 1.0000000e+00 0.0000000e+00 0.0000000e+00
     43     97 1.0000000e+00 1.5350000e-14 9.8240000e-15
     43     97 0.0000000e+00 1.5350000e-14 9.8240000e-15
     43     98 0.0000000e+00 4.6700000e-12 2.9888000e-12
     43     99 0.0000000e+00 3.3900000e-10 2.1696000e-10
     43     99 1.0000000e+00 7.9500000e-11 5.0880000e-11
     43    100 0.0000000e+00 1.8100000e-08 1.1584000e-08
     43    101 0.0000000e+00 5.8800000e-07 3.7632000e-07
     43    102 0.0000000e+00 4.8600000e-06 3.1104000e-06
     43    102 1.0000000e+00 4.8600000e-06 3.1104000e-06
     43    103 0.0000000e+00 1.2065000e-04 7.7216000e-05
     43    104 0.0000000e+00 8.2114000e-04 5.2553000e-04
     43    105 0.0000000e+00 3.7772400e-03 2.4174300e-03
     43    106 0.0000000e+00 1.0268700e-02 3.2860000e-03
     43    107 0.0000000e+00 2.2017700e-02 7.0456600e-03
     43    108 0.0000000e+00 2.3880900e-02 7.6419000e-03
     43    109 0.0000000e+00 1.8536700e-02 5.9317300e-03
     43    110 0.0000000e+00 6.7191900e-03 4.3002800e-03
     43    111 0.0000000e+00 1.3247100e-03 8.4781500e-04
     43    112 0.0000000e+00 1.4001000e-04 8.9606400e-05
     43    113 0.0000000e+00 2.5856200e-05 1.6548000e-05
     43    114 0.0000000e+00 2.7700000e-06 1.7728000e-06
     43    115 0.0000000e+00 4.1416400e-08 2.6506500e-08
     43    116 0.0000000e+00 8.6900000e-07 5.5616000e-07
     43    117 0.0000000e+00 7.0733700e-09 4.5269600e-09
     43    118 0.0000000e+00 5.4827000e-10 3.5089300e-10
     43    119 0.0000000e+00 1.3140000e-12 8.4095700e-13
     43    120 0.0000000e+00 2.2320700e-14 1.4285300e-14
     44     95 0.0000000e+00 0.0000000e+00 0.0000000e+00
     44     96 0.0000000e+00 0.0000000e+00 0.0000000e+00
     44     97 0.0000000e+00 0.0000000e+00 0.0000000e+00
     44     98 0.0000000e+00 0.0000000e+00 0.0000000e+00
     44     99 0.0000000e+00 0.0000000e+00 0.0000000e+00
     44    100 0.0000000e+00 4.6200000e-13 2.9568000e-13
     44    101 0.0000000e+00 4.5300000e-11 2.8992000e-11
     44    102 0.0000000e+00 2.8900000e-09 1.8496000e-09
     44    103 0.0000000e+00 1.0300000e-07 6.5920000e-08
     44    104 0.0000000e+00 2.7000000e-06 1.7280000e-06
     44    105 0.0000000e+00 3.4070000e-05 2.1804800e-05
     44    106 0.0000000e+00 3.3626000e-04 2.1520600e-04
     44    107 0.0000000e+00 1.8773700e-03 1.2015200e-03
     44    108 0.0000000e+00 6.6977200e-03 4.2865400e-03
     44    109 1.0000000e+00 6.4619200e-03 4.1356300e-03
     44    109 0.0000000e+00 6.4619200e-03 4.1356300e-03
     44    110 0.0000000e+00 1.9183100e-02 6.1386000e-03
     44    111 0.0000000e+00 9.3949300e-03 6.0127600e-03
     44    112 0.0000000e+00 3.4962800e-03 2.2376200e-03
     44    113 0.0000000e+00 1.9490300e-03 1.2473800e-03
     44    114 0.0000000e+00 8.8386000e-04 5.6567000e-04
     44    115 0.0000000e+00 4.2548900e-04 2.7231300e-04
     44    116 0.0000000e+00 1.1063000e-04 7.0803200e-05
     44    117 0.0000000e+00 9.8229300e-06 6.2866700e-06
     44    118 0.0000000e+00 8.9645200e-07 5.7372900e-07
     44    119 0.0000000e+00 4.3098700e-08 2.7583200e-08
     44    120 0.0000000e+00 8.6197800e-10 5.5166600e-10
     44    121 0.0000000e+00 1.3890300e-12 8.8897700e-13
     44    122 0.0000000e+00 4.4700000e-14 2.8608000e-14
     44    123 0.0000000e+00 7.1500700e-16 4.5760400e-16
     44    124 0.0000000e+00 0.0000000e+00 0.0000000e+00
     45     99 0.0000000e+00 0.0000000e+00 0.0000000e+00
     45    101 0.0000000e+00 0.0000000e+00 0.0000000e+00
     45    101 1.0000000e+00 0.0000000e+00 0.0000000e+00
     45    102 0.0000000e+00 0.0000000e+00 0.0000000e+00
     45    102 1.0000000e+00 0.0000000e+00 0.0000000e+00
     45    103 0.0000000e+00 3.1300000e-13 2.0032000e-13
     45    103 1.0000000e+00 2.1000000e-12 1.3440000e-12
     45    104 0.0000000e+00 4.7700000e-11 3.0528000e-11
     45    104 1.0000000e+00 1.4300000e-10 9.1520000e-11
     45    105 0.0000000e+00 8.0500000e-09 5.1520000e-09
     45    105 1.0000000e+00 1.2000000e-09 7.6800000e-10
     45    106 0.0000000e+00 1.3400000e-07 8.5760000e-08
     45    106 1.0000000e+00 1.3400000e-07 8.5760000e-08
     45    107 0.0000000e+00 5.7200000e-06 3.6608000e-06
     45    108 0.0000000e+00 2.8460000e-05 1.8214400e-05
     45    108 1.0000000e+00 2.8460000e-05 1.8214400e-05
     45    109 0.0000000e+00 2.0701000e-04 1.3248600e-04
     45    109 1.0000000e+00 2.0701000e-04 1.3248600e-04
     45    110 0.0000000e+00 7.8710000e-05 5.0374400e-05
     45    110 1.0000000e+00 7.8710000e-05 5.0374400e-05
     45    111 0.0000000e+00 3.3897000e-04 2.1694100e-04
     45    112 0.0000000e+00 3.4276000e-04 2.1936600e-04
     45    113 0.0000000e+00 6.1476000e-04 3.9344600e-04
     45    114 0.0000000e+00 6.0207000e-04 3.8532500e-04
     45    115 0.0000000e+00 7.5764000e-04 4.8489000e-04
     45    116 0.0000000e+00 4.2294000e-04 2.7068200e-04
     45    117 0.0000000e+00 1.6389000e-04 1.0489000e-04
     45    118 0.0000000e+00 5.0010000e-05 3.2006400e-05
     45    119 0.0000000e+00 1.1020000e-05 7.0528000e-06
     45    120 0.0000000e+00 7.9000000e-07 5.0560000e-07
     45    121 0.0000000e+00 3.0498600e-08 1.9519100e-08
     45    122 0.0000000e+00 7.5300000e-10 4.8192000e-10
     45    123 0.0000000e+00 1.5699300e-11 1.0047500e-11
     45    124 0.0000000e+00 1.4300000e-13 9.1520000e-14
     46     99 0.0000000e+00 0.0000000e+00 0.0000000e+00
     46    101 0.0000000e+00 0.0000000e+00 0.0000000e+00
     46    102 0.0000000e+00 0.0000000e+00 0.0000000e+00
     46    103 0.0000000e+00 0.0000000e+00 0.0000000e+00
     46    104 0.0000000e+00 0.0000000e+00 0.0000000e+00
     46    105 0.0000000e+00 1.5800000e-13 1.0112000e-13
     46    106 0.0000000e+00 1.8400000e-11 1.1776000e-11
     46    107 0.0000000e+00 4.1300000e-10 2.6432000e-10
     46    107 1.0000000e+00 7.6800000e-10 4.9152000e-10
     46    108 0.0000000e+00 4.6300000e-08 2.9632000e-08
     46    109 0.0000000e+00 3.6500000e-07 2.3360000e-07
     46    109 1.0000000e+00 6.7800000e-07 4.3392000e-07
     46    110 0.0000000e+00 1.8600000e-09 1.1904000e-09
     46    111 0.0000000e+00 6.6000000e-09 4.2240000e-09
     46    111 1.0000000e+00 1.2200000e-08 7.8080000e-09
     46    112 0.0000000e+00 1.0700000e-07 6.8480000e-08
     46    113 0.0000000e+00 7.6600000e-07 4.9024000e-07
     46    114 0.0000000e+00 3.4900000e-06 2.2336000e-06
     46    115 0.0000000e+00 1.2420000e-05 7.9488000e-06
     46    116 0.0000000e+00 2.5738000e-04 1.6472300e-04
     46    117 0.0000000e+00 2.9759000e-04 1.9045800e-04
     46    118 0.0000000e+00 3.4918000e-04 2.2347500e-04
     46    119 0.0000000e+00 2.3039000e-04 1.4745000e-04
     46    120 0.0000000e+00 7.0690000e-05 4.5241600e-05
     46    121 0.0000000e+00 9.3300000e-06 5.9712000e-06
     46    122 0.0000000e+00 1.0900000e-06 6.9760000e-07
     46    123 0.0000000e+00 8.3400000e-08 5.3376000e-08
     46    124 0.0000000e+00 3.7900000e-09 2.4256000e-09
     46    125 0.0000000e+00 0.0000000e+00 0.0000000e+00
     46    126 0.0000000e+00 0.0000000e+00 0.0000000e+00
     46    127 0.0000000e+00 0.0000000e+00 0.0000000e+00
     46    128 0.0000000e+00 0.0000000e+00 0.0000000e+00
     46    129 0.0000000e+00 0.0000000e+00 0.0000000e+00
     46    130 0.0000000e+00 0.0000000e+00 0.0000000e+00
     47    103 0.0000000e+00 0.0000000e+00 0.0000000e+00
     47    105 0.0000000e+00 0.0000000e+00 0.0000000e+00
     47    105 1.0000000e+00 0.0000000e+00 0.0000000e+00
     47    106 0.0000000e+00 0.0000000e+00 0.0000000e+00
     47    106 1.0000000e+00 0.0000000e+00 0.0000000e+00
     47    107 0.0000000e+00 0.0000000e+00 0.0000000e+00
     47    107 1.0000000e+00 0.0000000e+00 0.0000000e+00
     47    108 1.0000000e+00 3.8850000e-13 2.4864000e-13
     47    108 0.0000000e+00 3.8850000e-13 2.4864000e-13
     47    109 1.0000000e+00 3.7450000e-11 2.3968000e-11
     47    109 0.0000000e+00 3.7450000e-11 2.3968000e-11
     47    110 0.0000000e+00 0.0000000e+00 0.0000000e+00
     47    110 1.0000000e+00 0.0000000e+00 0.0000000e+00
     47    111 0.0000000e+00 0.0000000e+00 0.0000000e+00
     47    111 1.0000000e+00 0.0000000e+00 0.0000000e+00
     47    112 0.0000000e+00 0.0000000e+00 0.0000000e+00
     47    113 0.0000000e+00 4.0200000e-14 2.5728000e-14
     47    113 1.0000000e+00 2.6900000e-13 1.7216000e-13
     47    114 0.0000000e+00 5.8700000e-12 3.7568000e-12
     47    115 0.0000000e+00 4.8800000e-11 3.1232000e-11
     47    115 1.0000000e+00 4.8800000e-11 3.1232000e-11
     47    116 0.0000000e+00 2.6100000e-06 1.6704000e-06
     47    116 1.0000000e+00 2.6100000e-06 1.6704000e-06
     47    117 0.0000000e+00 1.3590000e-05 8.6976000e-06
     47    117 1.0000000e+00 1.3590000e-05 8.6976000e-06
     47    118 0.0000000e+00 4.7300000e-05 3.0272000e-05
     47    118 1.0000000e+00 4.7300000e-05 3.0272000e-05
     47    119 0.0000000e+00 2.3009000e-04 1.4725800e-04
     47    120 1.0000000e+00 9.8755000e-05 6.3203200e-05
     47    120 0.0000000e+00 9.8755000e-05 6.3203200e-05
     47    121 0.0000000e+00 1.0256000e-04 6.5638400e-05
     47    122 1.0000000e+00 1.9080000e-05 1.2211200e-05
     47    122 0.0000000e+00 1.9080000e-05 1.2211200e-05
     47    123 0.0000000e+00 1.3120000e-05 8.3968000e-06
     47    124 0.0000000e+00 2.1100000e-06 1.3504000e-06
     47    125 0.0000000e+00 6.5300000e-11 4.1792000e-11
     47    126 0.0000000e+00 9.8000000e-12 6.2720000e-12
     47    127 0.0000000e+00 8.0100000e-13 5.1264000e-13
     47    128 0.0000000e+00 4.7500000e-14 3.0400000e-14
     47    129 0.0000000e+00 2.6798900e-15 1.7151300e-15
     47    130 0.0000000e+00 0.0000000e+00 0.0000000e+00
     47    131 0.0000000e+00 1.1341200e-10 7.2583800e-11
     47    132 0.0000000e+00 5.8261700e-12 3.7287500e-12
     47    133 0.0000000e+00 5.4447700e-13 3.4846500e-13
     48    105 0.0000000e+00 0.0000000e+00 0.0000000e+00
     48    106 0.0000000e+00 0.0000000e+00 0.0000000e+00
     48    107 0.0000000e+00 0.0000000e+00 0.0000000e+00
     48    108 0.0000000e+00 0.0000000e+00 0.0000000e+00
     48    109 0.0000000e+00 0.0000000e+00 0.0000000e+00
     48    110 0.0000000e+00 0.0000000e+00 0.0000000e+00
     48    111 0.0000000e+00 0.0000000e+00 0.0000000e+00
     48    111 1.0000000e+00 0.0000000e+00 0.0000000e+00
     48    112 0.0000000e+00 0.0000000e+00 0.0000000e+00
     48    113 0.0000000e+00 0.0000000e+00 0.0000000e+00
     48    113 1.0000000e+00 0.0000000e+00 0.0000000e+00
     48    114 0.0000000e+00 0.0000000e+00 0.0000000e+00
     48    115 0.0000000e+00 0.0000000e+00 0.0000000e+00
     48    115 1.0000000e+00 0.0000000e+00 0.0000000e+00
     48    116 0.0000000e+00 1.0800000e-08 6.9120000e-09
     48    117 0.0000000e+00 5.0000000e-08 3.2000000e-08
     48    117 1.0000000e+00 1.6700000e-07 1.0688000e-07
     48    118 0.0000000e+00 3.4800000e-06 2.2272000e-06
     48    119 0.0000000e+00 1.3250000e-05 8.4800000e-06
     48    119 1.0000000e+00 1.3250000e-05 8.4800000e-06
     48    120 0.0000000e+00 8.8410000e-05 5.6582400e-05
     48    121 1.0000000e+00 6.3835000e-05 4.0854400e-05
     48    121 0.0000000e+00 6.3835000e-05 4.0854400e-05
     48    122 0.0000000e+00 1.7589000e-04 1.1257000e-04
     48    123 0.0000000e+00 1.7676000e-04 1.1312600e-04
     48    124 0.0000000e+00 1.1882000e-04 7.6044800e-05
     48    125 0.0000000e+00 6.9300000e-06 4.4352000e-06
     48    126 0.0000000e+00 4.1500000e-06 2.6560000e-06
     48    127 0.0000000e+00 1.2000000e-06 7.6800000e-07
     48    128 0.0000000e+00 3.4100000e-07 2.1824000e-07
     48    129 0.0000000e+00 6.5600000e-08 4.1984000e-08
     48    130 0.0000000e+00 8.4100000e-09 5.3824000e-09
     48    131 0.0000000e+00 3.7198900e-06 2.3807300e-06
     48    132 0.0000000e+00 2.2499400e-07 1.4399600e-07
     48    133 0.0000000e+00 1.7858700e-08 1.1429600e-08
     48    134 0.0000000e+00 5.9900000e-11 3.8336000e-11
     48    135 0.0000000e+00 1.7198700e-12 1.1007200e-12
     48    136 0.0000000e+00 0.0000000e+00 0.0000000e+00
     49    107 0.0000000e+00 0.0000000e+00 0.0000000e+00
     49    109 0.0000000e+00 0.0000000e+00 0.0000000e+00
     49    111 0.0000000e+00 0.0000000e+00 0.0000000e+00
     49    112 0.0000000e+00 0.0000000e+00 0.0000000e+00
     49    112 1.0000000e+00 0.0000000e+00 0.0000000e+00
     49    113 0.0000000e+00 0.0000000e+00 0.0000000e+00
     49    113 1.0000000e+00 0.0000000e+00 0.0000000e+00
     49    114 0.0000000e+00 0.0000000e+00 0.0000000e+00
     49    114 1.0000000e+00 0.0000000e+00 0.0000000e+00
     49    115 0.0000000e+00 0.0000000e+00 0.0000000e+00
     49    115 1.0000000e+00 0.0000000e+00 0.0000000e+00
     49    116 2.0000000e+00 1.5800000e-13 1.0112000e-13
     49    116 0.0000000e+00 1.5800000e-13 1.0112000e-13
     49    116 1.0000000e+00 1.5800000e-13 1.0112000e-13
     49    117 0.0000000e+00 4.2100000e-11 2.6944000e-11
     49    117 1.0000000e+00 9.8800000e-12 6.3232000e-12
     49    118 2.0000000e+00 3.9200000e-10 2.5088000e-10
     49    118 0.0000000e+00 2.3500000e-09 1.5040000e-09
     49    118 1.0000000e+00 3.9200000e-10 2.5088000e-10
     49    119 0.0000000e+00 9.1300000e-08 5.8432000e-08
     49    119 1.0000000e+00 2.1400000e-08 1.3696000e-08
     49    120 2.0000000e+00 4.2400000e-07 2.7136000e-07
     49    120 0.0000000e+00 4.2400000e-07 2.7136000e-07
     49    120 1.0000000e+00 4.2400000e-07 2.7136000e-07
     49    121 0.0000000e+00 6.2800000e-06 4.0192000e-06
     49    121 1.0000000e+00 1.4700000e-06 9.4080000e-07
     49    122 2.0000000e+00 1.0520000e-05 6.7328000e-06
     49    122 0.0000000e+00 1.0520000e-05 6.7328000e-06
     49    122 1.0000000e+00 1.0520000e-05 6.7328000e-06
     49    123 0.0000000e+00 9.5620000e-05 6.1196800e-05
     49    123 1.0000000e+00 2.2430000e-05 1.4355200e-05
     49    124 1.0000000e+00 1.0994000e-04 7.0361600e-05
     49    124 0.0000000e+00 1.0994000e-04 7.0361600e-05
     49    125 0.0000000e+00 1.8249000e-04 1.1679400e-04
     49    125 1.0000000e+00 1.8249000e-04 1.1679400e-04
     49    126 1.0000000e+00 2.6738000e-04 1.7112300e-04
     49    126 0.0000000e+00 2.6738000e-04 1.7112300e-04
     49    127 0.0000000e+00 3.0803000e-04 1.9713900e-04
     49    127 1.0000000e+00 3.0803000e-04 1.9713900e-04
     49    128 1.0000000e+00 2.7561500e-04 1.7639400e-04
     49    128 0.0000000e+00 2.7561500e-04 1.7639400e-04
     49    129 0.0000000e+00 2.5036000e-04 1.6023000e-04
     49    129 1.0000000e+00 2.5036000e-04 1.6023000e-04
     49    130 2.0000000e+00 8.4703300e-05 5.4210100e-05
     49    130 1.0000000e+00 8.4703300e-05 5.4210100e-05
     49    130 0.0000000e+00 8.4703300e-05 5.4210100e-05
     49    131 1.0000000e+00 3.8449500e-04 2.4607700e-04
     49    131 0.0000000e+00 3.8449500e-04 2.4607700e-04
     49    132 0.0000000e+00 1.5116000e-04 9.6742400e-05
     49    133 0.0000000e+00 1.6602100e-05 1.0625400e-05
     49    134 0.0000000e+00 6.6700000e-07 4.2688000e-07
     49    135 0.0000000e+00 3.7763000e-08 2.4168300e-08
     49    136 0.0000000e+00 1.6400000e-10 1.0496000e-10
     49    137 0.0000000e+00 2.1036100e-12 1.3463100e-12
     50    111 0.0000000e+00 0.0000000e+00 0.0000000e+00
     50    112 0.0000000e+00 0.0000000e+00 0.0000000e+00
     50    113 1.0000000e+00 0.0000000e+00 0.0000000e+00
     50    113 0.0000000e+00 0.0000000e+00 0.0000000e+00
     50    114 0.0000000e+00 0.0000000e+00 0.0000000e+00
     50    115 0.0000000e+00 0.0000000e+00 0.0000000e+00
     50    116 0.0000000e+00 0.0000000e+00 0.0000000e+00
     50    117 1.0000000e+00 0.0000000e+00 0.0000000e+00
     50    117 0.0000000e+00 0.0000000e+00 0.0000000e+00
     50    118 0.0000000e+00 2.4500000e-13 1.5680000e-13
     50    119 0.0000000e+00 7.5800000e-12 4.8512000e-12
     50    119 1.0000000e+00 2.5400000e-11 1.6256000e-11
     50    120 0.0000000e+00 1.8200000e-09 1.1648000e-09
     50    121 0.0000000e+00 1.1400000e-08 7.2960000e-09
     50    121 1.0000000e+00 2.8000000e-08 1.7920000e-08
     50    122 0.0000000e+00 7.3000000e-07 4.6720000e-07
     50    123 0.0000000e+00 6.2200000e-06 3.9808000e-06
     50    123 1.0000000e+00 2.5400000e-06 1.6256000e-06
     50    124 0.0000000e+00 6.4990000e-05 4.1593600e-05
     50    125 0.0000000e+00 1.3054000e-04 8.3545600e-05
     50    125 1.0000000e+00 5.3320000e-05 3.4124800e-05
     50    126 0.0000000e+00 6.4545000e-04 4.1308800e-04
     50    127 0.0000000e+00 1.0339300e-03 6.6171500e-04
     50    127 1.0000000e+00 4.2231000e-04 2.7027800e-04
     50    128 1.0000000e+00 1.7582700e-03 1.1252900e-03
     50    128 0.0000000e+00 1.7582700e-03 1.1252900e-03
     50    129 0.0000000e+00 5.2302000e-03 3.3473300e-03
     50    129 1.0000000e+00 2.1349600e-03 1.3663700e-03
     50    130 1.0000000e+00 6.7600200e-03 4.3264100e-03
     50    130 0.0000000e+00 6.7600200e-03 4.3264100e-03
     50    131 1.0000000e+00 6.6228500e-03 4.2386200e-03
     50    131 0.0000000e+00 6.6228500e-03 4.2386200e-03
     50    132 0.0000000e+00 1.0110200e-02 3.2352500e-03
     50    133 0.0000000e+00 3.5349300e-03 2.2623600e-03
     50    134 0.0000000e+00 6.4604000e-04 4.1346600e-04
     50    135 0.0000000e+00 5.2442200e-05 3.3563000e-05
     50    136 0.0000000e+00 2.5200000e-06 1.6128000e-06
     50    137 0.0000000e+00 6.8997900e-08 4.4158700e-08
     50    138 0.0000000e+00 1.2800000e-09 8.1920000e-10
     50    139 0.0000000e+00 1.2751700e-11 8.1611000e-12
     50    140 0.0000000e+00 1.1258400e-12 7.2053800e-13
     51    113 0.0000000e+00 0.0000000e+00 0.0000000e+00
     51    115 0.0000000e+00 0.0000000e+00 0.0000000e+00
     51    117 0.0000000e+00 0.0000000e+00 0.0000000e+00
     51    118 0.0000000e+00 0.0000000e+00 0.0000000e+00
     51    118 1.0000000e+00 0.0000000e+00 0.0000000e+00
     51    119 0.0000000e+00 0.0000000e+00 0.0000000e+00
     51    120 0.0000000e+00 2.2200000e-14 1.4208000e-14
     51    120 1.0000000e+00 3.2000000e-14 2.0480000e-14
     51    121 0.0000000e+00 5.8800000e-12 3.7632000e-12
     51    122 0.0000000e+00 1.8800000e-10 1.2032000e-10
     51    122 1.0000000e+00 2.1200000e-10 1.3568000e-10
     51    123 0.0000000e+00 2.2900000e-08 1.4656000e-08
     51    124 2.0000000e+00 1.9533300e-07 1.2501300e-07
     51    124 0.0000000e+00 1.9533300e-07 1.2501300e-07
     51    124 1.0000000e+00 1.9533300e-07 1.2501300e-07
     51    125 0.0000000e+00 1.6100000e-07 1.0304000e-07
     51    126 2.0000000e+00 4.7350000e-07 3.0304000e-07
     51    126 0.0000000e+00 5.5600000e-07 3.5584000e-07
     51    126 1.0000000e+00 4.7350000e-07 3.0304000e-07
     51    127 0.0000000e+00 1.2930000e-05 8.2752000e-06
     51    128 0.0000000e+00 3.0430000e-05 1.9475200e-05
     51    128 1.0000000e+00 5.1810000e-05 3.3158400e-05
     51    129 0.0000000e+00 5.7753000e-04 3.6961900e-04
     51    130 0.0000000e+00 9.3618000e-04 5.9915500e-04
     51    130 1.0000000e+00 1.5940000e-03 1.0201600e-03
     51    131 0.0000000e+00 1.1094600e-02 3.5502700e-03
     51    132 0.0000000e+00 1.2655500e-02 4.0497500e-03
     51    132 1.0000000e+00 9.1643000e-03 5.8651500e-03
     51    133 0.0000000e+00 2.8004300e-02 8.9613600e-03
     51    134 1.0000000e+00 7.7632700e-03 4.9684900e-03
     51    134 0.0000000e+00 7.7632700e-03 4.9684900e-03
     51    135 0.0000000e+00 5.2654600e-03 3.3698900e-03
     51    136 0.0000000e+00 8.3149000e-04 5.3215400e-04
     51    137 0.0000000e+00 9.6670000e-05 6.1868800e-05
     51    138 0.0000000e+00 5.6800000e-06 3.6352000e-06
     51    139 0.0000000e+00 2.7998700e-07 1.7919200e-07
     51    140 0.0000000e+00 2.0995600e-08 1.3437200e-08
     51    141 0.0000000e+00 2.2857900e-11 1.4629000e-11
     51    142 0.0000000e+00 2.0301000e-12 1.2992600e-12
     51    143 0.0000000e+00 9.3081900e-13 5.9572400e-13
     52    115 0.0000000e+00 0.0000000e+00 0.0000000e+00
     52    117 0.0000000e+00 0.0000000e+00 0.0000000e+00
     52    118 0.0000000e+00 0.0000000e+00 0.0000000e+00
     52    119 0.0000000e+00 0.0000000e+00 0.0000000e+00
     52    120 0.0000000e+00 0.0000000e+00 0.0000000e+00
     52    121 1.0000000e+00 0.0000000e+00 0.0000000e+00
     52    121 0.0000000e+00 0.0000000e+00 0.0000000e+00
     52    122 0.0000000e+00 1.8800000e-14 1.2032000e-14
     52    123 0.0000000e+00 9.3000000e-13 5.9520000e-13
     52    123 1.0000000e+00 3.1100000e-12 1.9904000e-12
     52    124 0.0000000e+00 5.0800000e-10 3.2512000e-10
     52    125 0.0000000e+00 2.4700000e-14 1.5808000e-14
     52    125 1.0000000e+00 8.2800000e-14 5.2992000e-14
     52    126 0.0000000e+00 4.0600000e-12 2.5984000e-12
     52    127 0.0000000e+00 3.5600000e-11 2.2784000e-11
     52    127 1.0000000e+00 8.7200000e-11 5.5808000e-11
     52    128 0.0000000e+00 3.6000000e-09 2.3040000e-09
     52    129 0.0000000e+00 2.6800000e-08 1.7152000e-08
     52    129 1.0000000e+00 6.5600000e-08 4.1984000e-08
     52    130 0.0000000e+00 2.0400000e-06 1.3056000e-06
     52    131 0.0000000e+00 3.0621000e-04 1.9597400e-04
     52    131 1.0000000e+00 7.4968000e-04 4.7979500e-04
     52    132 0.0000000e+00 7.5412900e-03 4.8264300e-03
     52    133 0.0000000e+00 7.4815900e-03 4.7882200e-03
     52    133 1.0000000e+00 1.8316600e-02 5.8613300e-03
     52    134 0.0000000e+00 5.1026300e-02 1.6328400e-02
     52    135 0.0000000e+00 4.7292100e-02 1.5133500e-02
     52    136 0.0000000e+00 2.8830300e-02 9.2256900e-03
     52    137 0.0000000e+00 9.7613000e-03 6.2472300e-03
     52    138 0.0000000e+00 2.2613200e-03 1.4472500e-03
     52    139 0.0000000e+00 3.2057000e-04 2.0516500e-04
     52    140 0.0000000e+00 3.4329000e-05 2.1970600e-05
     52    141 0.0000000e+00 7.4973200e-07 4.7982900e-07
     52    142 0.0000000e+00 7.8398000e-08 5.0174700e-08
     52    143 0.0000000e+00 3.0530600e-08 1.9539600e-08
     52    144 0.0000000e+00 1.0288200e-11 6.5844800e-12
     52    145 0.0000000e+00 8.4158500e-13 5.3861400e-13
     53    121 0.0000000e+00 0.0000000e+00 0.0000000e+00
     53    123 0.0000000e+00 0.0000000e+00 0.0000000e+00
     53    125 0.0000000e+00 0.0000000e+00 0.0000000e+00
     53    126 0.0000000e+00 0.0000000e+00 0.0000000e+00
     53    127 0.0000000e+00 0.0000000e+00 0.0000000e+00
     53    128 0.0000000e+00 0.0000000e+00 0.0000000e+00
     53    129 0.0000000e+00 0.0000000e+00 0.0000000e+00
     53    130 0.0000000e+00 2.6600000e-13 1.7024000e-13
     53    130 1.0000000e+00 1.1400000e-13 7.2960000e-14
     53    131 0.0000000e+00 3.6300000e-06 2.3232000e-06
     53    132 1.0000000e+00 4.0530000e-05 2.5939200e-05
     53    132 0.0000000e+00 4.0530000e-05 2.5939200e-05
     53    133 1.0000000e+00 5.6242000e-04 3.5994900e-04
     53    133 0.0000000e+00 5.6242000e-04 3.5994900e-04
     53    134 0.0000000e+00 3.8016100e-03 2.4330300e-03
     53    134 1.0000000e+00 2.7535000e-03 1.7622400e-03
     53    135 0.0000000e+00 2.1648200e-02 6.9274100e-03
     53    136 0.0000000e+00 1.7322500e-02 5.5432000e-03
     53    136 1.0000000e+00 1.7193400e-02 5.5018800e-03
     53    137 0.0000000e+00 3.9749400e-02 1.2719800e-02
     53    138 0.0000000e+00 2.4056200e-02 7.6980000e-03
     53    139 0.0000000e+00 1.1846200e-02 3.7907900e-03
     53    140 0.0000000e+00 3.3663100e-03 2.1544400e-03
     53    141 0.0000000e+00 6.9698000e-04 4.4606700e-04
     53    142 0.0000000e+00 8.1470000e-05 5.2140800e-05
     53    143 0.0000000e+00 2.8382500e-05 1.8164800e-05
     53    144 0.0000000e+00 1.9186400e-07 1.2279300e-07
     53    145 0.0000000e+00 1.8478500e-08 1.1826300e-08
     53    146 0.0000000e+00 3.4957000e-11 2.2372500e-11
     53    147 0.0000000e+00 1.9143200e-12 1.2251700e-12
     53    148 0.0000000e+00 2.0456300e-14 1.3092100e-14
     54    124 0.0000000e+00 0.0000000e+00 0.0000000e+00
     54    125 1.0000000e+00 0.0000000e+00 0.0000000e+00
     54    125 0.0000000e+00 0.0000000e+00 0.0000000e+00
     54    126 0.0000000e+00 0.0000000e+00 0.0000000e+00
     54    127 1.0000000e+00 0.0000000e+00 0.0000000e+00
     54    127 0.0000000e+00 0.0000000e+00 0.0000000e+00
     54    128 0.0000000e+00 0.0000000e+00 0.0000000e+00
     54    129 1.0000000e+00 0.0000000e+00 0.0000000e+00
     54    129 0.0000000e+00 0.0000000e+00 0.0000000e+00
     54    130 0.0000000e+00 0.0000000e+00 0.0000000e+00
     54    131 0.0000000e+00 2.4700000e-10 1.5808000e-10
     54    131 1.0000000e+00 6.0500000e-10 3.8720000e-10
     54    132 0.0000000e+00 8.4700000e-08 5.4208000e-08
     54    133 0.0000000e+00 1.1500000e-06 7.3600000e-07
     54    133 1.0000000e+00 2.8200000e-06 1.8048000e-06
     54    134 0.0000000e+00 3.1030000e-05 1.9859200e-05
     54    134 1.0000000e+00 7.2400000e-05 4.6336000e-05
     54    135 0.0000000e+00 3.0681000e-04 1.9635800e-04
     54    135 1.0000000e+00 7.5116000e-04 4.8074200e-04
     54    136 0.0000000e+00 6.5334600e-03 4.1814200e-03
     54    137 0.0000000e+00 1.9355800e-02 6.1938500e-03
     54    138 0.0000000e+00 3.7930000e-02 1.2137600e-02
     54    139 0.0000000e+00 4.3731100e-02 1.3994000e-02
     54    140 0.0000000e+00 3.8829400e-02 1.2425400e-02
     54    141 0.0000000e+00 2.0389800e-02 6.5247500e-03
     54    142 0.0000000e+00 8.1928900e-03 5.2434500e-03
     54    143 1.0000000e+00 9.5789900e-04 6.1305500e-04
     54    143 0.0000000e+00 9.5789900e-04 6.1305500e-04
     54    144 0.0000000e+00 3.1370800e-04 2.0077300e-04
     54    145 0.0000000e+00 2.5661500e-05 1.6423400e-05
     54    146 0.0000000e+00 1.3499700e-06 8.6397800e-07
     54    147 0.0000000e+00 6.2789200e-08 4.0185100e-08
     54    148 0.0000000e+00 7.8998000e-10 5.0558700e-10
     54    149 0.0000000e+00 3.5688700e-12 2.2840800e-12
     54    150 0.0000000e+00 5.2800000e-14 3.3792000e-14
     55    127 0.0000000e+00 0.0000000e+00 0.0000000e+00
     55    129 0.0000000e+00 0.0000000e+00 0.0000000e+00
     55    131 0.0000000e+00 0.0000000e+00 0.0000000e+00
     55    132 0.0000000e+00 1.8400000e-12 1.1776000e-12
     55    133 0.0000000e+00 4.0400000e-10 2.5856000e-10
     55    134 1.0000000e+00 1.8900000e-08 1.2096000e-08
     55    134 0.0000000e+00 1.8900000e-08 1.2096000e-08
     55    135 1.0000000e+00 8.7500000e-07 5.6000000e-07
     55    135 0.0000000e+00 8.7500000e-07 5.6000000e-07
     55    136 1.0000000e+00 1.7790000e-05 1.1385600e-05
     55    136 0.0000000e+00 1.7790000e-05 1.1385600e-05
     55    137 0.0000000e+00 4.1808000e-04 2.6757100e-04
     55    138 0.0000000e+00 1.1224800e-03 7.1838700e-04
     55    138 1.0000000e+00 1.1224800e-03 7.1838700e-04
     55    139 0.0000000e+00 8.3894800e-03 5.3692700e-03
     55    140 0.0000000e+00 1.7055600e-02 5.4577800e-03
     55    141 0.0000000e+00 2.7553000e-02 8.8169600e-03
     55    142 0.0000000e+00 2.5388300e-02 8.1242700e-03
     55    143 0.0000000e+00 1.9686900e-02 6.2998200e-03
     55    144 0.0000000e+00 8.2205900e-03 5.2611800e-03
     55    145 0.0000000e+00 2.5005300e-03 1.6003400e-03
     55    146 0.0000000e+00 3.9376000e-04 2.5200600e-04
     55    147 0.0000000e+00 5.8371300e-05 3.7357600e-05
     55    148 0.0000000e+00 2.8000000e-06 1.7920000e-06
     55    149 0.0000000e+00 7.8361100e-08 5.0151100e-08
     55    150 0.0000000e+00 2.4100000e-09 1.5424000e-09
     55    151 0.0000000e+00 5.0378900e-12 3.2242500e-12
     55    152 0.0000000e+00 4.1689500e-13 2.6681300e-13
     55    153 0.0000000e+00 3.6036400e-14 2.3063300e-14
     56    129 0.0000000e+00 0.0000000e+00 0.0000000e+00
     56    131 0.0000000e+00 0.0000000e+00 0.0000000e+00
     56    132 0.0000000e+00 0.0000000e+00 0.0000000e+00
     56    133 0.0000000e+00 0.0000000e+00 0.0000000e+00
     56    134 0.0000000e+00 1.1700000e-12 7.4880000e-13
     56    135 1.0000000e+00 9.5500000e-11 6.1120000e-11
     56    135 0.0000000e+00 9.5500000e-11 6.1120000e-11
     56    136 1.0000000e+00 9.0500000e-09 5.7920000e-09
     56    136 0.0000000e+00 9.0500000e-09 5.7920000e-09
     56    137 0.0000000e+00 1.9800000e-07 1.2672000e-07
     56    137 1.0000000e+00 4.8600000e-07 3.1104000e-07
     56    138 0.0000000e+00 1.4880000e-05 9.5232000e-06
     56    139 0.0000000e+00 1.5402000e-04 9.8572800e-05
     56    140 0.0000000e+00 1.0751800e-03 6.8811500e-04
     56    141 0.0000000e+00 4.3863000e-03 2.8072300e-03
     56    142 0.0000000e+00 1.2580500e-02 4.0257500e-03
     56    143 0.0000000e+00 2.2687900e-02 7.2601300e-03
     56    144 0.0000000e+00 2.9234500e-02 9.3550300e-03
     56    145 0.0000000e+00 2.1887200e-02 7.0038900e-03
     56    146 0.0000000e+00 1.2203300e-02 3.9050700e-03
     56    147 0.0000000e+00 3.9400300e-03 2.5216200e-03
     56    148 0.0000000e+00 9.0156000e-04 5.7699800e-04
     56    149 0.0000000e+00 1.0882200e-04 6.9645900e-05
     56    150 0.0000000e+00 9.2100000e-06 5.8944000e-06
     56    151 0.0000000e+00 1.6524100e-07 1.0575400e-07
     56    152 0.0000000e+00 1.6099600e-08 1.0303700e-08
     56    153 0.0000000e+00 1.1819800e-09 7.5647000e-10
     56    154 0.0000000e+00 2.8000000e-12 1.7920000e-12
     56    155 0.0000000e+00 9.2417000e-14 5.9146900e-14
     57    133 0.0000000e+00 0.0000000e+00 0.0000000e+00
     57    135 0.0000000e+00 0.0000000e+00 0.0000000e+00
     57    137 0.0000000e+00 3.1400000e-11 2.0096000e-11
     57    138 0.0000000e+00 2.1800000e-09 1.3952000e-09
     57    139 0.0000000e+00 8.8800000e-08 5.6832000e-08
     57    140 0.0000000e+00 1.7400000e-06 1.1136000e-06
     57    141 0.0000000e+00 2.6740000e-05 1.7113600e-05
     57    142 0.0000000e+00 2.0341000e-04 1.3018200e-04
     57    143 0.0000000e+00 1.2714600e-03 8.1373500e-04
     57    144 0.0000000e+00 4.0532900e-03 2.5941100e-03
     57    145 0.0000000e+00 9.7697100e-03 6.2526200e-03
     57    146 1.0000000e+00 6.6266900e-03 4.2410800e-03
     57    146 0.0000000e+00 6.6266900e-03 4.2410800e-03
     57    147 0.0000000e+00 1.3933200e-02 4.4586400e-03
     57    148 0.0000000e+00 7.9153300e-03 5.0658100e-03
     57    149 0.0000000e+00 3.3851800e-03 2.1665200e-03
     57    150 0.0000000e+00 8.0145000e-04 5.1292800e-04
     57    151 0.0000000e+00 1.5361500e-04 9.8313500e-05
     57    152 0.0000000e+00 1.5770000e-05 1.0092800e-05
     57    153 0.0000000e+00 1.0988200e-06 7.0324400e-07
     57    154 0.0000000e+00 3.3300000e-08 2.1312000e-08
     57    155 0.0000000e+00 2.0291900e-09 1.2986800e-09
     57    156 0.0000000e+00 4.2725300e-12 2.7344200e-12
     57    157 0.0000000e+00 1.6066700e-13 1.0282700e-13
     57    158 0.0000000e+00 3.0296100e-15 1.9389500e-15
     58    135 0.0000000e+00 0.0000000e+00 0.0000000e+00
     58    137 0.0000000e+00 0.0000000e+00 0.0000000e+00
     58    138 0.0000000e+00 2.6500000e-14 1.6960000e-14
     58    139 0.0000000e+00 9.5000000e-13 6.0800000e-13
     58    139 1.0000000e+00 2.3300000e-12 1.4912000e-12
     58    140 0.0000000e+00 2.5000000e-10 1.6000000e-10
     58    141 0.0000000e+00 1.1400000e-08 7.2960000e-09
     58    142 0.0000000e+00 3.2900000e-07 2.1056000e-07
     58    143 0.0000000e+00 5.9100000e-06 3.7824000e-06
     58    144 0.0000000e+00 6.9890000e-05 4.4729600e-05
     58    145 0.0000000e+00 4.6371000e-04 2.9677400e-04
     58    146 0.0000000e+00 2.2454600e-03 1.4370900e-03
     58    147 0.0000000e+00 5.8396100e-03 3.7373500e-03
     58    148 0.0000000e+00 1.0536100e-02 3.3715700e-03
     58    149 0.0000000e+00 1.0738000e-02 3.4361600e-03
     58    150 0.0000000e+00 8.3172100e-03 5.3230200e-03
     58    151 0.0000000e+00 4.1313400e-03 2.6440600e-03
     58    152 0.0000000e+00 1.4952300e-03 9.5694700e-04
     58    153 0.0000000e+00 2.8761000e-04 1.8407000e-04
     58    154 0.0000000e+00 3.4280000e-05 2.1939200e-05
     58    155 0.0000000e+00 2.8179700e-06 1.8035000e-06
     58    156 0.0000000e+00 1.6499600e-07 1.0559700e-07
     58    157 0.0000000e+00 5.2698400e-09 3.3727000e-09
     58    158 0.0000000e+00 1.1699700e-10 7.4878100e-11
     58    159 0.0000000e+00 6.7857300e-13 4.3428700e-13
     58    160 0.0000000e+00 1.2200000e-14 7.8080000e-15
     59    139 0.0000000e+00 0.0000000e+00 0.0000000e+00
     59    140 0.0000000e+00 0.0000000e+00 0.0000000e+00
     59    141 0.0000000e+00 1.3200000e-13 8.4480000e-14
     59    142 1.0000000e+00 5.6000000e-12 3.5840000e-12
     59    142 0.0000000e+00 5.6000000e-12 3.5840000e-12
     59    143 0.0000000e+00 8.0000000e-10 5.1200000e-10
     59    144 0.0000000e+00 2.8000000e-09 1.7920000e-09
     59    144 1.0000000e+00 2.5200000e-08 1.6128000e-08
     59    145 0.0000000e+00 7.4400000e-07 4.7616000e-07
     59    146 0.0000000e+00 1.0850000e-05 6.9440000e-06
     59    147 0.0000000e+00 1.0565000e-04 6.7616000e-05
     59    148 1.0000000e+00 2.5557000e-04 1.6356500e-04
     59    148 0.0000000e+00 2.5557000e-04 1.6356500e-04
     59    149 0.0000000e+00 1.7583200e-03 1.1253200e-03
     59    150 0.0000000e+00 3.2986300e-03 2.1111200e-03
     59    151 0.0000000e+00 5.1758700e-03 3.3125600e-03
     59    152 0.0000000e+00 4.4006800e-03 2.8164400e-03
     59    153 0.0000000e+00 2.7580400e-03 1.7651500e-03
     59    154 0.0000000e+00 8.7230000e-04 5.5827200e-04
     59    155 0.0000000e+00 2.5158000e-04 1.6101100e-04
     59    156 0.0000000e+00 4.1250000e-05 2.6400000e-05
     59    157 0.0000000e+00 4.9200000e-06 3.1488000e-06
     59    158 0.0000000e+00 3.1300000e-07 2.0032000e-07
     59    159 0.0000000e+00 1.4899300e-08 9.5355700e-09
     59    160 0.0000000e+00 3.5500000e-10 2.2720000e-10
     59    161 0.0000000e+00 1.1493700e-12 7.3559400e-13
     59    162 0.0000000e+00 2.1492100e-14 1.3754900e-14
     59    163 0.0000000e+00 3.5670000e-16 2.2828800e-16
     60    140 0.0000000e+00 0.0000000e+00 0.0000000e+00
     60    141 0.0000000e+00 0.0000000e+00 0.0000000e+00
     60    142 0.0000000e+00 0.0000000e+00 0.0000000e+00
     60    143 0.0000000e+00 0.0000000e+00 0.0000000e+00
     60    144 0.0000000e+00 9.5400000e-13 6.1056000e-13
     60    145 0.0000000e+00 7.8800000e-11 5.0432000e-11
     60    146 0.0000000e+00 4.8600000e-09 3.1104000e-09
     60    147 0.0000000e+00 1.4400000e-07 9.2160000e-08
     60    148 0.0000000e+00 2.7400000e-06 1.7536000e-06
     60    149 0.0000000e+00 2.7060000e-05 1.7318400e-05
     60    150 0.0000000e+00 1.8576000e-04 1.1888600e-04
     60    151 0.0000000e+00 7.6018000e-04 4.8651500e-04
     60    152 0.0000000e+00 2.0737100e-03 1.3271700e-03
     60    153 0.0000000e+00 3.0277600e-03 1.9377700e-03
     60    154 0.0000000e+00 3.0329900e-03 1.9411100e-03
     60    155 0.0000000e+00 2.0348200e-03 1.3022900e-03
     60    156 0.0000000e+00 1.1115400e-03 7.1138600e-04
     60    157 0.0000000e+00 3.3974000e-04 2.1743400e-04
     60    158 0.0000000e+00 7.6860000e-05 4.9190400e-05
     60    159 0.0000000e+00 9.7800000e-06 6.2592000e-06
     60    160 0.0000000e+00 8.7400000e-07 5.5936000e-07
     60    161 0.0000000e+00 3.7698900e-08 2.4127300e-08
     60    162 0.0000000e+00 8.2997900e-10 5.3118600e-10
     60    163 0.0000000e+00 1.1699600e-11 7.4877700e-12
     60    164 0.0000000e+00 1.1000000e-13 7.0400000e-14
     60    165 0.0000000e+00 2.9738800e-16 1.9032800e-16
     60    166 0.0000000e+00 1.6453300e-17 1.0530100e-17
     61    141 0.0000000e+00 0.0000000e+00 0.0000000e+00
     61    143 0.0000000e+00 0.0000000e+00 0.0000000e+00
     61    144 0.0000000e+00 0.0000000e+00 0.0000000e+00
     61    145 0.0000000e+00 0.0000000e+00 0.0000000e+00
     61    146 0.0000000e+00 4.4300000e-14 2.8352000e-14
     61    147 0.0000000e+00 5.4400000e-12 3.4816000e-12
     61    148 0.0000000e+00 9.6500000e-11 6.1760000e-11
     61    148 1.0000000e+00 2.2500000e-10 1.4400000e-10
     61    149 0.0000000e+00 1.2900000e-08 8.2560000e-09
     61    150 0.0000000e+00 2.6600000e-07 1.7024000e-07
     61    151 0.0000000e+00 4.2400000e-06 2.7136000e-06
     61    152 2.0000000e+00 1.0533300e-05 6.7413300e-06
     61    152 0.0000000e+00 1.0533300e-05 6.7413300e-06
     61    152 1.0000000e+00 1.0533300e-05 6.7413300e-06
     61    153 0.0000000e+00 1.6028000e-04 1.0257900e-04
     61    154 0.0000000e+00 2.0425000e-04 1.3072000e-04
     61    154 1.0000000e+00 2.0425000e-04 1.3072000e-04
     61    155 0.0000000e+00 8.4127000e-04 5.3841300e-04
     61    156 0.0000000e+00 1.0642200e-03 6.8110100e-04
     61    157 0.0000000e+00 9.8727000e-04 6.3185300e-04
     61    158 0.0000000e+00 5.2829000e-04 3.3810600e-04
     61    159 0.0000000e+00 2.1604000e-04 1.3826600e-04
     61    160 0.0000000e+00 5.0200000e-05 3.2128000e-05
     61    161 0.0000000e+00 7.5600000e-06 4.8384000e-06
     61    162 0.0000000e+00 4.6300000e-07 2.9632000e-07
     61    163 0.0000000e+00 2.4700000e-08 1.5808000e-08
     61    164 0.0000000e+00 6.4500000e-10 4.1280000e-10
     61    165 0.0000000e+00 6.5297000e-12 4.1790100e-12
     61    166 0.0000000e+00 3.0683500e-13 1.9637500e-13
     61    167 0.0000000e+00 2.7103100e-16 1.7346000e-16
     61    168 0.0000000e+00 3.5733800e-18 2.2869700e-18
     62    143 0.0000000e+00 0.0000000e+00 0.0000000e+00
     62    143 1.0000000e+00 0.0000000e+00 0.0000000e+00
     62    144 0.0000000e+00 0.0000000e+00 0.0000000e+00
     62    145 0.0000000e+00 0.0000000e+00 0.0000000e+00
     62    146 0.0000000e+00 0.0000000e+00 0.0000000e+00
     62    147 0.0000000e+00 0.0000000e+00 0.0000000e+00
     62    148 0.0000000e+00 0.0000000e+00 0.0000000e+00
     62    149 0.0000000e+00 3.9400000e-13 2.5216000e-13
     62    150 0.0000000e+00 3.3600000e-11 2.1504000e-11
     62    151 0.0000000e+00 1.6500000e-09 1.0560000e-09
     62    152 0.0000000e+00 4.8000000e-08 3.0720000e-08
     62    153 0.0000000e+00 7.0100000e-07 4.4864000e-07
     62    154 0.0000000e+00 6.8400000e-06 4.3776000e-06
     62    155 0.0000000e+00 3.6680000e-05 2.3475200e-05
     62    156 0.0000000e+00 1.5759000e-04 1.0085800e-04
     62    157 0.0000000e+00 3.4554000e-04 2.2114600e-04
     62    158 0.0000000e+00 5.6097000e-04 3.5902100e-04
     62    159 0.0000000e+00 5.0506000e-04 3.2323800e-04
     62    160 0.0000000e+00 3.5982000e-04 2.3028500e-04
     62    161 0.0000000e+00 1.2673000e-04 8.1107200e-05
     62    162 0.0000000e+00 2.6040000e-05 1.6665600e-05
     62    163 0.0000000e+00 3.6700000e-06 2.3488000e-06
     62    164 0.0000000e+00 3.3800000e-07 2.1632000e-07
     62    165 0.0000000e+00 9.5900000e-09 6.1376000e-09
     62    166 0.0000000e+00 5.0169300e-10 3.2108400e-10
     62    167 0.0000000e+00 8.8897300e-12 5.6894300e-12
     62    168 0.0000000e+00 1.3799600e-13 8.8317700e-14
     62    169 0.0000000e+00 1.8125600e-16 1.1600400e-16
     62    170 0.0000000e+00 0.0000000e+00 0.0000000e+00
     62    171 0.0000000e+00 2.4021900e-19 1.5374000e-19
     63    147 0.0000000e+00 0.0000000e+00 0.0000000e+00
     63    149 0.0000000e+00 0.0000000e+00 0.0000000e+00
     63    151 0.0000000e+00 1.7300000e-14 1.1072000e-14
     63    152 2.0000000e+00 5.0933300e-13 3.2597300e-13
     63    152 0.0000000e+00 5.0933300e-13 3.2597300e-13
     63    152 1.0000000e+00 5.0933300e-13 3.2597300e-13
     63    153 0.0000000e+00 8.9100000e-11 5.7024000e-11
     63    154 1.0000000e+00 1.3300000e-09 8.5120000e-10
     63    154 0.0000000e+00 1.3300000e-09 8.5120000e-10
     63    155 0.0000000e+00 5.3600000e-08 3.4304000e-08
     63    156 0.0000000e+00 6.5500000e-07 4.1920000e-07
     63    157 0.0000000e+00 5.1000000e-06 3.2640000e-06
     63    158 0.0000000e+00 2.1200000e-05 1.3568000e-05
     63    159 0.0000000e+00 6.0250000e-05 3.8560000e-05
     63    160 0.0000000e+00 1.0000000e-04 6.4000000e-05
     63    161 0.0000000e+00 1.0350000e-04 6.6240000e-05
     63    162 0.0000000e+00 4.8200000e-05 3.0848000e-05
     63    163 0.0000000e+00 2.1100000e-05 1.3504000e-05
     63    164 0.0000000e+00 4.6200000e-06 2.9568000e-06
     63    165 0.0000000e+00 4.4700000e-07 2.8608000e-07
     63    166 0.0000000e+00 6.0700000e-08 3.8848000e-08
     63    167 0.0000000e+00 3.9500000e-09 2.5280000e-09
     63    168 0.0000000e+00 1.6800000e-10 1.0752000e-10
     63    169 0.0000000e+00 3.9798200e-12 2.5470800e-12
     63    170 0.0000000e+00 1.1800000e-13 7.5520000e-14
     63    171 0.0000000e+00 5.2744400e-15 3.3756400e-15
     63    172 0.0000000e+00 7.6646500e-18 4.9053800e-18
     64    147 0.0000000e+00 0.0000000e+00 0.0000000e+00
     64    149 0.0000000e+00 0.0000000e+00 0.0000000e+00
     64    151 0.0000000e+00 0.0000000e+00 0.0000000e+00
     64    152 0.0000000e+00 0.0000000e+00 0.0000000e+00
     64    153 0.0000000e+00 0.0000000e+00 0.0000000e+00
     64    154 0.0000000e+00 8.7600000e-14 5.6064000e-14
     64    155 0.0000000e+00 5.1600000e-12 3.3024000e-12
     64    156 0.0000000e+00 2.5100000e-10 1.6064000e-10
     64    157 0.0000000e+00 5.5800000e-09 3.5712000e-09
     64    158 0.0000000e+00 8.6400000e-08 5.5296000e-08
     64    159 0.0000000e+00 6.5000000e-07 4.1600000e-07
     64    160 0.0000000e+00 3.7800000e-06 2.4192000e-06
     64    161 0.0000000e+00 9.5800000e-06 6.1312000e-06
     64    162 0.0000000e+00 1.4240000e-05 9.1136000e-06
     64    163 0.0000000e+00 1.4350000e-05 9.1840000e-06
     64    164 0.0000000e+00 9.2000000e-06 5.8880000e-06
     64    165 0.0000000e+00 2.0300000e-06 1.2992000e-06
     64    166 0.0000000e+00 8.4700000e-07 5.4208000e-07
     64    167 0.0000000e+00 1.3700000e-07 8.7680000e-08
     64    168 0.0000000e+00 1.9600000e-08 1.2544000e-08
     64    169 0.0000000e+00 1.2500000e-09 8.0000000e-10
     64    170 0.0000000e+00 1.3300000e-10 8.5120000e-11
     64    171 0.0000000e+00 7.3247300e-12 4.6878200e-12
     64    172 0.0000000e+00 2.9599200e-13 1.8943500e-13
     65    151 0.0000000e+00 0.0000000e+00 0.0000000e+00
     65    153 0.0000000e+00 0.0000000e+00 0.0000000e+00
     65    155 0.0000000e+00 0.0000000e+00 0.0000000e+00
     65    156 0.0000000e+00 0.0000000e+00 0.0000000e+00
     65    156 1.0000000e+00 0.0000000e+00 0.0000000e+00
     65    157 0.0000000e+00 1.6900000e-13 1.0816000e-13
     65    158 0.0000000e+00 6.8600000e-12 4.3904000e-12
     65    158 1.0000000e+00 7.6200000e-13 4.8768000e-13
     65    159 0.0000000e+00 2.1300000e-10 1.3632000e-10
     65    160 0.0000000e+00 3.5200000e-09 2.2528000e-09
     65    161 0.0000000e+00 3.2000000e-08 2.0480000e-08
     65    162 0.0000000e+00 6.4200000e-08 4.1088000e-08
     65    162 1.0000000e+00 6.4200000e-08 4.1088000e-08
     65    163 0.0000000e+00 4.4700000e-07 2.8608000e-07
     65    164 0.0000000e+00 6.9000000e-07 4.4160000e-07
     65    165 0.0000000e+00 4.7900000e-07 3.0656000e-07
     65    166 0.0000000e+00 4.4300000e-07 2.8352000e-07
     65    167 0.0000000e+00 2.1500000e-07 1.3760000e-07
     65    168 0.0000000e+00 6.9200000e-08 4.4288000e-08
     65    169 0.0000000e+00 1.4200000e-08 9.0880000e-09
     65    170 0.0000000e+00 3.7000000e-09 2.3680000e-09
     65    171 0.0000000e+00 7.1400000e-10 4.5696000e-10
     65    172 0.0000000e+00 7.8900000e-11 5.0496000e-11
     66    155 0.0000000e+00 0.0000000e+00 0.0000000e+00
     66    156 0.0000000e+00 0.0000000e+00 0.0000000e+00
     66    157 0.0000000e+00 0.0000000e+00 0.0000000e+00
     66    158 0.0000000e+00 0.0000000e+00 0.0000000e+00
     66    159 0.0000000e+00 0.0000000e+00 0.0000000e+00
     66    160 0.0000000e+00 2.8400000e-13 1.8176000e-13
     66    161 0.0000000e+00 7.2600000e-12 4.6464000e-12
     66    162 0.0000000e+00 1.1100000e-10 7.1040000e-11
     66    163 0.0000000e+00 1.0900000e-09 6.9760000e-10
     66    164 0.0000000e+00 5.9900000e-09 3.8336000e-09
     66    165 0.0000000e+00 9.6500000e-09 6.1760000e-09
     66    165 1.0000000e+00 1.4400000e-09 9.2160000e-10
     66    166 0.0000000e+00 3.4000000e-08 2.1760000e-08
     66    167 0.0000000e+00 4.0100000e-08 2.5664000e-08
     66    168 0.0000000e+00 3.9000000e-08 2.4960000e-08
     66    169 0.0000000e+00 1.8100000e-08 1.1584000e-08
     66    170 0.0000000e+00 1.3900000e-08 8.8960000e-09
     66    171 0.0000000e+00 6.2500000e-09 4.0000000e-09
     66    172 0.0000000e+00 2.2500000e-09 1.4400000e-09
     67    159 0.0000000e+00 0.0000000e+00 0.0000000e+00
     67    159 1.0000000e+00 0.0000000e+00 0.0000000e+00
     67    161 0.0000000e+00 0.0000000e+00 0.0000000e+00
     67    161 1.0000000e+00 0.0000000e+00 0.0000000e+00
     67    162 0.0000000e+00 0.0000000e+00 0.0000000e+00
     67    162 1.0000000e+00 0.0000000e+00 0.0000000e+00
     67    163 0.0000000e+00 6.6000000e-14 4.2240000e-14
     67    163 1.0000000e+00 0.0000000e+00 0.0000000e+00
     67    164 0.0000000e+00 3.5000000e-13 2.2400000e-13
     67    164 1.0000000e+00 8.1700000e-13 5.2288000e-13
     67    165 0.0000000e+00 8.2100000e-12 5.2544000e-12
     67    166 0.0000000e+00 2.0500000e-11 1.3120000e-11
     67    166 1.0000000e+00 4.7800000e-11 3.0592000e-11
     67    167 0.0000000e+00 2.9300000e-10 1.8752000e-10
     67    168 0.0000000e+00 7.2700000e-10 4.6528000e-10
     67    169 0.0000000e+00 1.1300000e-09 7.2320000e-10
     67    170 0.0000000e+00 1.0100000e-09 6.4640000e-10
     67    170 1.0000000e+00 1.0100000e-09 6.4640000e-10
     67    171 0.0000000e+00 2.7900000e-09 1.7856000e-09
     67    172 0.0000000e+00 2.2600000e-09 1.4464000e-09
     68    161 0.0000000e+00 0.0000000e+00 0.0000000e+00
     68    162 0.0000000e+00 0.0000000e+00 0.0000000e+00
     68    163 0.0000000e+00 0.0000000e+00 0.0000000e+00
     68    164 0.0000000e+00 0.0000000e+00 0.0000000e+00
     68    165 0.0000000e+00 0.0000000e+00 0.0000000e+00
     68    166 0.0000000e+00 1.2200000e-14 7.8080000e-15
     68    167 0.0000000e+00 1.3100000e-13 8.3840000e-14
     68    167 1.0000000e+00 1.9600000e-14 1.2544000e-14
     68    168 0.0000000e+00 1.3700000e-12 8.7680000e-13
     68    169 0.0000000e+00 5.9200000e-12 3.7888000e-12
     68    170 0.0000000e+00 3.7000000e-11 2.3680000e-11
     68    171 0.0000000e+00 1.3200000e-10 8.4480000e-11
     68    172 0.0000000e+00 3.5400000e-10 2.2656000e-10
     69    165 0.0000000e+00 0.0000000e+00 0.0000000e+00
     69    166 0.0000000e+00 0.0000000e+00 0.0000000e+00
     69    167 0.0000000e+00 0.0000000e+00 0.0000000e+00
     69    168 0.0000000e+00 0.0000000e+00 0.0000000e+00
     69    169 0.0000000e+00 0.0000000e+00 0.0000000e+00
     69    170 0.0000000e+00 1.5800000e-14 1.0112000e-14
     69    171 0.0000000e+00 2.1200000e-13 1.3568000e-13
     69    172 0.0000000e+00 1.5600000e-12 9.9840000e-13
     70    166 0.0000000e+00 0.0000000e+00 0.0000000e+00
     70    167 0.0000000e+00 0.0000000e+00 0.0000000e+00
     70    168 0.0000000e+00 0.0000000e+00 0.0000000e+00
     70    169 0.0000000e+00 0.0000000e+00 0.0000000e+00
     70    169 1.0000000e+00 0.0000000e+00 0.0000000e+00
     70    170 0.0000000e+00 0.0000000e+00 0.0000000e+00
     70    171 0.0000000e+00 0.0000000e+00 0.0000000e+00
     70    172 0.0000000e+00 0.0000000e+00 0.0000000e+00
     71    169 0.0000000e+00 0.0000000e+00 0.0000000e+00
     71    169 1.0000000e+00 0.0000000e+00 0.0000000e+00
     71    171 0.0000000e+00 0.0000000e+00 0.0000000e+00
     71    171 1.0000000e+00 0.0000000e+00 0.0000000e+00
     71    172 0.0000000e+00 0.0000000e+00 0.0000000e+00
     71    172 1.0000000e+00 0.0000000e+00 0.0000000e+00
     72    171 0.0000000e+00 0.0000000e+00 0.0000000e+00
     72    172 0.0000000e+00 0.0000000e+00 0.0000000e+00


