   66   6.1811E-07
   67   1.3252E-06
   68   2.4536E-06
   69   5.0073E-06
   70   1.0016E-05
   71   2.1453E-05
   72   4.5748E-05
   73   8.4032E-05
   74   1.6344E-04
   75   3.2688E-04
   76   5.2196E-04
   77   7.6136E-04
   78   1.1024E-03
   79   1.5920E-03
   80   2.2046E-03
   81   3.0011E-03
   82   4.0278E-03
   83   5.0725E-03
   84   6.0645E-03
   85   8.8396E-03
   86   1.0217E-02
   87   1.2256E-02
   88   1.4699E-02
   89   1.7640E-02
   90   1.9911E-02
   91   2.4552E-02
   92   2.8569E-02
   93   2.8310E-02
   94   3.5504E-02
   95   3.7119E-02
   96   4.1414E-02
   97   4.2803E-02
   98   4.7367E-02
   99   4.8885E-02
  100   5.2111E-02
  101   5.3969E-02
  102   5.4371E-02
  103   5.2897E-02
  104   5.2079E-02
  105   4.7627E-02
  106   4.0218E-02
  107   3.1469E-02
  108   2.6373E-02
  109   2.2951E-02
  110   1.9523E-02
  111   1.6713E-02
  112   1.5684E-02
  113   1.7174E-02
  114   1.2486E-02
  115   1.1928E-02
  116   1.0661E-02
  117   8.6155E-03
  118   9.8469E-03
  119   1.0040E-02
  120   1.0650E-02
  121   1.1661E-02
  122   1.2478E-02
  123   1.3695E-02
  124   1.5363E-02
  125   1.6135E-02
  126   2.0647E-02
  127   2.0027E-02
  128   2.9171E-02
  129   2.8604E-02
  130   4.3088E-02
  131   4.4595E-02
  132   4.5897E-02
  133   5.5525E-02
  134   5.4671E-02
  135   5.3408E-02
  136   5.6974E-02
  137   4.5964E-02
  138   5.4577E-02
  139   4.5938E-02
  140   3.8530E-02
  141   3.5872E-02
  142   3.8943E-02
  143   3.1051E-02
  144   2.6716E-02
  145   2.6885E-02
  146   2.1300E-02
  147   1.7856E-02
  148   1.5109E-02
  149   1.3677E-02
  150   1.0691E-02
  151   8.1137E-03
  152   6.5291E-03
  153   5.8029E-03
  154   4.0041E-03
  155   2.7943E-03
  156   2.2605E-03
  157   1.6033E-03
  158   1.1020E-03
  159   7.0286E-04
  160   5.2190E-04
  161   3.4774E-04
  162   2.3466E-04
  163   1.6325E-04
  164   1.0218E-04
  165   6.9379E-05
  166   4.4888E-05
  167   2.8572E-05
  168   1.8363E-05
  169   1.1541E-05
  170   7.4144E-06
  171   5.3024E-06
  172   3.6728E-06
