   66   1.6000E-09
   67   3.1000E-09
   68   9.3900E-09
   69   2.9800E-08
   70   9.9900E-08
   71   1.8000E-07
   72   5.9900E-07
   73   1.5000E-06
   74   3.0000E-06
   75   8.9900E-06
   76   1.7970E-05
   77   5.8940E-05
   78   1.6977E-04
   79   1.5980E-04
   80   3.8967E-04
   81   1.0985E-03
   82   1.1984E-03
   83   2.4967E-03
   84   4.2172E-03
   85   4.6972E-03
   86   6.8405E-03
   87   8.3764E-03
   88   1.2013E-02
   89   1.3241E-02
   90   1.8406E-02
   91   2.2084E-02
   92   2.6838E-02
   93   3.4603E-02
   94   3.8961E-02
   95   4.6891E-02
   96   4.7295E-02
   97   5.1689E-02
   98   5.9481E-02
   99   5.9689E-02
  100   6.6953E-02
  101   5.9259E-02
  102   6.1560E-02
  103   5.9663E-02
  104   6.1112E-02
  105   5.6564E-02
  106   5.2663E-02
  107   4.1971E-02
  108   3.2680E-02
  109   2.1487E-02
  110   1.4590E-02
  111   3.9944E-03
  112   1.9972E-03
  113   1.0989E-03
  114   9.9860E-04
  115   6.9931E-04
  116   4.9930E-04
  117   4.2970E-04
  118   4.1959E-04
  119   4.1959E-04
  120   3.0865E-04
  121   3.0810E-04
  122   3.3791E-04
  123   4.1742E-04
  124   6.0625E-04
  125   6.0735E-04
  126   1.3915E-03
  127   3.5841E-03
  128   6.9698E-03
  129   1.3542E-02
  130   2.1606E-02
  131   3.3397E-02
  132   4.8151E-02
  133   6.7153E-02
  134   7.6309E-02
  135   7.2343E-02
  136   6.9966E-02
  137   6.5568E-02
  138   6.4086E-02
  139   5.9626E-02
  140   5.7035E-02
  141   5.4938E-02
  142   4.7912E-02
  143   4.4877E-02
  144   3.9289E-02
  145   3.0706E-02
  146   2.5688E-02
  147   2.1234E-02
  148   1.7725E-02
  149   1.3939E-02
  150   1.0634E-02
  151   8.5471E-03
  152   6.5594E-03
  153   4.5717E-03
  154   3.2797E-03
  155   2.5840E-03
  156   1.3914E-03
  157   9.9385E-04
  158   7.2551E-04
  159   4.4723E-04
  160   2.1865E-04
  161   8.9450E-05
  162   1.1930E-05
  163   9.1400E-06
  164   3.1800E-06
  165   1.1000E-06
  166   6.4600E-07
  167   2.3900E-07
  168   9.2400E-08
  169   3.6800E-08
  170   9.9400E-09
  171   2.3900E-09
  172   7.6500E-10
