#  n-Pu238-MT454-E0000.500.jendl4.0  independent fission yields
#   0    94   238  94xx  5.0000E-01        1243
    0     1     1     0       3.235270E-05       5.176430E-06
    1     1     2     0       9.887260E-06       1.413880E-06
    2     1     3     0       1.410600E-04       1.128480E-05
    1     2     3     0       0.000000E+00       0.000000E+00
    2     2     4     0       2.582660E-03       1.652900E-04
    4     2     6     0       3.606580E-05       5.337740E-06
    6     2     8     0       6.742210E-07       1.672070E-07
    3     3     6     0       0.000000E+00       0.000000E+00
    4     3     7     0       1.460540E-06       2.760410E-07
    6     3     9     0       1.039460E-06       2.421950E-07
    5     4     9     0       0.000000E+00       0.000000E+00
    6     4    10     0       9.800000E-06       1.636600E-06
   43    23    66     0       8.642420E-18       5.531140E-18
   42    24    66     0       1.839410E-13       1.177220E-13
   43    24    67     0       1.049650E-14       6.717780E-15
   44    24    68     0       0.000000E+00       0.000000E+00
   45    24    69     0       5.106960E-17       3.268450E-17
   46    24    70     0       0.000000E+00       0.000000E+00
   41    25    66     0       6.878110E-11       4.401990E-11
   42    25    67     0       1.449600E-11       9.277450E-12
   43    25    68     0       3.089150E-12       1.977060E-12
   44    25    69     0       6.077820E-13       3.889800E-13
   45    25    70     0       6.908100E-14       4.421190E-14
   46    25    71     0       0.000000E+00       0.000000E+00
   47    25    72     0       2.522270E-16       1.614260E-16
   48    25    73     0       0.000000E+00       0.000000E+00
   40    26    66     0       3.619010E-09       2.316160E-09
   41    26    67     0       1.889480E-09       1.209270E-09
   42    26    68     0       1.399620E-09       8.957540E-10
   43    26    69     0       6.988080E-10       4.472370E-10
   44    26    70     0       2.859220E-10       1.829900E-10
   45    26    71     0       4.658720E-11       2.981580E-11
   46    26    72     0       5.368280E-12       3.435700E-12
   47    26    73     0       1.509590E-13       9.661350E-14
   48    26    74     0       0.000000E+00       0.000000E+00
   49    26    75     0       4.989370E-16       3.193190E-16
   50    26    76     0       0.000000E+00       0.000000E+00
   39    27    66     0       6.258280E-09       4.005300E-09
   40    27    67     0       1.009720E-08       6.462230E-09
   41    27    68     0       1.689540E-08       1.081300E-08
   42    27    69     0       2.769240E-08       1.772310E-08
   43    27    70     0       2.779240E-08       1.778710E-08
   44    27    71     0       1.629550E-08       1.042910E-08
   45    27    72     0       4.818680E-09       3.083950E-09
   46    27    73     0       4.918650E-10       3.147940E-10
   47    27    74     0       6.978080E-11       4.465970E-11
   48    27    75     0       5.937870E-12       3.800240E-12
   49    27    76     0       4.168860E-13       2.668070E-13
   50    27    77     0       3.021390E-14       1.933690E-14
   51    27    78     0       1.456060E-15       9.318780E-16
   38    28    66     0       2.269380E-09       1.452400E-09
   39    28    67     0       8.037790E-09       5.144190E-09
   40    28    68     0       3.938920E-08       2.520910E-08
   41    28    69     0       1.379620E-07       8.829580E-08
   42    28    70     0       4.228840E-07       2.706460E-07
   43    28    71     0       5.848400E-07       3.742970E-07
   44    28    72     0       5.758420E-07       3.685390E-07
   45    28    73     0       1.449600E-07       9.277450E-08
   46    28    74     0       7.278000E-08       4.657920E-08
   47    28    75     0       1.599560E-08       1.023720E-08
   48    28    76     0       4.218840E-09       2.700060E-09
   49    28    77     0       5.328240E-10       3.410070E-10
   50    28    78     0       3.099000E-11       1.983370E-11
   51    28    79     0       6.585290E-13       4.214580E-13
   52    28    80     0       2.359350E-14       1.509990E-14
   53    28    81     0       0.000000E+00       0.000000E+00
   54    28    82     0       0.000000E+00       0.000000E+00
   37    29    66     0       2.559300E-11       1.637950E-11
   38    29    67     0       3.079150E-10       1.970660E-10
   39    29    68     0       9.171120E-10       5.869520E-10
   39    29    68     1       2.504950E-09       1.603170E-09
   40    29    69     0       3.629000E-08       2.322560E-08
   41    29    70     0       5.261360E-08       3.367270E-08
   41    29    70     1       1.833220E-07       1.173260E-07
   42    29    71     0       9.827300E-07       6.289470E-07
   43    29    72     0       2.089430E-06       1.337230E-06
   44    29    73     0       1.639550E-06       1.049310E-06
   45    29    74     0       1.919470E-06       1.228460E-06
   46    29    75     0       1.419610E-06       9.085510E-07
   47    29    76     0       9.627360E-07       6.161510E-07
   48    29    77     0       4.328810E-07       2.770440E-07
   49    29    78     0       6.538210E-08       4.184450E-08
   50    29    79     0       7.837190E-09       5.015800E-09
   51    29    80     0       4.958640E-10       3.173530E-10
   52    29    81     0       2.139410E-11       1.369220E-11
   53    29    82     0       3.778960E-13       2.418540E-13
   54    29    83     0       1.876330E-14       1.200850E-14
   55    29    84     0       0.000000E+00       0.000000E+00
   36    30    66     0       3.938920E-14       2.520910E-14
   37    30    67     0       1.239660E-12       7.933820E-13
   38    30    68     0       4.788690E-11       3.064760E-11
   39    30    69     0       2.064150E-10       1.321060E-10
   39    30    69     1       1.022250E-09       6.542380E-10
   40    30    70     0       2.599290E-08       1.663540E-08
   41    30    71     0       4.150140E-08       2.656090E-08
   41    30    71     1       2.055310E-07       1.315400E-07
   42    30    72     0       1.569570E-06       1.004520E-06
   43    30    73     0       2.609280E-06       1.669940E-06
   44    30    74     0       9.017530E-06       5.771220E-06
   45    30    75     0       1.457600E-05       9.328640E-06
   46    30    76     0       3.207120E-05       2.052560E-05
   47    30    77     0       3.418060E-05       2.187560E-05
   48    30    78     0       1.763520E-05       1.128650E-05
   49    30    79     0       5.498490E-06       3.519030E-06
   50    30    80     0       1.249660E-06       7.997810E-07
   51    30    81     0       1.479590E-07       9.469400E-08
   52    30    82     0       1.049710E-08       6.718160E-09
   53    30    83     0       3.308900E-10       2.117700E-10
   54    30    84     0       7.387970E-12       4.728300E-12
   55    30    85     0       1.965510E-13       1.257920E-13
   56    30    86     0       0.000000E+00       0.000000E+00
   36    31    67     0       0.000000E+00       0.000000E+00
   37    31    68     0       1.599560E-14       1.023720E-14
   38    31    69     0       1.469600E-12       9.405420E-13
   39    31    70     0       7.867840E-11       5.035420E-11
   40    31    71     0       2.649270E-09       1.695530E-09
   41    31    72     0       4.018900E-08       1.818750E-08
   42    31    73     0       2.119420E-07       1.356430E-07
   43    31    74     0       1.466310E-06       9.384370E-07
   43    31    74     1       1.432510E-07       9.168040E-08
   44    31    75     0       7.737880E-06       4.952240E-06
   45    31    76     0       3.678990E-05       2.354550E-05
   46    31    77     0       1.167880E-04       7.474430E-05
   47    31    78     0       1.336530E-04       8.553810E-05
   48    31    79     0       1.374620E-04       8.797590E-05
   49    31    80     0       7.493940E-05       4.796120E-05
   50    31    81     0       3.269100E-05       2.092230E-05
   51    31    82     0       6.458230E-06       4.133270E-06
   52    31    83     0       7.987810E-07       5.112200E-07
   53    31    84     0       5.288550E-08       3.384670E-08
   54    31    85     0       2.339160E-09       1.497060E-09
   55    31    86     0       6.008350E-11       3.845340E-11
   56    31    87     0       1.434170E-12       9.178670E-13
   57    31    88     0       0.000000E+00       0.000000E+00
   58    31    89     0       0.000000E+00       0.000000E+00
   37    32    69     0       0.000000E+00       0.000000E+00
   38    32    70     0       3.029170E-14       1.938670E-14
   39    32    71     0       2.739250E-12       1.239640E-12
   40    32    72     0       1.479590E-10       9.469400E-11
   41    32    73     0       1.632770E-09       1.044970E-09
   41    32    73     1       3.296940E-10       2.110040E-10
   42    32    74     0       5.048610E-08       3.231110E-08
   43    32    75     0       6.717080E-08       4.298930E-08
   43    32    75     1       5.020730E-07       3.213270E-07
   44    32    76     0       8.717610E-06       5.579270E-06
   45    32    77     0       5.291430E-05       3.386520E-05
   45    32    77     1       7.079240E-06       4.530710E-06
   46    32    78     0       2.021350E-04       1.293660E-04
   47    32    79     0       5.319400E-05       3.404400E-05
   47    32    79     1       3.976020E-04       2.544650E-04
   48    32    80     0       7.410270E-04       4.742570E-04
   49    32    81     0       5.314750E-04       3.401440E-04
   49    32    81     1       1.513470E-04       1.210780E-04
   50    32    82     0       5.388720E-04       3.448780E-04
   51    32    83     0       1.775610E-04       1.136390E-04
   52    32    84     0       4.627730E-05       2.961750E-05
   53    32    85     0       5.778410E-06       3.698190E-06
   54    32    86     0       5.888380E-07       3.768570E-07
   55    32    87     0       2.529170E-08       1.618670E-08
   56    32    88     0       9.147490E-10       5.854390E-10
   57    32    89     0       1.503530E-11       9.622590E-12
   58    32    90     0       1.777550E-12       1.137630E-12
   59    32    91     0       0.000000E+00       0.000000E+00
   39    33    72     0       1.219670E-14       7.805860E-15
   40    33    73     0       5.908380E-13       3.781360E-13
   41    33    74     0       3.948920E-11       1.965760E-11
   42    33    75     0       1.579570E-09       1.010920E-09
   43    33    76     0       6.158310E-08       3.941320E-08
   44    33    77     0       1.419610E-06       9.085510E-07
   45    33    78     0       1.106700E-05       7.082860E-06
   46    33    79     0       7.807860E-05       4.997030E-05
   47    33    80     0       2.750450E-04       1.760290E-04
   48    33    81     0       8.774290E-04       5.615550E-04
   49    33    82     0       3.154270E-04       2.018730E-04
   49    33    82     1       1.099040E-03       7.033880E-04
   50    33    83     0       1.545430E-03       9.890730E-04
   51    33    84     0       8.910510E-04       5.702730E-04
   51    33    84     1       1.450550E-04       9.283510E-05
   52    33    85     0       4.715710E-04       3.018050E-04
   53    33    86     0       1.307140E-04       8.365700E-05
   54    33    87     0       2.178400E-05       1.394180E-05
   55    33    88     0       2.169400E-06       1.388420E-06
   56    33    89     0       1.789360E-07       1.145190E-07
   57    33    90     0       1.752830E-08       1.121810E-08
   58    33    91     0       8.899780E-11       5.695860E-11
   59    33    92     0       4.076960E-12       2.609250E-12
   60    33    93     0       0.000000E+00       0.000000E+00
   61    33    94     0       0.000000E+00       0.000000E+00
   62    33    95     0       0.000000E+00       0.000000E+00
   40    34    74     0       0.000000E+00       0.000000E+00
   41    34    75     0       3.928920E-13       2.514510E-13
   42    34    76     0       5.748420E-11       3.678990E-11
   43    34    77     0       4.021520E-10       2.573770E-10
   43    34    77     1       3.005910E-09       1.923780E-09
   44    34    78     0       9.337440E-08       5.975960E-08
   45    34    79     0       1.472540E-06       9.424230E-07
   45    34    79     1       1.970060E-07       1.260840E-07
   46    34    80     0       1.933470E-05       1.237420E-05
   47    34    81     0       1.742850E-05       1.115430E-05
   47    34    81     1       1.302710E-04       8.337340E-05
   48    34    82     0       7.773770E-04       4.975210E-04
   49    34    83     0       1.610660E-03       1.030820E-03
   49    34    83     1       3.252290E-04       2.081470E-04
   50    34    84     0       4.147080E-03       2.654130E-03
   51    34    85     0       4.480540E-03       2.027660E-03
   52    34    86     0       4.239250E-03       2.713120E-03
   53    34    87     0       1.819040E-03       1.164190E-03
   54    34    88     0       6.566600E-04       4.202630E-04
   55    34    89     0       1.410010E-04       9.024080E-05
   56    34    90     0       1.934720E-05       1.238220E-05
   57    34    91     0       1.569480E-06       1.004460E-06
   58    34    92     0       8.677210E-08       5.553420E-08
   59    34    93     0       5.896520E-10       3.773770E-10
   60    34    94     0       5.348530E-11       3.423060E-11
   61    34    95     0       3.410380E-12       2.182640E-12
   62    34    96     0       0.000000E+00       0.000000E+00
   42    35    77     0       5.315500E-14       3.401920E-14
   42    35    77     1       2.011750E-13       1.287520E-13
   43    35    78     0       1.829500E-11       1.170880E-11
   44    35    79     0       2.536560E-10       1.623400E-10
   44    35    79     1       9.600110E-10       6.144070E-10
   45    35    80     0       8.032490E-09       5.140790E-09
   45    35    80     1       2.798760E-08       1.791210E-08
   46    35    81     0       1.009720E-06       6.462230E-07
   47    35    82     0       1.024520E-05       6.556920E-06
   47    35    82     1       3.750970E-06       2.400620E-06
   48    35    83     0       1.217770E-04       7.793700E-05
   49    35    84     0       2.097600E-04       1.342470E-04
   49    35    84     1       4.396520E-04       2.813770E-04
   50    35    85     0       2.214140E-03       1.417050E-03
   51    35    86     0       4.743050E-03       2.146460E-03
   52    35    87     0       6.528590E-03       2.089150E-03
   53    35    88     0       5.515420E-03       3.529870E-03
   54    35    89     0       3.929960E-03       2.515180E-03
   55    35    90     0       1.379190E-03       8.826830E-04
   56    35    91     0       4.100270E-04       2.624180E-04
   57    35    92     0       6.152310E-05       3.937480E-05
   58    35    93     0       7.017480E-06       4.491190E-06
   59    35    94     0       3.938920E-07       2.520910E-07
   60    35    95     0       4.058720E-08       2.597580E-08
   61    35    96     0       3.838950E-10       2.456930E-10
   62    35    97     0       9.523330E-12       6.094930E-12
   63    35    98     0       2.465900E-13       1.578180E-13
   64    35    99     0       0.000000E+00       0.000000E+00
   65    35   100     0       0.000000E+00       0.000000E+00
   43    36    79     0       9.024520E-15       5.775690E-15
   43    36    79     1       6.745450E-14       4.317090E-14
   44    36    80     0       8.347710E-12       5.342530E-12
   45    36    81     0       5.750830E-10       3.680530E-10
   45    36    81     1       7.693850E-11       4.924060E-11
   46    36    82     0       3.529030E-08       2.258580E-08
   47    36    83     0       7.045110E-07       4.508870E-07
   47    36    83     1       1.422570E-07       9.104450E-08
   48    36    84     0       1.724530E-05       1.103700E-05
   49    36    85     0       1.253650E-04       8.023340E-05
   49    36    85     1       2.531400E-05       1.620100E-05
   50    36    86     0       1.097150E-03       7.021750E-04
   51    36    87     0       3.225090E-03       2.064050E-03
   52    36    88     0       9.085880E-03       5.814960E-03
   53    36    89     0       1.412120E-02       4.518800E-03
   54    36    90     0       1.584590E-02       5.070680E-03
   55    36    91     0       1.127520E-02       3.608070E-03
   56    36    92     0       5.892320E-03       3.771090E-03
   57    36    93     0       1.699080E-03       1.087410E-03
   58    36    94     0       3.554320E-04       2.274770E-04
   59    36    95     0       3.711920E-05       2.375630E-05
   60    36    96     0       3.549030E-06       2.271380E-06
   61    36    97     0       1.679440E-07       1.074850E-07
   62    36    98     0       5.248310E-09       3.358920E-09
   63    36    99     0       4.822610E-11       3.086470E-11
   64    36   100     0       1.289650E-12       8.253740E-13
   65    36   101     0       0.000000E+00       0.000000E+00
   66    36   102     0       0.000000E+00       0.000000E+00
   44    37    81     0       5.502300E-16       3.521470E-16
   44    37    81     1       0.000000E+00       0.000000E+00
   45    37    82     0       0.000000E+00       0.000000E+00
   45    37    82     1       0.000000E+00       0.000000E+00
   46    37    83     0       1.899480E-10       1.215670E-10
   47    37    84     0       1.178590E-09       7.543000E-10
   47    37    84     1       1.014510E-08       8.116100E-09
   48    37    85     0       3.818950E-07       2.444130E-07
   49    37    86     0       2.434750E-06       1.558240E-06
   49    37    86     1       5.103180E-06       3.266040E-06
   50    37    87     0       8.727610E-05       5.585670E-05
   51    37    88     0       5.574770E-04       3.567850E-04
   52    37    89     0       2.715230E-03       1.737750E-03
   53    37    90     0       1.163570E-03       7.446840E-04
   53    37    90     1       5.640920E-03       3.610190E-03
   54    37    91     0       1.489540E-02       4.766530E-03
   55    37    92     0       1.749750E-02       5.599210E-03
   56    37    93     0       1.598140E-02       5.114060E-03
   57    37    94     0       8.176890E-03       5.233200E-03
   58    37    95     0       2.950480E-03       1.888310E-03
   59    37    96     0       7.431060E-04       4.755870E-04
   60    37    97     0       1.283750E-04       8.215990E-05
   61    37    98     0       1.074710E-05       6.878110E-06
   62    37    99     0       5.739410E-07       3.673220E-07
   63    37   100     0       2.729250E-08       1.746720E-08
   64    37   101     0       2.987380E-10       1.911930E-10
   65    37   102     0       1.305750E-11       8.356840E-12
   66    37   103     0       1.487410E-12       9.519470E-13
   67    37   104     0       0.000000E+00       0.000000E+00
   68    37   105     0       0.000000E+00       0.000000E+00
   45    38    83     0       0.000000E+00       0.000000E+00
   46    38    84     0       8.927550E-13       5.713630E-13
   47    38    85     0       7.261370E-11       4.647270E-11
   47    38    85     1       1.466240E-11       9.383920E-12
   48    38    86     0       6.838120E-09       4.376400E-09
   49    38    87     0       1.853190E-07       1.186040E-07
   49    38    87     1       3.742010E-08       2.394890E-08
   50    38    88     0       5.268550E-06       3.371870E-06
   51    38    89     0       6.464230E-05       4.137100E-05
   52    38    90     0       5.606060E-04       3.587880E-04
   53    38    91     0       2.918330E-03       1.867730E-03
   54    38    92     0       1.084700E-02       3.471040E-03
   55    38    93     0       2.135960E-02       6.835100E-03
   56    38    94     0       3.394820E-02       1.086340E-02
   57    38    95     0       2.733410E-02       8.746900E-03
   58    38    96     0       2.286000E-02       7.315210E-03
   59    38    97     0       9.600030E-03       6.144010E-03
   60    38    98     0       2.817730E-03       1.803350E-03
   61    38    99     0       5.249020E-04       3.359370E-04
   62    38   100     0       6.842120E-05       4.378960E-05
   63    38   101     0       5.268250E-06       3.371680E-06
   64    38   102     0       2.779110E-07       1.778630E-07
   65    38   103     0       2.623070E-08       1.678760E-08
   66    38   104     0       1.499590E-10       9.597370E-11
   67    38   105     0       5.213290E-12       3.336500E-12
   68    38   106     0       0.000000E+00       0.000000E+00
   69    38   107     0       0.000000E+00       0.000000E+00
   47    39    86     0       0.000000E+00       0.000000E+00
   47    39    86     1       0.000000E+00       0.000000E+00
   48    39    87     0       4.966060E-13       3.178280E-13
   48    39    87     1       0.000000E+00       0.000000E+00
   49    39    88     0       1.159680E-09       7.421960E-10
   50    39    89     0       8.903240E-09       5.698070E-09
   50    39    89     1       4.409220E-08       2.821900E-08
   51    39    90     0       4.636330E-07       2.967250E-07
   51    39    90     1       7.760270E-07       4.966570E-07
   52    39    91     0       3.973790E-06       2.543230E-06
   52    39    91     1       1.967970E-05       1.259500E-05
   53    39    92     0       2.238990E-04       1.432950E-04
   54    39    93     0       1.287010E-03       8.236890E-04
   54    39    93     1       1.721860E-04       1.101990E-04
   55    39    94     0       5.380880E-03       3.443760E-03
   56    39    95     0       1.318690E-02       4.219800E-03
   57    39    96     0       2.171830E-03       1.389970E-03
   57    39    96     1       2.223070E-02       7.113820E-03
   58    39    97     0       5.245440E-03       3.357070E-03
   58    39    97     1       2.597740E-02       1.662550E-02
   59    39    98     0       2.808780E-03       8.988110E-04
   59    39    98     1       1.799700E-02       5.759020E-03
   60    39    99     0       1.279840E-02       4.095480E-03
   61    39   100     0       7.508100E-05       4.805180E-05
   61    39   100     1       4.745890E-03       3.796710E-03
   62    39   101     0       1.127680E-03       7.217160E-04
   63    39   102     0       1.604260E-04       1.026730E-04
   64    39   103     0       1.618940E-05       1.036120E-05
   65    39   104     0       8.707610E-07       5.572870E-07
   66    39   105     0       6.204360E-08       3.970790E-08
   67    39   106     0       1.878780E-10       1.202420E-10
   68    39   107     0       6.985900E-12       4.470980E-12
   69    39   108     0       0.000000E+00       0.000000E+00
   70    39   109     0       0.000000E+00       0.000000E+00
   48    40    88     0       3.009170E-14       1.925870E-14
   49    40    89     0       2.608970E-12       1.669740E-12
   49    40    89     1       0.000000E+00       0.000000E+00
   50    40    90     0       5.880790E-11       3.763700E-11
   50    40    90     1       2.850980E-10       1.824630E-10
   51    40    91     0       1.819500E-08       1.164480E-08
   52    40    92     0       6.528210E-07       4.178050E-07
   53    40    93     0       1.106700E-05       7.082860E-06
   54    40    94     0       1.469200E-04       9.402860E-05
   55    40    95     0       8.739700E-04       5.593410E-04
   56    40    96     0       5.359970E-03       3.430380E-03
   57    40    97     0       1.527630E-02       4.888410E-03
   58    40    98     0       3.068110E-02       9.817940E-03
   59    40    99     0       4.095430E-02       1.310540E-02
   60    40   100     0       4.073490E-02       1.303520E-02
   61    40   101     0       2.579620E-02       8.254800E-03
   62    40   102     0       1.267640E-02       4.056450E-03
   63    40   103     0       3.220130E-03       2.060880E-03
   64    40   104     0       6.227990E-04       3.985920E-04
   65    40   105     0       5.674230E-05       3.631510E-05
   66    40   106     0       3.998710E-06       2.559180E-06
   67    40   107     0       1.231970E-07       7.884600E-08
   68    40   108     0       0.000000E+00       0.000000E+00
   69    40   109     0       0.000000E+00       0.000000E+00
   70    40   110     0       0.000000E+00       0.000000E+00
   71    40   111     0       0.000000E+00       0.000000E+00
   72    40   112     0       4.377340E-14       2.801490E-14
   49    41    90     0       0.000000E+00       0.000000E+00
   50    41    91     0       2.906540E-13       1.860190E-13
   50    41    91     1       0.000000E+00       0.000000E+00
   51    41    92     0       1.665020E-11       1.065610E-11
   51    41    92     1       0.000000E+00       0.000000E+00
   52    41    93     0       2.254930E-09       1.443160E-09
   52    41    93     1       4.553230E-10       2.914070E-10
   53    41    94     0       6.208220E-08       3.973260E-08
   53    41    94     1       3.709060E-08       2.373800E-08
   54    41    95     0       1.793300E-06       1.147710E-06
   54    41    95     1       3.621090E-07       2.317500E-07
   55    41    96     0       3.484040E-05       2.229790E-05
   56    41    97     0       2.848650E-04       1.823130E-04
   56    41    97     1       5.752090E-05       3.681330E-05
   57    41    98     0       1.292900E-03       8.274580E-04
   57    41    98     1       3.457570E-04       2.212840E-04
   58    41    99     0       5.758450E-03       3.685410E-03
   58    41    99     1       1.162760E-03       7.441680E-04
   59    41   100     0       2.585440E-03       1.654680E-03
   59    41   100     1       1.253410E-02       8.021820E-03
   60    41   101     0       2.878070E-02       9.209830E-03
   61    41   102     0       7.063010E-03       4.520350E-03
   61    41   102     1       2.460970E-02       1.575030E-02
   62    41   103     0       2.529500E-02       8.094380E-03
   63    41   104     0       2.576090E-03       1.648700E-03
   63    41   104     1       8.975900E-03       5.744570E-03
   64    41   105     0       3.814710E-03       2.441420E-03
   65    41   106     0       7.252010E-04       4.641290E-04
   66    41   107     0       7.603590E-05       4.866290E-05
   67    41   108     0       1.179680E-10       7.549930E-11
   68    41   109     0       1.449600E-12       9.277450E-13
   69    41   110     0       0.000000E+00       0.000000E+00
   70    41   111     0       7.217080E-17       4.618930E-17
   71    41   112     0       4.316480E-10       2.762540E-10
   72    41   113     0       1.302170E-13       8.333930E-14
   73    41   114     0       0.000000E+00       0.000000E+00
   74    41   115     0       0.000000E+00       0.000000E+00
   50    42    92     0       0.000000E+00       0.000000E+00
   51    42    93     0       3.230610E-14       2.067590E-14
   51    42    93     1       2.387840E-14       1.528220E-14
   52    42    94     0       8.067790E-12       5.163380E-12
   53    42    95     0       4.768690E-10       3.051960E-10
   54    42    96     0       2.979180E-08       1.906680E-08
   55    42    97     0       7.767870E-07       4.971440E-07
   56    42    98     0       1.343630E-05       8.599240E-06
   57    42    99     0       1.435210E-04       9.185320E-05
   58    42   100     0       1.062730E-03       6.801460E-04
   59    42   101     0       4.723060E-03       3.022760E-03
   60    42   102     0       1.657800E-02       5.304940E-03
   61    42   103     0       2.877730E-02       9.208730E-03
   62    42   104     0       3.954950E-02       1.265580E-02
   63    42   105     0       3.041560E-02       9.732980E-03
   64    42   106     0       1.956270E-02       6.260070E-03
   65    42   107     0       5.391400E-03       3.450490E-03
   66    42   108     0       6.343260E-05       4.059690E-05
   67    42   109     0       3.718980E-06       2.380150E-06
   68    42   110     0       1.019720E-07       6.526210E-08
   69    42   111     0       1.759520E-09       1.126090E-09
   70    42   112     0       4.764370E-07       3.049200E-07
   71    42   113     0       2.296400E-09       1.469700E-09
   72    42   114     0       9.327440E-12       5.969560E-12
   73    42   115     0       1.146890E-13       7.340080E-14
   74    42   116     0       0.000000E+00       0.000000E+00
   75    42   117     0       0.000000E+00       0.000000E+00
   52    43    95     0       0.000000E+00       0.000000E+00
   52    43    95     1       0.000000E+00       0.000000E+00
   53    43    96     0       0.000000E+00       0.000000E+00
   53    43    96     1       0.000000E+00       0.000000E+00
   54    43    97     0       4.533160E-11       2.901220E-11
   54    43    97     1       9.153490E-12       5.858230E-12
   55    43    98     0       2.559300E-09       1.637950E-09
   56    43    99     0       8.450800E-08       5.408510E-08
   56    43    99     1       1.706410E-08       1.092100E-08
   57    43   100     0       1.979460E-06       1.266850E-06
   58    43   101     0       3.147140E-05       2.014170E-05
   59    43   102     0       4.834550E-05       3.094110E-05
   59    43   102     1       2.343770E-04       1.500010E-04
   60    43   103     0       1.631690E-03       1.044280E-03
   61    43   104     0       5.133010E-03       3.285130E-03
   62    43   105     0       1.268690E-02       4.059830E-03
   63    43   106     0       1.850870E-02       5.922790E-03
   64    43   107     0       1.668840E-02       5.340280E-03
   65    43   108     0       8.768010E-03       5.611530E-03
   66    43   109     0       2.798130E-03       1.790810E-03
   67    43   110     0       4.062290E-04       2.599870E-04
   68    43   111     0       5.441510E-05       3.482560E-05
   69    43   112     0       5.328540E-05       3.410260E-05
   70    43   113     0       1.417310E-06       9.070810E-07
   71    43   114     0       3.569020E-08       2.284170E-08
   72    43   115     0       1.364920E-09       8.735450E-10
   73    43   116     0       8.887560E-12       5.688040E-12
   74    43   117     0       1.258430E-13       8.054010E-14
   75    43   118     0       0.000000E+00       0.000000E+00
   76    43   119     0       0.000000E+00       0.000000E+00
   77    43   120     0       0.000000E+00       0.000000E+00
   54    44    98     0       5.698440E-14       3.647000E-14
   55    44    99     0       6.218290E-12       3.979710E-12
   56    44   100     0       4.588740E-10       2.936790E-10
   57    44   101     0       1.969460E-08       1.260450E-08
   58    44   102     0       6.728150E-07       4.306020E-07
   59    44   103     0       1.012720E-05       6.481420E-06
   60    44   104     0       1.123890E-04       7.192910E-05
   61    44   105     0       7.170830E-04       4.589330E-04
   62    44   106     0       3.581760E-03       2.292320E-03
   63    44   107     0       7.777740E-03       4.977750E-03
   64    44   108     0       1.253500E-02       4.011200E-03
   65    44   109     0       2.431330E-03       1.556050E-03
   65    44   109     1       6.813260E-03       4.360490E-03
   66    44   110     0       5.427110E-03       2.442200E-03
   67    44   111     0       2.508780E-03       1.605620E-03
   68    44   112     0       9.229670E-04       5.906990E-04
   69    44   113     0       1.215170E-04       7.777070E-05
   70    44   114     0       1.702530E-05       1.089620E-05
   71    44   115     0       1.248290E-06       7.989070E-07
   72    44   116     0       7.068060E-08       4.523560E-08
   73    44   117     0       2.219260E-09       1.420330E-09
   74    44   118     0       5.198570E-11       3.327090E-11
   75    44   119     0       6.918100E-13       4.427580E-13
   76    44   120     0       0.000000E+00       0.000000E+00
   77    44   121     0       0.000000E+00       0.000000E+00
   78    44   122     0       0.000000E+00       0.000000E+00
   79    44   123     0       0.000000E+00       0.000000E+00
   80    44   124     0       0.000000E+00       0.000000E+00
   55    45   100     0       0.000000E+00       0.000000E+00
   55    45   100     1       0.000000E+00       0.000000E+00
   56    45   101     0       6.190780E-14       3.962100E-14
   56    45   101     1       3.065910E-13       1.962180E-13
   57    45   102     0       9.538180E-12       6.104440E-12
   57    45   102     1       2.605200E-11       1.667330E-11
   58    45   103     0       2.373510E-10       1.519050E-10
   58    45   103     1       1.774100E-09       1.135420E-09
   59    45   104     0       1.337630E-08       8.560850E-09
   59    45   104     1       4.660720E-08       2.982860E-08
   60    45   105     0       1.312940E-06       8.402800E-07
   60    45   105     1       1.756540E-07       1.124180E-07
   61    45   106     0       5.422830E-06       3.470610E-06
   61    45   106     1       1.481160E-05       9.479430E-06
   62    45   107     0       1.651250E-04       1.056800E-04
   63    45   108     0       7.009200E-06       4.485890E-06
   63    45   108     1       2.442220E-05       1.563020E-05
   64    45   109     0       1.151680E-04       5.211930E-05
   65    45   110     0       4.269720E-05       2.732620E-05
   65    45   110     1       2.069940E-04       1.324760E-04
   66    45   111     0       4.938140E-04       3.160410E-04
   67    45   112     0       5.809210E-04       3.717890E-04
   68    45   113     0       4.473570E-04       2.863080E-04
   69    45   114     0       2.175100E-04       1.392070E-04
   70    45   115     0       7.513940E-05       4.808920E-05
   71    45   116     0       1.283650E-05       8.215350E-06
   72    45   117     0       1.699530E-06       1.087700E-06
   73    45   118     0       1.159680E-07       7.421960E-08
   74    45   119     0       6.198300E-09       3.966910E-09
   75    45   120     0       1.639550E-10       1.049310E-10
   76    45   121     0       3.649000E-12       2.335360E-12
   77    45   122     0       4.008900E-14       2.565700E-14
   78    45   123     0       0.000000E+00       0.000000E+00
   79    45   124     0       0.000000E+00       0.000000E+00
   80    45   125     0       0.000000E+00       0.000000E+00
   81    45   126     0       0.000000E+00       0.000000E+00
   82    45   127     0       0.000000E+00       0.000000E+00
   83    45   128     0       0.000000E+00       0.000000E+00
   56    46   102     0       0.000000E+00       0.000000E+00
   57    46   103     0       3.379070E-14       2.162610E-14
   58    46   104     0       3.838950E-12       2.456930E-12
   59    46   105     0       2.759240E-10       1.765920E-10
   60    46   106     0       1.489590E-08       9.533380E-09
   61    46   107     0       1.107720E-07       7.089380E-08
   61    46   107     1       2.431310E-07       1.556040E-07
   62    46   108     0       1.079700E-10       6.910100E-11
   63    46   109     0       5.801430E-10       3.712910E-10
   63    46   109     1       1.273350E-09       8.149430E-10
   64    46   110     0       3.189130E-08       2.041040E-08
   65    46   111     0       1.070170E-07       6.849060E-08
   65    46   111     1       2.348900E-07       1.503290E-07
   66    46   112     0       7.269000E-05       4.652160E-05
   67    46   113     0       2.471720E-04       1.581910E-04
   68    46   114     0       5.314840E-04       3.401500E-04
   69    46   115     0       5.420110E-04       3.468870E-04
   70    46   116     0       3.461550E-04       2.215390E-04
   71    46   117     0       1.272650E-04       8.144960E-05
   72    46   118     0       3.324090E-05       2.127420E-05
   73    46   119     0       4.878660E-06       3.122340E-06
   74    46   120     0       5.218570E-07       3.339880E-07
   75    46   121     0       3.319090E-08       2.124220E-08
   76    46   122     0       1.469600E-09       9.405420E-10
   77    46   123     0       0.000000E+00       0.000000E+00
   78    46   124     0       0.000000E+00       0.000000E+00
   79    46   125     0       0.000000E+00       0.000000E+00
   80    46   126     0       0.000000E+00       0.000000E+00
   81    46   127     0       0.000000E+00       0.000000E+00
   82    46   128     0       0.000000E+00       0.000000E+00
   83    46   129     0       1.088160E-12       6.964260E-13
   84    46   130     0       0.000000E+00       0.000000E+00
   85    46   131     0       0.000000E+00       0.000000E+00
   58    47   105     0       0.000000E+00       0.000000E+00
   58    47   105     1       0.000000E+00       0.000000E+00
   59    47   106     0       6.349860E-14       4.063910E-14
   59    47   106     1       1.734360E-13       1.109990E-13
   60    47   107     0       2.760440E-12       1.766680E-12
   60    47   107     1       2.063310E-11       1.320520E-11
   61    47   108     0       0.000000E+00       0.000000E+00
   61    47   108     1       0.000000E+00       0.000000E+00
   62    47   109     0       0.000000E+00       0.000000E+00
   62    47   109     1       0.000000E+00       0.000000E+00
   63    47   110     0       0.000000E+00       0.000000E+00
   63    47   110     1       0.000000E+00       0.000000E+00
   64    47   111     0       0.000000E+00       0.000000E+00
   64    47   111     1       5.061290E-14       3.239230E-14
   65    47   112     0       2.539300E-07       1.625150E-07
   66    47   113     0       7.480330E-07       4.787410E-07
   66    47   113     1       5.591230E-06       3.578390E-06
   67    47   114     0       4.851670E-05       3.105070E-05
   68    47   115     0       2.422110E-05       1.550150E-05
   68    47   115     1       1.810430E-04       1.158670E-04
   69    47   116     0       8.777270E-05       5.617450E-05
   69    47   116     1       2.397370E-04       1.534320E-04
   70    47   117     0       4.884100E-05       3.125810E-05
   70    47   117     1       3.650650E-04       2.336410E-04
   71    47   118     0       4.536070E-05       2.903080E-05
   71    47   118     1       2.199070E-04       1.407400E-04
   72    47   119     0       1.359930E-04       8.703530E-05
   73    47   120     0       1.470540E-05       9.411450E-06
   73    47   120     1       2.461380E-05       1.575280E-05
   74    47   121     0       9.477400E-06       6.065540E-06
   75    47   122     0       1.169680E-06       5.293360E-07
   76    47   123     0       6.548200E-11       4.190850E-11
   77    47   124     0       8.507670E-12       5.444910E-12
   78    47   125     0       1.329640E-12       8.509660E-13
   79    47   126     0       1.129690E-13       7.230020E-14
   80    47   127     0       1.359630E-14       8.701610E-15
   81    47   128     0       0.000000E+00       0.000000E+00
   82    47   129     0       1.295030E-08       8.288210E-09
   83    47   130     0       2.639280E-10       1.689140E-10
   84    47   131     0       8.446280E-12       5.405620E-12
   85    47   132     0       2.118330E-13       1.355730E-13
   86    47   133     0       0.000000E+00       0.000000E+00
   60    48   108     0       0.000000E+00       0.000000E+00
   61    48   109     0       0.000000E+00       0.000000E+00
   62    48   110     0       0.000000E+00       0.000000E+00
   63    48   111     0       0.000000E+00       0.000000E+00
   63    48   111     1       0.000000E+00       0.000000E+00
   64    48   112     0       1.129690E-10       7.230020E-11
   65    48   113     0       3.466360E-09       2.218470E-09
   65    48   113     1       1.311910E-08       8.396220E-09
   66    48   114     0       7.198020E-07       4.606740E-07
   67    48   115     0       2.179270E-06       1.394730E-06
   67    48   115     1       8.247870E-06       5.278630E-06
   68    48   116     0       6.338260E-05       4.056490E-05
   69    48   117     0       4.232760E-05       2.708970E-05
   69    48   117     1       1.601970E-04       1.025260E-04
   70    48   118     0       4.208650E-04       2.693530E-04
   71    48   119     0       1.292820E-04       8.274020E-05
   71    48   119     1       3.622830E-04       2.318610E-04
   72    48   120     0       4.759890E-04       3.046330E-04
   73    48   121     0       7.426920E-05       4.753230E-05
   73    48   121     1       2.081230E-04       1.331990E-04
   74    48   122     0       1.251460E-04       8.009320E-05
   75    48   123     0       9.327440E-06       5.969560E-06
   76    48   124     0       3.918920E-06       2.508110E-06
   77    48   125     0       1.439600E-06       9.213470E-07
   78    48   126     0       4.708710E-07       3.013570E-07
   79    48   127     0       1.439600E-07       9.213470E-08
   80    48   128     0       3.479050E-08       2.226590E-08
   81    48   129     0       1.184370E-05       7.580030E-06
   82    48   130     0       2.099420E-06       1.343630E-06
   83    48   131     0       1.489510E-07       9.532840E-08
   84    48   132     0       4.508550E-09       2.885470E-09
   85    48   133     0       3.578230E-11       2.290070E-11
   86    48   134     0       2.959190E-13       1.893880E-13
   87    48   135     0       0.000000E+00       0.000000E+00
   88    48   136     0       0.000000E+00       0.000000E+00
   61    49   110     0       0.000000E+00       0.000000E+00
   61    49   110     1       0.000000E+00       0.000000E+00
   62    49   111     0       0.000000E+00       0.000000E+00
   62    49   111     1       0.000000E+00       0.000000E+00
   63    49   112     0       0.000000E+00       0.000000E+00
   63    49   112     1       0.000000E+00       0.000000E+00
   64    49   113     0       1.122890E-12       7.186510E-13
   64    49   113     1       2.267380E-13       1.451120E-13
   65    49   114     0       5.684940E-11       3.638360E-11
   65    49   114     1       1.980810E-10       1.267720E-10
   66    49   115     0       1.603660E-08       1.026340E-08
   66    49   115     1       3.238150E-09       2.072420E-09
   67    49   116     0       5.797990E-08       3.710720E-08
   67    49   116     1       2.025720E-07       1.296460E-07
   67    49   116     2       9.734900E-08       6.230350E-08
   68    49   117     0       3.777910E-06       2.417860E-06
   68    49   117     1       7.628470E-07       4.882220E-07
   69    49   118     0       3.930660E-06       2.515620E-06
   69    49   118     1       1.373310E-05       8.789150E-06
   69    49   118     2       6.599630E-06       4.223760E-06
   70    49   119     0       7.820320E-05       5.005000E-05
   70    49   119     1       1.579100E-05       1.010630E-05
   71    49   120     0       8.009630E-05       5.126170E-05
   71    49   120     1       2.054520E-04       9.720750E-05
   72    49   121     0       3.334410E-04       2.134020E-04
   72    49   121     1       6.732940E-05       4.309080E-05
   73    49   122     0       9.157440E-05       5.860760E-05
   73    49   122     1       4.559550E-04       2.222050E-04
   74    49   123     0       4.735030E-04       3.030420E-04
   74    49   123     1       9.561110E-05       6.119110E-05
   75    49   124     0       2.280230E-04       1.459350E-04
   75    49   124     1       2.460370E-04       1.574640E-04
   76    49   125     0       4.141890E-04       2.650810E-04
   76    49   125     1       8.363430E-05       5.352590E-05
   77    49   126     0       1.922410E-04       1.230350E-04
   77    49   126     1       2.074290E-04       1.327550E-04
   78    49   127     0       3.343560E-04       2.139880E-04
   78    49   127     1       6.751410E-05       4.320920E-05
   79    49   128     0       1.303630E-04       8.343250E-05
   79    49   128     1       1.406620E-04       9.002390E-05
   80    49   129     0       7.006680E-04       4.484280E-04
   80    49   129     1       1.414810E-04       9.054800E-05
   81    49   130     0       5.079010E-04       1.625280E-04
   82    49   131     0       5.813610E-05       3.720710E-05
   82    49   131     1       1.171090E-05       7.494950E-06
   82    49   131     2       4.285480E-05       3.428380E-05
   83    49   132     0       9.507390E-06       6.084730E-06
   84    49   133     0       4.258470E-07       2.725420E-07
   85    49   134     0       9.217470E-09       5.899180E-09
   86    49   135     0       7.766040E-11       4.970270E-11
   87    49   136     0       6.718160E-13       4.299620E-13
   88    49   137     0       0.000000E+00       0.000000E+00
   89    49   138     0       0.000000E+00       0.000000E+00
   63    50   113     0       0.000000E+00       0.000000E+00
   63    50   113     1       0.000000E+00       0.000000E+00
   64    50   114     0       1.069710E-14       6.846120E-15
   65    50   115     0       3.169130E-12       2.028240E-12
   66    50   116     0       2.639280E-10       1.689140E-10
   67    50   117     0       2.152110E-09       1.377350E-09
   67    50   117     1       8.145060E-09       5.212840E-09
   68    50   118     0       2.169400E-07       1.388420E-07
   69    50   119     0       4.680320E-07       2.995400E-07
   69    50   119     1       1.771350E-06       1.133670E-06
   70    50   120     0       1.859490E-05       1.190070E-05
   71    50   121     0       6.239940E-05       3.993560E-05
   71    50   121     1       2.226740E-05       1.425110E-05
   72    50   122     0       2.808430E-04       1.797400E-04
   73    50   123     0       2.571420E-04       1.645710E-04
   73    50   123     1       9.176180E-05       5.872760E-05
   74    50   124     0       6.193100E-04       3.963580E-04
   75    50   125     0       7.310210E-04       4.678540E-04
   75    50   125     1       2.608670E-04       1.669540E-04
   76    50   126     0       1.876090E-03       8.442380E-04
   77    50   127     0       2.340750E-03       1.498090E-03
   77    50   127     1       8.353030E-04       5.345940E-04
   78    50   128     0       5.867190E-03       2.655190E-03
   79    50   129     0       1.856640E-03       1.188250E-03
   79    50   129     1       5.202840E-03       3.329820E-03
   80    50   130     0       2.753750E-03       1.762400E-03
   80    50   130     1       7.521450E-03       4.813730E-03
   81    50   131     0       1.893830E-03       1.212050E-03
   81    50   131     1       5.307040E-03       3.396510E-03
   82    50   132     0       2.565120E-03       1.641670E-03
   83    50   133     0       3.555920E-04       2.275800E-04
   84    50   134     0       3.393070E-05       2.171560E-05
   85    50   135     0       1.369540E-06       8.765090E-07
   86    50   136     0       3.738970E-08       2.392940E-08
   87    50   137     0       3.748970E-10       2.399340E-10
   88    50   138     0       4.808680E-12       3.077560E-12
   89    50   139     0       0.000000E+00       0.000000E+00
   90    50   140     0       0.000000E+00       0.000000E+00
   65    51   116     0       0.000000E+00       0.000000E+00
   65    51   116     1       0.000000E+00       0.000000E+00
   66    51   117     0       7.218020E-13       4.619530E-13
   67    51   118     0       1.686280E-11       1.079220E-11
   67    51   118     1       2.822490E-11       1.806390E-11
   68    51   119     0       1.829500E-09       1.170880E-09
   69    51   120     0       1.630190E-08       1.043320E-08
   69    51   120     1       2.728610E-08       1.746310E-08
   70    51   121     0       7.457950E-07       4.773090E-07
   71    51   122     0       2.749130E-06       1.759440E-06
   71    51   122     1       3.689110E-06       2.361030E-06
   72    51   123     0       3.639000E-07       2.328960E-07
   73    51   124     0       3.239950E-07       2.073570E-07
   73    51   124     1       6.805250E-07       4.355360E-07
   73    51   124     2       3.497520E-07       2.238410E-07
   74    51   125     0       6.108320E-06       3.909330E-06
   75    51   126     0       1.060970E-05       6.790230E-06
   75    51   126     1       2.221130E-05       1.060280E-05
   76    51   127     0       1.163080E-04       7.443720E-05
   77    51   128     0       1.827330E-04       1.169490E-04
   77    51   128     1       2.554760E-04       1.635050E-04
   78    51   129     0       1.021850E-03       6.539850E-04
   78    51   129     1       1.652050E-03       1.321640E-03
   79    51   130     0       4.054090E-03       2.594610E-03
   79    51   130     1       5.667940E-03       3.627480E-03
   80    51   131     0       2.174650E-02       6.958880E-03
   81    51   132     0       1.030120E-02       3.296390E-03
   81    51   132     1       9.135010E-03       5.846400E-03
   82    51   133     0       1.046280E-02       3.348110E-03
   83    51   134     0       7.883900E-04       5.045690E-04
   83    51   134     1       2.153360E-03       1.378150E-03
   84    51   135     0       5.204170E-04       3.330670E-04
   85    51   136     0       4.504760E-05       2.883050E-05
   86    51   137     0       1.899480E-06       1.215670E-06
   87    51   138     0       7.278000E-08       4.657920E-08
   88    51   139     0       1.789510E-09       1.145290E-09
   89    51   140     0       2.480000E-11       1.587190E-11
   90    51   141     0       2.021130E-12       1.293530E-12
   91    51   142     0       0.000000E+00       0.000000E+00
   92    51   143     0       0.000000E+00       0.000000E+00
   67    52   119     0       5.676970E-15       3.633260E-15
   67    52   119     1       0.000000E+00       0.000000E+00
   68    52   120     0       1.279650E-11       8.189750E-12
   69    52   121     0       1.310070E-10       8.384450E-11
   69    52   121     1       4.958210E-10       3.173250E-10
   70    52   122     0       2.109420E-08       1.350030E-08
   71    52   123     0       6.824070E-14       4.367400E-14
   71    52   123     1       2.582700E-13       1.652930E-13
   72    52   124     0       3.978910E-12       2.546500E-12
   73    52   125     0       8.754700E-12       5.603010E-12
   73    52   125     1       3.313380E-11       2.120560E-11
   74    52   126     0       6.558200E-10       4.197250E-10
   75    52   127     0       1.950920E-09       1.248590E-09
   75    52   127     1       5.467040E-09       3.498910E-09
   76    52   128     0       1.099700E-07       7.038070E-08
   77    52   129     0       4.844970E-05       3.100780E-05
   77    52   129     1       1.357700E-04       8.689260E-05
   78    52   130     0       1.881390E-03       1.204090E-03
   79    52   131     0       2.601330E-03       1.664850E-03
   79    52   131     1       7.289660E-03       4.665380E-03
   80    52   132     0       2.939440E-02       9.406230E-03
   81    52   133     0       1.044520E-02       3.342470E-03
   81    52   133     1       2.927030E-02       9.366500E-03
   82    52   134     0       4.041530E-02       1.293300E-02
   83    52   135     0       2.025840E-02       6.482710E-03
   84    52   136     0       7.114630E-03       4.553360E-03
   85    52   137     0       8.649130E-04       5.535440E-04
   86    52   138     0       1.321140E-04       8.455280E-05
   87    52   139     0       9.247460E-06       5.918380E-06
   88    52   140     0       5.278300E-07       3.378110E-07
   89    52   141     0       3.564270E-08       2.281130E-08
   90    52   142     0       2.919200E-10       1.868290E-10
   91    52   143     0       6.612490E-12       4.231990E-12
   92    52   144     0       0.000000E+00       0.000000E+00
   93    52   145     0       0.000000E+00       0.000000E+00
   69    53   122     0       0.000000E+00       0.000000E+00
   70    53   123     0       0.000000E+00       0.000000E+00
   71    53   124     0       0.000000E+00       0.000000E+00
   72    53   125     0       0.000000E+00       0.000000E+00
   73    53   126     0       0.000000E+00       0.000000E+00
   74    53   127     0       0.000000E+00       0.000000E+00
   75    53   128     0       0.000000E+00       0.000000E+00
   76    53   129     0       4.048890E-07       2.591290E-07
   77    53   130     0       7.779020E-06       4.978580E-06
   77    53   130     1       2.848060E-06       1.822760E-06
   78    53   131     0       2.043840E-04       1.308060E-04
   79    53   132     0       8.447450E-04       5.406370E-04
   79    53   132     1       7.642930E-04       4.891480E-04
   80    53   133     0       4.587790E-03       2.936190E-03
   80    53   133     1       3.390980E-03       2.170230E-03
   81    53   134     0       1.087370E-02       3.479600E-03
   81    53   134     1       9.642720E-03       4.339230E-03
   82    53   135     0       3.660440E-02       1.171340E-02
   83    53   136     0       8.887070E-03       2.843860E-03
   83    53   136     1       2.427360E-02       7.767560E-03
   84    53   137     0       1.448500E-02       3.331560E-03
   85    53   138     0       5.860070E-03       3.750450E-03
   86    53   139     0       1.531260E-03       9.800060E-04
   87    53   140     0       2.345560E-04       1.501160E-04
   88    53   141     0       2.199830E-05       1.407890E-05
   89    53   142     0       1.419610E-06       9.085510E-07
   90    53   143     0       7.869550E-08       5.036520E-08
   91    53   144     0       2.287420E-10       1.463950E-10
   92    53   145     0       8.956460E-12       5.732140E-12
   93    53   146     0       1.789540E-13       1.145310E-13
   94    53   147     0       0.000000E+00       0.000000E+00
   95    53   148     0       0.000000E+00       0.000000E+00
   71    54   125     0       0.000000E+00       0.000000E+00
   72    54   126     0       0.000000E+00       0.000000E+00
   73    54   127     0       0.000000E+00       0.000000E+00
   73    54   127     1       0.000000E+00       0.000000E+00
   74    54   128     0       0.000000E+00       0.000000E+00
   75    54   129     0       1.663180E-11       1.064440E-11
   75    54   129     1       6.294630E-11       4.028560E-11
   76    54   130     0       7.837850E-09       5.016220E-09
   77    54   131     0       1.114810E-07       7.134810E-08
   77    54   131     1       3.124020E-07       1.999370E-07
   78    54   132     0       1.357630E-05       8.688810E-06
   79    54   133     0       5.274600E-05       3.375740E-05
   79    54   133     1       1.478090E-04       9.459780E-05
   80    54   134     0       5.443760E-04       3.484010E-04
   80    54   134     1       1.486880E-03       9.516010E-04
   81    54   135     0       2.612220E-03       1.671820E-03
   81    54   135     1       7.320180E-03       4.684910E-03
   82    54   136     0       3.180360E-02       1.017710E-02
   83    54   137     0       4.509310E-02       1.442980E-02
   84    54   138     0       4.395440E-02       1.406540E-02
   85    54   139     0       2.766990E-02       8.854360E-03
   86    54   140     0       1.449630E-02       4.638820E-03
   87    54   141     0       3.492410E-03       2.235150E-03
   88    54   142     0       8.515060E-04       5.449640E-04
   89    54   143     0       1.892850E-05       1.211420E-05
   89    54   143     1       5.304300E-05       3.394750E-05
   90    54   144     0       4.868430E-06       3.115800E-06
   91    54   145     0       1.579480E-07       1.010860E-07
   92    54   146     0       3.808770E-09       2.437620E-09
   93    54   147     0       1.936130E-11       1.239120E-11
   94    54   148     0       3.718980E-13       2.380150E-13
   95    54   149     0       0.000000E+00       0.000000E+00
   96    54   150     0       0.000000E+00       0.000000E+00
   73    55   128     0       0.000000E+00       0.000000E+00
   74    55   129     0       0.000000E+00       0.000000E+00
   75    55   130     0       0.000000E+00       0.000000E+00
   76    55   131     0       2.729250E-11       1.746720E-11
   77    55   132     0       2.659270E-09       1.701930E-09
   78    55   133     0       1.739520E-07       1.113290E-07
   79    55   134     0       2.914200E-06       1.865090E-06
   79    55   134     1       2.584290E-06       1.653950E-06
   80    55   135     0       6.643450E-05       4.251810E-05
   80    55   135     1       4.910380E-05       3.142640E-05
   81    55   136     0       6.176060E-04       3.952680E-04
   81    55   136     1       4.417530E-04       2.827220E-04
   82    55   137     0       5.327750E-03       3.409750E-03
   83    55   138     0       4.682520E-03       2.996810E-03
   83    55   138     1       7.837580E-03       3.526910E-03
   84    55   139     0       2.488210E-02       7.962280E-03
   85    55   140     0       2.904360E-02       9.293970E-03
   86    55   141     0       2.235820E-02       7.154630E-03
   87    55   142     0       1.345290E-02       4.304940E-03
   88    55   143     0       4.210430E-03       2.694680E-03
   89    55   144     0       7.878840E-04       5.042460E-04
   90    55   145     0       1.014620E-04       6.493580E-05
   91    55   146     0       6.938100E-06       4.440380E-06
   92    55   147     0       2.304200E-07       1.474690E-07
   93    55   148     0       7.837850E-09       5.016220E-09
   94    55   149     0       7.879420E-11       5.042830E-11
   95    55   150     0       1.689540E-12       1.081300E-12
   96    55   151     0       2.292560E-13       1.467240E-13
   97    55   152     0       0.000000E+00       0.000000E+00
   75    56   131     0       0.000000E+00       0.000000E+00
   76    56   132     0       6.108320E-14       3.909330E-14
   77    56   133     0       5.764310E-13       3.689160E-13
   77    56   133     1       0.000000E+00       0.000000E+00
   78    56   134     0       1.879480E-09       1.202870E-09
   79    56   135     0       3.418060E-08       2.187560E-08
   79    56   135     1       9.578370E-08       6.130160E-08
   80    56   136     0       1.393220E-06       8.916590E-07
   80    56   136     1       3.805360E-06       2.435430E-06
   81    56   137     0       1.957500E-05       1.252800E-05
   81    56   137     1       5.485460E-05       3.510690E-05
   82    56   138     0       6.561100E-04       4.199110E-04
   83    56   139     0       3.245180E-03       2.076910E-03
   84    56   140     0       1.219350E-02       3.901900E-03
   85    56   141     0       2.099590E-02       6.718720E-03
   86    56   142     0       3.984400E-02       1.275010E-02
   87    56   143     0       2.961320E-02       9.476230E-03
   88    56   144     0       1.913080E-02       6.121840E-03
   89    56   145     0       6.436400E-03       4.119300E-03
   90    56   146     0       1.623840E-03       1.039260E-03
   91    56   147     0       2.107310E-04       1.348680E-04
   92    56   148     0       1.966460E-05       1.258530E-05
   93    56   149     0       1.389540E-06       8.893060E-07
   94    56   150     0       4.448780E-08       2.847220E-08
   95    56   151     0       4.042950E-09       2.587490E-09
   96    56   152     0       1.989450E-11       1.273250E-11
   97    56   153     0       3.309440E-13       2.118050E-13
   98    56   154     0       0.000000E+00       0.000000E+00
   76    57   133     0       0.000000E+00       0.000000E+00
   77    57   134     0       0.000000E+00       0.000000E+00
   78    57   135     0       4.448780E-12       2.847220E-12
   79    57   136     0       0.000000E+00       0.000000E+00
   80    57   137     0       3.489040E-08       2.232990E-08
   81    57   138     0       8.897560E-07       5.694440E-07
   82    57   139     0       1.678540E-05       1.074270E-05
   83    57   140     0       1.627450E-04       1.041570E-04
   84    57   141     0       9.659450E-04       6.182040E-04
   85    57   142     0       4.450770E-03       2.848490E-03
   86    57   143     0       1.094940E-02       3.503810E-03
   87    57   144     0       1.644650E-02       5.262890E-03
   88    57   145     0       1.805360E-02       5.777170E-03
   89    57   146     0       3.493930E-03       2.236120E-03
   89    57   146     1       7.323200E-03       4.686840E-03
   90    57   147     0       4.868960E-03       3.116130E-03
   91    57   148     0       1.184270E-03       7.579300E-04
   92    57   149     0       2.979180E-04       1.906680E-04
   93    57   150     0       2.567300E-05       1.643070E-05
   94    57   151     0       2.495280E-06       1.596970E-06
   95    57   152     0       1.119690E-07       7.166030E-08
   96    57   153     0       3.938590E-09       2.520700E-09
   97    57   154     0       7.497940E-11       4.798680E-11
   98    57   155     0       1.077040E-12       6.893070E-13
   99    57   156     0       2.418940E-14       1.548120E-14
  100    57   157     0       0.000000E+00       0.000000E+00
   77    58   135     0       0.000000E+00       0.000000E+00
   78    58   136     0       0.000000E+00       0.000000E+00
   79    58   137     0       9.681000E-14       6.195840E-14
   79    58   137     1       0.000000E+00       0.000000E+00
   80    58   138     0       1.489590E-10       9.533380E-11
   81    58   139     0       2.113940E-09       1.352920E-09
   81    58   139     1       5.923850E-09       3.791270E-09
   82    58   140     0       2.979180E-07       1.906680E-07
   83    58   141     0       4.768690E-06       3.051960E-06
   84    58   142     0       8.250740E-05       5.280470E-05
   85    58   143     0       5.416310E-04       3.466440E-04
   86    58   144     0       2.874640E-03       1.839780E-03
   87    58   145     0       7.631300E-03       4.884030E-03
   88    58   146     0       1.451220E-02       4.643930E-03
   89    58   147     0       1.484550E-02       4.750590E-03
   90    58   148     0       1.170890E-02       3.746850E-03
   91    58   149     0       6.815030E-03       4.361620E-03
   92    58   150     0       2.028620E-03       1.298320E-03
   93    58   151     0       4.958540E-04       3.173470E-04
   94    58   152     0       7.775870E-05       4.976550E-05
   95    58   153     0       7.028070E-06       4.497970E-06
   96    58   154     0       4.848670E-07       3.103150E-07
   97    58   155     0       1.899370E-08       1.215600E-08
   98    58   156     0       5.148350E-10       3.294950E-10
   99    58   157     0       7.138040E-12       4.568350E-12
  100    58   158     0       9.577370E-14       6.129520E-14
  101    58   159     0       0.000000E+00       0.000000E+00
  102    58   160     0       0.000000E+00       0.000000E+00
   79    59   138     0       0.000000E+00       0.000000E+00
   79    59   138     1       0.000000E+00       0.000000E+00
   80    59   139     0       1.149680E-13       7.357980E-14
   81    59   140     0       1.199670E-11       7.677890E-12
   82    59   141     0       7.487940E-10       4.792280E-10
   83    59   142     0       9.886490E-09       6.327350E-09
   83    59   142     1       2.700340E-08       1.728220E-08
   84    59   143     0       9.727330E-07       6.225490E-07
   85    59   144     0       1.291930E-06       8.268320E-07
   85    59   144     1       1.322410E-05       8.463420E-06
   86    59   145     0       1.453600E-04       9.303050E-05
   87    59   146     0       6.977680E-04       4.465710E-04
   88    59   147     0       2.386870E-03       1.527600E-03
   89    59   148     0       7.432150E-04       4.756600E-04
   89    59   148     1       3.603070E-03       2.305980E-03
   90    59   149     0       7.603520E-03       4.866250E-03
   91    59   150     0       5.068630E-03       3.243920E-03
   92    59   151     0       3.895070E-03       2.492850E-03
   93    59   152     0       1.404120E-03       8.986390E-04
   94    59   153     0       4.223640E-04       2.703130E-04
   95    59   154     0       7.201020E-05       4.608660E-05
   96    59   155     0       1.024720E-05       6.558200E-06
   97    59   156     0       7.178030E-07       4.593940E-07
   98    59   157     0       3.619010E-08       2.316160E-08
   99    59   158     0       1.289650E-09       8.253730E-10
  100    59   159     0       1.989450E-11       1.273250E-11
  101    59   160     0       2.219390E-13       1.420410E-13
  102    59   161     0       3.928370E-15       2.514160E-15
  103    59   162     0       0.000000E+00       0.000000E+00
   81    60   141     0       0.000000E+00       0.000000E+00
   82    60   142     0       1.969460E-12       1.260450E-12
   83    60   143     0       1.549570E-10       9.917280E-11
   84    60   144     0       9.507390E-09       6.084730E-09
   85    60   145     0       2.769240E-07       1.772310E-07
   86    60   146     0       5.108600E-06       3.269500E-06
   87    60   147     0       4.683710E-05       2.997580E-05
   88    60   148     0       3.054960E-04       1.955170E-04
   89    60   149     0       1.247780E-03       7.985780E-04
   90    60   150     0       2.653020E-03       1.697930E-03
   91    60   151     0       4.431380E-03       2.836080E-03
   92    60   152     0       4.694610E-03       3.004560E-03
   93    60   153     0       3.046550E-03       1.949790E-03
   94    60   154     0       1.616960E-03       1.034860E-03
   95    60   155     0       5.519990E-04       3.532790E-04
   96    60   156     0       1.304040E-04       8.345870E-05
   97    60   157     0       1.646550E-05       1.053790E-05
   98    60   158     0       2.079430E-06       1.330830E-06
   99    60   159     0       8.617630E-08       5.515290E-08
  100    60   160     0       3.519030E-09       2.252180E-09
  101    60   161     0       6.927710E-11       4.433730E-11
  102    60   162     0       7.148040E-13       4.574740E-13
  103    60   163     0       0.000000E+00       0.000000E+00
  104    60   164     0       0.000000E+00       0.000000E+00
   83    61   144     0       1.339630E-13       8.573650E-14
   84    61   145     0       1.619560E-11       1.036520E-11
   85    61   146     0       8.617640E-10       5.515290E-10
   86    61   147     0       3.129140E-08       2.002650E-08
   87    61   148     0       1.527180E-07       9.773960E-08
   87    61   148     1       4.171260E-07       2.669600E-07
   88    61   149     0       8.317720E-06       5.323340E-06
   89    61   150     0       4.524760E-05       2.895850E-05
   90    61   151     0       2.512510E-04       1.608010E-04
   91    61   152     0       7.900430E-05       5.056260E-05
   91    61   152     1       3.831410E-04       2.452090E-04
   91    61   152     2       1.318720E-04       8.439770E-05
   92    61   153     0       1.153750E-03       7.384020E-04
   93    61   154     0       1.140700E-03       7.300450E-04
   93    61   154     1       1.526100E-04       9.767040E-05
   94    61   155     0       1.336320E-03       8.552470E-04
   95    61   156     0       6.902110E-04       4.417350E-04
   96    61   157     0       2.758040E-04       1.765150E-04
   97    61   158     0       8.248740E-05       5.279190E-05
   98    61   159     0       1.202670E-05       7.697090E-06
   99    61   160     0       1.239660E-06       7.933820E-07
  100    61   161     0       8.737600E-08       5.592070E-08
  101    61   162     0       2.349360E-09       1.503590E-09
  102    61   163     0       6.308270E-11       4.037290E-11
  103    61   164     0       8.127770E-13       5.201770E-13
  104    61   165     0       0.000000E+00       0.000000E+00
  105    61   166     0       9.957570E-17       6.372840E-17
   84    62   146     0       1.699530E-14       1.087700E-14
   85    62   147     0       1.799510E-12       1.151680E-12
   86    62   148     0       1.319640E-10       8.445680E-11
   87    62   149     0       5.198570E-09       3.327090E-09
   88    62   150     0       1.079700E-07       6.910100E-08
   89    62   151     0       1.559570E-06       9.981260E-07
   90    62   152     0       1.264650E-05       8.093780E-06
   91    62   153     0       5.861390E-05       3.751290E-05
   92    62   154     0       2.093630E-04       1.339920E-04
   93    62   155     0       4.876060E-04       3.120680E-04
   94    62   156     0       7.462050E-04       4.775710E-04
   95    62   157     0       6.292470E-04       4.027180E-04
   96    62   158     0       5.607960E-04       3.589100E-04
   97    62   159     0       1.859590E-04       1.190130E-04
   98    62   160     0       6.164310E-05       3.945160E-05
   99    62   161     0       1.046710E-05       6.698960E-06
  100    62   162     0       9.737330E-07       6.231890E-07
  101    62   163     0       6.838120E-08       4.376400E-08
  102    62   164     0       3.169130E-09       2.028240E-09
  103    62   165     0       9.527390E-11       6.097530E-11
  104    62   166     0       2.119320E-12       1.356370E-12
  105    62   167     0       1.799510E-14       1.151680E-14
  106    62   168     0       0.000000E+00       0.000000E+00
   86    63   149     0       9.727330E-14       6.225490E-14
   87    63   150     0       0.000000E+00       0.000000E+00
   87    63   150     1       0.000000E+00       0.000000E+00
   88    63   151     0       3.109150E-10       1.989850E-10
   89    63   152     0       3.010220E-09       1.926540E-09
   89    63   152     1       2.951190E-10       1.888770E-10
   89    63   152     2       3.246310E-09       2.077640E-09
   90    63   153     0       1.079700E-07       6.910100E-08
   91    63   154     0       4.674040E-07       2.991380E-07
   91    63   154     1       5.043300E-07       3.227710E-07
   92    63   155     0       7.887840E-06       5.048210E-06
   93    63   156     0       2.835220E-05       1.814540E-05
   94    63   157     0       7.493940E-05       4.796120E-05
   95    63   158     0       1.448100E-04       9.267860E-05
   96    63   159     0       1.448000E-04       9.267220E-05
   97    63   160     0       1.016120E-04       6.503180E-05
   98    63   161     0       5.200570E-05       3.328370E-05
   99    63   162     0       1.090700E-05       6.980480E-06
  100    63   163     0       2.569300E-06       1.644350E-06
  101    63   164     0       2.909200E-07       1.861890E-07
  102    63   165     0       3.049160E-08       1.951460E-08
  103    63   166     0       1.739520E-09       1.113290E-09
  104    63   167     0       5.498490E-11       3.519030E-11
  105    63   168     0       4.518760E-13       2.892010E-13
  106    63   169     0       1.169580E-14       7.485320E-15
  107    63   170     0       0.000000E+00       0.000000E+00
   87    64   151     0       0.000000E+00       0.000000E+00
   88    64   152     0       4.068880E-13       2.604090E-13
   89    64   153     0       1.779510E-11       1.138890E-11
   90    64   154     0       5.828400E-10       3.730180E-10
   91    64   155     0       1.259650E-08       8.061790E-09
   92    64   156     0       1.609560E-07       1.030120E-07
   93    64   157     0       1.049710E-06       6.718160E-07
   94    64   158     0       6.818130E-06       4.363600E-06
   95    64   159     0       1.618560E-05       1.035880E-05
   96    64   160     0       3.501040E-05       2.240670E-05
   97    64   161     0       3.839950E-05       2.457570E-05
   98    64   162     0       2.362350E-05       1.511910E-05
   99    64   163     0       1.216670E-05       7.786660E-06
  100    64   164     0       4.208840E-06       2.693660E-06
  101    64   165     0       1.009720E-06       6.462230E-07
  102    64   166     0       1.909480E-07       1.222060E-07
  103    64   167     0       1.539580E-08       9.853300E-09
  104    64   168     0       4.438780E-10       2.840820E-10
  105    64   169     0       2.959190E-11       1.893880E-11
  106    64   170     0       1.129690E-12       7.230020E-13
  107    64   171     0       2.249250E-14       1.439520E-14
  108    64   172     0       4.810380E-16       3.848310E-16
   89    65   154     0       0.000000E+00       0.000000E+00
   89    65   154     1       0.000000E+00       0.000000E+00
   89    65   154     2       0.000000E+00       0.000000E+00
   90    65   155     0       6.178300E-13       3.954110E-13
   91    65   156     0       8.513360E-12       5.448550E-12
   91    65   156     1       8.305720E-13       5.315660E-13
   91    65   156     2       2.611390E-11       2.089110E-11
   92    65   157     0       4.948640E-10       3.167130E-10
   93    65   158     0       7.496380E-09       4.797690E-09
   93    65   158     1       7.323580E-10       4.687090E-10
   94    65   159     0       7.058060E-08       4.517160E-08
   95    65   160     0       3.748970E-07       2.399340E-07
   96    65   161     0       1.359630E-06       8.701610E-07
   97    65   162     0       1.899480E-06       8.596060E-07
   98    65   163     0       3.049160E-06       1.951460E-06
   99    65   164     0       2.239390E-06       1.433210E-06
  100    65   165     0       1.579570E-06       1.010920E-06
  101    65   166     0       6.428240E-07       4.114070E-07
  102    65   167     0       1.649550E-07       1.055710E-07
  103    65   168     0       1.109700E-08       7.102050E-09
  104    65   169     0       2.489320E-09       1.593160E-09
  105    65   170     0       2.359350E-10       1.509990E-10
  106    65   171     0       1.669540E-11       1.068510E-11
  107    65   172     0       7.777870E-13       4.977830E-13
   91    66   157     0       1.989450E-14       1.273250E-14
   92    66   158     0       1.219670E-12       7.805860E-13
   93    66   159     0       2.829220E-11       1.810700E-11
   94    66   160     0       5.438510E-10       3.480640E-10
   95    66   161     0       5.028620E-09       3.218320E-09
   96    66   162     0       2.449330E-08       1.567570E-08
   97    66   163     0       9.797310E-08       6.270280E-08
   98    66   164     0       2.339360E-07       1.497190E-07
   99    66   165     0       3.256330E-07       2.084050E-07
   99    66   165     1       4.356540E-08       2.788190E-08
  100    66   166     0       4.508760E-07       2.885610E-07
  101    66   167     0       2.499310E-07       1.599560E-07
  102    66   168     0       4.958640E-08       3.173530E-08
  103    66   169     0       2.429330E-08       1.554770E-08
  104    66   170     0       7.268010E-09       4.651520E-09
  105    66   171     0       1.219670E-09       7.805860E-10
  106    66   172     0       1.979460E-10       1.266850E-10
   93    67   160     0       0.000000E+00       0.000000E+00
   93    67   160     1       0.000000E+00       0.000000E+00
   94    67   161     0       5.170630E-13       3.309200E-13
   94    67   161     1       6.917620E-14       4.427280E-14
   95    67   162     0       2.004090E-12       1.282620E-12
   95    67   162     1       5.473860E-12       3.503270E-12
   96    67   163     0       9.761060E-11       6.247080E-11
   96    67   163     1       1.305900E-11       8.357770E-12
   97    67   164     0       1.795110E-10       1.148870E-10
   97    67   164     1       4.903050E-10       3.137950E-10
   98    67   165     0       3.639000E-09       2.328960E-09
   99    67   166     0       2.845380E-09       1.821040E-09
   99    67   166     1       7.771710E-09       4.973890E-09
  100    67   167     0       1.929470E-08       1.234860E-08
  101    67   168     0       8.447680E-09       5.406520E-09
  102    67   169     0       1.229660E-08       7.869840E-09
  103    67   170     0       5.678760E-09       3.634410E-09
  103    67   170     1       2.079110E-09       1.330630E-09
  104    67   171     0       3.858940E-09       2.469720E-09
  105    67   172     0       1.429610E-09       9.149490E-10
   95    68   163     0       1.089700E-14       6.974090E-15
   96    68   164     0       2.429330E-13       1.554770E-13
   97    68   165     0       3.429060E-12       2.194600E-12
   98    68   166     0       3.579020E-11       2.290570E-11
   99    68   167     0       1.483120E-10       9.491950E-11
   99    68   167     1       1.984220E-11       1.269900E-11
  100    68   168     0       2.509310E-10       1.605960E-10
  101    68   169     0       8.567650E-10       5.483290E-10
  102    68   170     0       1.699530E-09       1.087700E-09
  103    68   171     0       1.849490E-09       1.183680E-09
  104    68   172     0       2.059430E-09       1.318040E-09
   97    69   166     0       0.000000E+00       0.000000E+00
   98    69   167     0       4.778690E-14       3.058360E-14
   99    69   168     0       1.849490E-13       1.183680E-13
  100    69   169     0       2.239390E-12       1.433210E-12
  101    69   170     0       1.109700E-11       7.102050E-12
  102    69   171     0       4.028890E-11       2.578490E-11
  103    69   172     0       1.069710E-10       6.846120E-11
   98    70   168     0       0.000000E+00       0.000000E+00
   99    70   169     0       0.000000E+00       0.000000E+00
  100    70   170     0       1.006920E-14       8.055380E-15
  101    70   171     0       8.867570E-14       5.675240E-14
  102    70   172     0       8.517660E-13       5.451300E-13
  101    71   172     0       1.872210E-16       1.497770E-16
  101    71   172     1       3.861860E-17       3.089490E-17
