   66   4.9948E-09
   67   8.9801E-09
   68   2.1958E-08
   69   4.9886E-08
   70   1.5964E-07
   71   2.4979E-07
   72   4.9866E-07
   73   1.1987E-06
   74   2.7930E-06
   75   6.9911E-06
   76   1.2990E-05
   77   2.8964E-05
   78   4.9835E-05
   79   1.8937E-04
   80   3.8691E-04
   81   6.5022E-04
   82   1.0033E-03
   83   1.6960E-03
   84   2.2404E-03
   85   3.8694E-03
   86   4.8889E-03
   87   6.5820E-03
   88   8.5615E-03
   89   1.1337E-02
   90   1.4020E-02
   91   1.7535E-02
   92   2.0903E-02
   93   2.5077E-02
   94   3.2026E-02
   95   3.7568E-02
   96   4.4621E-02
   97   4.6820E-02
   98   5.0587E-02
   99   5.4254E-02
  100   5.4509E-02
  101   5.9247E-02
  102   5.9945E-02
  103   5.9046E-02
  104   5.9728E-02
  105   5.8832E-02
  106   5.6273E-02
  107   5.2453E-02
  108   4.9350E-02
  109   3.7773E-02
  110   2.8188E-02
  111   1.7478E-02
  112   9.2883E-03
  113   4.2141E-03
  114   2.1961E-03
  115   1.0199E-03
  116   9.9822E-04
  117   9.9911E-04
  118   9.4879E-04
  119   8.9886E-04
  120   8.4893E-04
  121   8.4843E-04
  122   9.4729E-04
  123   9.9672E-04
  124   1.1968E-03
  125   1.2983E-03
  126   2.3083E-03
  127   3.4932E-03
  128   5.6793E-03
  129   9.4732E-03
  130   1.7371E-02
  131   3.1950E-02
  132   4.7224E-02
  133   5.6193E-02
  134   6.2180E-02
  135   6.7797E-02
  136   7.2656E-02
  137   7.2971E-02
  138   6.6371E-02
  139   5.9750E-02
  140   5.4839E-02
  141   4.9532E-02
  142   5.2345E-02
  143   5.2106E-02
  144   4.1558E-02
  145   3.4182E-02
  146   2.8956E-02
  147   2.3361E-02
  148   1.8651E-02
  149   1.5570E-02
  150   1.2331E-02
  151   9.6679E-03
  152   7.9735E-03
  153   5.8805E-03
  154   4.1883E-03
  155   3.0898E-03
  156   2.1927E-03
  157   1.4950E-03
  158   9.5682E-04
  159   5.7807E-04
  160   3.4972E-04
  161   1.9933E-04
  162   8.4798E-05
  163   3.2421E-05
  164   1.3950E-05
  165   5.9795E-06
  166   2.9913E-06
  167   9.9643E-07
  168   5.5744E-07
  169   2.3898E-07
  170   1.2967E-07
  171   3.4863E-08
  172   1.7939E-08
