66    0.0000000e+00
67    0.0000000e+00
68    0.0000000e+00
69    0.0000000e+00
70    0.0000000e+00
71    0.0000000e+00
72    0.0000000e+00
73    0.0000000e+00
74    0.0000000e+00
75    0.0000000e+00
76    9.6301500e-14
77    0.0000000e+00
78    0.0000000e+00
79    0.0000000e+00
80    4.0600600e-14
81    0.0000000e+00
82    2.1900300e-09
83    0.0000000e+00
84    0.0000000e+00
85    0.0000000e+00
86    2.7500400e-09
87    0.0000000e+00
88    0.0000000e+00
89    0.0000000e+00
90    0.0000000e+00
91    0.0000000e+00
92    0.0000000e+00
93    0.0000000e+00
94    3.1400500e-13
95    0.0000000e+00
96    0.0000000e+00
97    0.0000000e+00
98    0.0000000e+00
99    0.0000000e+00
100    2.2600400e-11
101    0.0000000e+00
102    0.0000000e+00
103    0.0000000e+00
104    4.1500700e-14
105    0.0000000e+00
106    0.0000000e+00
107    0.0000000e+00
108    0.0000000e+00
109    0.0000000e+00
110    0.0000000e+00
111    0.0000000e+00
112    0.0000000e+00
113    0.0000000e+00
114    0.0000000e+00
115    0.0000000e+00
116    1.8900300e-13
117    0.0000000e+00
118    0.0000000e+00
119    0.0000000e+00
120    0.0000000e+00
121    0.0000000e+00
122    5.5600900e-12
123    0.0000000e+00
124    0.0000000e+00
125    0.0000000e+00
126    0.0000000e+00
127    0.0000000e+00
128    0.0000000e+00
129    0.0000000e+00
130    0.0000000e+00
131    0.0000000e+00
132    0.0000000e+00
133    0.0000000e+00
134    6.0701000e-11
135    0.0000000e+00
136    3.2800500e-07
137    0.0000000e+00
138    3.8200600e-14
139    0.0000000e+00
140    0.0000000e+00
141    0.0000000e+00
142    0.0000000e+00
143    0.0000000e+00
144    0.0000000e+00
145    0.0000000e+00
146    0.0000000e+00
147    0.0000000e+00
148    3.9100600e-14
149    0.0000000e+00
150    3.3100500e-10
151    0.0000000e+00
152    0.0000000e+00
153    0.0000000e+00
154    1.0600200e-14
155    0.0000000e+00
156    0.0000000e+00
157    0.0000000e+00
158    0.0000000e+00
159    0.0000000e+00
160    0.0000000e+00
161    0.0000000e+00
162    0.0000000e+00
163    0.0000000e+00
164    0.0000000e+00
165    0.0000000e+00
166    0.0000000e+00
167    0.0000000e+00
168    0.0000000e+00
169    0.0000000e+00
170    0.0000000e+00
171    0.0000000e+00
172    0.0000000e+00
