#  n-Pu241-MT454-E2.53E-08.jeff3.3.txt  independent fission yields
#   0    94   241  94xx  2.5300E-08        1092
    0     1     1     0       2.942200E-05       1.005900E-05
    1     1     2     0       8.991700E-06       3.007900E-06
    2     1     3     0       1.410000E-04       2.078500E-05
    1     2     3     0       0.000000E+00       0.000000E+00
    2     2     4     0       1.860000E-03       2.023400E-04
   32    21    53     0       1.984200E-12       1.989200E-12
   33    21    54     0       1.166900E-12       1.218700E-12
   34    21    55     0       1.262300E-12       1.319500E-12
   31    22    53     0       0.000000E+00       0.000000E+00
   32    22    54     0       4.052800E-12       4.046000E-12
   33    22    55     0       5.808200E-12       5.839700E-12
   34    22    56     0       1.049800E-11       1.057400E-11
   35    22    57     0       4.970300E-12       5.216800E-12
   36    22    58     0       3.960600E-12       4.159700E-12
   30    23    53     0       0.000000E+00       0.000000E+00
   31    23    54     0       0.000000E+00       0.000000E+00
   32    23    55     0       2.896800E-12       2.987000E-12
   33    23    56     0       6.718100E-12       6.890600E-12
   34    23    57     0       2.445700E-11       2.439500E-11
   35    23    58     0       2.672200E-11       2.717700E-11
   36    23    59     0       4.202100E-11       4.296300E-11
   37    23    60     0       1.414500E-11       1.496500E-11
   38    23    61     0       8.898000E-12       9.392000E-12
   39    23    62     0       1.288400E-12       1.358600E-12
   29    24    53     0       0.000000E+00       0.000000E+00
   30    24    54     0       0.000000E+00       0.000000E+00
   31    24    55     0       0.000000E+00       0.000000E+00
   32    24    56     0       0.000000E+00       0.000000E+00
   33    24    57     0       3.334100E-12       3.513600E-12
   34    24    58     0       2.845000E-11       2.886100E-11
   35    24    59     0       5.710500E-11       5.767900E-11
   36    24    60     0       1.513700E-10       1.508600E-10
   37    24    61     0       1.358500E-10       1.391900E-10
   38    24    62     0       1.817500E-10       1.872600E-10
   39    24    63     0       4.979400E-11       5.259600E-11
   40    24    64     0       2.070500E-11       2.197000E-11
   41    24    65     0       2.426200E-12       2.562200E-12
   30    25    55     0       0.000000E+00       0.000000E+00
   31    25    56     0       0.000000E+00       0.000000E+00
   32    25    57     0       0.000000E+00       0.000000E+00
   33    25    58     0       0.000000E+00       0.000000E+00
   34    25    59     0       8.211400E-12       8.618600E-12
   35    25    60     0       2.987600E-12       3.140700E-12
   35    25    60     1       2.653400E-11       2.789400E-11
   36    25    61     0       2.027700E-10       2.043800E-10
   37    25    62     0       2.963600E-10       2.985400E-10
   37    25    62     1       5.320500E-11       5.359400E-11
   38    25    63     0       7.800400E-10       7.812400E-10
   39    25    64     0       4.821000E-10       5.025700E-10
   40    25    65     0       5.405900E-10       5.644100E-10
   41    25    66     0       1.181500E-10       1.248600E-10
   42    25    67     0       3.804900E-11       4.040800E-11
   43    25    68     0       3.228100E-12       3.407500E-12
   30    26    56     0       0.000000E+00       0.000000E+00
   31    26    57     0       0.000000E+00       0.000000E+00
   32    26    58     0       0.000000E+00       0.000000E+00
   33    26    59     0       0.000000E+00       0.000000E+00
   34    26    60     0       0.000000E+00       0.000000E+00
   35    26    61     0       7.632100E-12       8.058200E-12
   36    26    62     0       1.108800E-10       1.153000E-10
   37    26    63     0       3.250300E-10       3.367200E-10
   38    26    64     0       1.527600E-09       1.525900E-09
   39    26    65     0       2.258400E-09       2.269100E-09
   40    26    66     0       4.181600E-09       4.205600E-09
   41    26    67     0       2.081600E-09       2.181900E-09
   42    26    68     0       1.742000E-09       1.827500E-09
   43    26    69     0       3.178600E-10       3.354600E-10
   44    26    70     0       6.970700E-11       7.417100E-11
   45    26    71     0       4.566900E-12       4.826800E-12
   32    27    59     0       0.000000E+00       0.000000E+00
   34    27    61     0       0.000000E+00       0.000000E+00
   35    27    62     0       0.000000E+00       0.000000E+00
   36    27    63     0       1.232100E-11       1.304800E-11
   37    27    64     0       8.562600E-11       9.063600E-11
   38    27    65     0       1.026100E-09       1.060100E-09
   39    27    66     0       2.443300E-09       2.511400E-09
   40    27    67     0       9.326200E-09       9.304200E-09
   41    27    68     0       5.650400E-09       5.736500E-09
   41    27    68     1       4.984600E-09       5.060600E-09
   42    27    69     0       1.712900E-08       1.747500E-08
   43    27    70     0       3.008200E-09       3.180700E-09
   43    27    70     1       3.008200E-09       3.180700E-09
   44    27    71     0       3.988100E-09       4.205200E-09
   45    27    72     0       5.985800E-10       6.308200E-10
   46    27    73     0       9.139000E-11       7.887300E-11
   47    27    74     0       3.243600E-12       3.446900E-12
   33    28    61     0       0.000000E+00       0.000000E+00
   34    28    62     0       0.000000E+00       0.000000E+00
   35    28    63     0       0.000000E+00       0.000000E+00
   36    28    64     0       0.000000E+00       0.000000E+00
   37    28    65     0       9.738200E-12       1.028300E-11
   38    28    66     0       2.132100E-10       2.250600E-10
   39    28    67     0       1.155000E-09       1.217900E-09
   40    28    68     0       1.033300E-08       1.050200E-08
   41    28    69     0       1.062000E-08       1.074100E-08
   41    28    69     1       1.062000E-08       1.074100E-08
   42    28    70     0       5.846800E-08       5.824500E-08
   43    28    71     0       5.491600E-08       5.612800E-08
   44    28    72     0       7.567900E-08       7.777000E-08
   45    28    73     0       9.395100E-08       7.915600E-08
   46    28    74     0       7.006000E-09       7.439300E-09
   47    28    75     0       1.083000E-09       7.240200E-10
   48    28    76     0       1.577300E-10       1.491600E-10
   49    28    77     0       5.437300E-12       2.035400E-12
   50    28    78     0       1.220200E-12       7.623700E-13
   34    29    63     0       0.000000E+00       0.000000E+00
   36    29    65     0       0.000000E+00       0.000000E+00
   37    29    66     0       0.000000E+00       0.000000E+00
   38    29    67     0       1.060600E-11       1.126500E-11
   39    29    68     0       4.552600E-11       4.803400E-11
   39    29    68     1       1.066300E-10       1.125100E-10
   40    29    69     0       2.764900E-09       2.904000E-09
   41    29    70     0       7.903700E-10       8.317700E-10
   41    29    70     1       8.805300E-09       9.266400E-09
   41    29    70     2       7.903700E-10       8.317700E-10
   42    29    71     0       7.484500E-08       7.552700E-08
   43    29    72     0       1.325700E-07       1.335400E-07
   44    29    73     0       2.818500E-07       2.254500E-07
   45    29    74     0       1.466600E-07       1.533300E-07
   46    29    75     0       4.811800E-07       2.994800E-07
   47    29    76     0       2.663300E-08       2.513500E-08
   47    29    76     1       2.663300E-08       2.513500E-08
   48    29    77     0       1.933300E-08       7.219100E-09
   49    29    78     0       5.452300E-09       3.406500E-09
   50    29    79     0       1.152400E-09       5.689900E-10
   51    29    80     0       3.712900E-11       1.873200E-11
   36    30    66     0       0.000000E+00       0.000000E+00
   37    30    67     0       0.000000E+00       0.000000E+00
   38    30    68     0       0.000000E+00       0.000000E+00
   39    30    69     0       1.153200E-12       1.217800E-12
   39    30    69     1       4.987500E-12       5.266900E-12
   40    30    70     0       2.277800E-10       2.423300E-10
   41    30    71     0       4.772000E-10       5.036000E-10
   41    30    71     1       2.063800E-09       2.178000E-09
   42    30    72     0       3.818800E-08       3.974700E-08
   43    30    73     0       1.017600E-08       8.553100E-09
   43    30    73     1       1.391100E-08       1.169200E-08
   43    30    73     2       7.880300E-08       6.623700E-08
   44    30    74     0       5.489300E-07       5.471000E-07
   45    30    75     0       4.811800E-07       2.994800E-07
   46    30    76     0       2.254800E-06       1.944300E-06
   47    30    77     0       1.457700E-06       4.095500E-07
   47    30    77     1       2.228300E-07       6.260800E-08
   48    30    78     0       6.693300E-06       3.978400E-06
   49    30    79     0       2.016900E-06       9.893600E-07
   50    30    80     0       3.565100E-07       1.798000E-07
   51    30    81     0       2.437700E-08       1.056700E-08
   52    30    82     0       2.124700E-09       8.028900E-10
   53    30    83     0       4.983500E-11       1.760900E-11
   38    31    69     0       0.000000E+00       0.000000E+00
   40    31    71     0       5.304800E-12       5.606700E-12
   41    31    72     0       1.220700E-10       1.286700E-10
   41    31    72     1       1.374500E-11       1.448800E-11
   42    31    73     0       3.506200E-09       3.023400E-09
   43    31    74     0       1.075600E-08       1.140300E-08
   43    31    74     1       1.075600E-08       1.140300E-08
   44    31    75     0       4.811800E-07       2.994800E-07
   45    31    76     0       2.373500E-07       2.224500E-07
   46    31    77     0       2.280600E-06       5.449200E-07
   47    31    78     0       9.842700E-06       5.704500E-06
   48    31    79     0       4.034400E-05       1.716600E-05
   49    31    80     0       2.824700E-05       1.381600E-05
   50    31    81     0       2.948900E-05       1.252600E-05
   51    31    82     0       1.167100E-05       4.386700E-06
   52    31    83     0       6.116000E-07       2.160600E-07
   53    31    84     0       2.784800E-08       1.035000E-08
   54    31    85     0       1.050700E-09       4.094300E-10
   40    32    72     0       0.000000E+00       0.000000E+00
   41    32    73     0       1.402600E-12       1.210500E-12
   41    32    73     1       3.243100E-13       2.799000E-13
   42    32    74     0       1.101500E-10       1.170600E-10
   43    32    75     0       3.820200E-10       2.553200E-10
   43    32    75     1       2.499000E-09       1.670200E-09
   44    32    76     0       1.186700E-07       1.117300E-07
   45    32    77     0       7.288000E-07       2.412200E-07
   45    32    77     1       1.114100E-07       3.687500E-08
   46    32    78     0       1.417200E-05       7.915900E-06
   47    32    79     0       8.111100E-06       3.128600E-06
   47    32    79     1       5.305900E-05       2.046500E-05
   48    32    80     0       2.087900E-04       7.865900E-05
   49    32    81     0       2.798900E-04       8.899300E-05
   49    32    81     1       6.471800E-05       2.057700E-05
   50    32    82     0       4.708900E-04       1.354800E-04
   51    32    83     0       2.761200E-04       8.720200E-05
   52    32    84     0       1.165600E-04       4.231400E-05
   53    32    85     0       5.610500E-06       2.183600E-06
   54    32    86     0       2.830100E-06       1.127900E-06
   55    32    87     0       1.115400E-08       3.844900E-09
   56    32    88     0       4.085900E-10       1.344600E-10
   42    33    75     0       3.107900E-13       2.078000E-13
   42    33    75     1       1.016800E-12       6.798400E-13
   43    33    76     0       5.763200E-11       5.450000E-11
   44    33    77     0       1.200300E-07       4.422900E-08
   45    33    78     0       3.937000E-07       2.453000E-07
   46    33    79     0       4.033600E-06       1.965900E-06
   47    33    80     0       3.227100E-05       1.571700E-05
   48    33    81     0       1.540300E-04       5.951700E-05
   49    33    82     0       1.074000E-04       3.187900E-05
   49    33    82     1       3.240900E-04       9.620100E-05
   50    33    83     0       9.545800E-04       1.900800E-04
   51    33    84     0       4.274600E-04       1.311300E-04
   51    33    84     1       4.274600E-04       1.311300E-04
   52    33    85     0       4.775500E-04       1.671200E-04
   53    33    86     0       1.811400E-04       6.956800E-05
   54    33    87     0       5.839700E-05       1.985200E-05
   55    33    88     0       1.181600E-05       3.877000E-06
   56    33    89     0       1.757900E-07       6.065600E-08
   57    33    90     0       3.132300E-09       1.139800E-09
   42    34    76     0       0.000000E+00       0.000000E+00
   43    34    77     0       0.000000E+00       0.000000E+00
   44    34    78     0       1.927900E-10       1.204600E-10
   45    34    79     0       5.831400E-07       2.873000E-07
   45    34    79     1       8.914400E-08       4.392000E-08
   46    34    80     0       4.034300E-06       2.026700E-06
   47    34    81     0       3.375600E-06       1.438400E-06
   47    34    81     1       2.208100E-05       9.409600E-06
   48    34    82     0       1.482300E-04       5.224600E-05
   49    34    83     0       6.023600E-04       1.460400E-04
   49    34    83     1       1.392800E-04       3.376800E-05
   50    34    84     0       2.486700E-03       3.103900E-04
   51    34    85     0       2.880000E-03       3.035000E-04
   52    34    86     0       4.443700E-03       5.306700E-04
   53    34    87     0       3.252100E-03       5.693400E-04
   54    34    88     0       1.599200E-03       3.828500E-04
   55    34    89     0       3.930200E-04       1.236900E-04
   56    34    90     0       9.373200E-05       3.330000E-05
   57    34    91     0       1.815100E-06       6.531200E-07
   58    34    92     0       1.903200E-06       6.674300E-07
   59    34    93     0       7.136400E-10       2.551300E-10
   44    35    79     0       0.000000E+00       0.000000E+00
   45    35    80     0       3.388500E-11       1.709600E-11
   45    35    80     1       1.022500E-10       5.158900E-11
   46    35    81     0       1.668000E-08       7.230700E-09
   47    35    82     0       3.093300E-07       1.168800E-07
   47    35    82     1       1.320700E-07       4.990100E-08
   48    35    83     0       1.373200E-05       4.841700E-06
   49    35    84     0       5.958500E-05       2.217100E-05
   49    35    84     1       5.958500E-05       2.217100E-05
   50    35    85     0       5.118100E-04       1.983000E-04
   51    35    86     0       1.138600E-03       4.526000E-04
   52    35    87     0       2.817400E-03       6.355400E-04
   53    35    88     0       4.015300E-03       8.254200E-04
   54    35    89     0       3.775100E-03       8.713200E-04
   55    35    90     0       1.807700E-03       5.634600E-04
   56    35    91     0       8.422500E-04       2.832200E-04
   57    35    92     0       1.847900E-04       6.399200E-05
   58    35    93     0       4.414800E-05       1.573800E-05
   59    35    94     0       3.510200E-06       1.292000E-06
   60    35    95     0       1.520200E-08       5.558100E-09
   44    36    80     0       0.000000E+00       0.000000E+00
   46    36    82     0       1.249800E-10       4.722900E-11
   47    36    83     0       5.545300E-09       1.959300E-09
   47    36    83     1       1.282200E-09       4.530500E-10
   48    36    84     0       3.810300E-06       1.416400E-06
   49    36    85     0       2.376100E-05       9.271300E-06
   49    36    85     1       5.494100E-06       2.143700E-06
   50    36    86     0       3.547800E-04       1.451300E-04
   51    36    87     0       1.135200E-03       3.798100E-04
   52    36    88     0       3.945900E-03       8.585800E-04
   53    36    89     0       6.896000E-03       9.841100E-04
   54    36    90     0       1.085400E-02       1.025400E-03
   55    36    91     0       9.550200E-03       1.509800E-03
   56    36    92     0       7.996500E-03       1.703300E-03
   57    36    93     0       3.524200E-03       1.091500E-03
   58    36    94     0       1.169300E-03       4.149900E-04
   59    36    95     0       1.977900E-04       7.195600E-05
   60    36    96     0       4.010900E-05       1.464800E-05
   61    36    97     0       3.867700E-06       1.366800E-06
   62    36    98     0       2.014000E-09       7.234200E-10
   48    37    85     0       2.495400E-09       9.724100E-10
   49    37    86     0       3.305900E-08       1.318400E-08
   49    37    86     1       5.946600E-08       2.371400E-08
   50    37    87     0       2.023600E-05       6.974900E-06
   51    37    88     0       1.212500E-04       3.976700E-05
   52    37    89     0       7.089900E-04       2.381200E-04
   53    37    90     0       1.927100E-04       6.471400E-05
   53    37    90     1       1.711600E-03       5.747600E-04
   54    37    91     0       5.470300E-03       1.398400E-03
   55    37    92     0       9.239800E-03       1.880200E-03
   56    37    93     0       1.371000E-02       2.520000E-03
   57    37    94     0       8.638900E-03       2.335700E-03
   58    37    95     0       6.265400E-03       1.917600E-03
   59    37    96     0       1.020300E-03       3.580000E-04
   59    37    96     1       1.020300E-03       3.580000E-04
   60    37    97     0       6.997600E-04       2.441000E-04
   61    37    98     0       4.641300E-05       1.664500E-05
   61    37    98     1       4.641300E-05       1.664500E-05
   62    37    99     0       2.327000E-05       8.355800E-06
   63    37   100     0       1.909800E-08       7.146900E-09
   48    38    86     0       0.000000E+00       0.000000E+00
   49    38    87     0       3.019800E-10       1.040900E-10
   49    38    87     1       6.982400E-11       2.406800E-11
   50    38    88     0       2.620200E-06       8.621900E-07
   51    38    89     0       1.935100E-05       6.673000E-06
   52    38    90     0       2.156500E-04       7.788500E-05
   53    38    91     0       9.055900E-04       3.143300E-04
   54    38    92     0       4.558300E-03       1.314800E-03
   55    38    93     0       1.058100E-02       2.409300E-03
   56    38    94     0       2.136600E-02       2.665800E-03
   57    38    95     0       2.579000E-02       3.074500E-03
   58    38    96     0       2.604800E-02       3.598500E-03
   59    38    97     0       1.515100E-02       3.533300E-03
   60    38    98     0       7.773600E-03       2.373400E-03
   61    38    99     0       2.108000E-03       7.337800E-04
   62    38   100     0       5.948100E-04       2.211500E-04
   63    38   101     0       5.294700E-05       1.903200E-05
   64    38   102     0       6.950500E-06       2.424500E-06
   65    38   103     0       3.524200E-09       1.243400E-09
   50    39    89     0       0.000000E+00       0.000000E+00
   50    39    89     1       0.000000E+00       0.000000E+00
   51    39    90     0       4.041800E-07       1.470700E-07
   51    39    90     1       5.735300E-07       2.086800E-07
   52    39    91     0       1.192400E-06       4.292000E-07
   52    39    91     1       5.157200E-06       1.856200E-06
   53    39    92     0       3.994500E-05       1.399800E-05
   54    39    93     0       5.666800E-05       2.005700E-05
   54    39    93     1       3.706900E-04       1.312000E-04
   55    39    94     0       1.379500E-03       4.945000E-04
   56    39    95     0       6.341100E-03       2.016400E-03
   57    39    96     0       4.170800E-03       1.130400E-03
   57    39    96     1       7.502200E-03       2.033300E-03
   58    39    97     0       4.347900E-03       7.567400E-04
   58    39    97     1       1.482000E-02       2.579300E-03
   58    39    97     2       3.982100E-03       6.930700E-04
   59    39    98     0       4.083700E-03       8.659700E-04
   59    39    98     1       1.717400E-02       3.641900E-03
   60    39    99     0       2.045900E-02       4.658200E-03
   61    39   100     0       5.227500E-03       1.690700E-03
   61    39   100     1       5.227500E-03       1.690700E-03
   62    39   101     0       4.261400E-03       1.451700E-03
   63    39   102     0       5.092000E-04       1.759200E-04
   63    39   102     1       5.092000E-04       1.759200E-04
   64    39   103     0       2.933900E-04       1.032800E-04
   65    39   104     0       3.492400E-05       1.273600E-05
   66    39   105     0       2.802400E-06       1.003800E-06
   50    40    90     0       0.000000E+00       0.000000E+00
   50    40    90     1       0.000000E+00       0.000000E+00
   51    40    91     0       0.000000E+00       0.000000E+00
   52    40    92     0       9.511900E-07       3.337300E-07
   53    40    93     0       7.011800E-06       2.506300E-06
   54    40    94     0       9.211900E-05       3.385500E-05
   55    40    95     0       4.653100E-04       1.687300E-04
   56    40    96     0       2.661200E-03       9.243900E-04
   57    40    97     0       7.440100E-03       2.265100E-03
   58    40    98     0       2.149600E-02       4.475800E-03
   59    40    99     0       3.155400E-02       4.956500E-03
   60    40   100     0       4.819300E-02       5.524300E-03
   61    40   101     0       3.023400E-02       5.305500E-03
   62    40   102     0       2.336800E-02       5.177700E-03
   63    40   103     0       9.870100E-03       3.122300E-03
   64    40   104     0       3.696900E-03       1.312300E-03
   65    40   105     0       6.567400E-04       2.343400E-04
   66    40   106     0       1.162800E-04       4.092000E-05
   67    40   107     0       1.288700E-05       4.431300E-06
   68    40   108     0       3.218600E-09       1.084300E-09
   54    41    95     0       7.715100E-07       2.820700E-07
   54    41    95     1       1.783900E-07       6.522100E-08
   55    41    96     0       1.119100E-05       4.089600E-06
   56    41    97     0       8.875700E-05       3.130900E-05
   56    41    97     1       2.052300E-05       7.239300E-06
   57    41    98     0       1.497500E-04       5.327900E-05
   57    41    98     1       4.518900E-04       1.607800E-04
   58    41    99     0       2.766800E-03       9.439400E-04
   58    41    99     1       6.397400E-04       2.182600E-04
   59    41   100     0       1.802800E-03       5.909800E-04
   59    41   100     1       7.581700E-03       2.485400E-03
   60    41   101     0       2.065600E-02       4.855100E-03
   61    41   102     0       1.354700E-02       2.725300E-03
   61    41   102     1       1.354700E-02       2.725300E-03
   62    41   103     0       3.556100E-02       6.026700E-03
   63    41   104     0       1.093700E-02       2.806600E-03
   63    41   104     1       1.093700E-02       2.806600E-03
   64    41   105     0       1.412600E-02       4.170300E-03
   65    41   106     0       5.723900E-03       1.938200E-03
   66    41   107     0       2.042900E-03       6.937700E-04
   67    41   108     0       3.561700E-04       1.197700E-04
   68    41   109     0       4.573900E-05       1.535200E-05
   69    41   110     0       2.946000E-06       9.678600E-07
   53    42    95     0       0.000000E+00       0.000000E+00
   54    42    96     0       0.000000E+00       0.000000E+00
   55    42    97     0       2.342000E-09       8.277500E-10
   56    42    98     0       1.435400E-05       5.154300E-06
   57    42    99     0       1.215000E-04       4.354500E-05
   58    42   100     0       9.487800E-04       3.494800E-04
   59    42   101     0       3.074700E-03       1.043200E-03
   60    42   102     0       1.185400E-02       3.285800E-03
   61    42   103     0       2.285700E-02       5.217700E-03
   62    42   104     0       4.044500E-02       6.012300E-03
   63    42   105     0       3.476400E-02       5.278100E-03
   64    42   106     0       3.640700E-02       5.130400E-03
   65    42   107     0       1.806300E-02       4.323000E-03
   66    42   108     0       8.973600E-03       2.619300E-03
   67    42   109     0       2.257200E-03       7.355000E-04
   68    42   110     0       4.547900E-04       1.483100E-04
   69    42   111     0       3.316300E-05       1.146200E-05
   70    42   112     0       5.078500E-06       1.841700E-06
   71    42   113     0       1.002800E-06       3.671700E-07
   56    43    99     0       0.000000E+00       0.000000E+00
   56    43    99     1       0.000000E+00       0.000000E+00
   57    43   100     0       3.285600E-06       1.229500E-06
   58    43   101     0       1.702200E-05       6.119900E-06
   59    43   102     0       8.205000E-05       2.852100E-05
   59    43   102     1       8.205000E-05       2.852100E-05
   60    43   103     0       1.031700E-03       3.567300E-04
   61    43   104     0       2.996100E-03       1.035500E-03
   62    43   105     0       9.153200E-03       2.722900E-03
   63    43   106     0       1.598500E-02       4.085300E-03
   64    43   107     0       2.424100E-02       4.507800E-03
   65    43   108     0       1.891900E-02       3.571500E-03
   66    43   109     0       1.268000E-02       2.390700E-03
   67    43   110     0       5.009300E-03       1.403300E-03
   68    43   111     0       1.454900E-03       4.620400E-04
   69    43   112     0       1.900600E-04       6.537600E-05
   70    43   113     0       1.407800E-04       4.979400E-05
   71    43   114     0       1.702900E-04       6.075700E-05
   72    43   115     0       1.300300E-04       5.143000E-05
   73    43   116     0       2.781200E-05       1.250700E-05
   55    44    99     0       0.000000E+00       0.000000E+00
   56    44   100     0       0.000000E+00       0.000000E+00
   57    44   101     0       0.000000E+00       0.000000E+00
   58    44   102     0       1.986000E-06       6.927700E-07
   59    44   103     0       3.051100E-06       1.076100E-06
   59    44   103     1       7.365900E-06       2.597800E-06
   60    44   104     0       1.128200E-04       4.100800E-05
   61    44   105     0       5.369000E-04       1.891200E-04
   62    44   106     0       2.582600E-03       8.416200E-04
   63    44   107     0       5.412200E-03       1.577000E-03
   64    44   108     0       1.139300E-02       2.553000E-03
   65    44   109     0       1.100400E-02       2.264400E-03
   66    44   110     0       9.099900E-03       1.775500E-03
   67    44   111     0       3.477200E-03       8.457500E-04
   68    44   112     0       1.032600E-03       2.181200E-04
   69    44   113     0       3.482000E-04       9.890000E-05
   69    44   113     1       3.482000E-04       9.890000E-05
   70    44   114     0       9.106600E-04       2.950700E-04
   71    44   115     0       3.316900E-04       1.275200E-04
   72    44   116     0       1.925700E-04       8.371400E-05
   73    44   117     0       7.705100E-05       3.335100E-05
   74    44   118     0       5.732400E-05       2.852000E-05
   58    45   103     0       0.000000E+00       0.000000E+00
   58    45   103     1       0.000000E+00       0.000000E+00
   60    45   105     0       8.103800E-07       2.902300E-07
   60    45   105     1       1.238800E-07       4.436800E-08
   61    45   106     0       3.199900E-06       1.124500E-06
   61    45   106     1       7.495100E-06       2.633900E-06
   62    45   107     0       1.057400E-04       3.578100E-05
   63    45   108     0       9.093300E-05       2.905700E-05
   63    45   108     1       2.744100E-04       8.768300E-05
   64    45   109     0       1.150200E-03       3.277700E-04
   65    45   110     0       1.493600E-03       4.081000E-04
   65    45   110     1       3.987100E-05       1.089400E-05
   66    45   111     0       1.548300E-03       4.213900E-04
   67    45   112     0       3.142200E-04       8.501000E-05
   67    45   112     1       3.142200E-04       8.501000E-05
   68    45   113     0       8.869900E-04       2.118300E-04
   69    45   114     0       5.755500E-04       1.631100E-04
   69    45   114     1       5.755500E-04       1.631100E-04
   70    45   115     0       6.587500E-04       2.276100E-04
   71    45   116     0       4.741700E-05       2.046400E-05
   71    45   116     1       1.110600E-04       4.793000E-05
   72    45   117     0       7.767300E-05       3.333400E-05
   73    45   118     0       1.439800E-05       7.238200E-06
   74    45   119     0       2.696400E-08       1.271900E-08
   75    45   120     0       2.254100E-10       2.413300E-10
   77    45   122     0       1.618900E-07       6.873300E-08
   59    46   105     0       0.000000E+00       0.000000E+00
   60    46   106     0       0.000000E+00       0.000000E+00
   61    46   107     0       7.462800E-07       2.565400E-07
   61    46   107     1       1.402500E-06       4.821200E-07
   62    46   108     0       9.979800E-06       3.357200E-06
   63    46   109     0       7.971600E-06       2.666900E-06
   63    46   109     1       1.498100E-05       5.012000E-06
   64    46   110     0       6.320900E-05       2.060000E-05
   65    46   111     0       3.484800E-05       1.187400E-05
   65    46   111     1       6.549200E-05       2.231500E-05
   66    46   112     0       1.028700E-04       3.581100E-05
   67    46   113     0       5.968400E-05       2.021000E-05
   67    46   113     1       1.440900E-04       4.878900E-05
   68    46   114     0       6.057900E-04       1.947000E-04
   69    46   115     0       1.914300E-04       6.802600E-05
   69    46   115     1       3.597600E-04       1.278400E-04
   70    46   116     0       5.251100E-04       2.008700E-04
   71    46   117     0       1.430300E-04       5.152900E-05
   71    46   117     1       2.688000E-04       9.684100E-05
   72    46   118     0       2.598000E-04       1.185300E-04
   73    46   119     0       1.222300E-04       5.570200E-05
   74    46   120     0       2.649900E-05       2.800200E-05
   75    46   121     0       1.692400E-05       7.203200E-06
   76    46   122     0       3.536100E-05       1.470600E-05
   77    46   123     0       1.091000E-05       4.619200E-06
   78    46   124     0       2.146100E-06       9.786100E-07
   62    47   109     0       0.000000E+00       0.000000E+00
   62    47   109     1       0.000000E+00       0.000000E+00
   63    47   110     0       9.144100E-10       3.004300E-10
   63    47   110     1       2.141800E-09       7.036700E-10
   64    47   111     0       9.783000E-08       3.385500E-08
   64    47   111     1       6.399500E-07       2.214700E-07
   65    47   112     0       2.540600E-06       9.216100E-07
   66    47   113     0       1.197400E-06       4.370600E-07
   66    47   113     1       7.832500E-06       2.859000E-06
   67    47   114     0       3.758200E-06       1.356100E-06
   67    47   114     1       1.580600E-05       5.703400E-06
   68    47   115     0       1.191500E-05       4.697000E-06
   68    47   115     1       7.794100E-05       3.072500E-05
   69    47   116     0       4.177400E-05       1.814800E-05
   69    47   116     1       9.784600E-05       4.250700E-05
   70    47   117     0       3.090200E-05       1.232500E-05
   70    47   117     1       2.021500E-04       8.062700E-05
   71    47   118     0       4.153200E-05       1.931800E-05
   71    47   118     1       1.746700E-04       8.124200E-05
   72    47   119     0       5.787700E-05       2.387200E-05
   72    47   119     1       3.786000E-04       1.561600E-04
   73    47   120     0       6.578800E-05       6.500300E-05
   73    47   120     1       9.335200E-05       9.223700E-05
   74    47   121     0       3.724800E-04       1.165100E-04
   75    47   122     0       1.022300E-04       3.830900E-05
   75    47   122     1       9.208800E-05       3.450800E-05
   76    47   123     0       1.345700E-04       5.374900E-05
   77    47   124     0       4.216300E-05       1.874800E-05
   77    47   124     1       3.797900E-05       1.688700E-05
   78    47   125     0       4.867000E-05       2.174200E-05
   79    47   126     0       2.778300E-05       1.302600E-05
   80    47   127     0       4.941900E-06       2.493100E-06
   81    47   128     0       5.651500E-08       3.106100E-08
   82    47   129     0       3.295500E-09       1.759500E-09
   62    48   110     0       0.000000E+00       0.000000E+00
   63    48   111     0       0.000000E+00       0.000000E+00
   64    48   112     0       7.787600E-11       2.827800E-11
   65    48   113     0       2.347800E-07       8.595500E-08
   65    48   113     1       7.681200E-07       2.812200E-07
   66    48   114     0       2.097000E-07       7.593700E-08
   67    48   115     0       3.618000E-07       1.452000E-07
   67    48   115     1       1.183700E-06       4.750400E-07
   68    48   116     0       1.858300E-05       8.356700E-06
   69    48   117     0       2.594500E-06       1.146700E-06
   69    48   117     1       8.488500E-06       3.751700E-06
   70    48   118     0       1.007800E-04       4.909800E-05
   71    48   119     0       8.171900E-05       3.555200E-05
   71    48   119     1       1.972800E-04       8.582800E-05
   72    48   120     0       2.291200E-04       2.184600E-04
   73    48   121     0       1.137300E-04       3.496000E-05
   73    48   121     1       2.745600E-04       8.439900E-05
   74    48   122     0       4.921800E-04       1.385600E-04
   75    48   123     0       1.513000E-04       4.728300E-05
   75    48   123     1       3.652500E-04       1.141500E-04
   76    48   124     0       1.016600E-03       2.740000E-04
   77    48   125     0       2.385200E-04       8.436400E-05
   77    48   125     1       5.758100E-04       2.036700E-04
   78    48   126     0       6.681900E-04       2.831500E-04
   79    48   127     0       3.089400E-04       1.538300E-04
   80    48   128     0       1.207600E-04       6.698300E-05
   81    48   129     0       1.207900E-05       6.486000E-06
   81    48   129     1       2.916100E-05       1.565800E-05
   82    48   130     0       1.498500E-05       5.672700E-06
   83    48   131     0       5.725900E-08       2.123700E-08
   84    48   132     0       1.778700E-09       6.416200E-10
   64    49   113     0       0.000000E+00       0.000000E+00
   66    49   115     0       3.525500E-10       1.415300E-10
   66    49   115     1       8.151800E-11       3.272400E-11
   67    49   116     0       1.933500E-09       8.739100E-10
   67    49   116     1       2.963600E-09       1.339500E-09
   67    49   116     2       2.870400E-09       1.297400E-09
   68    49   117     0       1.912500E-07       8.490700E-08
   68    49   117     1       4.422100E-08       1.963300E-08
   69    49   118     0       4.256700E-07       2.150000E-07
   69    49   118     1       6.524400E-07       3.295400E-07
   69    49   118     2       6.319200E-07       3.191700E-07
   70    49   119     0       2.250700E-05       1.053800E-05
   70    49   119     1       5.204100E-06       2.436700E-06
   71    49   120     0       1.356600E-05       1.426700E-05
   71    49   120     1       1.356600E-05       1.426700E-05
   71    49   120     2       1.356600E-05       1.426700E-05
   72    49   121     0       5.492300E-05       2.262200E-05
   72    49   121     1       1.270000E-05       5.230800E-06
   73    49   122     0       8.009600E-05       3.010900E-05
   73    49   122     1       5.682700E-05       2.136200E-05
   73    49   122     2       5.682700E-05       2.136200E-05
   74    49   123     0       3.379900E-04       1.145900E-04
   74    49   123     1       7.815100E-05       2.649500E-05
   75    49   124     0       2.038100E-04       8.127200E-05
   75    49   124     1       1.835800E-04       7.320800E-05
   76    49   125     0       7.052200E-04       2.452400E-04
   76    49   125     1       1.630600E-04       5.670600E-05
   77    49   126     0       6.546800E-04       2.399500E-04
   77    49   126     1       5.897200E-04       2.161500E-04
   78    49   127     0       1.416400E-03       5.938300E-04
   78    49   127     1       3.275000E-04       1.373100E-04
   79    49   128     0       4.362700E-04       2.792900E-04
   79    49   128     1       1.775900E-04       1.136900E-04
   79    49   128     2       5.529500E-04       3.539800E-04
   80    49   129     0       8.719000E-04       6.218200E-04
   80    49   129     1       2.016000E-04       1.437800E-04
   81    49   130     0       1.932800E-04       8.065600E-05
   81    49   130     1       2.158800E-04       9.008600E-05
   81    49   130     2       3.673100E-04       1.532800E-04
   82    49   131     0       1.222300E-04       4.780900E-05
   82    49   131     1       1.222300E-04       4.780900E-05
   82    49   131     2       1.222300E-04       4.780900E-05
   83    49   132     0       4.228800E-05       1.534900E-05
   84    49   133     0       6.398900E-06       2.333700E-06
   84    49   133     1       1.479600E-06       5.396100E-07
   85    49   134     0       2.382000E-08       8.838300E-09
   65    50   115     0       0.000000E+00       0.000000E+00
   66    50   116     0       0.000000E+00       0.000000E+00
   67    50   117     0       4.755700E-12       2.111500E-12
   67    50   117     1       1.555900E-11       6.908100E-12
   68    50   118     0       1.219800E-09       6.164400E-10
   69    50   119     0       8.109900E-09       3.825400E-09
   69    50   119     1       2.653300E-08       1.251600E-08
   70    50   120     0       5.138400E-07       5.499100E-07
   71    50   121     0       4.968500E-06       2.110000E-06
   71    50   121     1       1.199500E-05       5.093900E-06
   72    50   122     0       7.142600E-05       2.879800E-05
   73    50   123     0       1.094600E-04       4.242400E-05
   73    50   123     1       4.534100E-05       1.757300E-05
   74    50   124     0       1.433200E-04       6.115000E-05
   75    50   125     0       3.334900E-04       1.255200E-04
   75    50   125     1       1.381400E-04       5.199300E-05
   76    50   126     0       1.152200E-03       3.845100E-04
   77    50   127     0       1.637900E-03       5.006300E-04
   77    50   127     1       6.784400E-04       2.073800E-04
   78    50   128     0       1.623600E-03       3.804000E-04
   78    50   128     1       3.803000E-03       8.910000E-04
   79    50   129     0       2.462700E-03       5.439100E-04
   79    50   129     1       5.945300E-03       1.313100E-03
   80    50   130     0       3.531800E-03       5.078000E-04
   80    50   130     1       8.272200E-03       1.189400E-03
   81    50   131     0       2.723600E-03       7.195400E-04
   81    50   131     1       6.575200E-03       1.737100E-03
   82    50   132     0       6.270700E-03       2.072500E-03
   83    50   133     0       1.155900E-03       4.234300E-04
   84    50   134     0       2.216300E-04       8.240200E-05
   85    50   135     0       1.385800E-05       4.972900E-06
   86    50   136     0       2.930300E-06       1.025400E-06
   87    50   137     0       3.288700E-09       1.179100E-09
   69    51   120     0       2.329500E-11       2.494100E-11
   69    51   120     1       3.305600E-11       3.539000E-11
   70    51   121     0       8.577500E-09       3.691100E-09
   72    51   123     0       3.388000E-05       1.412400E-05
   73    51   124     0       7.186700E-06       3.247800E-06
   73    51   124     1       5.495100E-06       2.483400E-06
   73    51   124     2       7.432100E-06       3.358700E-06
   74    51   125     0       5.461100E-05       2.413800E-05
   75    51   126     0       2.911900E-05       1.336600E-05
   75    51   126     1       2.153000E-05       9.882200E-06
   75    51   126     2       2.815800E-05       1.292400E-05
   76    51   127     0       1.756100E-04       8.481200E-05
   77    51   128     0       1.412200E-04       7.277300E-05
   77    51   128     1       2.409700E-04       1.241800E-04
   78    51   129     0       1.267700E-03       5.475300E-04
   78    51   129     1       7.746400E-04       3.345900E-04
   79    51   130     0       3.081800E-03       7.888500E-04
   79    51   130     1       3.081800E-03       7.888500E-04
   80    51   131     0       1.840900E-02       2.669700E-03
   81    51   132     0       1.408200E-02       2.324200E-03
   81    51   132     1       1.037900E-02       1.712900E-03
   82    51   133     0       2.743700E-02       5.612200E-03
   83    51   134     0       2.826000E-03       9.785300E-04
   83    51   134     1       6.619100E-03       2.292000E-03
   84    51   135     0       2.862400E-03       1.013800E-03
   85    51   136     0       6.497200E-04       2.271000E-04
   86    51   137     0       9.498600E-05       3.405400E-05
   87    51   138     0       2.805600E-06       1.032200E-06
   88    51   139     0       3.621800E-08       1.302100E-08
   72    52   124     0       0.000000E+00       0.000000E+00
   73    52   125     0       0.000000E+00       0.000000E+00
   73    52   125     1       0.000000E+00       0.000000E+00
   74    52   126     0       2.512700E-10       1.182400E-10
   75    52   127     0       4.257300E-09       2.148200E-09
   75    52   127     1       1.027800E-08       5.186000E-09
   76    52   128     0       1.176500E-05       6.452300E-06
   77    52   129     0       1.973100E-05       1.045100E-05
   77    52   129     1       4.763400E-05       2.522900E-05
   78    52   130     0       6.244100E-04       2.272000E-04
   79    52   131     0       8.687700E-04       2.891400E-04
   79    52   131     1       2.097300E-03       6.980300E-04
   80    52   132     0       1.518400E-02       3.590600E-03
   81    52   133     0       1.135600E-02       1.670200E-03
   81    52   133     1       2.741600E-02       4.032000E-03
   82    52   134     0       6.355900E-02       5.253800E-03
   83    52   135     0       3.172400E-02       5.966800E-03
   84    52   136     0       2.013900E-02       5.280800E-03
   85    52   137     0       5.490300E-03       1.886100E-03
   86    52   138     0       1.505700E-03       5.486400E-04
   87    52   139     0       1.869800E-04       6.713200E-05
   88    52   140     0       4.125200E-05       1.492400E-05
   89    52   141     0       1.921300E-06       6.832600E-07
   90    52   142     0       5.238400E-09       1.835000E-09
   74    53   127     0       0.000000E+00       0.000000E+00
   76    53   129     0       8.488100E-07       4.531400E-07
   77    53   130     0       2.476600E-06       9.359200E-07
   77    53   130     1       1.057400E-06       3.995800E-07
   78    53   131     0       2.482600E-05       9.198500E-06
   79    53   132     0       1.396800E-04       5.005700E-05
   79    53   132     1       1.029400E-04       3.689300E-05
   80    53   133     0       1.307300E-03       4.589100E-04
   80    53   133     1       7.988400E-04       2.804300E-04
   81    53   134     0       4.627100E-03       1.534700E-03
   81    53   134     1       3.410200E-03       1.131100E-03
   82    53   135     0       3.137000E-02       5.873000E-03
   83    53   136     0       1.118300E-02       1.867900E-03
   83    53   136     1       2.619300E-02       4.375000E-03
   84    53   137     0       3.392700E-02       5.679100E-03
   85    53   138     0       1.431600E-02       4.206600E-03
   86    53   139     0       9.952500E-03       3.054100E-03
   87    53   140     0       2.869100E-03       1.007200E-03
   88    53   141     0       6.667600E-04       2.349300E-04
   89    53   142     0       9.373600E-05       3.279000E-05
   90    53   143     0       1.065500E-05       3.819200E-06
   91    53   144     0       8.975600E-07       3.343900E-07
   76    54   130     0       0.000000E+00       0.000000E+00
   77    54   131     0       4.413400E-10       1.636900E-10
   77    54   131     1       1.065500E-09       3.951800E-10
   78    54   132     0       4.867500E-07       1.755800E-07
   78    54   132     1       5.517500E-07       1.990400E-07
   79    54   133     0       5.612300E-06       2.043600E-06
   79    54   133     1       1.354900E-05       4.933600E-06
   80    54   134     0       8.321300E-05       3.074900E-05
   80    54   134     1       1.949100E-04       7.202100E-05
   81    54   135     0       5.477800E-04       1.908100E-04
   81    54   135     1       1.322400E-03       4.606500E-04
   82    54   136     0       1.516300E-02       4.060900E-03
   83    54   137     0       2.547500E-02       5.387700E-03
   84    54   138     0       4.245600E-02       4.840000E-03
   85    54   139     0       3.364400E-02       4.499800E-03
   86    54   140     0       3.687500E-02       4.573800E-03
   87    54   141     0       1.548000E-02       3.765700E-03
   88    54   142     0       6.620900E-03       2.018900E-03
   89    54   143     0       1.626300E-03       5.659300E-04
   90    54   144     0       2.998500E-04       1.111100E-04
   91    54   145     0       4.872400E-05       1.752800E-05
   92    54   146     0       6.640200E-06       2.339200E-06
   93    54   147     0       2.247400E-09       7.943700E-10
   78    55   133     0       0.000000E+00       0.000000E+00
   79    55   134     0       1.160300E-08       4.305400E-09
   79    55   134     1       8.551800E-09       3.173200E-09
   80    55   135     0       4.015400E-06       1.440600E-06
   80    55   135     1       2.453700E-06       8.803200E-07
   81    55   136     0       3.696000E-05       1.292300E-05
   81    55   136     1       2.166000E-05       7.573300E-06
   82    55   137     0       9.007400E-04       3.190400E-04
   83    55   138     0       1.365200E-03       4.811200E-04
   83    55   138     1       1.937100E-03       6.826900E-04
   84    55   139     0       9.795600E-03       2.930000E-03
   85    55   140     0       1.478000E-02       3.980800E-03
   86    55   141     0       2.530400E-02       4.142800E-03
   87    55   142     0       2.068800E-02       3.837100E-03
   88    55   143     0       1.644900E-02       3.625400E-03
   89    55   144     0       3.273800E-03       1.052000E-03
   89    55   144     1       3.273800E-03       1.052000E-03
   90    55   145     0       2.392600E-03       8.120600E-04
   91    55   146     0       4.747500E-04       1.648800E-04
   92    55   147     0       9.011400E-05       3.175000E-05
   93    55   148     0       1.131600E-05       4.066400E-06
   94    55   149     0       2.891100E-06       1.074300E-06
   95    55   150     0       2.441100E-10       9.562800E-11
   78    56   134     0       0.000000E+00       0.000000E+00
   80    56   136     0       8.574200E-10       3.000400E-10
   80    56   136     1       2.008300E-09       7.027600E-10
   81    56   137     0       1.591400E-06       5.705400E-07
   81    56   137     1       3.841900E-06       1.377400E-06
   82    56   138     0       1.159700E-04       4.261000E-05
   83    56   139     0       6.068700E-04       2.163600E-04
   84    56   140     0       3.213600E-03       1.107000E-03
   85    56   141     0       5.713400E-03       1.820700E-03
   86    56   142     0       1.685600E-02       3.608700E-03
   87    56   143     0       2.317500E-02       3.749500E-03
   88    56   144     0       2.894900E-02       2.798900E-03
   89    56   145     0       1.910600E-02       2.652400E-03
   90    56   146     0       1.168800E-02       2.216800E-03
   91    56   147     0       4.306600E-03       1.263400E-03
   92    56   148     0       1.185500E-03       4.028900E-04
   93    56   149     0       2.201300E-04       8.082400E-05
   94    56   150     0       2.956300E-05       1.155300E-05
   95    56   151     0       3.035100E-06       1.145200E-06
   96    56   152     0       1.684900E-09       6.057100E-10
   82    57   139     0       1.525000E-08       5.482300E-09
   83    57   140     0       1.085900E-05       3.928800E-06
   84    57   141     0       8.740700E-05       3.104500E-05
   85    57   142     0       2.700200E-04       9.419900E-05
   86    57   143     0       1.620300E-03       5.647800E-04
   87    57   144     0       3.711600E-03       1.276100E-03
   88    57   145     0       9.408300E-03       2.374100E-03
   89    57   146     0       3.564900E-03       7.741600E-04
   89    57   146     1       6.412500E-03       1.392500E-03
   90    57   147     0       1.211600E-02       1.934300E-03
   91    57   148     0       6.705000E-03       1.539400E-03
   92    57   149     0       3.760700E-03       1.082500E-03
   93    57   150     0       9.691300E-04       3.497600E-04
   94    57   151     0       2.642600E-04       9.631300E-05
   95    57   152     0       3.033700E-05       1.084000E-05
   96    57   153     0       4.614200E-06       1.931500E-06
   97    57   154     0       4.861600E-09       1.846500E-09
   98    57   155     0       1.095300E-10       6.498800E-11
   82    58   140     0       0.000000E+00       0.000000E+00
   83    58   141     0       1.183700E-09       4.209500E-10
   84    58   142     0       9.282200E-06       3.251200E-06
   85    58   143     0       2.711800E-05       9.718900E-06
   86    58   144     0       2.581400E-04       9.584300E-05
   87    58   145     0       9.706700E-04       3.422600E-04
   88    58   146     0       3.428400E-03       1.060100E-03
   89    58   147     0       5.821500E-03       1.523700E-03
   90    58   148     0       1.002500E-02       1.611800E-03
   91    58   149     0       9.990900E-03       1.302000E-03
   92    58   150     0       8.214800E-03       8.635800E-04
   93    58   151     0       4.439700E-03       8.079200E-04
   94    58   152     0       2.018900E-03       4.931200E-04
   95    58   153     0       3.805800E-04       1.439400E-04
   96    58   154     0       9.613500E-05       3.536400E-05
   97    58   155     0       1.607000E-05       9.442100E-06
   98    58   156     0       3.873600E-06       2.171900E-06
   99    58   157     0       4.729900E-10       2.452900E-10
   82    59   141     0       0.000000E+00       0.000000E+00
   84    59   143     0       0.000000E+00       0.000000E+00
   85    59   144     0       4.556500E-10       1.697600E-10
   85    59   144     1       4.046800E-09       1.507700E-09
   86    59   145     0       9.552900E-07       3.440300E-07
   87    59   146     0       1.706400E-05       6.013000E-06
   88    59   147     0       1.452700E-04       5.135300E-05
   89    59   148     0       7.961000E-05       2.852300E-05
   89    59   148     1       3.348100E-04       1.199600E-04
   90    59   149     0       1.295700E-03       4.619000E-04
   91    59   150     0       1.968500E-03       6.652000E-04
   92    59   151     0       3.585800E-03       7.867900E-04
   93    59   152     0       3.735800E-03       6.403600E-04
   94    59   153     0       2.569100E-03       5.762800E-04
   95    59   154     0       1.026900E-03       2.889400E-04
   96    59   155     0       3.809200E-04       1.880200E-04
   97    59   156     0       9.415800E-05       5.009300E-05
   98    59   157     0       3.923500E-05       1.987100E-05
   99    59   158     0       8.692600E-08       4.325100E-08
  100    59   159     0       3.177600E-09       1.504900E-09
   83    60   143     0       0.000000E+00       0.000000E+00
   84    60   144     0       0.000000E+00       0.000000E+00
   85    60   145     0       0.000000E+00       0.000000E+00
   86    60   146     0       9.995300E-10       3.521900E-10
   87    60   147     0       1.854100E-08       6.553400E-09
   88    60   148     0       1.733700E-05       6.254500E-06
   89    60   149     0       7.382000E-05       2.783600E-05
   90    60   150     0       2.860500E-04       1.188700E-04
   91    60   151     0       7.057700E-04       3.016100E-04
   92    60   152     0       1.445000E-03       5.508200E-04
   93    60   153     0       1.691800E-03       6.103500E-04
   94    60   154     0       2.400800E-03       4.180700E-04
   95    60   155     0       1.757400E-03       6.326200E-04
   96    60   156     0       1.161900E-03       4.495500E-04
   97    60   157     0       5.129200E-04       2.251400E-04
   98    60   158     0       1.337800E-04       6.348800E-05
   99    60   159     0       2.789100E-05       1.304500E-05
  100    60   160     0       1.119300E-05       5.048600E-06
  101    60   161     0       9.087100E-09       3.962600E-09
   86    61   147     0       0.000000E+00       0.000000E+00
   88    61   149     0       9.634300E-07       3.581300E-07
   89    61   150     0       1.737100E-06       6.807200E-07
   90    61   151     0       8.077200E-06       3.052500E-06
   91    61   152     0       8.079300E-06       2.911500E-06
   91    61   152     1       1.613300E-05       5.813800E-06
   91    61   152     2       1.784500E-05       6.430700E-06
   92    61   153     0       1.358300E-04       5.696300E-05
   93    61   154     0       1.573500E-04       5.783500E-05
   93    61   154     1       1.573500E-04       5.783500E-05
   94    61   155     0       6.577100E-04       3.524500E-04
   95    61   156     0       8.880900E-04       3.885500E-04
   96    61   157     0       9.210900E-04       3.365100E-04
   97    61   158     0       6.623800E-04       2.479200E-04
   98    61   159     0       2.833500E-04       1.165800E-04
   99    61   160     0       1.400600E-04       5.837200E-05
  100    61   161     0       4.515100E-05       1.897600E-05
  101    61   162     0       5.645800E-07       2.380100E-07
  102    61   163     0       1.883800E-08       1.655800E-08
   85    62   147     0       0.000000E+00       0.000000E+00
   87    62   149     0       0.000000E+00       0.000000E+00
   88    62   150     0       0.000000E+00       0.000000E+00
   89    62   151     0       0.000000E+00       0.000000E+00
   90    62   152     0       2.418900E-06       8.697100E-07
   91    62   153     0       1.012400E-06       4.243500E-07
   91    62   153     1       2.444000E-06       1.024400E-06
   92    62   154     0       3.415600E-05       1.293400E-05
   93    62   155     0       1.295400E-04       7.572200E-05
   94    62   156     0       3.269200E-04       1.709700E-04
   95    62   157     0       5.964200E-04       2.551700E-04
   96    62   158     0       8.370200E-04       2.805000E-04
   97    62   159     0       7.797500E-04       2.124600E-04
   98    62   160     0       5.878000E-04       1.573800E-04
   99    62   161     0       3.420900E-04       1.019900E-04
  100    62   162     0       1.305000E-04       4.615200E-05
  101    62   163     0       1.948400E-05       1.677500E-05
  102    62   164     0       6.409600E-07       6.592200E-07
  103    62   165     0       3.138400E-08       2.230200E-08
   88    63   151     0       0.000000E+00       0.000000E+00
   90    63   153     0       0.000000E+00       0.000000E+00
   91    63   154     0       1.475500E-10       5.604500E-11
   91    63   154     1       1.329200E-10       5.048500E-11
   92    63   155     0       1.412900E-08       8.383300E-09
   93    63   156     0       1.933200E-06       1.086300E-06
   94    63   157     0       1.381900E-05       7.141500E-06
   95    63   158     0       3.606600E-05       1.774200E-05
   96    63   159     0       1.312500E-04       5.862300E-05
   97    63   160     0       1.899700E-04       7.669500E-05
   98    63   161     0       2.704600E-04       8.981400E-05
   99    63   162     0       2.224100E-04       6.602600E-05
  100    63   163     0       6.494600E-05       5.312600E-05
  101    63   164     0       6.769600E-06       6.904500E-06
  102    63   165     0       1.503300E-05       1.027500E-05
  103    63   166     0       3.793000E-07       3.467100E-07
  104    63   167     0       3.990000E-08       4.454800E-08
   90    64   154     0       0.000000E+00       0.000000E+00
   91    64   155     0       0.000000E+00       0.000000E+00
   92    64   156     0       0.000000E+00       0.000000E+00
   93    64   157     0       8.408700E-10       4.360700E-10
   94    64   158     0       4.201400E-08       2.090500E-08
   95    64   159     0       7.963900E-06       3.759300E-06
   96    64   160     0       3.914300E-05       1.738900E-05
   97    64   161     0       4.510400E-05       1.897500E-05
   98    64   162     0       1.379000E-04       4.825300E-05
   99    64   163     0       8.436200E-05       6.744500E-05
  100    64   164     0       6.769400E-05       6.303200E-05
  101    64   165     0       3.758100E-05       2.408100E-05
  102    64   166     0       7.278300E-06       6.472600E-06
  103    64   167     0       2.676100E-06       2.954700E-06
  104    64   168     0       6.250900E-07       6.746300E-07
  105    64   169     0       3.284900E-08       3.516500E-08
   94    65   159     0       8.705800E-11       4.123000E-11
   95    65   160     0       2.038100E-09       9.252100E-10
   96    65   161     0       6.994500E-08       3.050000E-08
   97    65   162     0       5.303300E-07       2.235900E-07
   98    65   163     0       6.492000E-06       5.668600E-06
   99    65   164     0       1.353700E-05       1.368100E-05
  100    65   165     0       7.515100E-06       5.240200E-06
  101    65   166     0       2.183400E-05       1.822400E-05
  102    65   167     0       1.426700E-05       1.495400E-05
  103    65   168     0       4.539300E-06       4.746800E-06
  104    65   169     0       2.103000E-06       2.183300E-06
  105    65   170     0       2.067100E-07       2.203800E-07
  106    65   171     0       3.807100E-08       4.035800E-08
   94    66   160     0       0.000000E+00       0.000000E+00
   95    66   161     0       0.000000E+00       0.000000E+00
   96    66   162     0       2.118100E-10       8.935200E-11
   97    66   163     0       2.082100E-09       1.830100E-09
   98    66   164     0       3.785400E-08       3.896400E-08
   99    66   165     0       1.955100E-05       1.309600E-05
   99    66   165     1       2.988800E-06       2.002000E-06
  100    66   166     0       1.230500E-06       1.121100E-06
  101    66   167     0       2.110100E-06       2.335600E-06
  102    66   168     0       5.167300E-06       5.375300E-06
  103    66   169     0       3.023200E-06       3.094300E-06
  104    66   170     0       2.320100E-06       2.330000E-06
  105    66   171     0       6.041100E-07       6.219700E-07
  106    66   172     0       2.376700E-07       2.455300E-07
  107    66   173     0       1.924700E-08       2.035400E-08
   97    67   164     0       5.961000E-13       6.136300E-13
   97    67   164     1       1.396200E-12       1.437300E-12
   98    67   165     0       1.959200E-10       1.392300E-10
   99    67   166     0       4.192700E-10       3.838100E-10
   99    67   166     1       9.820300E-10       8.989900E-10
  100    67   167     0       2.383300E-08       2.661200E-08
  101    67   168     0       3.780500E-08       4.097100E-08
  101    67   168     1       5.364300E-08       5.813600E-08
  102    67   169     0       4.619000E-07       4.914100E-07
  103    67   170     0       3.319500E-07       3.513700E-07
  103    67   170     1       1.417200E-07       1.500200E-07
  104    67   171     0       9.326900E-07       9.433700E-07
  105    67   172     0       4.680600E-07       4.724500E-07
  106    67   173     0       3.055100E-07       3.063700E-07
  107    67   174     0       5.563400E-08       5.803400E-08
  108    67   175     0       1.856800E-08       1.939000E-08
   96    68   164     0       0.000000E+00       0.000000E+00
   98    68   166     0       0.000000E+00       0.000000E+00
   99    68   167     0       3.093800E-12       3.454800E-12
   99    68   167     1       4.729400E-13       5.281300E-13
  100    68   168     0       1.429000E-10       1.549800E-10
  101    68   169     0       1.232800E-09       1.320300E-09
  102    68   170     0       1.222900E-08       1.310500E-08
  103    68   171     0       3.647200E-08       3.866600E-08
  104    68   172     0       1.521000E-07       1.584500E-07
  105    68   173     0       1.288400E-07       1.336000E-07
  106    68   174     0       1.764700E-07       1.763800E-07
  107    68   175     0       7.675700E-08       7.714300E-08
  108    68   176     0       4.205800E-08       4.229400E-08
  109    68   177     0       6.288500E-09       6.589100E-09
  100    69   169     0       0.000000E+00       0.000000E+00
  101    69   170     0       2.900400E-12       3.109200E-12
  102    69   171     0       8.926800E-11       9.481100E-11
  103    69   172     0       6.223900E-10       6.578200E-10
  104    69   173     0       4.953300E-09       5.251200E-09
  105    69   174     0       9.902900E-09       1.048900E-08
  106    69   175     0       3.452300E-08       3.568500E-08
  107    69   176     0       2.406800E-08       2.475600E-08
  108    69   177     0       2.726900E-08       2.721100E-08
  109    69   178     0       9.309300E-09       9.441500E-09
  110    69   179     0       4.485600E-09       4.571500E-09
  100    70   170     0       0.000000E+00       0.000000E+00
  101    70   171     0       0.000000E+00       0.000000E+00
  102    70   172     0       0.000000E+00       0.000000E+00
  103    70   173     0       2.789800E-12       2.960200E-12
  104    70   174     0       5.691000E-11       6.047300E-11
  105    70   175     0       2.808400E-10       2.966400E-10
  105    70   175     1       4.293200E-11       4.534800E-11
  106    70   176     0       7.328900E-10       7.739100E-10
  106    70   176     1       1.318300E-09       1.392100E-09
  107    70   177     0       2.652200E-09       2.797500E-09
  107    70   177     1       6.132400E-10       6.468400E-10
  108    70   178     0       8.664500E-09       8.812600E-09
  109    70   179     0       5.270200E-09       5.336100E-09
  110    70   180     0       4.362900E-09       4.345300E-09
  111    70   181     0       1.249700E-09       1.275500E-09
  104    71   175     0       0.000000E+00       0.000000E+00
  105    71   176     0       1.163400E-12       1.231500E-12
  106    71   177     0       2.054000E-11       2.181900E-11
  106    71   177     1       8.029700E-12       8.529600E-12
  107    71   178     0       5.688100E-11       5.999800E-11
  107    71   178     1       6.447900E-11       6.801200E-11
  108    71   179     0       5.610400E-10       5.896300E-10
  108    71   179     1       8.576700E-11       9.013800E-11
  109    71   180     0       2.087800E-10       2.198700E-10
  109    71   180     1       2.087800E-10       2.198700E-10
  109    71   180     2       3.076900E-10       3.240400E-10
  110    71   181     0       1.579500E-09       1.596600E-09
  111    71   182     0       8.379800E-10       8.412500E-10
  112    71   183     0       5.892800E-10       5.891300E-10
  113    71   184     0       1.195500E-10       1.240900E-10
  105    72   177     0       0.000000E+00       0.000000E+00
  105    72   177     1       0.000000E+00       0.000000E+00
  106    72   178     0       0.000000E+00       0.000000E+00
  106    72   178     1       0.000000E+00       0.000000E+00
  107    72   179     0       8.079500E-13       8.533700E-13
  108    72   180     0       5.256600E-12       5.592800E-12
  108    72   180     1       9.455400E-12       1.006000E-11
  109    72   181     0       4.920900E-11       5.194500E-11
  110    72   182     0       7.867700E-11       8.168600E-11
  110    72   182     1       1.415200E-10       1.469300E-10
  111    72   183     0       2.030800E-10       2.112200E-10
  112    72   184     0       1.107800E-10       1.108500E-10
  112    72   184     1       1.992800E-10       1.993900E-10
  113    72   185     0       1.436700E-10       1.440200E-10
  114    72   186     0       8.312500E-11       8.335100E-11
  115    72   187     0       1.388000E-11       1.449300E-11
  116    72   188     0       3.900500E-12       4.079500E-12
  108    73   181     0       0.000000E+00       0.000000E+00
  109    73   182     0       0.000000E+00       0.000000E+00
  109    73   182     1       0.000000E+00       0.000000E+00
  109    73   182     2       0.000000E+00       0.000000E+00
  110    73   183     0       6.171000E-12       6.541600E-12
  111    73   184     0       1.395800E-11       1.477000E-11
  112    73   185     0       3.540500E-11       3.667800E-11
  112    73   185     1       1.714800E-11       1.776500E-11
  113    73   186     0       3.893800E-11       4.023500E-11
  114    73   187     0       4.905200E-11       4.898400E-11
  115    73   188     0       1.828500E-11       1.848900E-11
  116    73   189     0       9.280000E-12       9.416900E-12
  117    73   190     0       1.096000E-12       1.156900E-12
  108    74   182     0       0.000000E+00       0.000000E+00
  109    74   183     0       0.000000E+00       0.000000E+00
  109    74   183     1       0.000000E+00       0.000000E+00
  110    74   184     0       0.000000E+00       0.000000E+00
  111    74   185     0       0.000000E+00       0.000000E+00
  112    74   186     0       1.996400E-12       2.111700E-12
  113    74   187     0       4.743700E-12       5.007800E-12
  114    74   188     0       1.389800E-11       1.420200E-11
  115    74   189     0       8.918200E-12       9.064500E-12
  116    74   190     0       3.780500E-12       3.765900E-12
  116    74   190     1       4.285500E-12       4.268800E-12
  110    75   185     0       0.000000E+00       0.000000E+00
  112    75   187     0       0.000000E+00       0.000000E+00
  113    75   188     0       0.000000E+00       0.000000E+00
  114    75   189     0       0.000000E+00       0.000000E+00
  115    75   190     0       3.891700E-13       4.108200E-13
  112    76   188     0       0.000000E+00       0.000000E+00
  113    76   189     0       0.000000E+00       0.000000E+00
  113    76   189     1       0.000000E+00       0.000000E+00
  114    76   190     0       0.000000E+00       0.000000E+00
