   66   2.4999E-09
   67   1.1200E-08
   68   3.4299E-08
   69   9.4098E-08
   70   3.6699E-07
   71   1.6200E-06
   72   4.1599E-06
   73   1.1550E-05
   74   2.7079E-05
   75   7.9808E-05
   76   1.3842E-04
   77   2.5958E-04
   78   5.3837E-04
   79   1.4351E-03
   80   2.3406E-03
   81   3.6778E-03
   82   5.8549E-03
   83   1.0145E-02
   84   1.6893E-02
   85   2.2371E-02
   86   2.8434E-02
   87   4.0181E-02
   88   5.4651E-02
   89   6.3400E-02
   90   6.7889E-02
   91   6.4858E-02
   92   6.5523E-02
   93   6.9788E-02
   94   6.8312E-02
   95   6.3494E-02
   96   5.6732E-02
   97   5.5156E-02
   98   5.1892E-02
   99   4.9108E-02
  100   4.4589E-02
  101   3.1712E-02
  102   2.4027E-02
  103   1.5732E-02
  104   9.8017E-03
  105   4.9580E-03
  106   2.4624E-03
  107   1.1453E-03
  108   7.5765E-04
  109   3.9404E-04
  110   3.8663E-04
  111   2.1600E-04
  112   1.3304E-04
  113   1.3562E-04
  114   1.2860E-04
  115   1.4982E-04
  116   1.3202E-04
  117   1.4124E-04
  118   1.5417E-04
  119   1.8557E-04
  120   2.1829E-04
  121   2.3081E-04
  122   4.0921E-04
  123   6.0414E-04
  124   7.4580E-04
  125   1.1696E-03
  126   2.2611E-03
  127   5.5543E-03
  128   8.3683E-03
  129   1.5913E-02
  130   2.0890E-02
  131   3.6042E-02
  132   4.9534E-02
  133   5.9504E-02
  134   6.3064E-02
  135   6.2651E-02
  136   6.7748E-02
  137   6.7572E-02
  138   5.9072E-02
  139   6.3054E-02
  140   6.4246E-02
  141   6.4803E-02
  142   6.6705E-02
  143   5.9657E-02
  144   4.7260E-02
  145   3.4440E-02
  146   2.5858E-02
  147   1.7384E-02
  148   1.3015E-02
  149   7.7811E-03
  150   5.0526E-03
  151   3.1572E-03
  152   2.1363E-03
  153   1.0368E-03
  154   4.6687E-04
  155   2.1430E-04
  156   1.2794E-04
  157   6.3018E-05
  158   2.0550E-05
  159   8.8598E-06
  160   3.1599E-06
  161   1.2200E-06
  162   1.2700E-07
  163   5.9298E-08
  164   1.9500E-08
  165   6.3198E-09
  166   3.6799E-09
  167   5.0899E-10
  168   1.2900E-10
  169   4.3999E-11
  170   1.6200E-11
  171   4.4699E-12
  172   1.5100E-12
