   66   2.5026E-09
   67   1.1196E-08
   68   3.4234E-08
   69   9.4051E-08
   70   3.6674E-07
   71   1.6184E-06
   72   4.1672E-06
   73   1.1557E-05
   74   2.7085E-05
   75   7.9804E-05
   76   1.3846E-04
   77   2.5958E-04
   78   5.3811E-04
   79   1.4347E-03
   80   2.3367E-03
   81   3.6800E-03
   82   5.8651E-03
   83   1.0137E-02
   84   1.6371E-02
   85   2.2868E-02
   86   2.7937E-02
   87   3.9911E-02
   88   5.4589E-02
   89   6.3714E-02
   90   6.8364E-02
   91   6.4913E-02
   92   6.5232E-02
   93   6.9480E-02
   94   6.8757E-02
   95   6.3635E-02
   96   5.6793E-02
   97   5.5150E-02
   98   5.1789E-02
   99   4.9246E-02
  100   4.4601E-02
  101   3.1712E-02
  102   2.4026E-02
  103   1.5732E-02
  104   9.7877E-03
  105   4.9726E-03
  106   2.4627E-03
  107   1.1453E-03
  108   7.5733E-04
  109   3.9374E-04
  110   3.8724E-04
  111   2.1600E-04
  112   1.3304E-04
  113   1.3562E-04
  114   1.2859E-04
  115   1.4981E-04
  116   1.3201E-04
  117   1.4124E-04
  118   1.5417E-04
  119   1.8558E-04
  120   2.1829E-04
  121   2.3081E-04
  122   4.0967E-04
  123   6.0414E-04
  124   7.4621E-04
  125   1.1696E-03
  126   2.2592E-03
  127   5.5562E-03
  128   8.3566E-03
  129   1.5924E-02
  130   2.0917E-02
  131   3.6043E-02
  132   4.9534E-02
  133   5.9499E-02
  134   6.3005E-02
  135   6.2626E-02
  136   6.7975E-02
  137   6.8397E-02
  138   5.9202E-02
  139   6.3248E-02
  140   6.4246E-02
  141   6.4809E-02
  142   6.6655E-02
  143   5.9691E-02
  144   4.7259E-02
  145   3.4471E-02
  146   2.5861E-02
  147   1.7384E-02
  148   1.3012E-02
  149   7.7843E-03
  150   5.0571E-03
  151   3.1572E-03
  152   2.1363E-03
  153   1.0368E-03
  154   4.6688E-04
  155   2.1429E-04
  156   1.2795E-04
  157   6.3030E-05
  158   2.0549E-05
  159   8.8602E-06
  160   3.1651E-06
  161   1.2158E-06
  162   1.2715E-07
  163   5.9271E-08
  164   1.9516E-08
  165   6.3215E-09
  166   3.6744E-09
  167   5.0840E-10
  168   1.2900E-10
  169   4.4045E-11
  170   1.6188E-11
  171   4.4606E-12
  172   1.5077E-12
