#            E 5.0000000e+05  neutron energy
#    Z      A   Level         FPY           delta-FPY   
     23     66 0.0000000e+00 4.0047700e-19 2.5630500e-19
     24     66 0.0000000e+00 2.0500000e-14 1.3120000e-14
     24     67 0.0000000e+00 0.0000000e+00 0.0000000e+00
     24     68 0.0000000e+00 0.0000000e+00 0.0000000e+00
     24     69 0.0000000e+00 6.5106800e-18 4.1668400e-18
     24     70 0.0000000e+00 0.0000000e+00 0.0000000e+00
     25     66 0.0000000e+00 1.1100000e-11 7.1040000e-12
     25     67 0.0000000e+00 5.0200000e-12 3.2128000e-12
     25     68 0.0000000e+00 7.9600000e-13 5.0944000e-13
     25     69 0.0000000e+00 1.0800000e-13 6.9120000e-14
     25     70 0.0000000e+00 1.0400000e-14 6.6560000e-15
     25     71 0.0000000e+00 0.0000000e+00 0.0000000e+00
     25     72 0.0000000e+00 4.9424700e-17 3.1631800e-17
     26     66 0.0000000e+00 1.0900000e-09 6.9760000e-10
     26     67 0.0000000e+00 1.1500000e-09 7.3600000e-10
     26     68 0.0000000e+00 7.4400000e-10 4.7616000e-10
     26     69 0.0000000e+00 2.5300000e-10 1.6192000e-10
     26     70 0.0000000e+00 1.0200000e-10 6.5280000e-11
     26     71 0.0000000e+00 2.1900000e-11 1.4016000e-11
     26     72 0.0000000e+00 2.5300000e-12 1.6192000e-12
     26     73 0.0000000e+00 1.0800000e-13 6.9120000e-14
     26     74 0.0000000e+00 0.0000000e+00 0.0000000e+00
     26     75 0.0000000e+00 3.3578300e-16 2.1490100e-16
     26     76 0.0000000e+00 0.0000000e+00 0.0000000e+00
     27     66 0.0000000e+00 3.0000000e-09 1.9200000e-09
     27     67 0.0000000e+00 8.2900000e-09 5.3056000e-09
     27     68 0.0000000e+00 1.0900000e-08 6.9760000e-09
     27     69 0.0000000e+00 1.3500000e-08 8.6400000e-09
     27     70 0.0000000e+00 1.2900000e-08 8.2560000e-09
     27     71 0.0000000e+00 1.1600000e-08 7.4240000e-09
     27     72 0.0000000e+00 3.3800000e-09 2.1632000e-09
     27     73 0.0000000e+00 6.1400000e-10 3.9296000e-10
     27     74 0.0000000e+00 5.5100000e-11 3.5264000e-11
     27     75 0.0000000e+00 5.5700000e-12 3.5648000e-12
     27     76 0.0000000e+00 1.7100000e-13 1.0944000e-13
     27     77 0.0000000e+00 6.9085600e-15 4.4214800e-15
     28     66 0.0000000e+00 3.9800000e-09 1.7910000e-09
     28     67 0.0000000e+00 1.5700000e-08 1.0048000e-08
     28     68 0.0000000e+00 4.6100000e-08 2.9504000e-08
     28     69 0.0000000e+00 1.0700000e-07 6.8480000e-08
     28     70 0.0000000e+00 3.3600000e-07 2.1504000e-07
     28     71 0.0000000e+00 6.8600000e-07 4.3904000e-07
     28     72 0.0000000e+00 7.6900000e-07 4.9216000e-07
     28     73 0.0000000e+00 3.3800000e-07 2.1632000e-07
     28     74 0.0000000e+00 1.2600000e-07 8.0640000e-08
     28     75 0.0000000e+00 3.3100000e-08 2.1184000e-08
     28     76 0.0000000e+00 4.3500000e-09 2.7840000e-09
     28     77 0.0000000e+00 2.6000000e-10 1.6640000e-10
     28     78 0.0000000e+00 9.8800000e-12 6.3232000e-12
     28     79 0.0000000e+00 1.7603000e-13 1.1265900e-13
     28     80 0.0000000e+00 0.0000000e+00 0.0000000e+00
     28     82 0.0000000e+00 0.0000000e+00 0.0000000e+00
     29     66 0.0000000e+00 3.9900000e-09 1.7955000e-09
     29     67 0.0000000e+00 1.6000000e-08 7.2000000e-09
     29     68 0.0000000e+00 4.7800000e-08 2.1510000e-08
     29     68 1.0000000e+00 1.9500000e-09 1.2480000e-09
     29     69 0.0000000e+00 1.3200000e-07 8.4480000e-08
     29     70 0.0000000e+00 2.0600000e-07 1.3184000e-07
     29     70 1.0000000e+00 3.0200000e-07 1.9328000e-07
     29     71 0.0000000e+00 1.9200000e-06 1.2288000e-06
     29     72 0.0000000e+00 3.6600000e-06 2.3424000e-06
     29     73 0.0000000e+00 4.9500000e-06 3.1680000e-06
     29     74 0.0000000e+00 4.0300000e-06 2.5792000e-06
     29     75 0.0000000e+00 4.2400000e-06 2.7136000e-06
     29     76 0.0000000e+00 1.3600000e-06 8.7040000e-07
     29     77 0.0000000e+00 3.4900000e-07 2.2336000e-07
     29     78 0.0000000e+00 3.4800000e-08 2.2272000e-08
     29     79 0.0000000e+00 2.9200000e-09 1.8688000e-09
     29     80 0.0000000e+00 1.4500000e-10 9.2800000e-11
     29     81 0.0000000e+00 4.5600000e-12 2.9184000e-12
     29     82 0.0000000e+00 4.7100000e-14 3.0144000e-14
     30     66 0.0000000e+00 3.9900000e-09 1.2768000e-09
     30     67 0.0000000e+00 1.6000000e-08 5.1200000e-09
     30     68 0.0000000e+00 4.8800000e-08 1.5616000e-08
     30     69 0.0000000e+00 1.3300000e-07 5.9850000e-08
     30     69 1.0000000e+00 7.9100000e-10 5.0624000e-10
     30     70 0.0000000e+00 5.3200000e-07 1.7024000e-07
     30     71 0.0000000e+00 1.9800000e-06 8.9100000e-07
     30     71 1.0000000e+00 3.2100000e-07 2.0544000e-07
     30     72 0.0000000e+00 6.7600000e-06 4.3264000e-06
     30     73 0.0000000e+00 1.4870000e-05 9.5168000e-06
     30     74 0.0000000e+00 3.2470000e-05 2.0780800e-05
     30     75 0.0000000e+00 7.0480000e-05 4.5107200e-05
     30     76 0.0000000e+00 8.0090000e-05 5.1257600e-05
     30     77 0.0000000e+00 4.8750000e-05 3.1200000e-05
     30     78 0.0000000e+00 2.0010000e-05 1.2806400e-05
     30     79 0.0000000e+00 4.2800000e-06 2.7392000e-06
     30     80 0.0000000e+00 9.5200000e-07 6.0928000e-07
     30     81 0.0000000e+00 8.4400000e-08 5.4016000e-08
     30     82 0.0000000e+00 4.2700000e-09 2.7328000e-09
     30     83 0.0000000e+00 1.1300000e-10 7.2320000e-11
     30     84 0.0000000e+00 1.8500000e-12 1.1840000e-12
     30     85 0.0000000e+00 5.9379900e-14 3.8003100e-14
     30     86 0.0000000e+00 0.0000000e+00 0.0000000e+00
     31     66 0.0000000e+00 0.0000000e+00 0.0000000e+00
     31     67 0.0000000e+00 0.0000000e+00 0.0000000e+00
     31     68 0.0000000e+00 0.0000000e+00 0.0000000e+00
     31     69 0.0000000e+00 1.3300000e-07 4.2560000e-08
     31     70 0.0000000e+00 5.5200000e-11 3.5328000e-11
     31     71 0.0000000e+00 2.3100000e-06 7.3920000e-07
     31     72 1.0000000e+00 3.2750000e-08 2.0960000e-08
     31     72 0.0000000e+00 6.8300000e-06 4.3712000e-06
     31     73 0.0000000e+00 1.5630000e-05 7.0335000e-06
     31     74 1.0000000e+00 2.6652500e-05 1.7057600e-05
     31     74 0.0000000e+00 3.0406900e-05 1.9460400e-05
     31     75 0.0000000e+00 1.0753000e-04 6.8819200e-05
     31     76 0.0000000e+00 1.6849000e-04 1.0783400e-04
     31     77 0.0000000e+00 2.4011000e-04 1.5367000e-04
     31     78 0.0000000e+00 1.9439000e-04 1.2441000e-04
     31     79 0.0000000e+00 1.4888000e-04 9.5283200e-05
     31     80 0.0000000e+00 8.1540000e-05 5.2185600e-05
     31     81 0.0000000e+00 3.1990000e-05 2.0473600e-05
     31     82 0.0000000e+00 4.5800000e-06 2.9312000e-06
     31     83 0.0000000e+00 5.6400000e-07 3.6096000e-07
     31     84 0.0000000e+00 2.6200000e-08 1.6768000e-08
     31     85 0.0000000e+00 9.8500000e-10 6.3040000e-10
     31     86 0.0000000e+00 1.5300000e-11 9.7920000e-12
     31     87 0.0000000e+00 4.3577100e-13 2.7889300e-13
     32     66 0.0000000e+00 0.0000000e+00 0.0000000e+00
     32     67 0.0000000e+00 0.0000000e+00 0.0000000e+00
     32     68 0.0000000e+00 0.0000000e+00 0.0000000e+00
     32     69 0.0000000e+00 0.0000000e+00 0.0000000e+00
     32     70 0.0000000e+00 5.5200000e-11 3.5328000e-11
     32     71 0.0000000e+00 3.4300000e-12 2.1952000e-12
     32     71 1.0000000e+00 1.7200000e-12 1.1008000e-12
     32     72 0.0000000e+00 6.8300000e-06 2.1856000e-06
     32     73 0.0000000e+00 1.5640000e-05 3.5972000e-06
     32     73 1.0000000e+00 1.5630000e-05 5.0016000e-06
     32     74 0.0000000e+00 3.7250000e-05 1.1920000e-05
     32     75 0.0000000e+00 1.1085000e-04 4.9882500e-05
     32     75 1.0000000e+00 7.2200000e-06 3.2490000e-06
     32     76 0.0000000e+00 1.9688000e-04 6.3001600e-05
     32     77 0.0000000e+00 1.9054000e-04 1.2194600e-04
     32     77 1.0000000e+00 2.2685000e-04 1.4518400e-04
     32     78 0.0000000e+00 6.0045000e-04 3.8428800e-04
     32     79 1.0000000e+00 3.5673200e-04 2.2830800e-04
     32     79 0.0000000e+00 5.0493700e-04 3.2316000e-04
     32     80 0.0000000e+00 1.5158300e-03 9.7013100e-04
     32     81 0.0000000e+00 1.3850600e-03 8.8643800e-04
     32     82 0.0000000e+00 8.4818000e-04 5.4283500e-04
     32     83 0.0000000e+00 2.7455000e-04 1.7571200e-04
     32     84 0.0000000e+00 5.7850000e-05 3.7024000e-05
     32     85 0.0000000e+00 6.0400000e-06 3.8656000e-06
     32     86 0.0000000e+00 4.4200000e-07 2.8288000e-07
     32     87 0.0000000e+00 1.6400000e-08 1.0496000e-08
     32     88 0.0000000e+00 4.2900000e-10 2.7456000e-10
     32     89 0.0000000e+00 5.8174200e-12 3.7231500e-12
     32     90 0.0000000e+00 6.8042100e-13 4.3547000e-13
     33     69 0.0000000e+00 0.0000000e+00 0.0000000e+00
     33     71 0.0000000e+00 0.0000000e+00 0.0000000e+00
     33     72 0.0000000e+00 1.3100000e-14 8.3840000e-15
     33     73 0.0000000e+00 1.5900000e-12 1.0176000e-12
     33     74 0.0000000e+00 9.4600000e-11 6.0544000e-11
     33     74 1.0000000e+00 6.9000000e-11 4.4160000e-11
     33     75 0.0000000e+00 1.1085000e-04 3.5472000e-05
     33     76 0.0000000e+00 1.5500000e-07 9.9200000e-08
     33     77 0.0000000e+00 3.7258000e-04 1.1922600e-04
     33     78 0.0000000e+00 6.2058000e-04 2.7926100e-04
     33     79 0.0000000e+00 9.7242000e-04 6.2234900e-04
     33     80 0.0000000e+00 2.0630000e-03 6.6016000e-04
     33     81 0.0000000e+00 3.2558200e-03 7.4883900e-04
     33     82 0.0000000e+00 2.1739200e-03 1.3913100e-03
     33     82 1.0000000e+00 1.3258000e-03 8.4851200e-04
     33     83 0.0000000e+00 3.6368200e-03 2.3275600e-03
     33     84 1.0000000e+00 8.7477000e-04 5.5985300e-04
     33     84 0.0000000e+00 9.3061000e-04 5.9559000e-04
     33     85 0.0000000e+00 7.9623000e-04 5.0958700e-04
     33     86 0.0000000e+00 1.5570000e-04 9.9648000e-05
     33     87 0.0000000e+00 2.5820000e-05 1.6524800e-05
     33     88 0.0000000e+00 1.8300000e-06 1.1712000e-06
     33     89 0.0000000e+00 9.6500000e-08 6.1760000e-08
     33     90 0.0000000e+00 8.2983300e-09 5.3109300e-09
     33     91 0.0000000e+00 2.2585700e-11 1.4454800e-11
     33     92 0.0000000e+00 4.9229400e-13 3.1506800e-13
     34     72 0.0000000e+00 0.0000000e+00 0.0000000e+00
     34     73 0.0000000e+00 0.0000000e+00 0.0000000e+00
     34     73 1.0000000e+00 0.0000000e+00 0.0000000e+00
     34     74 0.0000000e+00 3.0900000e-11 1.3905000e-11
     34     75 0.0000000e+00 1.6700000e-12 1.0688000e-12
     34     76 0.0000000e+00 1.5500000e-07 9.9200000e-08
     34     77 0.0000000e+00 3.7259000e-04 8.5695700e-05
     34     77 1.0000000e+00 1.1200000e-06 5.0400000e-07
     34     78 0.0000000e+00 6.2079000e-04 1.9865300e-04
     34     79 0.0000000e+00 9.7555000e-04 4.3899700e-04
     34     79 1.0000000e+00 9.7279000e-04 4.3775500e-04
     34     80 0.0000000e+00 2.1181000e-03 3.3889600e-04
     34     81 0.0000000e+00 3.6968800e-03 4.0665700e-04
     34     81 1.0000000e+00 3.8814000e-04 2.4841000e-04
     34     82 0.0000000e+00 5.8806500e-03 4.7045200e-04
     34     83 0.0000000e+00 5.9542000e-03 6.5496200e-04
     34     83 1.0000000e+00 3.5139700e-03 1.1244700e-03
     34     84 0.0000000e+00 1.4439800e-02 2.3103600e-03
     34     85 0.0000000e+00 6.7926400e-03 3.0566900e-03
     34     85 1.0000000e+00 6.4011700e-03 2.8805300e-03
     34     86 0.0000000e+00 1.0261400e-02 2.3601300e-03
     34     87 0.0000000e+00 4.1576600e-03 2.6609000e-03
     34     88 0.0000000e+00 1.2592900e-03 8.0594600e-04
     34     89 0.0000000e+00 1.7560000e-04 1.1238400e-04
     34     90 0.0000000e+00 1.8420000e-05 1.1788800e-05
     34     91 0.0000000e+00 8.5000000e-07 5.4400000e-07
     34     92 0.0000000e+00 2.5200000e-08 1.6128000e-08
     34     93 0.0000000e+00 1.5251900e-10 9.7612000e-11
     34     94 0.0000000e+00 4.2800000e-12 2.7392000e-12
     34     95 0.0000000e+00 4.6794500e-13 2.9948400e-13
     34     96 0.0000000e+00 0.0000000e+00 0.0000000e+00
     35     75 0.0000000e+00 0.0000000e+00 0.0000000e+00
     35     77 0.0000000e+00 3.4200000e-13 2.1888000e-13
     35     77 1.0000000e+00 2.7000000e-13 1.7280000e-13
     35     78 0.0000000e+00 2.7200000e-11 1.7408000e-11
     35     79 0.0000000e+00 9.7555000e-04 3.1217600e-04
     35     79 1.0000000e+00 1.4200000e-09 9.0880000e-10
     35     80 0.0000000e+00 8.3300000e-08 5.3312000e-08
     35     80 1.0000000e+00 6.5000000e-08 4.1600000e-08
     35     81 0.0000000e+00 3.6998300e-03 2.2199000e-04
     35     82 0.0000000e+00 4.1070000e-05 2.6284800e-05
     35     82 1.0000000e+00 1.1160000e-05 7.1424000e-06
     35     83 0.0000000e+00 9.9218000e-03 3.9687200e-04
     35     84 0.0000000e+00 1.5065500e-02 1.6572000e-03
     35     84 1.0000000e+00 1.3296200e-03 8.5095700e-04
     35     85 0.0000000e+00 2.0528500e-02 3.2845600e-03
     35     86 0.0000000e+00 1.6541700e-02 5.2933400e-03
     35     86 1.0000000e+00 6.2845200e-03 2.8280300e-03
     35     87 0.0000000e+00 2.2839200e-02 1.8271400e-03
     35     88 0.0000000e+00 1.4209300e-02 3.2681300e-03
     35     89 0.0000000e+00 7.4352800e-03 3.3458800e-03
     35     90 0.0000000e+00 1.9402500e-03 1.2417600e-03
     35     91 0.0000000e+00 3.9900000e-04 2.5536000e-04
     35     92 0.0000000e+00 3.2580000e-05 2.0851200e-05
     35     93 0.0000000e+00 2.5300000e-06 1.6192000e-06
     35     94 0.0000000e+00 7.1200000e-08 4.5568000e-08
     35     95 0.0000000e+00 7.7623200e-09 4.9678800e-09
     35     96 0.0000000e+00 2.0500000e-11 1.3120000e-11
     35     97 0.0000000e+00 4.7562800e-13 3.0440200e-13
     36     77 0.0000000e+00 0.0000000e+00 0.0000000e+00
     36     78 0.0000000e+00 0.0000000e+00 0.0000000e+00
     36     79 1.0000000e+00 4.7950000e-14 3.0688000e-14
     36     79 0.0000000e+00 9.5900000e-14 6.1376000e-14
     36     80 0.0000000e+00 8.3400000e-08 5.3376000e-08
     36     81 0.0000000e+00 2.0200000e-09 1.2928000e-09
     36     81 1.0000000e+00 2.4200000e-10 1.5488000e-10
     36     82 0.0000000e+00 4.1470000e-05 2.6540800e-05
     36     83 0.0000000e+00 9.9257400e-03 9.9257400e-05
     36     83 1.0000000e+00 9.9224700e-03 1.9844900e-04
     36     84 0.0000000e+00 1.6468300e-02 1.6468300e-04
     36     85 0.0000000e+00 4.6842700e-03 7.4948300e-04
     36     85 1.0000000e+00 2.0643200e-02 2.2707500e-03
     36     86 0.0000000e+00 2.7885200e-02 2.7885200e-04
     36     87 0.0000000e+00 3.8026400e-02 1.0647400e-03
     36     88 0.0000000e+00 4.8684700e-02 3.8947800e-03
     36     89 0.0000000e+00 4.8695500e-02 1.1200000e-02
     36     90 0.0000000e+00 4.2793500e-02 9.8425000e-03
     36     91 0.0000000e+00 2.0980400e-02 4.8254800e-03
     36     92 0.0000000e+00 7.1875400e-03 3.2343900e-03
     36     93 0.0000000e+00 1.4330500e-03 9.1715200e-04
     36     94 0.0000000e+00 1.8373000e-04 1.1758700e-04
     36     95 0.0000000e+00 1.2670000e-05 8.1088000e-06
     36     96 0.0000000e+00 6.7200000e-07 4.3008000e-07
     36     97 0.0000000e+00 1.7900000e-08 1.1456000e-08
     36     98 0.0000000e+00 3.1000000e-10 1.9840000e-10
     36     99 0.0000000e+00 4.6469400e-12 2.9740400e-12
     36    100 0.0000000e+00 2.4800000e-14 1.5872000e-14
     37     79 0.0000000e+00 0.0000000e+00 0.0000000e+00
     37     81 0.0000000e+00 2.7200000e-14 1.7408000e-14
     37     83 0.0000000e+00 7.3600000e-10 4.7104000e-10
     37     84 0.0000000e+00 3.7900000e-08 2.4256000e-08
     37     85 0.0000000e+00 2.1204700e-02 2.1204700e-04
     37     86 1.0000000e+00 1.3785000e-05 8.8224000e-06
     37     86 0.0000000e+00 2.7570000e-05 1.7644800e-05
     37     87 0.0000000e+00 3.8398600e-02 3.8398600e-04
     37     88 0.0000000e+00 5.0720000e-02 1.0144000e-03
     37     89 0.0000000e+00 5.7246900e-02 6.2971600e-03
     37     90 0.0000000e+00 4.1777500e-02 6.6844100e-03
     37     90 1.0000000e+00 2.0302100e-02 4.6694800e-03
     37     91 0.0000000e+00 5.4975400e-02 1.2644300e-02
     37     92 0.0000000e+00 3.3577900e-02 7.7229300e-03
     37     93 0.0000000e+00 2.1551100e-02 4.9567400e-03
     37     94 0.0000000e+00 6.5979500e-03 2.9690800e-03
     37     95 0.0000000e+00 1.9393700e-03 1.2412000e-03
     37     96 0.0000000e+00 2.6798000e-04 1.7150700e-04
     37     97 0.0000000e+00 3.0830000e-05 1.9731200e-05
     37     98 0.0000000e+00 1.4500000e-06 9.2800000e-07
     37     99 0.0000000e+00 7.7084000e-08 4.9333800e-08
     37    100 0.0000000e+00 1.3900000e-09 8.8960000e-10
     37    101 0.0000000e+00 1.4720600e-11 9.4211500e-12
     37    102 0.0000000e+00 3.1256700e-13 2.0004300e-13
     38     83 0.0000000e+00 1.2500000e-14 8.0000000e-15
     38     84 0.0000000e+00 1.1400000e-09 7.2960000e-10
     38     85 1.0000000e+00 1.8100000e-10 1.1584000e-10
     38     85 0.0000000e+00 3.3901300e-10 2.1696800e-10
     38     86 0.0000000e+00 2.7600000e-05 1.7664000e-05
     38     87 0.0000000e+00 3.8399700e-02 3.8399700e-04
     38     87 1.0000000e+00 1.8000000e-07 2.8800000e-08
     38     88 0.0000000e+00 5.0745100e-02 5.0745100e-04
     38     89 0.0000000e+00 5.7523300e-02 3.4514000e-03
     38     90 0.0000000e+00 6.3865500e-02 1.2773100e-03
     38     91 0.0000000e+00 6.4413800e-02 2.5765500e-03
     38     92 0.0000000e+00 6.4796900e-02 2.5918800e-03
     38     93 0.0000000e+00 6.5839600e-02 5.2671700e-03
     38     94 0.0000000e+00 5.7865400e-02 9.2584700e-03
     38     95 0.0000000e+00 3.7483200e-02 8.6211400e-03
     38     96 0.0000000e+00 1.9734600e-02 4.5389600e-03
     38     97 0.0000000e+00 5.4292400e-03 2.4431600e-03
     38     98 0.0000000e+00 1.0946300e-03 7.0056300e-04
     38     99 0.0000000e+00 1.2582000e-04 8.0524800e-05
     38    100 0.0000000e+00 1.1690000e-05 7.4816000e-06
     38    101 0.0000000e+00 5.5400000e-07 3.5456000e-07
     38    102 0.0000000e+00 1.6000000e-08 1.0240000e-08
     38    103 0.0000000e+00 4.9312400e-11 3.1559900e-11
     38    104 0.0000000e+00 0.0000000e+00 0.0000000e+00
     38    105 0.0000000e+00 0.0000000e+00 0.0000000e+00
     38    106 0.0000000e+00 0.0000000e+00 0.0000000e+00
     38    107 0.0000000e+00 0.0000000e+00 0.0000000e+00
     39     85 0.0000000e+00 0.0000000e+00 0.0000000e+00
     39     87 0.0000000e+00 6.1500000e-11 3.9360000e-11
     39     88 0.0000000e+00 3.9800000e-09 2.5472000e-09
     39     89 0.0000000e+00 5.7523500e-02 1.6106600e-03
     39     89 1.0000000e+00 5.9100000e-06 4.7280000e-07
     39     90 1.0000000e+00 2.1300000e-06 1.3632000e-06
     39     90 0.0000000e+00 6.3869800e-02 4.0876600e-02
     39     91 1.0000000e+00 3.7399400e-02 2.3935600e-02
     39     91 0.0000000e+00 6.4492700e-02 4.1275300e-02
     39     92 0.0000000e+00 6.5415500e-02 1.3083100e-03
     39     93 1.0000000e+00 2.4537300e-02 1.5703900e-02
     39     93 0.0000000e+00 6.9353200e-02 4.4386100e-02
     39     94 0.0000000e+00 6.7139000e-02 1.8798900e-03
     39     95 0.0000000e+00 6.0365600e-02 6.6402100e-03
     39     96 0.0000000e+00 4.6546400e-02 7.4474200e-03
     39     96 1.0000000e+00 2.4398800e-02 5.6117200e-03
     39     97 1.0000000e+00 0.0000000e+00 0.0000000e+00
     39     97 0.0000000e+00 3.1821700e-02 7.3190000e-03
     39     98 0.0000000e+00 7.2154500e-03 3.2469500e-03
     39     98 1.0000000e+00 6.1209000e-03 2.7544000e-03
     39     99 0.0000000e+00 5.6507800e-03 2.5428500e-03
     39    100 0.0000000e+00 1.2696700e-03 8.1258900e-04
     39    101 0.0000000e+00 2.5218000e-04 1.6139500e-04
     39    102 0.0000000e+00 1.8790000e-05 1.2025600e-05
     39    103 0.0000000e+00 8.1800000e-07 5.2352000e-07
     39    104 0.0000000e+00 1.4400000e-13 9.2160000e-14
     39    105 0.0000000e+00 2.3005000e-15 1.4723200e-15
     39    106 0.0000000e+00 3.9480600e-17 2.5267600e-17
     39    107 0.0000000e+00 2.8507700e-17 1.8244900e-17
     39    108 0.0000000e+00 1.0392900e-12 6.6514300e-13
     39    109 0.0000000e+00 2.2991600e-14 1.4714600e-14
     40     87 0.0000000e+00 0.0000000e+00 0.0000000e+00
     40     88 0.0000000e+00 9.5900000e-14 6.1376000e-14
     40     89 0.0000000e+00 1.2400000e-11 7.9360000e-12
     40     90 1.0000000e+00 6.5000000e-10 4.1600000e-10
     40     90 0.0000000e+00 6.3869800e-02 4.0876600e-02
     40     91 0.0000000e+00 6.4492700e-02 6.4492700e-04
     40     92 0.0000000e+00 6.5417900e-02 6.5417900e-04
     40     93 0.0000000e+00 6.9388800e-02 6.9388800e-04
     40     94 0.0000000e+00 6.7540300e-02 6.7540300e-04
     40     95 0.0000000e+00 6.2816900e-02 2.5126700e-03
     40     96 0.0000000e+00 5.7174700e-02 5.7174700e-04
     40     97 0.0000000e+00 5.3691500e-02 3.2214900e-03
     40     98 0.0000000e+00 4.9094700e-02 3.9275700e-03
     40     99 0.0000000e+00 3.9152300e-02 9.0050200e-03
     40    100 0.0000000e+00 2.9000900e-02 6.6702000e-03
     40    101 0.0000000e+00 1.2927100e-02 2.9732400e-03
     40    102 0.0000000e+00 3.8026000e-03 2.4336600e-03
     40    103 0.0000000e+00 4.1082000e-04 2.6292500e-04
     40    104 0.0000000e+00 1.2500000e-06 8.0000000e-07
     40    105 0.0000000e+00 6.9400000e-08 4.4416000e-08
     40    106 0.0000000e+00 1.6200000e-09 1.0368000e-09
     40    107 0.0000000e+00 8.6000300e-10 5.5040200e-10
     40    108 0.0000000e+00 5.3200000e-08 3.4048000e-08
     40    109 0.0000000e+00 8.6527400e-10 5.5377600e-10
     40    110 0.0000000e+00 2.0000000e-12 1.2800000e-12
     40    111 0.0000000e+00 2.5410100e-14 1.6262500e-14
     41     89 0.0000000e+00 0.0000000e+00 0.0000000e+00
     41     90 0.0000000e+00 0.0000000e+00 0.0000000e+00
     41     91 0.0000000e+00 1.1200000e-12 7.1680000e-13
     41     92 0.0000000e+00 1.1600000e-10 7.4240000e-11
     41     93 0.0000000e+00 6.9388800e-02 6.9388800e-04
     41     93 1.0000000e+00 6.5919300e-02 6.5919300e-04
     41     94 0.0000000e+00 2.4200000e-07 1.5488000e-07
     41     94 1.0000000e+00 8.9700000e-08 5.7408000e-08
     41     95 0.0000000e+00 6.2823400e-02 1.2564700e-03
     41     95 1.0000000e+00 6.2929000e-04 3.7757400e-05
     41     96 0.0000000e+00 7.3420000e-05 4.6988800e-05
     41     97 0.0000000e+00 5.4282600e-02 1.0856500e-03
     41     97 1.0000000e+00 5.0570500e-02 2.0228200e-03
     41     98 0.0000000e+00 5.0853600e-02 1.4239000e-03
     41     98 1.0000000e+00 4.9622000e-04 3.1758100e-04
     41     99 0.0000000e+00 2.8013200e-02 6.4430400e-03
     41     99 1.0000000e+00 1.8721600e-02 5.9909200e-03
     41    100 0.0000000e+00 2.0973700e-02 4.8239600e-03
     41    100 1.0000000e+00 2.0973700e-02 4.8239600e-03
     41    101 0.0000000e+00 3.3276000e-02 5.3241600e-03
     41    102 1.0000000e+00 6.4299300e-03 4.1151600e-03
     41    102 0.0000000e+00 1.0232500e-02 6.5488200e-03
     41    103 0.0000000e+00 5.5742800e-03 2.5084300e-03
     41    104 1.0000000e+00 6.9721500e-04 4.4621800e-04
     41    104 0.0000000e+00 6.9846500e-04 4.4701800e-04
     41    105 0.0000000e+00 4.3968000e-04 2.8139500e-04
     41    106 0.0000000e+00 3.9070000e-05 2.5004800e-05
     41    107 0.0000000e+00 4.8000000e-06 3.0720000e-06
     41    108 0.0000000e+00 1.1520000e-05 7.3728000e-06
     41    109 0.0000000e+00 6.2300000e-07 3.9872000e-07
     41    110 0.0000000e+00 1.2000000e-08 7.6800000e-09
     41    111 0.0000000e+00 4.2150500e-10 2.6976400e-10
     41    112 0.0000000e+00 5.9583100e-13 3.8133200e-13
     41    113 0.0000000e+00 2.9302200e-14 1.8753400e-14
     42     90 0.0000000e+00 0.0000000e+00 0.0000000e+00
     42     91 0.0000000e+00 0.0000000e+00 0.0000000e+00
     42     92 0.0000000e+00 0.0000000e+00 0.0000000e+00
     42     93 1.0000000e+00 7.7000000e-14 4.9280000e-14
     42     93 0.0000000e+00 1.5400000e-13 9.8560000e-14
     42     94 0.0000000e+00 2.4200000e-07 1.5488000e-07
     42     95 0.0000000e+00 6.2823500e-02 6.2823500e-04
     42     96 0.0000000e+00 7.3510000e-05 4.7046400e-05
     42     97 0.0000000e+00 5.4284500e-02 5.4284500e-04
     42     98 0.0000000e+00 5.1380100e-02 5.1380100e-04
     42     99 0.0000000e+00 4.6981300e-02 1.8792500e-03
     42    100 0.0000000e+00 4.3572800e-02 4.3572800e-04
     42    101 0.0000000e+00 3.8890700e-02 3.1112600e-03
     42    102 0.0000000e+00 2.9118600e-02 2.3294900e-03
     42    103 0.0000000e+00 1.5902700e-02 2.5444300e-03
     42    104 0.0000000e+00 1.2608200e-02 7.5649100e-04
     42    105 0.0000000e+00 8.0565500e-03 3.6254500e-03
     42    106 0.0000000e+00 2.8259100e-03 6.4995900e-04
     42    107 0.0000000e+00 9.8669010e-04 6.3148200e-04
     42    108 0.0000000e+00 4.8737000e-04 3.1191700e-04
     42    109 0.0000000e+00 9.7810000e-05 6.2598400e-05
     42    110 0.0000000e+00 1.1610000e-05 7.4304000e-06
     42    111 0.0000000e+00 6.8800000e-07 4.4032000e-07
     42    112 0.0000000e+00 3.0500000e-08 1.9520000e-08
     42    113 0.0000000e+00 1.1027700e-09 7.0577500e-10
     42    114 0.0000000e+00 1.1000000e-11 7.0400000e-12
     42    115 0.0000000e+00 7.5343900e-14 4.8220100e-14
     42    116 0.0000000e+00 0.0000000e+00 0.0000000e+00
     43     93 0.0000000e+00 0.0000000e+00 0.0000000e+00
     43     95 0.0000000e+00 0.0000000e+00 0.0000000e+00
     43     95 1.0000000e+00 0.0000000e+00 0.0000000e+00
     43     97 1.0000000e+00 5.9000000e-11 3.7760000e-11
     43     97 0.0000000e+00 1.1800000e-10 7.5520000e-11
     43     98 0.0000000e+00 5.2800000e-09 3.3792000e-09
     43     99 0.0000000e+00 4.6981500e-02 1.3154800e-03
     43     99 1.0000000e+00 4.1343600e-02 1.6537400e-03
     43    100 0.0000000e+00 3.1300000e-06 2.0032000e-06
     43    101 0.0000000e+00 3.8935400e-02 1.5574200e-03
     43    102 0.0000000e+00 1.5795000e-03 1.7374500e-04
     43    102 1.0000000e+00 2.9236300e-02 1.1694500e-03
     43    103 0.0000000e+00 1.6636800e-02 1.8300500e-03
     43    104 0.0000000e+00 1.2791500e-02 3.5816300e-04
     43    105 0.0000000e+00 8.5545700e-03 3.8495600e-03
     43    106 0.0000000e+00 3.2517000e-03 2.6013600e-04
     43    107 0.0000000e+00 1.4558400e-03 6.5512800e-04
     43    108 0.0000000e+00 8.8244000e-04 5.6476200e-04
     43    109 0.0000000e+00 5.2454000e-04 3.3570600e-04
     43    110 0.0000000e+00 1.7398000e-04 1.1134700e-04
     43    111 0.0000000e+00 5.1860000e-05 3.3190400e-05
     43    112 0.0000000e+00 7.0300000e-06 4.4992000e-06
     43    113 0.0000000e+00 7.9400000e-07 5.0816000e-07
     43    114 0.0000000e+00 3.6400000e-08 2.3296000e-08
     43    115 0.0000000e+00 1.2498100e-09 7.9988000e-10
     43    116 0.0000000e+00 2.5300000e-11 1.6192000e-11
     43    117 0.0000000e+00 1.9530000e-13 1.2499200e-13
     43    118 0.0000000e+00 3.8289500e-15 2.4505300e-15
     44     95 0.0000000e+00 0.0000000e+00 0.0000000e+00
     44     96 0.0000000e+00 0.0000000e+00 0.0000000e+00
     44     97 0.0000000e+00 0.0000000e+00 0.0000000e+00
     44     98 0.0000000e+00 5.2800000e-09 3.3792000e-09
     44     99 0.0000000e+00 4.6981500e-02 1.3154800e-03
     44    100 0.0000000e+00 3.1300000e-06 2.0032000e-06
     44    101 0.0000000e+00 3.8935400e-02 7.7870800e-04
     44    102 0.0000000e+00 2.9354800e-02 5.8709600e-04
     44    103 0.0000000e+00 1.6643400e-02 9.9860600e-04
     44    104 0.0000000e+00 1.2791500e-02 1.7908200e-04
     44    105 0.0000000e+00 8.5546600e-03 2.7374900e-03
     44    106 0.0000000e+00 3.2521900e-03 1.3008800e-04
     44    107 0.0000000e+00 1.4575600e-03 4.6641900e-04
     44    108 0.0000000e+00 9.7524000e-04 4.3885800e-04
     44    109 1.0000000e+00 1.5996500e-04 1.0237800e-04
     44    109 0.0000000e+00 6.8512500e-04 4.3848000e-04
     44    110 0.0000000e+00 7.5214000e-04 4.8137000e-04
     44    111 0.0000000e+00 5.4989000e-04 3.5193000e-04
     44    112 0.0000000e+00 3.1416000e-04 2.0106200e-04
     44    113 0.0000000e+00 9.5870000e-05 6.1356800e-05
     44    114 0.0000000e+00 1.9690000e-05 1.2601600e-05
     44    115 0.0000000e+00 2.0400000e-06 1.3056000e-06
     44    116 0.0000000e+00 2.0000000e-07 1.2800000e-07
     44    117 0.0000000e+00 7.3500000e-09 4.7040000e-09
     44    118 0.0000000e+00 1.9600000e-10 1.2544000e-10
     44    119 0.0000000e+00 2.1700000e-12 1.3888000e-12
     44    120 0.0000000e+00 1.7100000e-14 1.0944000e-14
     44    122 0.0000000e+00 0.0000000e+00 0.0000000e+00
     44    124 0.0000000e+00 0.0000000e+00 0.0000000e+00
     45     99 0.0000000e+00 0.0000000e+00 0.0000000e+00
     45    101 0.0000000e+00 1.5300000e-13 9.7920000e-14
     45    101 1.0000000e+00 5.0100000e-13 3.2064000e-13
     45    102 0.0000000e+00 1.8300000e-11 1.1712000e-11
     45    102 1.0000000e+00 1.8300000e-11 1.1712000e-11
     45    103 0.0000000e+00 1.6643400e-02 9.9860600e-04
     45    103 1.0000000e+00 1.6477000e-02 9.8862000e-04
     45    104 0.0000000e+00 0.0000000e+00 0.0000000e+00
     45    104 1.0000000e+00 0.0000000e+00 0.0000000e+00
     45    105 0.0000000e+00 8.5546600e-03 9.4101300e-04
     45    105 1.0000000e+00 2.3097600e-03 7.3912300e-04
     45    106 0.0000000e+00 3.2521900e-03 1.3008800e-04
     45    106 1.0000000e+00 3.2600000e-14 2.0864000e-14
     45    107 0.0000000e+00 1.4575600e-03 2.3321000e-04
     45    108 0.0000000e+00 9.7541000e-04 4.3893400e-04
     45    108 1.0000000e+00 1.7700000e-07 1.1328000e-07
     45    109 0.0000000e+00 8.5291000e-04 5.4586200e-04
     45    109 1.0000000e+00 3.4647200e-04 2.2174200e-04
     45    110 0.0000000e+00 7.7476000e-04 3.4864200e-04
     45    110 1.0000000e+00 2.2620000e-05 1.4476800e-05
     45    111 0.0000000e+00 7.2724000e-04 3.2725800e-04
     45    112 0.0000000e+00 5.8221000e-04 2.6199400e-04
     45    113 0.0000000e+00 4.2569000e-04 2.7244200e-04
     45    114 0.0000000e+00 1.8205000e-04 1.1651200e-04
     45    115 0.0000000e+00 7.7350000e-05 4.9504000e-05
     45    116 0.0000000e+00 2.0490000e-05 1.3113600e-05
     45    117 0.0000000e+00 3.6700000e-06 2.3488000e-06
     45    118 0.0000000e+00 2.8700000e-07 1.8368000e-07
     45    119 0.0000000e+00 1.5900000e-08 1.0176000e-08
     45    120 0.0000000e+00 3.6600000e-10 2.3424000e-10
     45    121 0.0000000e+00 1.0000000e-11 6.4000000e-12
     45    122 0.0000000e+00 1.0400000e-13 6.6560000e-14
     45    123 0.0000000e+00 0.0000000e+00 0.0000000e+00
     45    124 0.0000000e+00 0.0000000e+00 0.0000000e+00
     46     99 0.0000000e+00 0.0000000e+00 0.0000000e+00
     46    101 0.0000000e+00 0.0000000e+00 0.0000000e+00
     46    102 0.0000000e+00 2.9200000e-12 1.8688000e-12
     46    103 0.0000000e+00 2.2700000e-14 1.4528000e-14
     46    104 0.0000000e+00 0.0000000e+00 0.0000000e+00
     46    105 0.0000000e+00 8.5546600e-03 5.1328000e-04
     46    106 0.0000000e+00 3.2521900e-03 1.3008800e-04
     46    107 0.0000000e+00 1.4575600e-03 1.1660500e-04
     46    107 1.0000000e+00 0.0000000e+00 0.0000000e+00
     46    108 0.0000000e+00 9.7559000e-04 3.1218900e-04
     46    109 0.0000000e+00 8.5293100e-04 5.4587600e-04
     46    109 1.0000000e+00 1.4800000e-08 9.4720000e-09
     46    110 0.0000000e+00 7.9815000e-04 2.5540800e-04
     46    111 0.0000000e+00 7.3406000e-04 3.3032700e-04
     46    111 1.0000000e+00 9.7600000e-06 6.2464000e-06
     46    112 0.0000000e+00 6.4830000e-04 1.4910900e-04
     46    113 0.0000000e+00 6.2257000e-04 1.9922200e-04
     46    114 0.0000000e+00 5.4164000e-04 3.4665000e-04
     46    115 0.0000000e+00 4.6978000e-04 3.0065900e-04
     46    116 0.0000000e+00 4.4431000e-04 2.8435800e-04
     46    117 0.0000000e+00 2.0453000e-04 1.3089900e-04
     46    118 0.0000000e+00 7.1470000e-05 4.5740800e-05
     46    119 0.0000000e+00 1.1140000e-05 7.1296000e-06
     46    120 0.0000000e+00 1.2100000e-06 7.7440000e-07
     46    121 0.0000000e+00 9.2700000e-08 5.9328000e-08
     46    122 0.0000000e+00 4.4100000e-09 2.8224000e-09
     46    123 0.0000000e+00 9.4500000e-11 6.0480000e-11
     46    124 0.0000000e+00 0.0000000e+00 0.0000000e+00
     46    125 0.0000000e+00 0.0000000e+00 0.0000000e+00
     46    126 0.0000000e+00 0.0000000e+00 0.0000000e+00
     46    128 0.0000000e+00 0.0000000e+00 0.0000000e+00
     46    129 0.0000000e+00 2.3120200e-13 1.4796900e-13
     46    130 0.0000000e+00 0.0000000e+00 0.0000000e+00
     47    103 0.0000000e+00 0.0000000e+00 0.0000000e+00
     47    105 0.0000000e+00 0.0000000e+00 0.0000000e+00
     47    105 1.0000000e+00 0.0000000e+00 0.0000000e+00
     47    106 0.0000000e+00 0.0000000e+00 0.0000000e+00
     47    106 1.0000000e+00 0.0000000e+00 0.0000000e+00
     47    107 0.0000000e+00 1.4575600e-03 1.1660500e-04
     47    107 1.0000000e+00 0.0000000e+00 0.0000000e+00
     47    108 1.0000000e+00 0.0000000e+00 0.0000000e+00
     47    108 0.0000000e+00 0.0000000e+00 0.0000000e+00
     47    109 1.0000000e+00 8.5252200e-04 5.4561400e-04
     47    109 0.0000000e+00 8.5292000e-04 5.4586900e-04
     47    110 0.0000000e+00 4.8300000e-11 3.0912000e-11
     47    110 1.0000000e+00 1.2600000e-10 8.0640000e-11
     47    111 0.0000000e+00 7.3468000e-04 8.0814800e-05
     47    111 1.0000000e+00 7.3105000e-04 2.3393600e-04
     47    112 0.0000000e+00 6.4857000e-04 1.4917100e-04
     47    113 0.0000000e+00 5.6076000e-04 1.2897500e-04
     47    113 1.0000000e+00 6.5540000e-05 2.9493000e-05
     47    114 0.0000000e+00 5.5854000e-04 2.5134300e-04
     47    115 0.0000000e+00 3.8091000e-04 1.7140900e-04
     47    115 1.0000000e+00 1.6481000e-04 1.0547800e-04
     47    116 0.0000000e+00 3.1622000e-04 2.0238100e-04
     47    116 1.0000000e+00 3.1622000e-04 2.0238100e-04
     47    117 0.0000000e+00 2.7625000e-04 1.7680000e-04
     47    117 1.0000000e+00 2.7625000e-04 1.7680000e-04
     47    118 0.0000000e+00 2.6474000e-04 1.6943400e-04
     47    118 1.0000000e+00 1.8133000e-04 1.1605100e-04
     47    119 0.0000000e+00 2.0139000e-04 1.2889000e-04
     47    120 1.0000000e+00 2.6755000e-05 1.7123200e-05
     47    120 0.0000000e+00 3.7864300e-05 2.4233200e-05
     47    121 0.0000000e+00 1.8050000e-05 1.1552000e-05
     47    122 1.0000000e+00 1.1250000e-06 7.2000000e-07
     47    122 0.0000000e+00 1.1250000e-06 7.2000000e-07
     47    123 0.0000000e+00 2.2300000e-07 1.4272000e-07
     47    124 0.0000000e+00 2.1900000e-12 1.4016000e-12
     47    125 0.0000000e+00 2.0300000e-13 1.2992000e-13
     47    126 0.0000000e+00 1.4400000e-14 9.2160000e-15
     47    127 0.0000000e+00 0.0000000e+00 0.0000000e+00
     47    128 0.0000000e+00 0.0000000e+00 0.0000000e+00
     47    129 0.0000000e+00 3.8352100e-09 2.4545300e-09
     47    130 0.0000000e+00 2.7000000e-11 1.7280000e-11
     47    131 0.0000000e+00 6.9617100e-13 4.4554900e-13
     48    105 0.0000000e+00 0.0000000e+00 0.0000000e+00
     48    106 0.0000000e+00 0.0000000e+00 0.0000000e+00
     48    107 0.0000000e+00 0.0000000e+00 0.0000000e+00
     48    108 0.0000000e+00 0.0000000e+00 0.0000000e+00
     48    109 0.0000000e+00 0.0000000e+00 0.0000000e+00
     48    110 0.0000000e+00 1.7200000e-10 1.1008000e-10
     48    111 0.0000000e+00 7.3687000e-04 5.8949600e-05
     48    111 1.0000000e+00 1.2600000e-12 8.0640000e-13
     48    112 0.0000000e+00 6.4857000e-04 1.0377100e-04
     48    113 0.0000000e+00 6.1902000e-04 1.4237500e-04
     48    113 1.0000000e+00 7.3000000e-06 1.6790000e-06
     48    114 0.0000000e+00 5.5870000e-04 1.7878400e-04
     48    115 0.0000000e+00 5.0172000e-04 5.5189200e-05
     48    115 1.0000000e+00 4.6070000e-05 1.0596100e-05
     48    116 0.0000000e+00 6.5480000e-04 1.5060400e-04
     48    117 0.0000000e+00 4.3618000e-04 1.9628100e-04
     48    117 1.0000000e+00 2.2015000e-04 1.4089600e-04
     48    118 0.0000000e+00 6.9903000e-04 2.2369000e-04
     48    119 0.0000000e+00 3.5040000e-04 2.2425600e-04
     48    119 1.0000000e+00 3.5040000e-04 2.2425600e-04
     48    120 0.0000000e+00 5.8617000e-04 3.7514900e-04
     48    121 1.0000000e+00 2.0682000e-04 1.3236500e-04
     48    121 0.0000000e+00 2.2487000e-04 1.4391700e-04
     48    122 0.0000000e+00 2.0832000e-04 1.3332500e-04
     48    123 0.0000000e+00 5.2820000e-05 3.3804800e-05
     48    124 0.0000000e+00 2.1100000e-06 1.3504000e-06
     48    125 0.0000000e+00 5.3000000e-07 3.3920000e-07
     48    126 0.0000000e+00 1.7300000e-07 1.1072000e-07
     48    127 0.0000000e+00 5.2700000e-08 3.3728000e-08
     48    128 0.0000000e+00 8.6600000e-09 5.5424000e-09
     48    129 0.0000000e+00 6.2600000e-06 4.0064000e-06
     48    130 0.0000000e+00 6.6700000e-07 4.2688000e-07
     48    131 0.0000000e+00 2.6200000e-08 1.6768000e-08
     48    132 0.0000000e+00 5.5600000e-10 3.5584000e-10
     48    133 0.0000000e+00 5.8174200e-12 3.7231500e-12
     48    134 0.0000000e+00 2.4700000e-14 1.5808000e-14
     48    136 0.0000000e+00 0.0000000e+00 0.0000000e+00
     49    107 0.0000000e+00 0.0000000e+00 0.0000000e+00
     49    109 0.0000000e+00 0.0000000e+00 0.0000000e+00
     49    111 0.0000000e+00 0.0000000e+00 0.0000000e+00
     49    112 0.0000000e+00 0.0000000e+00 0.0000000e+00
     49    112 1.0000000e+00 0.0000000e+00 0.0000000e+00
     49    113 0.0000000e+00 6.2631000e-04 1.0021000e-04
     49    113 1.0000000e+00 5.6200000e-14 3.5968000e-14
     49    114 0.0000000e+00 1.9600000e-11 1.2544000e-11
     49    114 1.0000000e+00 1.5700000e-11 1.0048000e-11
     49    115 0.0000000e+00 5.2923000e-04 5.8215300e-05
     49    115 1.0000000e+00 5.0173000e-04 5.5190300e-05
     49    116 2.0000000e+00 1.3533300e-08 8.6613300e-09
     49    116 0.0000000e+00 1.3533300e-08 8.6613300e-09
     49    116 1.0000000e+00 2.7066700e-08 1.7322700e-08
     49    117 0.0000000e+00 4.4330000e-04 1.4185600e-04
     49    117 1.0000000e+00 4.0364000e-04 1.8163800e-04
     49    118 2.0000000e+00 8.5000000e-07 5.4400000e-07
     49    118 0.0000000e+00 7.0506000e-04 1.1281000e-04
     49    118 1.0000000e+00 1.6872500e-06 1.0798400e-06
     49    119 0.0000000e+00 4.0801000e-04 1.8360400e-04
     49    119 1.0000000e+00 3.5853000e-04 2.2945900e-04
     49    120 2.0000000e+00 0.0000000e+00 0.0000000e+00
     49    120 0.0000000e+00 3.5142000e-04 2.2490900e-04
     49    120 1.0000000e+00 3.5142000e-04 2.2490900e-04
     49    121 0.0000000e+00 4.8280800e-04 3.0899700e-04
     49    121 1.0000000e+00 2.8071000e-04 1.7965400e-04
     49    122 2.0000000e+00 0.0000000e+00 0.0000000e+00
     49    122 0.0000000e+00 3.8206000e-04 2.4451800e-04
     49    122 1.0000000e+00 1.7374000e-04 1.1119400e-04
     49    123 0.0000000e+00 3.1887000e-04 2.0407700e-04
     49    123 1.0000000e+00 6.9130000e-05 4.4243200e-05
     49    124 1.0000000e+00 1.6144500e-04 1.0332500e-04
     49    124 0.0000000e+00 1.6354500e-04 1.0466900e-04
     49    125 0.0000000e+00 1.6085000e-04 1.0294400e-04
     49    125 1.0000000e+00 1.6064000e-04 1.0281000e-04
     49    126 1.0000000e+00 1.2897800e-04 8.2545900e-05
     49    126 0.0000000e+00 1.2880200e-04 8.2433300e-05
     49    127 0.0000000e+00 1.7975000e-04 1.1504000e-04
     49    127 1.0000000e+00 1.7975000e-04 1.1504000e-04
     49    128 1.0000000e+00 8.3105000e-05 5.3187200e-05
     49    128 0.0000000e+00 8.3115000e-05 5.3193600e-05
     49    129 0.0000000e+00 3.6990000e-04 2.3673600e-04
     49    129 1.0000000e+00 3.6364000e-04 2.3273000e-04
     49    130 2.0000000e+00 0.0000000e+00 0.0000000e+00
     49    130 1.0000000e+00 0.0000000e+00 0.0000000e+00
     49    130 0.0000000e+00 2.0189000e-04 1.2921000e-04
     49    131 1.0000000e+00 0.0000000e+00 0.0000000e+00
     49    131 0.0000000e+00 3.5170000e-05 2.2508800e-05
     49    132 0.0000000e+00 2.1500000e-06 1.3760000e-06
     49    133 0.0000000e+00 9.6500000e-08 6.1760000e-08
     49    134 0.0000000e+00 1.5200000e-09 9.7280000e-10
     49    135 0.0000000e+00 1.2674600e-11 8.1117200e-12
     49    136 0.0000000e+00 8.0500000e-14 5.1520000e-14
     50    111 0.0000000e+00 0.0000000e+00 0.0000000e+00
     50    112 0.0000000e+00 0.0000000e+00 0.0000000e+00
     50    113 1.0000000e+00 0.0000000e+00 0.0000000e+00
     50    113 0.0000000e+00 0.0000000e+00 0.0000000e+00
     50    114 0.0000000e+00 1.9200000e-11 1.2288000e-11
     50    115 0.0000000e+00 5.4779000e-04 6.0256900e-05
     50    116 0.0000000e+00 4.0600000e-08 1.8270000e-08
     50    117 1.0000000e+00 1.4189700e-06 9.0814000e-07
     50    117 0.0000000e+00 6.5723000e-04 4.2062700e-04
     50    118 0.0000000e+00 7.0680000e-04 5.6544000e-05
     50    119 0.0000000e+00 7.4920000e-04 5.9936000e-05
     50    119 1.0000000e+00 2.0870000e-05 9.3915000e-06
     50    120 0.0000000e+00 7.0917000e-04 5.6733600e-05
     50    121 0.0000000e+00 7.8384200e-04 5.0165900e-04
     50    121 1.0000000e+00 8.6417400e-05 5.5307100e-05
     50    122 0.0000000e+00 7.2503000e-04 5.8002400e-05
     50    123 0.0000000e+00 2.6427000e-04 1.6913300e-04
     50    123 1.0000000e+00 4.8086000e-04 2.1638700e-04
     50    124 0.0000000e+00 1.0318700e-03 1.1350600e-04
     50    125 0.0000000e+00 9.9580000e-04 4.4811000e-04
     50    125 1.0000000e+00 4.5414000e-04 2.9065000e-04
     50    126 0.0000000e+00 2.7794000e-03 2.2235200e-04
     50    127 0.0000000e+00 5.1407600e-03 3.2900900e-03
     50    127 1.0000000e+00 1.8009700e-03 1.1526200e-03
     50    128 1.0000000e+00 5.1763500e-03 3.3128600e-03
     50    128 0.0000000e+00 1.0529600e-02 6.7389600e-03
     50    129 0.0000000e+00 8.5337400e-03 3.8401800e-03
     50    129 1.0000000e+00 2.7454300e-03 1.7570800e-03
     50    130 1.0000000e+00 5.7431100e-03 3.6755900e-03
     50    130 0.0000000e+00 5.8264600e-03 3.7289300e-03
     50    131 1.0000000e+00 2.4371000e-03 1.5597400e-03
     50    131 0.0000000e+00 2.4682800e-03 1.5797000e-03
     50    132 0.0000000e+00 1.3553200e-03 8.6740500e-04
     50    133 0.0000000e+00 1.7550000e-04 1.1232000e-04
     50    134 0.0000000e+00 1.4120000e-05 9.0368000e-06
     50    135 0.0000000e+00 4.7700000e-07 3.0528000e-07
     50    136 0.0000000e+00 1.1800000e-08 7.5520000e-09
     50    137 0.0000000e+00 1.0100000e-10 6.4640000e-11
     50    138 0.0000000e+00 9.7700000e-13 6.2528000e-13
     51    113 0.0000000e+00 0.0000000e+00 0.0000000e+00
     51    115 0.0000000e+00 0.0000000e+00 0.0000000e+00
     51    117 0.0000000e+00 1.4700000e-14 9.4080000e-15
     51    118 0.0000000e+00 6.8700000e-13 4.3968000e-13
     51    118 1.0000000e+00 1.1700000e-12 7.4880000e-13
     51    119 0.0000000e+00 1.6100000e-10 1.0304000e-10
     51    120 0.0000000e+00 1.8100000e-09 1.1584000e-09
     51    120 1.0000000e+00 3.0800000e-09 1.9712000e-09
     51    121 0.0000000e+00 8.0336000e-04 1.2853800e-04
     51    122 0.0000000e+00 1.4800000e-06 9.4720000e-07
     51    122 1.0000000e+00 8.4200000e-07 5.3888000e-07
     51    123 0.0000000e+00 7.5808000e-04 2.4258600e-04
     51    124 2.0000000e+00 0.0000000e+00 0.0000000e+00
     51    124 0.0000000e+00 1.9600000e-06 1.2544000e-06
     51    124 1.0000000e+00 9.8100000e-07 6.2784000e-07
     51    125 0.0000000e+00 1.4613900e-03 5.8455600e-05
     51    126 2.0000000e+00 1.8814800e-03 1.2041500e-03
     51    126 0.0000000e+00 4.2244000e-04 4.6468400e-05
     51    126 1.0000000e+00 2.8179600e-03 2.2543700e-04
     51    127 0.0000000e+00 7.3951500e-03 2.3664500e-03
     51    128 0.0000000e+00 9.5611500e-04 6.1191400e-04
     51    128 1.0000000e+00 1.1288700e-02 7.2248000e-03
     51    129 0.0000000e+00 1.6920000e-02 3.8916100e-03
     51    130 0.0000000e+00 1.0970600e-02 7.0212100e-03
     51    130 1.0000000e+00 1.3045400e-02 8.3490700e-03
     51    131 0.0000000e+00 2.4162200e-02 5.5573200e-03
     51    132 0.0000000e+00 7.4767200e-03 3.3645200e-03
     51    132 1.0000000e+00 6.7070100e-03 3.0181500e-03
     51    133 0.0000000e+00 7.4450800e-03 3.3502900e-03
     51    134 1.0000000e+00 8.3142000e-04 5.3210900e-04
     51    134 0.0000000e+00 8.4296000e-04 5.3949400e-04
     51    135 0.0000000e+00 2.7779000e-04 1.7778600e-04
     51    136 0.0000000e+00 2.0160000e-05 1.2902400e-05
     51    137 0.0000000e+00 8.6900000e-07 5.5616000e-07
     51    138 0.0000000e+00 2.3800000e-08 1.5232000e-08
     51    139 0.0000000e+00 5.7400000e-10 3.6736000e-10
     51    140 0.0000000e+00 5.5285300e-12 3.5382600e-12
     51    141 0.0000000e+00 6.3734200e-13 4.0789900e-13
     52    115 0.0000000e+00 0.0000000e+00 0.0000000e+00
     52    117 0.0000000e+00 0.0000000e+00 0.0000000e+00
     52    118 0.0000000e+00 0.0000000e+00 0.0000000e+00
     52    119 0.0000000e+00 0.0000000e+00 0.0000000e+00
     52    120 0.0000000e+00 5.9800000e-13 3.8272000e-13
     52    121 1.0000000e+00 2.5700000e-11 1.6448000e-11
     52    121 0.0000000e+00 4.8470200e-11 3.1020900e-11
     52    122 0.0000000e+00 1.4400000e-06 6.4800000e-07
     52    123 0.0000000e+00 5.4400000e-08 3.4816000e-08
     52    123 1.0000000e+00 4.3000000e-08 2.7520000e-08
     52    124 0.0000000e+00 1.9600000e-06 1.2544000e-06
     52    125 0.0000000e+00 1.4613900e-03 4.0918900e-05
     52    125 1.0000000e+00 3.2881000e-04 1.3152400e-05
     52    126 0.0000000e+00 2.8458900e-03 1.7075300e-04
     52    127 0.0000000e+00 7.3668400e-03 1.6943700e-03
     52    127 1.0000000e+00 1.1832900e-03 5.3248000e-04
     52    128 0.0000000e+00 1.1839700e-02 7.1038000e-04
     52    129 0.0000000e+00 1.6227300e-02 1.7850000e-03
     52    129 1.0000000e+00 3.1426100e-03 1.0056400e-03
     52    130 0.0000000e+00 2.7909000e-02 4.4654500e-03
     52    131 0.0000000e+00 2.7834600e-02 6.4019600e-03
     52    131 1.0000000e+00 1.1345900e-02 5.1056700e-03
     52    132 0.0000000e+00 4.6384600e-02 1.8553800e-03
     52    133 0.0000000e+00 1.9679600e-02 3.1487400e-03
     52    133 1.0000000e+00 3.4195700e-02 7.8650100e-03
     52    134 0.0000000e+00 4.1475500e-02 3.3180400e-03
     52    135 0.0000000e+00 1.7781100e-02 4.0896500e-03
     52    136 0.0000000e+00 5.8090500e-03 2.6140700e-03
     52    137 0.0000000e+00 7.1021000e-04 4.5453400e-04
     52    138 0.0000000e+00 8.9160000e-05 5.7062400e-05
     52    139 0.0000000e+00 5.8200000e-06 3.7248000e-06
     52    140 0.0000000e+00 2.8300000e-07 1.8112000e-07
     52    141 0.0000000e+00 2.3986000e-08 1.5351100e-08
     52    142 0.0000000e+00 1.2200000e-10 7.8080000e-11
     52    143 0.0000000e+00 2.7194000e-12 1.7404100e-12
     53    121 0.0000000e+00 0.0000000e+00 0.0000000e+00
     53    123 0.0000000e+00 4.7700000e-12 3.0528000e-12
     53    125 0.0000000e+00 0.0000000e+00 0.0000000e+00
     53    126 0.0000000e+00 0.0000000e+00 0.0000000e+00
     53    127 0.0000000e+00 7.3952400e-03 8.1347600e-04
     53    128 0.0000000e+00 1.4200000e-13 9.0880000e-14
     53    129 0.0000000e+00 1.7372200e-02 1.0423300e-03
     53    130 0.0000000e+00 1.9850000e-05 1.2704000e-05
     53    130 1.0000000e+00 5.5900000e-06 3.5776000e-06
     53    131 0.0000000e+00 3.7422800e-02 7.4845700e-04
     53    132 1.0000000e+00 1.9842400e-03 1.2699100e-03
     53    132 0.0000000e+00 5.0091200e-02 3.2058300e-02
     53    133 1.0000000e+00 5.3267300e-03 3.4091100e-03
     53    133 0.0000000e+00 6.0083300e-02 3.8453300e-02
     53    134 0.0000000e+00 6.0296900e-02 3.6178100e-03
     53    134 1.0000000e+00 9.1690000e-03 4.1260500e-03
     53    135 0.0000000e+00 5.2359200e-02 1.2042600e-02
     53    136 0.0000000e+00 1.9285100e-02 4.4355800e-03
     53    136 1.0000000e+00 1.3552000e-02 3.1169600e-03
     53    137 0.0000000e+00 1.4668400e-02 3.3737300e-03
     53    138 0.0000000e+00 4.5123700e-03 2.8879200e-03
     53    139 0.0000000e+00 1.2399300e-03 7.9355500e-04
     53    140 0.0000000e+00 1.5841000e-04 1.0138200e-04
     53    141 0.0000000e+00 1.7270000e-05 1.1052800e-05
     53    142 0.0000000e+00 7.8700000e-07 5.0368000e-07
     53    143 0.0000000e+00 4.5109700e-08 2.8870200e-08
     53    144 0.0000000e+00 9.5723700e-11 6.1263200e-11
     53    145 0.0000000e+00 3.8262800e-12 2.4488200e-12
     53    146 0.0000000e+00 5.2941100e-14 3.3882300e-14
     54    124 0.0000000e+00 0.0000000e+00 0.0000000e+00
     54    125 1.0000000e+00 0.0000000e+00 0.0000000e+00
     54    125 0.0000000e+00 0.0000000e+00 0.0000000e+00
     54    126 0.0000000e+00 0.0000000e+00 0.0000000e+00
     54    127 1.0000000e+00 0.0000000e+00 0.0000000e+00
     54    127 0.0000000e+00 0.0000000e+00 0.0000000e+00
     54    128 0.0000000e+00 1.3300000e-13 8.5120000e-14
     54    129 1.0000000e+00 1.0450000e-10 6.6880000e-11
     54    129 0.0000000e+00 1.7372200e-02 1.1118200e-02
     54    130 0.0000000e+00 2.0710000e-05 1.3254400e-05
     54    131 0.0000000e+00 3.7423500e-02 3.7423500e-04
     54    131 1.0000000e+00 5.2442000e-04 2.0976800e-05
     54    132 0.0000000e+00 5.0373700e-02 7.0523200e-04
     54    133 0.0000000e+00 6.0380100e-02 3.8643200e-02
     54    133 1.0000000e+00 1.9500100e-03 1.2480100e-03
     54    134 0.0000000e+00 6.3139100e-02 6.3139100e-04
     54    134 1.0000000e+00 2.1243600e-03 1.3595900e-03
     54    135 0.0000000e+00 6.4112900e-02 1.2822600e-03
     54    135 1.0000000e+00 1.6376700e-02 5.2405300e-03
     54    136 0.0000000e+00 6.9328500e-02 9.7059900e-04
     54    137 0.0000000e+00 6.2120100e-02 6.8332100e-03
     54    138 0.0000000e+00 5.3174900e-02 8.5079800e-03
     54    139 0.0000000e+00 3.2018100e-02 1.0245800e-02
     54    140 0.0000000e+00 1.5961200e-02 3.6710700e-03
     54    141 0.0000000e+00 4.2179400e-03 2.6994800e-03
     54    142 0.0000000e+00 8.0538000e-04 5.1544300e-04
     54    143 1.0000000e+00 3.6792400e-05 2.3547200e-05
     54    143 0.0000000e+00 3.6837600e-05 2.3576000e-05
     54    144 0.0000000e+00 4.9000000e-06 3.1360000e-06
     54    145 0.0000000e+00 1.4400000e-07 9.2160000e-08
     54    146 0.0000000e+00 2.7100000e-09 1.7344000e-09
     54    147 0.0000000e+00 7.0010700e-12 4.4806900e-12
     54    148 0.0000000e+00 1.7700000e-13 1.1328000e-13
     54    150 0.0000000e+00 0.0000000e+00 0.0000000e+00
     55    127 0.0000000e+00 0.0000000e+00 0.0000000e+00
     55    129 0.0000000e+00 0.0000000e+00 0.0000000e+00
     55    131 0.0000000e+00 3.3700000e-11 2.1568000e-11
     55    132 0.0000000e+00 2.9800000e-09 1.9072000e-09
     55    133 0.0000000e+00 6.0380300e-02 6.0380300e-04
     55    134 1.0000000e+00 2.8050000e-06 1.7952000e-06
     55    134 0.0000000e+00 5.6100000e-06 3.5904000e-06
     55    135 1.0000000e+00 5.9290000e-05 3.7945600e-05
     55    135 0.0000000e+00 6.4231500e-02 4.1108200e-02
     55    136 1.0000000e+00 5.3082500e-04 3.3972800e-04
     55    136 0.0000000e+00 1.0616500e-03 6.7945600e-04
     55    137 0.0000000e+00 6.7414700e-02 4.0448800e-03
     55    138 0.0000000e+00 6.3552300e-02 2.5420900e-03
     55    138 1.0000000e+00 5.9316300e-03 2.6692300e-03
     55    139 0.0000000e+00 5.5106400e-02 8.8170300e-03
     55    140 0.0000000e+00 4.4761400e-02 1.0295100e-02
     55    141 0.0000000e+00 3.1740100e-02 7.3002300e-03
     55    142 0.0000000e+00 1.2725600e-02 2.9268900e-03
     55    143 0.0000000e+00 4.6626600e-03 2.9841000e-03
     55    144 0.0000000e+00 7.8531000e-04 5.0259800e-04
     55    145 0.0000000e+00 1.0084000e-04 6.4537600e-05
     55    146 0.0000000e+00 5.2700000e-06 3.3728000e-06
     55    147 0.0000000e+00 1.1613500e-07 7.4326100e-08
     55    148 0.0000000e+00 4.3200000e-09 2.7648000e-09
     55    149 0.0000000e+00 1.8786000e-11 1.2023000e-11
     55    150 0.0000000e+00 4.7600000e-13 3.0464000e-13
     55    151 0.0000000e+00 3.1332000e-14 2.0052500e-14
     56    129 0.0000000e+00 0.0000000e+00 0.0000000e+00
     56    131 0.0000000e+00 0.0000000e+00 0.0000000e+00
     56    132 0.0000000e+00 6.5700000e-11 4.2048000e-11
     56    133 0.0000000e+00 1.4100000e-11 9.0240000e-12
     56    134 0.0000000e+00 5.6100000e-06 3.5904000e-06
     56    135 1.0000000e+00 6.3000000e-08 4.0320000e-08
     56    135 0.0000000e+00 6.4231600e-02 4.1108200e-02
     56    136 1.0000000e+00 1.2158500e-04 7.7814300e-05
     56    136 0.0000000e+00 1.0670100e-03 6.8288600e-04
     56    137 0.0000000e+00 6.7491100e-02 6.7491100e-04
     56    137 1.0000000e+00 6.3830800e-02 1.2766200e-03
     56    138 0.0000000e+00 6.5757400e-02 9.2060300e-04
     56    139 0.0000000e+00 5.8864800e-02 2.3545900e-03
     56    140 0.0000000e+00 5.9917100e-02 2.3966900e-03
     56    141 0.0000000e+00 6.1356400e-02 6.7492100e-03
     56    142 0.0000000e+00 5.7475400e-02 6.3223000e-03
     56    143 0.0000000e+00 4.2768000e-02 9.8366500e-03
     56    144 0.0000000e+00 2.5324200e-02 5.8245600e-03
     56    145 0.0000000e+00 7.6592300e-03 3.4466500e-03
     56    146 0.0000000e+00 1.7102900e-03 1.0945900e-03
     56    147 0.0000000e+00 1.8956000e-04 1.2131800e-04
     56    148 0.0000000e+00 1.6190000e-05 1.0361600e-05
     56    149 0.0000000e+00 7.0700000e-07 4.5248000e-07
     56    150 0.0000000e+00 2.2200000e-08 1.4208000e-08
     56    151 0.0000000e+00 1.1791600e-09 7.5466400e-10
     56    152 0.0000000e+00 3.0700000e-12 1.9648000e-12
     56    153 0.0000000e+00 2.7127900e-14 1.7361800e-14
     56    154 0.0000000e+00 0.0000000e+00 0.0000000e+00
     57    133 0.0000000e+00 0.0000000e+00 0.0000000e+00
     57    135 0.0000000e+00 2.6500000e-12 1.6960000e-12
     57    137 0.0000000e+00 2.4200000e-08 1.5488000e-08
     57    138 0.0000000e+00 6.3000000e-07 4.0320000e-07
     57    139 0.0000000e+00 5.8875600e-02 1.1775100e-03
     57    140 0.0000000e+00 6.0058900e-02 1.6816500e-03
     57    141 0.0000000e+00 6.2472500e-02 4.9978000e-03
     57    142 0.0000000e+00 6.1156400e-02 1.7123800e-03
     57    143 0.0000000e+00 5.4706100e-02 4.3764900e-03
     57    144 0.0000000e+00 4.0968800e-02 4.5065700e-03
     57    145 0.0000000e+00 2.5026000e-02 5.7559900e-03
     57    146 1.0000000e+00 4.4378100e-03 2.8402000e-03
     57    146 0.0000000e+00 6.1481000e-03 3.9347800e-03
     57    147 0.0000000e+00 4.0294300e-03 2.5788300e-03
     57    148 0.0000000e+00 8.2045000e-04 5.2508800e-04
     57    149 0.0000000e+00 1.5064000e-04 9.6409600e-05
     57    150 0.0000000e+00 1.2390000e-05 7.9296000e-06
     57    151 0.0000000e+00 8.4900000e-07 5.4336000e-07
     57    152 0.0000000e+00 2.1000000e-08 1.3440000e-08
     57    153 0.0000000e+00 4.5000000e-10 2.8800000e-10
     57    154 0.0000000e+00 3.8200000e-12 2.4448000e-12
     57    155 0.0000000e+00 2.7102800e-14 1.7345800e-14
     57    156 0.0000000e+00 4.7861900e-16 3.0631600e-16
     58    135 0.0000000e+00 0.0000000e+00 0.0000000e+00
     58    137 0.0000000e+00 7.0700000e-13 4.5248000e-13
     58    138 0.0000000e+00 1.8900000e-07 1.2096000e-07
     58    139 0.0000000e+00 4.0600000e-09 2.5984000e-09
     58    139 1.0000000e+00 3.0000000e-09 1.9200000e-09
     58    140 0.0000000e+00 6.0059100e-02 8.4082800e-04
     58    141 0.0000000e+00 6.2477300e-02 2.4990900e-03
     58    142 0.0000000e+00 6.1222900e-02 8.5712000e-04
     58    143 0.0000000e+00 5.5240600e-02 2.2096300e-03
     58    144 0.0000000e+00 4.3785400e-02 1.7514200e-03
     58    145 0.0000000e+00 3.1915000e-02 1.2766000e-03
     58    146 0.0000000e+00 2.3434300e-02 1.4060600e-03
     58    147 0.0000000e+00 1.5560100e-02 2.4896200e-03
     58    148 0.0000000e+00 9.6900100e-03 3.1008000e-03
     58    149 0.0000000e+00 3.9003300e-03 2.4962100e-03
     58    150 0.0000000e+00 1.2494800e-03 7.9966700e-04
     58    151 0.0000000e+00 2.1373000e-04 1.3678700e-04
     58    152 0.0000000e+00 2.2900000e-05 1.4656000e-05
     58    153 0.0000000e+00 1.3000000e-06 8.3200000e-07
     58    154 0.0000000e+00 4.8600000e-08 3.1104000e-08
     58    155 0.0000000e+00 1.0200000e-09 6.5280000e-10
     58    156 0.0000000e+00 2.4500000e-11 1.5680000e-11
     58    157 0.0000000e+00 2.3500000e-13 1.5040000e-13
     58    158 0.0000000e+00 0.0000000e+00 0.0000000e+00
     58    160 0.0000000e+00 0.0000000e+00 0.0000000e+00
     59    139 0.0000000e+00 2.9900000e-14 1.9136000e-14
     59    140 0.0000000e+00 4.9100000e-12 3.1424000e-12
     59    141 0.0000000e+00 6.2477300e-02 1.7493700e-03
     59    142 1.0000000e+00 7.9000000e-09 5.0560000e-09
     59    142 0.0000000e+00 1.5800000e-08 1.0112000e-08
     59    143 0.0000000e+00 5.5241200e-02 1.1048200e-03
     59    144 0.0000000e+00 4.3793200e-02 8.7586400e-04
     59    144 1.0000000e+00 2.2615000e-04 1.3569000e-05
     59    145 0.0000000e+00 3.1997400e-02 6.3994800e-04
     59    146 0.0000000e+00 2.3813700e-02 4.7627500e-04
     59    147 0.0000000e+00 1.6840000e-02 1.3472000e-03
     59    148 1.0000000e+00 1.0770800e-03 6.8933100e-04
     59    148 0.0000000e+00 1.0767100e-02 6.8909400e-03
     59    149 0.0000000e+00 6.6479900e-03 1.0636800e-03
     59    150 0.0000000e+00 3.5023400e-03 1.5760500e-03
     59    151 0.0000000e+00 1.6452500e-03 1.0529600e-03
     59    152 0.0000000e+00 3.8154000e-04 2.4418600e-04
     59    153 0.0000000e+00 8.5050000e-05 5.4432000e-05
     59    154 0.0000000e+00 7.7800000e-06 4.9792000e-06
     59    155 0.0000000e+00 7.1600000e-07 4.5824000e-07
     59    156 0.0000000e+00 4.4600000e-08 2.8544000e-08
     59    157 0.0000000e+00 1.8300000e-09 1.1712000e-09
     59    158 0.0000000e+00 1.8700000e-11 1.1968000e-11
     59    159 0.0000000e+00 3.2500000e-13 2.0800000e-13
     59    160 0.0000000e+00 0.0000000e+00 0.0000000e+00
     59    161 0.0000000e+00 6.8554200e-18 4.3874700e-18
     60    140 0.0000000e+00 0.0000000e+00 0.0000000e+00
     60    141 0.0000000e+00 0.0000000e+00 0.0000000e+00
     60    142 0.0000000e+00 1.5800000e-08 1.0112000e-08
     60    143 0.0000000e+00 5.5241200e-02 5.5241200e-04
     60    144 0.0000000e+00 4.3793300e-02 4.3793300e-04
     60    145 0.0000000e+00 3.1997500e-02 3.1997500e-04
     60    146 0.0000000e+00 2.3815900e-02 2.3815900e-04
     60    147 0.0000000e+00 1.6859500e-02 6.7438200e-04
     60    148 0.0000000e+00 1.1975200e-02 1.1975200e-04
     60    149 0.0000000e+00 7.1044200e-03 2.8417700e-04
     60    150 0.0000000e+00 4.6872900e-03 4.6872900e-05
     60    151 0.0000000e+00 3.0214200e-03 1.8128500e-04
     60    152 0.0000000e+00 1.7967100e-03 1.9763800e-04
     60    153 0.0000000e+00 7.9965000e-04 5.1177600e-04
     60    154 0.0000000e+00 2.5098000e-04 1.6062700e-04
     60    155 0.0000000e+00 5.4510000e-05 3.4886400e-05
     60    156 0.0000000e+00 1.3650000e-05 8.7360000e-06
     60    157 0.0000000e+00 1.3700000e-06 8.7680000e-07
     60    158 0.0000000e+00 6.0000000e-08 3.8400000e-08
     60    159 0.0000000e+00 2.6400000e-09 1.6896000e-09
     60    160 0.0000000e+00 3.8400000e-11 2.4576000e-11
     60    161 0.0000000e+00 2.5800000e-13 1.6512000e-13
     60    162 0.0000000e+00 0.0000000e+00 0.0000000e+00
     60    163 0.0000000e+00 0.0000000e+00 0.0000000e+00
     60    164 0.0000000e+00 0.0000000e+00 0.0000000e+00
     61    141 0.0000000e+00 0.0000000e+00 0.0000000e+00
     61    143 0.0000000e+00 0.0000000e+00 0.0000000e+00
     61    144 0.0000000e+00 2.0800000e-14 1.3312000e-14
     61    145 0.0000000e+00 2.6800000e-12 1.7152000e-12
     61    146 0.0000000e+00 1.5900000e-10 1.0176000e-10
     61    147 0.0000000e+00 1.6859500e-02 3.3719100e-04
     61    148 0.0000000e+00 3.4700000e-08 2.2208000e-08
     61    148 1.0000000e+00 8.3600000e-08 5.3504000e-08
     61    149 0.0000000e+00 7.1061500e-03 1.4212300e-04
     61    150 0.0000000e+00 1.1290000e-05 7.2256000e-06
     61    151 0.0000000e+00 3.0826100e-03 6.1652200e-05
     61    152 2.0000000e+00 4.0933300e-05 2.6197300e-05
     61    152 0.0000000e+00 1.8376400e-03 1.1025900e-04
     61    152 1.0000000e+00 4.0933300e-05 2.6197300e-05
     61    153 0.0000000e+00 1.0239600e-03 2.3551100e-04
     61    154 0.0000000e+00 3.2953000e-04 1.0545000e-04
     61    154 1.0000000e+00 7.8550000e-05 5.0272000e-05
     61    155 0.0000000e+00 1.7789000e-04 1.1385000e-04
     61    156 0.0000000e+00 8.0720000e-05 5.1660800e-05
     61    157 0.0000000e+00 2.6070000e-05 1.6684800e-05
     61    158 0.0000000e+00 2.6400000e-06 1.6896000e-06
     61    159 0.0000000e+00 4.5600000e-07 2.9184000e-07
     61    160 0.0000000e+00 1.6800000e-08 1.0752000e-08
     61    161 0.0000000e+00 4.7300000e-10 3.0272000e-10
     61    162 0.0000000e+00 6.4200000e-12 4.1088000e-12
     61    163 0.0000000e+00 1.4400000e-13 9.2160000e-14
     61    164 0.0000000e+00 0.0000000e+00 0.0000000e+00
     61    165 0.0000000e+00 0.0000000e+00 0.0000000e+00
     62    143 0.0000000e+00 0.0000000e+00 0.0000000e+00
     62    143 1.0000000e+00 0.0000000e+00 0.0000000e+00
     62    144 0.0000000e+00 0.0000000e+00 0.0000000e+00
     62    145 0.0000000e+00 0.0000000e+00 0.0000000e+00
     62    146 0.0000000e+00 5.5600000e-11 3.5584000e-11
     62    147 0.0000000e+00 1.6859500e-02 1.6859500e-04
     62    148 0.0000000e+00 1.1400000e-07 7.2960000e-08
     62    149 0.0000000e+00 7.1061500e-03 7.1061500e-05
     62    150 0.0000000e+00 1.1310000e-05 7.2384000e-06
     62    151 0.0000000e+00 3.0828600e-03 3.0828600e-05
     62    152 0.0000000e+00 1.9218700e-03 2.6906200e-05
     62    153 0.0000000e+00 1.0345200e-03 1.1379700e-04
     62    154 0.0000000e+00 4.3618000e-04 1.2213000e-05
     62    155 0.0000000e+00 2.2684000e-04 1.0207800e-04
     62    156 0.0000000e+00 1.7307000e-04 3.9806100e-05
     62    157 0.0000000e+00 9.4250000e-05 3.0160000e-05
     62    158 0.0000000e+00 2.7550000e-05 1.7632000e-05
     62    159 0.0000000e+00 9.8200000e-06 6.2848000e-06
     62    160 0.0000000e+00 1.3500000e-06 8.6400000e-07
     62    161 0.0000000e+00 8.8500000e-08 5.6640000e-08
     62    162 0.0000000e+00 4.8500000e-09 3.1040000e-09
     62    163 0.0000000e+00 2.7900000e-10 1.7856000e-10
     62    164 0.0000000e+00 1.0000000e-11 6.4000000e-12
     62    165 0.0000000e+00 1.9300000e-13 1.2352000e-13
     62    166 0.0000000e+00 0.0000000e+00 0.0000000e+00
     62    167 0.0000000e+00 0.0000000e+00 0.0000000e+00
     62    168 0.0000000e+00 0.0000000e+00 0.0000000e+00
     62    170 0.0000000e+00 0.0000000e+00 0.0000000e+00
     63    147 0.0000000e+00 0.0000000e+00 0.0000000e+00
     63    149 0.0000000e+00 0.0000000e+00 0.0000000e+00
     63    151 0.0000000e+00 3.0828600e-03 3.0828600e-05
     63    152 2.0000000e+00 1.9866700e-10 1.2714700e-10
     63    152 0.0000000e+00 2.9800000e-10 1.9072000e-10
     63    152 1.0000000e+00 2.9800000e-10 1.9072000e-10
     63    153 0.0000000e+00 1.0345300e-03 6.2071800e-05
     63    154 1.0000000e+00 4.0000000e-08 2.5600000e-08
     63    154 0.0000000e+00 8.0000000e-08 5.1200000e-08
     63    155 0.0000000e+00 2.2742000e-04 1.0233900e-04
     63    156 0.0000000e+00 1.7565000e-04 1.9321500e-05
     63    157 0.0000000e+00 1.0113000e-04 1.6180800e-05
     63    158 0.0000000e+00 3.2880000e-05 1.4796000e-05
     63    159 0.0000000e+00 1.6550000e-05 5.2960000e-06
     63    160 0.0000000e+00 3.3300000e-06 2.1312000e-06
     63    161 0.0000000e+00 5.4100000e-07 3.4624000e-07
     63    162 0.0000000e+00 5.9100000e-08 3.7824000e-08
     63    163 0.0000000e+00 1.2500000e-08 8.0000000e-09
     63    164 0.0000000e+00 1.0600000e-09 6.7840000e-10
     63    165 0.0000000e+00 8.2500000e-11 5.2800000e-11
     63    166 0.0000000e+00 5.2000000e-12 3.3280000e-12
     63    167 0.0000000e+00 5.7900000e-14 3.7056000e-14
     63    168 0.0000000e+00 0.0000000e+00 0.0000000e+00
     63    169 0.0000000e+00 0.0000000e+00 0.0000000e+00
     63    170 0.0000000e+00 0.0000000e+00 0.0000000e+00
     64    147 0.0000000e+00 0.0000000e+00 0.0000000e+00
     64    149 0.0000000e+00 0.0000000e+00 0.0000000e+00
     64    151 0.0000000e+00 0.0000000e+00 0.0000000e+00
     64    152 0.0000000e+00 3.1300000e-10 2.0032000e-10
     64    153 0.0000000e+00 1.1000000e-12 7.0400000e-13
     64    154 0.0000000e+00 8.0100000e-08 5.1264000e-08
     64    155 0.0000000e+00 2.2742000e-04 1.0233900e-04
     64    156 0.0000000e+00 1.7567000e-04 1.9323700e-05
     64    157 0.0000000e+00 1.0122000e-04 1.6195200e-05
     64    158 0.0000000e+00 3.3170000e-05 1.0614400e-05
     64    159 0.0000000e+00 1.7340000e-05 2.7744000e-06
     64    160 0.0000000e+00 4.1700000e-06 1.3344000e-06
     64    161 0.0000000e+00 9.3600000e-07 5.9904000e-07
     64    162 0.0000000e+00 2.1700000e-07 1.3888000e-07
     64    163 0.0000000e+00 8.6900000e-08 5.5616000e-08
     64    164 0.0000000e+00 2.3600000e-08 1.5104000e-08
     64    165 0.0000000e+00 4.0000000e-09 2.5600000e-09
     64    166 0.0000000e+00 9.6400000e-10 6.1696000e-10
     64    167 0.0000000e+00 2.6500000e-11 1.6960000e-11
     64    168 0.0000000e+00 1.1500000e-12 7.3600000e-13
     64    169 0.0000000e+00 3.8800000e-14 2.4832000e-14
     64    170 0.0000000e+00 0.0000000e+00 0.0000000e+00
     64    171 0.0000000e+00 0.0000000e+00 0.0000000e+00
     64    172 0.0000000e+00 0.0000000e+00 0.0000000e+00
     65    151 0.0000000e+00 0.0000000e+00 0.0000000e+00
     65    153 0.0000000e+00 0.0000000e+00 0.0000000e+00
     65    155 0.0000000e+00 1.9100000e-14 1.2224000e-14
     65    156 0.0000000e+00 9.1200000e-13 5.8368000e-13
     65    156 1.0000000e+00 8.6000000e-14 5.5040000e-14
     65    157 0.0000000e+00 2.6200000e-11 1.6768000e-11
     65    158 0.0000000e+00 2.1100000e-10 1.3504000e-10
     65    158 1.0000000e+00 1.9000000e-11 1.2160000e-11
     65    159 0.0000000e+00 1.7340000e-05 2.7744000e-06
     65    160 0.0000000e+00 1.4700000e-08 9.4080000e-09
     65    161 0.0000000e+00 9.4800000e-07 4.2660000e-07
     65    162 0.0000000e+00 2.1800000e-07 9.8100000e-08
     65    162 1.0000000e+00 9.3400000e-09 5.9776000e-09
     65    163 0.0000000e+00 1.0400000e-07 4.6800000e-08
     65    164 0.0000000e+00 3.3800000e-08 1.5210000e-08
     65    165 0.0000000e+00 9.9800000e-09 6.3872000e-09
     65    166 0.0000000e+00 3.9800000e-09 2.5472000e-09
     65    167 0.0000000e+00 3.3300000e-10 2.1312000e-10
     65    168 0.0000000e+00 3.1300000e-11 2.0032000e-11
     65    169 0.0000000e+00 4.0400000e-12 2.5856000e-12
     65    170 0.0000000e+00 2.3400000e-13 1.4976000e-13
     65    171 0.0000000e+00 1.1500000e-14 7.3600000e-15
     65    172 0.0000000e+00 0.0000000e+00 0.0000000e+00
     66    155 0.0000000e+00 0.0000000e+00 0.0000000e+00
     66    156 0.0000000e+00 0.0000000e+00 0.0000000e+00
     66    157 0.0000000e+00 0.0000000e+00 0.0000000e+00
     66    158 0.0000000e+00 3.3800000e-11 2.1632000e-11
     66    159 0.0000000e+00 7.3900000e-13 4.7296000e-13
     66    160 0.0000000e+00 1.4700000e-08 9.4080000e-09
     66    161 0.0000000e+00 9.4800000e-07 3.0336000e-07
     66    162 0.0000000e+00 2.2700000e-07 7.2640000e-08
     66    163 0.0000000e+00 1.0400000e-07 3.3280000e-08
     66    164 0.0000000e+00 3.5100000e-08 1.1232000e-08
     66    165 0.0000000e+00 1.1400000e-08 3.6480000e-09
     66    165 1.0000000e+00 5.1800000e-09 3.3152000e-09
     66    166 0.0000000e+00 6.6800000e-09 4.2752000e-09
     66    167 0.0000000e+00 9.0000000e-10 5.7600000e-10
     66    168 0.0000000e+00 2.1900000e-10 1.4016000e-10
     66    169 0.0000000e+00 5.6200000e-11 3.5968000e-11
     66    170 0.0000000e+00 1.1400000e-11 7.2960000e-12
     66    171 0.0000000e+00 1.2700000e-12 8.1280000e-13
     66    172 0.0000000e+00 1.3600000e-13 8.7040000e-14
     67    159 0.0000000e+00 0.0000000e+00 0.0000000e+00
     67    159 1.0000000e+00 0.0000000e+00 0.0000000e+00
     67    161 0.0000000e+00 0.0000000e+00 0.0000000e+00
     67    161 1.0000000e+00 0.0000000e+00 0.0000000e+00
     67    162 0.0000000e+00 1.7100000e-14 1.0944000e-14
     67    162 1.0000000e+00 1.7100000e-14 1.0944000e-14
     67    163 0.0000000e+00 4.1300000e-13 2.6432000e-13
     67    163 1.0000000e+00 4.9500000e-14 3.1680000e-14
     67    164 0.0000000e+00 2.3400000e-12 1.4976000e-12
     67    164 1.0000000e+00 1.7100000e-12 1.0944000e-12
     67    165 0.0000000e+00 1.1600000e-08 2.6680000e-09
     67    166 0.0000000e+00 6.6900000e-09 3.0105000e-09
     67    166 1.0000000e+00 3.4300000e-11 2.1952000e-11
     67    167 0.0000000e+00 9.3800000e-10 4.2210000e-10
     67    168 0.0000000e+00 2.4600000e-10 1.1070000e-10
     67    169 0.0000000e+00 8.0600000e-11 5.1584000e-11
     67    170 0.0000000e+00 1.6600000e-11 1.0624000e-11
     67    170 1.0000000e+00 5.2400000e-12 3.3536000e-12
     67    171 0.0000000e+00 5.3100000e-12 3.3984000e-12
     67    172 0.0000000e+00 1.0600000e-12 6.7840000e-13
     68    161 0.0000000e+00 0.0000000e+00 0.0000000e+00
     68    162 0.0000000e+00 0.0000000e+00 0.0000000e+00
     68    163 0.0000000e+00 0.0000000e+00 0.0000000e+00
     68    164 0.0000000e+00 1.2400000e-12 5.5800000e-13
     68    165 0.0000000e+00 0.0000000e+00 0.0000000e+00
     68    166 0.0000000e+00 6.7300000e-09 2.1536000e-09
     68    167 0.0000000e+00 9.3800000e-10 3.0016000e-10
     68    167 1.0000000e+00 9.3800000e-11 4.2210000e-11
     68    168 0.0000000e+00 2.4600000e-10 7.8720000e-11
     68    169 0.0000000e+00 8.2400000e-11 3.7080000e-11
     68    170 0.0000000e+00 2.4600000e-11 7.8720000e-12
     68    171 0.0000000e+00 7.5400000e-12 3.3930000e-12
     68    172 0.0000000e+00 2.7800000e-12 1.7792000e-12
     69    165 0.0000000e+00 0.0000000e+00 0.0000000e+00
     69    166 0.0000000e+00 0.0000000e+00 0.0000000e+00
     69    167 0.0000000e+00 0.0000000e+00 0.0000000e+00
     69    168 0.0000000e+00 0.0000000e+00 0.0000000e+00
     69    169 0.0000000e+00 8.2400000e-11 2.6368000e-11
     69    170 0.0000000e+00 1.2500000e-14 8.0000000e-15
     69    171 0.0000000e+00 7.5800000e-12 3.4110000e-12
     69    172 0.0000000e+00 2.8400000e-12 1.2780000e-12
     70    166 0.0000000e+00 0.0000000e+00 0.0000000e+00
     70    167 0.0000000e+00 0.0000000e+00 0.0000000e+00
     70    168 0.0000000e+00 0.0000000e+00 0.0000000e+00
     70    169 0.0000000e+00 0.0000000e+00 0.0000000e+00
     70    169 1.0000000e+00 0.0000000e+00 0.0000000e+00
     70    170 0.0000000e+00 1.2400000e-14 7.9360000e-15
     70    171 0.0000000e+00 7.5800000e-12 2.4256000e-12
     70    172 0.0000000e+00 2.8400000e-12 9.0880000e-13
     71    169 0.0000000e+00 0.0000000e+00 0.0000000e+00
     71    169 1.0000000e+00 0.0000000e+00 0.0000000e+00
     71    171 0.0000000e+00 0.0000000e+00 0.0000000e+00
     71    171 1.0000000e+00 0.0000000e+00 0.0000000e+00
     71    172 0.0000000e+00 0.0000000e+00 0.0000000e+00
     71    172 1.0000000e+00 0.0000000e+00 0.0000000e+00
     72    171 0.0000000e+00 0.0000000e+00 0.0000000e+00
     72    172 0.0000000e+00 0.0000000e+00 0.0000000e+00


