   66   9.5700E-08
   67   1.9100E-07
   68   2.8700E-07
   69   5.7400E-07
   70   9.5700E-07
   71   1.9100E-06
   72   4.7800E-06
   73   9.5700E-06
   74   1.7220E-05
   75   2.8710E-05
   76   5.7410E-05
   77   9.6950E-05
   78   1.9138E-04
   79   2.9353E-04
   80   4.7853E-04
   81   6.6983E-04
   82   1.1483E-03
   83   2.4791E-03
   84   3.9080E-03
   85   4.5032E-03
   86   5.7077E-03
   87   6.7462E-03
   88   9.2084E-03
   89   1.1921E-02
   90   1.3794E-02
   91   1.7497E-02
   92   2.1016E-02
   93   2.5791E-02
   94   2.7214E-02
   95   3.2943E-02
   96   3.6226E-02
   97   4.2808E-02
   98   4.6112E-02
   99   5.3494E-02
  100   5.4792E-02
  101   5.8706E-02
  102   6.6536E-02
  103   7.0730E-02
  104   6.9515E-02
  105   6.9540E-02
  106   6.1641E-02
  107   5.3814E-02
  108   4.1097E-02
  109   3.7492E-02
  110   2.4237E-02
  111   1.5347E-02
  112   6.4299E-03
  113   2.5187E-03
  114   1.0525E-03
  115   7.3742E-04
  116   3.8780E-04
  117   2.9353E-04
  118   2.7146E-04
  119   2.3268E-04
  120   2.3268E-04
  121   1.9529E-04
  122   3.2828E-04
  123   4.3771E-04
  124   5.4713E-04
  125   1.0366E-03
  126   1.6913E-03
  127   2.6665E-03
  128   4.1370E-03
  129   1.4720E-02
  130   2.0042E-02
  131   3.4837E-02
  132   4.8137E-02
  133   5.9822E-02
  134   7.0029E-02
  135   6.6542E-02
  136   6.5126E-02
  137   6.1375E-02
  138   5.9760E-02
  139   5.7669E-02
  140   5.4093E-02
  141   5.2444E-02
  142   4.4907E-02
  143   4.6378E-02
  144   4.4258E-02
  145   3.3509E-02
  146   2.8800E-02
  147   2.4668E-02
  148   2.1335E-02
  149   1.7196E-02
  150   1.6000E-02
  151   1.2181E-02
  152   1.0240E-02
  153   8.2909E-03
  154   5.4713E-03
  155   3.6111E-03
  156   3.2755E-03
  157   1.5505E-03
  158   8.7541E-04
  159   5.4713E-04
  160   3.8299E-04
  161   2.0150E-04
  162   1.3131E-04
  163   6.5660E-05
  164   2.1890E-05
  165   1.0670E-05
  166   5.4700E-06
  167   2.1900E-06
  168   1.0900E-06
  169   8.7500E-07
  170   4.3800E-07
  171   2.1900E-07
  172   1.0900E-07
