#  n-Cm244-MT454-E0000.500.jendl5.0  independent fission yields
#   0    96   244  96xx  5.0000E-01        1299
    0     1     1     0       3.969510E-05       1.405365E-05
    1     1     2     0       1.213120E-05       4.207190E-06
    2     1     3     0       1.730740E-04       5.415857E-05
    1     2     3     0       0.000000E+00       0.000000E+00
    2     2     4     0       2.662680E-03       8.411744E-04
    4     2     6     0       3.718320E-05       1.859160E-05
    6     2     8     0       6.951110E-07       3.475555E-07
    3     3     6     0       1.586120E-06       7.930600E-07
    4     3     7     0       4.920650E-08       2.460325E-08
    5     3     8     0       2.965130E-08       1.482565E-08
    6     3     9     0       3.502030E-08       1.751015E-08
    3     4     7     0       8.142380E-07       4.071190E-07
    4     4     8     0       4.906500E-07       2.453250E-07
    5     4     9     0       5.794930E-07       2.897465E-07
    6     4    10     0       5.794930E-07       2.897465E-07
   43    23    66     0       2.266530E-17       1.133260E-17
   42    24    66     0       3.423780E-13       1.711890E-13
   43    24    67     0       1.604530E-14       8.022670E-15
   44    24    68     0       0.000000E+00       0.000000E+00
   45    24    69     0       3.745180E-17       1.872590E-17
   46    24    70     0       0.000000E+00       0.000000E+00
   41    25    66     0       2.150940E-10       1.963150E-10
   42    25    67     0       3.745820E-11       3.444410E-11
   43    25    68     0       1.009730E-11       9.235810E-12
   44    25    69     0       6.149950E-13       3.074970E-13
   45    25    70     0       4.197230E-14       2.098610E-14
   46    25    71     0       0.000000E+00       0.000000E+00
   47    25    72     0       8.455990E-17       4.228000E-17
   48    25    73     0       0.000000E+00       0.000000E+00
   40    26    66     0       1.196529E-08       1.012296E-08
   41    26    67     0       5.380971E-09       4.880573E-09
   42    26    68     0       3.326053E-09       3.030281E-09
   43    26    69     0       6.129520E-10       5.599850E-10
   44    26    70     0       1.372560E-10       1.260500E-10
   45    26    71     0       1.954740E-11       1.789360E-11
   46    26    72     0       2.207180E-12       1.103590E-12
   47    26    73     0       1.057440E-13       5.287210E-14
   48    26    74     0       0.000000E+00       0.000000E+00
   49    26    75     0       0.000000E+00       0.000000E+00
   50    26    76     0       0.000000E+00       0.000000E+00
   39    27    66     0       4.167298E-08       2.337348E-08
   40    27    67     0       5.921889E-08       4.066738E-08
   41    27    68     0       3.504554E-08       3.012109E-08
   41    27    68     1       2.867479E-08       2.477529E-08
   42    27    69     0       4.401313E-08       3.867600E-08
   43    27    70     0       1.143303E-08       1.044427E-08
   43    27    70     1       1.133634E-08       1.035577E-08
   44    27    71     0       9.881512E-09       9.038548E-09
   45    27    72     0       2.616935E-09       2.399222E-09
   46    27    73     0       4.343180E-10       2.730240E-10
   47    27    74     0       4.782750E-11       3.473390E-11
   48    27    75     0       5.037340E-12       2.518670E-12
   49    27    76     0       1.939340E-13       9.696690E-14
   50    27    77     0       4.296980E-15       2.148490E-15
   51    27    78     0       0.000000E+00       0.000000E+00
   38    28    66     0       1.866695E-08       1.582289E-08
   39    28    67     0       6.027083E-08       4.176231E-08
   40    28    68     0       1.566839E-07       7.535186E-08
   41    28    69     0       2.168118E-07       1.405403E-07
   41    28    69     1       5.577253E-08       4.688342E-08
   42    28    70     0       4.006566E-07       2.778214E-07
   43    28    71     0       3.715853E-07       3.075817E-07
   44    28    72     0       2.914816E-07       2.625597E-07
   45    28    73     0       1.193978E-07       7.465526E-08
   46    28    74     0       4.141438E-08       3.005969E-08
   47    28    75     0       9.914601E-09       7.337921E-09
   48    28    76     0       1.345853E-09       8.455030E-10
   49    28    77     0       8.397250E-11       5.341700E-11
   50    28    78     0       7.677740E-12       3.838870E-12
   51    28    79     0       2.602160E-13       1.301080E-13
   52    28    80     0       0.000000E+00       0.000000E+00
   53    28    81     0       0.000000E+00       0.000000E+00
   54    28    82     0       0.000000E+00       0.000000E+00
   37    29    66     0       4.782160E-10       4.368830E-10
   38    29    67     0       5.060175E-09       4.645352E-09
   39    29    68     0       6.905441E-09       6.300152E-09
   39    29    68     1       1.886117E-08       1.712393E-08
   40    29    69     0       1.545352E-07       1.214874E-07
   41    29    70     0       5.876299E-08       5.235439E-08
   41    29    70     1       4.060605E-07       2.864626E-07
   41    29    70     2       0.000000E+00       0.000000E+00
   42    29    71     0       1.146046E-06       5.881058E-07
   43    29    72     0       1.839623E-06       1.198505E-06
   44    29    73     0       2.264583E-06       1.131038E-06
   45    29    74     0       1.752812E-06       1.196256E-06
   46    29    75     0       1.200354E-06       8.779204E-07
   47    29    76     0       2.868617E-07       1.799062E-07
   47    29    76     1       1.265134E-07       7.934506E-08
   48    29    77     0       9.164686E-08       5.828882E-08
   49    29    78     0       1.858457E-08       1.195466E-08
   50    29    79     0       2.280411E-09       1.321887E-09
   51    29    80     0       1.306530E-10       7.212030E-11
   52    29    81     0       4.822520E-12       2.411260E-12
   53    29    82     0       1.737410E-13       8.687040E-14
   54    29    83     0       0.000000E+00       0.000000E+00
   55    29    84     0       0.000000E+00       0.000000E+00
   36    30    66     0       1.125020E-12       5.625100E-13
   37    30    67     0       3.165920E-11       1.582960E-11
   38    30    68     0       4.924710E-10       4.504600E-10
   39    30    69     0       1.380947E-09       1.261969E-09
   39    30    69     1       6.838965E-09       6.248343E-09
   40    30    70     0       7.191970E-08       6.557552E-08
   41    30    71     0       1.689029E-07       1.529633E-07
   41    30    71     1       1.932233E-07       1.745624E-07
   42    30    72     0       1.568526E-06       1.151336E-06
   43    30    73     0       3.256487E-06       1.401085E-06
   43    30    73     1       8.826766E-07       4.838489E-07
   44    30    74     0       8.708467E-06       3.731300E-06
   45    30    75     0       1.190331E-05       6.498065E-06
   46    30    76     0       1.261618E-05       6.917835E-06
   47    30    77     0       4.527899E-06       2.792205E-06
   47    30    77     1       2.508791E-06       1.550520E-06
   48    30    78     0       3.985380E-06       2.534982E-06
   49    30    79     0       1.173058E-06       6.777494E-07
   50    30    80     0       2.448101E-07       1.351304E-07
   51    30    81     0       2.421210E-08       1.211927E-08
   52    30    82     0       2.640966E-09       1.266196E-09
   53    30    83     0       9.824500E-11       4.912250E-11
   54    30    84     0       5.670360E-12       2.835180E-12
   55    30    85     0       1.833660E-13       9.168300E-14
   56    30    86     0       0.000000E+00       0.000000E+00
   36    31    67     0       1.226350E-14       6.131740E-15
   37    31    68     0       5.017090E-13       2.508540E-13
   38    31    69     0       3.385940E-11       1.692970E-11
   39    31    70     0       6.929610E-10       6.364300E-10
   40    31    71     0       1.032006E-08       9.446448E-09
   41    31    72     0       8.467471E-08       7.758146E-08
   41    31    72     1       1.244491E-08       1.140804E-08
   42    31    73     0       7.643083E-07       4.710285E-07
   43    31    74     0       2.322738E-06       1.621756E-06
   43    31    74     1       1.026318E-06       7.312764E-07
   44    31    75     0       1.174543E-05       6.804326E-06
   45    31    76     0       2.712072E-05       1.146225E-05
   46    31    77     0       4.568474E-05       1.749800E-05
   47    31    78     0       5.121108E-05       2.803485E-05
   48    31    79     0       4.426018E-05       2.397550E-05
   49    31    80     0       2.204728E-05       1.198064E-05
   50    31    81     0       8.001403E-06       3.983395E-06
   51    31    82     0       1.958002E-06       9.386151E-07
   52    31    83     0       2.594123E-07       1.106445E-07
   53    31    84     0       3.308149E-08       1.397719E-08
   54    31    85     0       3.216150E-09       1.608075E-09
   55    31    86     0       9.539210E-11       4.769600E-11
   56    31    87     0       2.083840E-12       1.041920E-12
   57    31    88     0       0.000000E+00       0.000000E+00
   58    31    89     0       0.000000E+00       0.000000E+00
   37    32    69     0       9.418420E-15       4.709210E-15
   38    32    70     0       6.265420E-13       3.132710E-13
   39    32    71     0       3.649110E-12       1.824550E-12
   39    32    71     1       1.807180E-11       9.035890E-12
   40    32    72     0       6.300460E-10       5.776750E-10
   41    32    73     0       1.006686E-08       6.328499E-09
   41    32    73     1       2.032719E-09       1.277855E-09
   42    32    74     0       1.577795E-07       1.145647E-07
   43    32    75     0       4.675206E-07       3.415592E-07
   43    32    75     1       6.745006E-07       4.926322E-07
   44    32    76     0       7.875035E-06       4.678137E-06
   45    32    77     0       2.220746E-05       1.233849E-05
   45    32    77     1       8.071449E-06       4.804400E-06
   46    32    78     0       8.403505E-05       3.651831E-05
   47    32    79     0       1.230522E-04       4.800848E-05
   47    32    79     1       2.691088E-05       1.233126E-05
   48    32    80     0       2.131136E-04       8.012115E-05
   49    32    81     0       1.219350E-04       5.227665E-05
   49    32    81     1       5.923551E-05       2.576717E-05
   50    32    82     0       1.345590E-04       5.923880E-05
   51    32    83     0       4.624042E-05       1.940761E-05
   52    32    84     0       1.617578E-05       6.818796E-06
   53    32    85     0       3.568168E-06       1.434292E-06
   54    32    86     0       3.847851E-07       1.445694E-07
   55    32    87     0       2.312988E-08       8.454073E-09
   56    32    88     0       1.368756E-09       6.843780E-10
   57    32    89     0       2.988120E-11       1.494060E-11
   58    32    90     0       5.068320E-13       2.534160E-13
   59    32    91     0       0.000000E+00       0.000000E+00
   39    33    72     0       2.064270E-13       1.032130E-13
   40    33    73     0       1.354060E-11       6.770280E-12
   41    33    74     0       4.229210E-10       3.071410E-10
   42    33    75     0       8.961762E-09       6.633142E-09
   43    33    76     0       1.530640E-07       9.615490E-08
   44    33    77     0       1.928440E-06       1.225121E-06
   45    33    78     0       1.068144E-05       6.788816E-06
   46    33    79     0       5.301828E-05       2.908206E-05
   47    33    80     0       1.593636E-04       7.440769E-05
   48    33    81     0       3.843119E-04       1.324097E-04
   49    33    82     0       3.543005E-04       1.355583E-04
   49    33    82     1       2.004208E-04       8.076724E-05
   50    33    83     0       6.481214E-04       1.992147E-04
   51    33    84     0       4.502435E-04       1.780601E-04
   52    33    85     0       2.746532E-04       1.072693E-04
   53    33    86     0       7.952366E-05       2.972913E-05
   54    33    87     0       1.650336E-05       6.023091E-06
   55    33    88     0       2.372478E-06       8.530243E-07
   56    33    89     0       1.884090E-07       6.819002E-08
   57    33    90     0       8.762922E-09       4.381461E-09
   58    33    91     0       3.819200E-10       1.909600E-10
   59    33    92     0       5.076320E-12       2.538160E-12
   60    33    93     0       0.000000E+00       0.000000E+00
   61    33    94     0       0.000000E+00       0.000000E+00
   62    33    95     0       0.000000E+00       0.000000E+00
   40    34    74     0       9.829660E-14       4.914830E-14
   41    34    75     0       4.780550E-12       2.390280E-12
   42    34    76     0       2.811860E-10       1.405930E-10
   43    34    77     0       1.120080E-09       7.125250E-10
   43    34    77     1       8.372126E-09       5.325761E-09
   44    34    78     0       1.483566E-07       9.543524E-08
   45    34    79     0       1.282344E-06       7.431740E-07
   45    34    79     1       4.266731E-07       2.472782E-07
   46    34    80     0       1.548938E-05       8.486692E-06
   47    34    81     0       3.912477E-05       1.887934E-05
   47    34    81     1       4.605128E-05       2.220104E-05
   48    34    82     0       3.092383E-04       1.242488E-04
   49    34    83     0       5.634791E-04       1.756052E-04
   49    34    83     1       2.395523E-04       8.019634E-05
   50    34    84     0       1.482059E-03       3.863275E-04
   51    34    85     0       1.779327E-03       4.351023E-04
   52    34    86     0       1.624822E-03       4.339292E-04
   53    34    87     0       8.420283E-04       2.794091E-04
   54    34    88     0       3.643600E-04       1.270148E-04
   55    34    89     0       7.746247E-05       2.790134E-05
   56    34    90     0       1.233366E-05       4.466797E-06
   57    34    91     0       1.325601E-06       4.644707E-07
   58    34    92     0       6.695518E-08       2.319711E-08
   59    34    93     0       1.742200E-09       8.711000E-10
   60    34    94     0       5.858190E-11       2.929100E-11
   61    34    95     0       1.020080E-12       5.100400E-13
   62    34    96     0       0.000000E+00       0.000000E+00
   42    35    77     0       6.503590E-13       3.251790E-13
   42    35    77     1       2.461410E-12       1.230700E-12
   43    35    78     0       1.085220E-10       5.426120E-11
   44    35    79     0       8.408250E-10       4.873710E-10
   44    35    79     1       3.182262E-09       1.844565E-09
   45    35    80     0       2.031463E-08       1.121369E-08
   45    35    80     1       7.078217E-08       3.907120E-08
   46    35    81     0       1.653668E-06       8.276594E-07
   47    35    82     0       4.675758E-06       2.239433E-06
   47    35    82     1       7.974419E-06       3.819192E-06
   48    35    83     0       1.018102E-04       4.287498E-05
   49    35    84     0       1.289070E-04       5.338217E-05
   49    35    84     1       2.247668E-04       9.273418E-05
   50    35    85     0       1.176030E-03       3.868247E-04
   51    35    86     0       2.444261E-03       6.163179E-04
   52    35    87     0       3.720226E-03       8.728421E-04
   53    35    88     0       3.475422E-03       9.249143E-04
   54    35    89     0       2.373911E-03       7.306793E-04
   55    35    90     0       9.368946E-04       3.253820E-04
   56    35    91     0       3.076228E-04       1.064657E-04
   57    35    92     0       4.412564E-05       1.526980E-05
   58    35    93     0       4.291877E-06       1.520430E-06
   59    35    94     0       3.523438E-07       1.292480E-07
   60    35    95     0       2.007057E-08       1.003528E-08
   61    35    96     0       3.948640E-10       1.974320E-10
   62    35    97     0       5.270410E-12       2.635200E-12
   63    35    98     0       0.000000E+00       0.000000E+00
   64    35    99     0       0.000000E+00       0.000000E+00
   65    35   100     0       0.000000E+00       0.000000E+00
   43    36    79     0       7.222700E-14       3.611350E-14
   43    36    79     1       5.398670E-13       2.699330E-13
   44    36    80     0       4.679180E-11       2.339590E-11
   45    36    81     0       1.991958E-09       9.971060E-10
   45    36    81     1       2.664960E-10       1.333960E-10
   46    36    82     0       5.070556E-08       2.431107E-08
   47    36    83     0       8.027066E-07       3.423666E-07
   47    36    83     1       2.736972E-07       1.167356E-07
   48    36    84     0       9.889659E-06       4.174152E-06
   49    36    85     0       4.728902E-05       1.884399E-05
   49    36    85     1       2.063546E-05       8.223469E-06
   50    36    86     0       4.885880E-04       1.712167E-04
   51    36    87     0       1.691051E-03       5.075240E-04
   52    36    88     0       4.203873E-03       8.947712E-04
   53    36    89     0       6.640381E-03       1.132070E-03
   54    36    90     0       7.724535E-03       1.225751E-03
   55    36    91     0       5.525211E-03       1.251398E-03
   56    36    92     0       2.684346E-03       7.832002E-04
   57    36    93     0       7.131932E-04       2.434773E-04
   58    36    94     0       1.769134E-04       6.429081E-05
   59    36    95     0       2.492251E-05       8.876047E-06
   60    36    96     0       1.885212E-06       6.633163E-07
   61    36    97     0       7.468651E-08       2.652313E-08
   62    36    98     0       3.069674E-09       1.534837E-09
   63    36    99     0       6.456140E-11       3.228070E-11
   64    36   100     0       9.091370E-13       4.545690E-13
   65    36   101     0       0.000000E+00       0.000000E+00
   66    36   102     0       0.000000E+00       0.000000E+00
   44    37    81     0       1.957760E-13       9.788790E-14
   44    37    81     1       0.000000E+00       0.000000E+00
   45    37    82     0       0.000000E+00       0.000000E+00
   45    37    82     1       0.000000E+00       0.000000E+00
   46    37    83     0       7.766770E-10       3.883390E-10
   47    37    84     0       1.785711E-09       7.545180E-10
   47    37    84     1       1.356468E-08       5.731383E-09
   48    37    85     0       3.040860E-07       1.222630E-07
   49    37    86     0       3.363381E-06       1.263528E-06
   49    37    86     1       2.420891E-06       9.094558E-07
   50    37    87     0       7.174311E-05       2.610041E-05
   51    37    88     0       3.917926E-04       1.389461E-04
   52    37    89     0       1.891544E-03       6.294175E-04
   53    37    90     0       1.884537E-03       5.545293E-04
   53    37    90     1       3.058121E-03       8.807854E-04
   54    37    91     0       9.509580E-03       1.811974E-03
   55    37    92     0       1.110683E-02       2.111938E-03
   56    37    93     0       9.542171E-03       1.996172E-03
   57    37    94     0       5.126087E-03       1.538441E-03
   58    37    95     0       2.148957E-03       7.014828E-04
   59    37    96     0       4.676232E-04       1.620353E-04
   60    37    97     0       6.733761E-05       2.383939E-05
   61    37    98     0       4.615714E-06       1.691324E-06
   61    37    98     1       2.470449E-06       9.052401E-07
   62    37    99     0       5.076328E-07       1.843757E-07
   63    37   100     0       1.972003E-08       9.860015E-09
   64    37   101     0       7.708380E-10       3.854190E-10
   65    37   102     0       1.073590E-11       5.367940E-12
   66    37   103     0       0.000000E+00       0.000000E+00
   67    37   104     0       0.000000E+00       0.000000E+00
   68    37   105     0       0.000000E+00       0.000000E+00
   45    38    83     0       3.502710E-14       1.751360E-14
   45    38    83     1       0.000000E+00       0.000000E+00
   46    38    84     0       1.982410E-12       9.912060E-13
   47    38    85     0       7.476180E-11       3.738090E-11
   47    38    85     1       1.509620E-11       7.548080E-12
   48    38    86     0       6.146365E-09       2.309365E-09
   49    38    87     0       1.701625E-07       6.218963E-08
   49    38    87     1       3.435968E-08       1.255781E-08
   50    38    88     0       3.827125E-06       1.375068E-06
   51    38    89     0       4.809782E-05       1.735608E-05
   52    38    90     0       3.917831E-04       1.385773E-04
   53    38    91     0       1.640023E-03       5.231964E-04
   54    38    92     0       6.001685E-03       1.413917E-03
   55    38    93     0       1.233546E-02       2.028495E-03
   56    38    94     0       1.782298E-02       1.993804E-03
   57    38    95     0       1.562957E-02       2.054482E-03
   58    38    96     0       1.119557E-02       2.259166E-03
   59    38    97     0       4.275598E-03       1.298652E-03
   60    38    98     0       1.388576E-03       4.877109E-04
   61    38    99     0       2.566665E-04       9.264703E-05
   62    38   100     0       3.398318E-05       1.224164E-05
   63    38   101     0       3.262187E-06       1.175762E-06
   64    38   102     0       1.621467E-07       5.878339E-08
   65    38   103     0       4.005347E-09       2.002673E-09
   66    38   104     0       1.108750E-10       5.543760E-11
   67    38   105     0       1.595920E-12       7.979590E-13
   68    38   106     0       0.000000E+00       0.000000E+00
   69    38   107     0       0.000000E+00       0.000000E+00
   47    39    86     0       0.000000E+00       0.000000E+00
   47    39    86     1       0.000000E+00       0.000000E+00
   48    39    87     0       3.764910E-11       1.882460E-11
   48    39    87     1       0.000000E+00       0.000000E+00
   49    39    88     0       5.261290E-10       2.630650E-10
   49    39    88     1       3.271930E-10       1.635960E-10
   49    39    88     2       8.749390E-10       4.374690E-10
   50    39    89     0       1.458161E-08       5.277537E-09
   50    39    89     1       7.221390E-08       2.613581E-08
   51    39    90     0       1.105898E-06       4.007870E-07
   51    39    90     1       7.512868E-07       2.722887E-07
   52    39    91     0       5.390586E-06       1.887201E-06
   52    39    91     1       1.832306E-05       6.414385E-06
   53    39    92     0       2.319443E-04       7.999110E-05
   54    39    93     0       5.863511E-04       2.024936E-04
   54    39    93     1       9.818100E-04       3.385386E-04
   55    39    94     0       4.768699E-03       1.585260E-03
   56    39    95     0       1.155733E-02       2.238764E-03
   57    39    96     0       1.245845E-02       2.519978E-03
   57    39    96     1       7.292730E-03       1.564262E-03
   58    39    97     0       5.889422E-03       1.084420E-03
   58    39    97     1       1.728268E-02       2.923062E-03
   58    39    97     2       0.000000E+00       0.000000E+00
   59    39    98     0       6.933462E-03       1.777372E-03
   59    39    98     1       9.772066E-03       2.447731E-03
   60    39    99     0       9.385670E-03       2.738479E-03
   61    39   100     0       2.825607E-03       9.760913E-04
   61    39   100     1       2.838465E-04       9.872881E-05
   62    39   101     0       8.914673E-04       3.184270E-04
   63    39   102     0       8.948093E-05       3.241432E-05
   63    39   102     1       3.118458E-05       1.129661E-05
   64    39   103     0       1.075467E-05       3.918375E-06
   65    39   104     0       7.432241E-07       2.695737E-07
   66    39   105     0       3.506307E-08       1.753153E-08
   67    39   106     0       4.820650E-10       2.410330E-10
   68    39   107     0       3.546020E-12       1.773010E-12
   69    39   108     0       0.000000E+00       0.000000E+00
   70    39   109     0       0.000000E+00       0.000000E+00
   48    40    88     0       6.309920E-14       3.154960E-14
   49    40    89     0       8.951190E-12       4.475600E-12
   49    40    89     1       0.000000E+00       0.000000E+00
   50    40    90     0       1.283360E-10       6.416780E-11
   50    40    90     1       6.221680E-10       3.110840E-10
   51    40    91     0       2.364891E-08       8.286224E-09
   52    40    92     0       8.541849E-07       2.959236E-07
   53    40    93     0       1.624571E-05       5.751637E-06
   54    40    94     0       1.448325E-04       5.278012E-05
   55    40    95     0       7.998861E-04       2.751439E-04
   56    40    96     0       4.607624E-03       1.341404E-03
   57    40    97     0       1.283077E-02       2.848582E-03
   58    40    98     0       2.497014E-02       3.287554E-03
   59    40    99     0       3.067612E-02       3.815758E-03
   60    40   100     0       2.958199E-02       3.877360E-03
   61    40   101     0       1.836482E-02       4.419661E-03
   62    40   102     0       7.974935E-03       2.529433E-03
   63    40   103     0       1.900805E-03       6.809961E-04
   64    40   104     0       4.004233E-04       1.449530E-04
   65    40   105     0       4.772146E-05       1.690443E-05
   66    40   106     0       2.578110E-06       9.029164E-07
   67    40   107     0       6.129969E-08       2.175209E-08
   68    40   108     0       1.198322E-09       5.991610E-10
   69    40   109     0       1.112760E-11       5.563810E-12
   70    40   110     0       4.475790E-14       2.237900E-14
   71    40   111     0       0.000000E+00       0.000000E+00
   72    40   112     0       0.000000E+00       0.000000E+00
   49    41    90     0       1.298200E-14       6.491020E-15
   49    41    90     1       0.000000E+00       0.000000E+00
   50    41    91     0       1.481950E-12       7.409760E-13
   50    41    91     1       0.000000E+00       0.000000E+00
   51    41    92     0       1.591220E-10       7.956110E-11
   51    41    92     1       0.000000E+00       0.000000E+00
   52    41    93     0       9.572082E-09       4.786041E-09
   52    41    93     1       1.932827E-09       9.664140E-10
   53    41    94     0       1.564497E-07       5.739050E-08
   53    41    94     1       9.347026E-08       3.428798E-08
   54    41    95     0       3.969437E-06       1.415087E-06
   54    41    95     1       3.506108E-07       1.249872E-07
   55    41    96     0       7.073323E-05       2.484217E-05
   56    41    97     0       5.894942E-04       2.066828E-04
   56    41    97     1       8.273839E-05       2.901898E-05
   57    41    98     0       1.917669E-03       6.735566E-04
   57    41    98     1       1.030867E-03       3.629424E-04
   58    41    99     0       8.884355E-03       2.589059E-03
   58    41    99     1       1.497597E-03       4.551751E-04
   59    41   100     0       1.445901E-02       3.349032E-03
   59    41   100     1       7.750428E-03       1.932562E-03
   60    41   101     0       3.557689E-02       5.403809E-03
   61    41   102     0       3.208381E-02       5.754516E-03
   61    41   102     1       3.410468E-03       7.297458E-04
   62    41   103     0       2.596403E-02       5.490543E-03
   63    41   104     0       7.105785E-03       2.247430E-03
   63    41   104     1       5.089429E-03       1.625718E-03
   64    41   105     0       4.397755E-03       1.493938E-03
   65    41   106     0       6.982194E-04       2.442371E-04
   66    41   107     0       6.539334E-05       2.323534E-05
   67    41   108     0       3.721866E-06       1.361067E-06
   68    41   109     0       1.300117E-07       4.614705E-08
   69    41   110     0       1.717758E-09       8.588790E-10
   70    41   111     0       1.756510E-11       8.782570E-12
   71    41   112     0       6.935110E-14       3.467560E-14
   72    41   113     0       0.000000E+00       0.000000E+00
   73    41   114     0       0.000000E+00       0.000000E+00
   74    41   115     0       0.000000E+00       0.000000E+00
   50    42    92     0       0.000000E+00       0.000000E+00
   51    42    93     0       2.911820E-13       1.455910E-13
   51    42    93     1       2.152210E-13       1.076110E-13
   52    42    94     0       3.530740E-11       1.765370E-11
   53    42    95     0       1.556796E-09       7.783980E-10
   54    42    96     0       9.807198E-08       3.451138E-08
   55    42    97     0       2.669360E-06       9.477442E-07
   56    42    98     0       3.656783E-05       1.337177E-05
   57    42    99     0       3.165416E-04       1.135858E-04
   58    42   100     0       2.074898E-03       7.004937E-04
   59    42   101     0       7.057902E-03       2.103378E-03
   60    42   102     0       2.054118E-02       4.090259E-03
   61    42   103     0       3.445836E-02       5.330455E-03
   62    42   104     0       4.212451E-02       4.892029E-03
   63    42   105     0       3.291500E-02       5.297973E-03
   64    42   106     0       1.764038E-02       4.353373E-03
   65    42   107     0       4.741675E-03       1.627251E-03
   66    42   108     0       9.204986E-04       3.410119E-04
   67    42   109     0       9.363582E-05       3.340056E-05
   68    42   110     0       5.043734E-06       1.754280E-06
   69    42   111     0       1.575586E-07       5.520995E-08
   70    42   112     0       2.510882E-09       8.666890E-10
   71    42   113     0       0.000000E+00       0.000000E+00
   72    42   114     0       0.000000E+00       0.000000E+00
   73    42   115     0       0.000000E+00       0.000000E+00
   74    42   116     0       0.000000E+00       0.000000E+00
   75    42   117     0       0.000000E+00       0.000000E+00
   52    43    95     0       2.867610E-14       1.433800E-14
   52    43    95     1       5.790380E-15       2.895190E-15
   53    43    96     0       0.000000E+00       0.000000E+00
   53    43    96     1       0.000000E+00       0.000000E+00
   54    43    97     0       5.749000E-10       2.874500E-10
   54    43    97     1       1.160850E-10       5.804270E-11
   55    43    98     0       2.430770E-08       1.215385E-08
   56    43    99     0       5.867668E-07       2.131231E-07
   56    43    99     1       1.184819E-07       4.303242E-08
   57    43   100     0       1.206763E-05       4.349286E-06
   58    43   101     0       1.204036E-04       4.321498E-05
   59    43   102     0       6.942367E-04       2.467823E-04
   59    43   102     1       1.886117E-04       6.706128E-05
   60    43   103     0       4.632724E-03       1.524509E-03
   61    43   104     0       1.192863E-02       3.349307E-03
   62    43   105     0       2.480769E-02       4.492846E-03
   63    43   106     0       3.267308E-02       5.240003E-03
   64    43   107     0       2.865605E-02       4.414331E-03
   65    43   108     0       1.378670E-02       3.443140E-03
   66    43   109     0       4.662926E-03       1.474372E-03
   67    43   110     0       7.565757E-04       2.623022E-04
   68    43   111     0       8.580747E-05       3.020417E-05
   69    43   112     0       4.356738E-06       1.505589E-06
   70    43   113     0       5.146900E-13       1.786580E-13
   71    43   114     0       0.000000E+00       0.000000E+00
   72    43   115     0       4.279360E-17       2.139680E-17
   73    43   116     0       0.000000E+00       0.000000E+00
   74    43   117     0       0.000000E+00       0.000000E+00
   75    43   118     0       1.028410E-11       5.142040E-12
   76    43   119     0       3.785640E-15       1.892820E-15
   77    43   120     0       0.000000E+00       0.000000E+00
   54    44    98     0       1.290830E-12       6.454150E-13
   55    44    99     0       1.007080E-10       5.035410E-11
   56    44   100     0       5.951294E-09       2.975647E-09
   57    44   101     0       1.439199E-07       5.187168E-08
   58    44   102     0       3.647551E-06       1.321303E-06
   59    44   103     0       2.469033E-05       8.957706E-06
   59    44   103     1       2.677145E-05       9.712579E-06
   60    44   104     0       3.839487E-04       1.352324E-04
   61    44   105     0       1.833088E-03       5.903082E-04
   62    44   106     0       7.869329E-03       2.024439E-03
   63    44   107     0       1.750971E-02       3.534779E-03
   64    44   108     0       2.469248E-02       3.415146E-03
   65    44   109     0       2.007677E-02       2.996889E-03
   66    44   110     0       1.104840E-02       1.835952E-03
   67    44   111     0       3.338162E-03       8.940590E-04
   68    44   112     0       6.202110E-04       1.955083E-04
   69    44   113     0       1.773094E-07       6.034223E-08
   69    44   113     1       1.284512E-06       4.371473E-07
   70    44   114     0       6.708573E-08       2.379128E-08
   71    44   115     0       3.314101E-09       1.207844E-09
   72    44   116     0       1.602950E-10       6.422160E-11
   73    44   117     0       3.524610E-12       1.443830E-12
   74    44   118     0       5.790110E-08       2.895055E-08
   75    44   119     0       1.228580E-10       6.142920E-11
   76    44   120     0       4.776190E-13       2.388090E-13
   77    44   121     0       0.000000E+00       0.000000E+00
   78    44   122     0       0.000000E+00       0.000000E+00
   79    44   123     0       0.000000E+00       0.000000E+00
   80    44   124     0       0.000000E+00       0.000000E+00
   55    45   100     0       0.000000E+00       0.000000E+00
   55    45   100     1       0.000000E+00       0.000000E+00
   56    45   101     0       1.831340E-12       9.156680E-13
   56    45   101     1       9.069430E-12       4.534720E-12
   57    45   102     0       2.075070E-10       1.037540E-10
   57    45   102     1       5.667740E-10       2.833870E-10
   58    45   103     0       4.630321E-09       2.315160E-09
   58    45   103     1       3.460970E-08       1.730485E-08
   59    45   104     0       1.582021E-07       5.736991E-08
   59    45   104     1       5.512255E-07       1.998989E-07
   60    45   105     0       8.545821E-06       3.023395E-06
   60    45   105     1       2.011483E-06       7.116176E-07
   61    45   106     0       2.444463E-05       8.491935E-06
   61    45   106     1       1.059476E-04       3.680776E-05
   62    45   107     0       1.034902E-03       3.528648E-04
   63    45   108     0       2.111905E-03       6.919935E-04
   63    45   108     1       1.440978E-03       4.731463E-04
   64    45   109     0       8.814913E-03       2.262157E-03
   65    45   110     0       4.253201E-03       9.668796E-04
   65    45   110     1       8.180879E-03       1.793318E-03
   66    45   111     0       1.142617E-02       1.699914E-03
   67    45   112     0       3.977559E-03       7.600905E-04
   67    45   112     1       1.619119E-03       3.166694E-04
   68    45   113     0       2.001733E-03       4.215384E-04
   69    45   114     0       1.540350E-04       4.558587E-05
   69    45   114     1       2.716759E-04       8.035426E-05
   70    45   115     0       9.792550E-05       3.189516E-05
   71    45   116     0       7.122599E-06       2.748749E-06
   71    45   116     1       8.970760E-06       3.461952E-06
   72    45   117     0       1.999938E-06       7.963402E-07
   73    45   118     0       1.541852E-05       7.280893E-06
   74    45   119     0       2.529416E-07       1.340220E-07
   75    45   120     0       4.090057E-09       2.045028E-09
   76    45   121     0       3.605910E-11       1.802960E-11
   77    45   122     0       1.097310E-13       5.486560E-14
   78    45   123     0       0.000000E+00       0.000000E+00
   79    45   124     0       0.000000E+00       0.000000E+00
   80    45   125     0       0.000000E+00       0.000000E+00
   81    45   126     0       0.000000E+00       0.000000E+00
   82    45   127     0       0.000000E+00       0.000000E+00
   83    45   128     0       0.000000E+00       0.000000E+00
   56    46   102     0       1.283070E-14       6.415340E-15
   57    46   103     0       1.875160E-12       9.375810E-13
   58    46   104     0       1.069180E-10       5.345920E-11
   59    46   105     0       4.078494E-09       2.039247E-09
   60    46   106     0       1.938089E-07       6.787292E-08
   61    46   107     0       1.631326E-06       5.781659E-07
   61    46   107     1       3.067464E-06       1.087111E-06
   62    46   108     0       5.514773E-05       2.003631E-05
   63    46   109     0       1.100899E-04       3.805725E-05
   63    46   109     1       2.527281E-04       8.736531E-05
   64    46   110     0       1.764803E-03       5.540760E-04
   65    46   111     0       1.459894E-03       4.200622E-04
   65    46   111     1       2.564291E-03       7.278169E-04
   66    46   112     0       6.228076E-03       1.293293E-03
   67    46   113     0       1.979698E-03       4.390014E-04
   67    46   113     1       4.379961E-03       8.900927E-04
   68    46   114     0       4.644791E-03       8.022020E-04
   69    46   115     0       3.916430E-04       9.052029E-05
   69    46   115     1       2.336626E-03       4.486669E-04
   70    46   116     0       1.457683E-03       3.131436E-04
   71    46   117     0       1.739746E-04       5.715280E-05
   71    46   117     1       4.562083E-04       1.397549E-04
   72    46   118     0       3.333641E-04       1.261720E-04
   73    46   119     0       3.281230E-05       1.668831E-05
   74    46   120     0       2.720904E-06       1.825853E-06
   75    46   121     0       1.015901E-07       5.106000E-08
   76    46   122     0       1.720178E-09       9.655430E-10
   77    46   123     0       0.000000E+00       0.000000E+00
   78    46   124     0       0.000000E+00       0.000000E+00
   79    46   125     0       0.000000E+00       0.000000E+00
   80    46   126     0       0.000000E+00       0.000000E+00
   81    46   127     0       0.000000E+00       0.000000E+00
   82    46   128     0       0.000000E+00       0.000000E+00
   83    46   129     0       9.432030E-13       4.716010E-13
   84    46   130     0       0.000000E+00       0.000000E+00
   85    46   131     0       0.000000E+00       0.000000E+00
   58    47   105     0       1.148490E-14       5.742460E-15
   58    47   105     1       8.584480E-14       4.292240E-14
   59    47   106     0       3.878630E-12       1.939320E-12
   59    47   106     1       1.059390E-11       5.296950E-12
   60    47   107     0       1.670780E-10       8.353890E-11
   60    47   107     1       1.248839E-09       6.244200E-10
   61    47   108     0       1.269939E-08       6.349695E-09
   61    47   108     1       3.468638E-08       1.734319E-08
   62    47   109     0       1.327533E-07       4.710540E-08
   62    47   109     1       9.922779E-07       3.521085E-07
   63    47   110     0       5.507972E-06       1.910253E-06
   63    47   110     1       1.116265E-05       3.871325E-06
   64    47   111     0       2.361840E-05       8.177146E-06
   64    47   111     1       1.061459E-04       3.674731E-05
   65    47   112     0       5.501066E-04       1.830908E-04
   66    47   113     0       1.941012E-05       6.054670E-06
   66    47   113     1       1.206239E-04       3.762320E-05
   67    47   114     0       6.338879E-05       1.884966E-05
   67    47   114     1       2.685940E-04       7.980597E-05
   68    47   115     0       4.859780E-05       1.264915E-05
   68    47   115     1       5.261160E-04       1.355595E-04
   69    47   116     0       2.766625E-04       8.152925E-05
   69    47   116     1       3.492566E-04       1.024151E-04
   69    47   116     2       0.000000E+00       0.000000E+00
   70    47   117     0       2.240218E-04       5.845569E-05
   70    47   117     1       5.397496E-04       1.327311E-04
   71    47   118     0       4.056951E-04       1.353703E-04
   71    47   118     1       1.012337E-04       3.889373E-05
   72    47   119     0       3.161602E-04       1.171620E-04
   72    47   119     1       1.702616E-05       7.669134E-06
   73    47   120     0       5.155964E-05       3.359818E-05
   73    47   120     1       4.771188E-05       3.112099E-05
   74    47   121     0       1.772806E-05       8.413820E-06
   75    47   122     0       6.795600E-07       3.618938E-07
   75    47   122     1       6.176569E-07       3.289282E-07
   76    47   123     0       7.094340E-12       2.985250E-12
   77    47   124     0       1.268980E-12       5.672140E-13
   78    47   125     0       1.416330E-13       4.899210E-14
   79    47   126     0       1.809040E-14       8.478160E-15
   80    47   127     0       0.000000E+00       0.000000E+00
   81    47   128     0       0.000000E+00       0.000000E+00
   82    47   129     0       1.427383E-08       7.136915E-09
   83    47   130     0       1.643380E-10       8.216910E-11
   84    47   131     0       1.055760E-12       5.278820E-13
   85    47   132     0       0.000000E+00       0.000000E+00
   86    47   133     0       0.000000E+00       0.000000E+00
   60    48   108     0       3.264810E-12       1.632410E-12
   61    48   109     0       2.303250E-10       1.151630E-10
   62    48   110     0       1.377080E-08       6.885400E-09
   63    48   111     0       6.538278E-08       2.291274E-08
   63    48   111     1       2.474540E-07       8.672033E-08
   64    48   112     0       4.987762E-06       1.722618E-06
   65    48   113     0       7.695030E-10       2.683390E-10
   65    48   113     1       1.891020E-09       6.594070E-10
   66    48   114     0       3.842267E-08       1.387152E-08
   67    48   115     0       5.182903E-08       1.906725E-08
   67    48   115     1       1.871356E-07       6.884577E-08
   68    48   116     0       1.014909E-06       3.916135E-07
   69    48   117     0       7.379206E-07       2.877692E-07
   69    48   117     1       3.787811E-06       1.477130E-06
   70    48   118     0       9.344870E-05       3.916901E-05
   71    48   119     0       1.589462E-04       7.164818E-05
   71    48   119     1       1.798066E-04       7.992240E-05
   72    48   120     0       4.040660E-04       1.392897E-04
   73    48   121     0       1.781187E-04       7.244358E-05
   73    48   121     1       6.621423E-05       2.801726E-05
   74    48   122     0       8.397871E-05       3.982725E-05
   75    48   123     0       6.513722E-07       2.142860E-07
   75    48   123     1       1.584024E-06       5.211156E-07
   76    48   124     0       1.102746E-06       3.656480E-07
   77    48   125     0       2.979419E-08       8.023793E-09
   77    48   125     1       3.281299E-07       8.836984E-08
   78    48   126     0       1.414249E-07       5.717290E-08
   79    48   127     0       2.565905E-08       1.110449E-08
   80    48   128     0       3.246698E-09       1.330935E-09
   81    48   129     0       1.339427E-05       5.473064E-06
   82    48   130     0       8.059302E-07       3.069989E-07
   83    48   131     0       2.164658E-08       1.082329E-08
   84    48   132     0       6.431030E-10       3.215520E-10
   85    48   133     0       9.233160E-12       4.616580E-12
   86    48   134     0       5.845160E-14       2.922580E-14
   87    48   135     0       0.000000E+00       0.000000E+00
   88    48   136     0       0.000000E+00       0.000000E+00
   61    49   110     0       0.000000E+00       0.000000E+00
   61    49   110     1       0.000000E+00       0.000000E+00
   62    49   111     0       4.926580E-11       2.463290E-11
   62    49   111     1       0.000000E+00       0.000000E+00
   63    49   112     0       4.271000E-10       2.135500E-10
   63    49   112     1       2.070559E-09       1.035279E-09
   64    49   113     0       0.000000E+00       0.000000E+00
   64    49   113     1       0.000000E+00       0.000000E+00
   65    49   114     0       0.000000E+00       0.000000E+00
   65    49   114     1       0.000000E+00       0.000000E+00
   65    49   114     2       0.000000E+00       0.000000E+00
   66    49   115     0       4.753780E-14       1.735910E-14
   66    49   115     1       0.000000E+00       0.000000E+00
   67    49   116     0       8.672250E-14       3.478990E-14
   67    49   116     1       6.234770E-13       2.501120E-13
   67    49   116     2       0.000000E+00       0.000000E+00
   68    49   117     0       1.525110E-11       6.247430E-12
   68    49   117     1       2.323950E-12       9.519530E-13
   69    49   118     0       1.978804E-07       9.465803E-08
   69    49   118     1       9.031066E-07       4.320016E-07
   69    49   118     2       0.000000E+00       0.000000E+00
   70    49   119     0       2.859496E-05       1.481622E-05
   70    49   119     1       6.355367E-06       3.298391E-06
   71    49   120     0       7.812391E-05       5.269657E-05
   71    49   120     1       6.051903E-05       4.109816E-05
   71    49   120     2       0.000000E+00       0.000000E+00
   72    49   121     0       2.831893E-04       1.112156E-04
   72    49   121     1       4.818128E-05       2.177434E-05
   73    49   122     0       8.745106E-05       4.639937E-05
   73    49   122     1       2.949991E-04       1.358327E-04
   73    49   122     2       0.000000E+00       0.000000E+00
   74    49   123     0       3.989472E-04       1.382836E-04
   74    49   123     1       4.680884E-05       1.801832E-05
   75    49   124     0       2.201276E-04       9.148025E-05
   75    49   124     1       2.146752E-04       8.928443E-05
   76    49   125     0       3.439273E-04       4.940587E-05
   76    49   125     1       9.436974E-05       1.366842E-05
   77    49   126     0       2.422107E-04       9.497987E-05
   77    49   126     1       1.447383E-04       5.686650E-05
   78    49   127     0       1.782518E-04       6.410852E-05
   78    49   127     1       1.091399E-04       3.928108E-05
   78    49   127     2       0.000000E+00       0.000000E+00
   79    49   128     0       8.298375E-05       3.310373E-05
   79    49   128     1       5.172139E-05       2.063471E-05
   80    49   129     0       8.868438E-04       3.676443E-04
   80    49   129     1       7.035508E-05       2.942138E-05
   80    49   129     2       0.000000E+00       0.000000E+00
   81    49   130     0       9.945105E-05       3.842807E-05
   81    49   130     1       1.053240E-04       4.069656E-05
   81    49   130     2       0.000000E+00       0.000000E+00
   82    49   131     0       2.036851E-05       7.598432E-06
   82    49   131     1       7.886945E-06       2.942213E-06
   82    49   131     2       0.000000E+00       0.000000E+00
   83    49   132     0       2.386778E-06       9.438299E-07
   84    49   133     0       1.243106E-07       4.555193E-08
   85    49   134     0       2.546590E-09       1.273295E-09
   86    49   135     0       4.351180E-11       2.175590E-11
   87    49   136     0       5.451290E-13       2.725650E-13
   88    49   137     0       0.000000E+00       0.000000E+00
   89    49   138     0       0.000000E+00       0.000000E+00
   63    50   113     0       0.000000E+00       0.000000E+00
   63    50   113     1       0.000000E+00       0.000000E+00
   64    50   114     0       0.000000E+00       0.000000E+00
   65    50   115     0       0.000000E+00       0.000000E+00
   66    50   116     0       0.000000E+00       0.000000E+00
   67    50   117     0       0.000000E+00       0.000000E+00
   67    50   117     1       0.000000E+00       0.000000E+00
   68    50   118     0       1.044071E-09       5.016930E-10
   69    50   119     0       1.576274E-07       8.422860E-08
   69    50   119     1       1.374555E-07       7.344883E-08
   70    50   120     0       5.503036E-06       3.769867E-06
   71    50   121     0       8.686245E-06       4.335455E-06
   71    50   121     1       3.761323E-05       1.872624E-05
   72    50   122     0       2.265671E-04       1.133686E-04
   73    50   123     0       3.465117E-04       1.362199E-04
   73    50   123     1       6.622824E-05       2.872516E-05
   74    50   124     0       7.536102E-04       2.557267E-04
   75    50   125     0       1.039955E-03       1.789533E-04
   75    50   125     1       2.909148E-04       8.294831E-05
   76    50   126     0       2.402289E-03       6.178739E-04
   77    50   127     0       3.037854E-03       6.414976E-04
   77    50   127     1       9.407381E-04       2.393752E-04
   78    50   128     0       3.584839E-03       5.697813E-04
   78    50   128     1       2.374696E-03       3.894836E-04
   79    50   129     0       3.365387E-03       8.809395E-04
   79    50   129     1       2.685400E-03       7.183972E-04
   80    50   130     0       3.024765E-03       9.303161E-04
   80    50   130     1       2.138889E-03       6.673885E-04
   81    50   131     0       1.034275E-03       3.866266E-04
   81    50   131     1       1.224016E-03       4.568578E-04
   82    50   132     0       7.265879E-04       2.934468E-04
   83    50   133     0       1.072986E-04       3.939666E-05
   84    50   134     0       8.570367E-06       2.982800E-06
   85    50   135     0       4.289349E-07       1.596798E-07
   86    50   136     0       1.829801E-08       9.149005E-09
   87    50   137     0       3.453230E-10       1.726610E-10
   88    50   138     0       6.029120E-12       3.014560E-12
   89    50   139     0       0.000000E+00       0.000000E+00
   90    50   140     0       0.000000E+00       0.000000E+00
   65    51   116     0       0.000000E+00       0.000000E+00
   65    51   116     1       0.000000E+00       0.000000E+00
   66    51   117     0       0.000000E+00       0.000000E+00
   67    51   118     0       1.539350E-14       7.397230E-15
   67    51   118     1       2.576570E-14       1.238120E-14
   68    51   119     0       1.518420E-10       8.120100E-11
   69    51   120     0       4.325132E-09       2.979263E-09
   69    51   120     1       7.239390E-09       4.986832E-09
   70    51   121     0       4.770281E-07       2.418146E-07
   71    51   122     0       4.962977E-06       2.780681E-06
   71    51   122     1       4.097519E-06       2.295689E-06
   71    51   122     2       0.000000E+00       0.000000E+00
   72    51   123     0       1.408805E-06       6.215036E-07
   73    51   124     0       1.399484E-06       6.351065E-07
   73    51   124     1       3.604751E-06       1.635963E-06
   73    51   124     2       0.000000E+00       0.000000E+00
   74    51   125     0       2.472505E-05       8.565077E-06
   75    51   126     0       4.143660E-05       1.909746E-05
   75    51   126     1       4.303996E-05       1.983618E-05
   75    51   126     2       0.000000E+00       0.000000E+00
   76    51   127     0       4.039002E-04       1.668505E-04
   77    51   128     0       8.531224E-04       2.856020E-04
   77    51   128     1       5.047905E-04       1.703175E-04
   78    51   129     0       2.886299E-03       6.147438E-04
   78    51   129     1       7.892040E-04       1.720758E-04
   79    51   130     0       5.143850E-03       9.321369E-04
   79    51   130     1       4.115506E-03       7.533513E-04
   80    51   131     0       1.324211E-02       1.988668E-03
   81    51   132     0       7.148976E-03       2.128629E-03
   81    51   132     1       3.391039E-03       1.076665E-03
   82    51   133     0       5.757525E-03       1.966789E-03
   83    51   134     0       4.867811E-04       1.717443E-04
   83    51   134     1       9.020381E-04       3.180687E-04
   84    51   135     0       2.435485E-04       9.114029E-05
   85    51   136     0       2.811816E-05       1.041743E-05
   86    51   137     0       1.856671E-06       6.843713E-07
   87    51   138     0       8.621668E-08       3.137785E-08
   88    51   139     0       3.512438E-09       1.756219E-09
   89    51   140     0       4.930860E-11       2.465430E-11
   90    51   141     0       4.589420E-13       2.294710E-13
   91    51   142     0       0.000000E+00       0.000000E+00
   92    51   143     0       0.000000E+00       0.000000E+00
   67    52   119     0       0.000000E+00       0.000000E+00
   67    52   119     1       0.000000E+00       0.000000E+00
   68    52   120     0       2.020590E-12       1.010290E-12
   69    52   121     0       7.256570E-11       3.679710E-11
   69    52   121     1       2.746380E-10       1.392680E-10
   70    52   122     0       3.471305E-08       1.948448E-08
   71    52   123     0       6.044760E-13       3.022380E-13
   71    52   123     1       2.287750E-12       1.143870E-12
   72    52   124     0       2.821850E-11       1.410920E-11
   73    52   125     0       7.578150E-11       2.639810E-11
   73    52   125     1       3.085260E-10       1.074720E-10
   74    52   126     0       3.809576E-09       1.786212E-09
   75    52   127     0       9.393744E-09       4.234214E-09
   75    52   127     1       5.098901E-08       2.298389E-08
   76    52   128     0       8.642786E-07       3.532293E-07
   77    52   129     0       6.505006E-05       2.513258E-05
   77    52   129     1       1.667253E-04       6.440225E-05
   78    52   130     0       2.256027E-03       6.558840E-04
   79    52   131     0       2.340063E-03       5.418812E-04
   79    52   131     1       5.564486E-03       1.245334E-03
   80    52   132     0       1.799147E-02       2.332733E-03
   81    52   133     0       7.208645E-03       9.509516E-04
   81    52   133     1       1.637985E-02       2.072222E-03
   82    52   134     0       2.134433E-02       3.436001E-03
   83    52   135     0       9.798709E-03       3.357267E-03
   84    52   136     0       3.586381E-03       1.351418E-03
   85    52   137     0       6.555513E-04       2.426413E-04
   86    52   138     0       9.690356E-05       3.530279E-05
   87    52   139     0       9.719926E-06       3.431606E-06
   88    52   140     0       4.857148E-07       1.688730E-07
   89    52   141     0       1.321479E-08       6.607395E-09
   90    52   142     0       3.646490E-10       1.823240E-10
   91    52   143     0       6.529440E-12       3.264720E-12
   92    52   144     0       0.000000E+00       0.000000E+00
   93    52   145     0       0.000000E+00       0.000000E+00
   69    53   122     0       7.196000E-12       3.598000E-12
   70    53   123     0       0.000000E+00       0.000000E+00
   71    53   124     0       0.000000E+00       0.000000E+00
   72    53   125     0       0.000000E+00       0.000000E+00
   73    53   126     0       0.000000E+00       0.000000E+00
   74    53   127     0       0.000000E+00       0.000000E+00
   75    53   128     0       2.154660E-13       8.918380E-14
   76    53   129     0       1.248403E-06       5.105710E-07
   77    53   130     0       3.577982E-05       1.357991E-05
   77    53   130     1       6.527113E-06       2.477435E-06
   78    53   131     0       4.563419E-04       1.651701E-04
   79    53   132     0       1.462503E-03       5.354122E-04
   79    53   132     1       1.094276E-03       4.012906E-04
   80    53   133     0       7.796012E-03       2.014746E-03
   80    53   133     1       2.172676E-03       5.864101E-04
   81    53   134     0       1.394979E-02       2.535398E-03
   81    53   134     1       9.012824E-03       1.687016E-03
   82    53   135     0       3.496732E-02       3.777659E-03
   83    53   136     0       2.496973E-02       5.364410E-03
   83    53   136     1       4.825662E-03       1.218869E-03
   84    53   137     0       1.675186E-02       4.381216E-03
   85    53   138     0       6.085037E-03       2.136292E-03
   86    53   139     0       1.791793E-03       6.253582E-04
   87    53   140     0       2.547131E-04       8.848885E-05
   88    53   141     0       2.418709E-05       8.628159E-06
   89    53   142     0       1.690263E-06       6.279590E-07
   90    53   143     0       9.395825E-08       3.426704E-08
   91    53   144     0       1.917695E-09       9.588480E-10
   92    53   145     0       2.736680E-11       1.368340E-11
   93    53   146     0       2.335960E-13       1.167980E-13
   94    53   147     0       0.000000E+00       0.000000E+00
   95    53   148     0       0.000000E+00       0.000000E+00
   71    54   125     0       0.000000E+00       0.000000E+00
   71    54   125     1       0.000000E+00       0.000000E+00
   72    54   126     0       0.000000E+00       0.000000E+00
   73    54   127     0       0.000000E+00       0.000000E+00
   73    54   127     1       0.000000E+00       0.000000E+00
   74    54   128     0       0.000000E+00       0.000000E+00
   75    54   129     0       1.030030E-10       5.150140E-11
   75    54   129     1       3.898340E-10       1.949170E-10
   76    54   130     0       7.675273E-08       2.923816E-08
   77    54   131     0       4.369544E-07       1.624440E-07
   77    54   131     1       1.615824E-06       6.007257E-07
   78    54   132     0       3.108036E-05       1.226759E-05
   78    54   132     1       7.127717E-06       2.813348E-06
   79    54   133     0       1.091211E-04       3.945637E-05
   79    54   133     1       2.869916E-04       1.037599E-04
   80    54   134     0       1.707906E-03       5.501000E-04
   80    54   134     1       1.374400E-03       4.429978E-04
   81    54   135     0       3.684904E-03       1.072816E-03
   81    54   135     1       7.716407E-03       2.201257E-03
   82    54   136     0       3.035800E-02       4.246769E-03
   83    54   137     0       3.962431E-02       4.387481E-03
   84    54   138     0       3.919744E-02       4.579895E-03
   85    54   139     0       2.509898E-02       5.175878E-03
   86    54   140     0       1.126503E-02       2.971882E-03
   87    54   141     0       2.898469E-03       9.844612E-04
   88    54   142     0       6.184099E-04       2.272549E-04
   89    54   143     0       8.624000E-05       3.141272E-05
   90    54   144     0       6.137958E-06       2.203552E-06
   91    54   145     0       2.585662E-07       9.426598E-08
   92    54   146     0       7.688241E-09       3.844120E-09
   93    54   147     0       1.251530E-10       6.257660E-11
   94    54   148     0       2.036240E-12       1.018120E-12
   95    54   149     0       0.000000E+00       0.000000E+00
   96    54   150     0       0.000000E+00       0.000000E+00
   73    55   128     0       0.000000E+00       0.000000E+00
   74    55   129     0       1.342280E-14       6.711410E-15
   75    55   130     0       0.000000E+00       0.000000E+00
   75    55   130     1       0.000000E+00       0.000000E+00
   76    55   131     0       6.181970E-10       3.090980E-10
   77    55   132     0       3.266638E-08       1.291723E-08
   78    55   133     0       1.187441E-06       4.351038E-07
   79    55   134     0       1.614185E-05       5.615875E-06
   79    55   134     1       1.186178E-05       4.126989E-06
   80    55   135     0       2.578896E-04       9.570803E-05
   80    55   135     1       8.236108E-05       3.056792E-05
   81    55   136     0       1.542219E-03       5.608020E-04
   81    55   136     1       6.583104E-04       2.396312E-04
   82    55   137     0       9.658525E-03       2.942008E-03
   83    55   138     0       8.292882E-03       2.249966E-03
   83    55   138     1       1.272890E-02       3.356348E-03
   84    55   139     0       3.407370E-02       5.568772E-03
   85    55   140     0       3.612309E-02       6.023374E-03
   86    55   141     0       2.764382E-02       4.132624E-03
   87    55   142     0       1.319443E-02       3.567628E-03
   88    55   143     0       5.267229E-03       1.696756E-03
   89    55   144     0       1.037172E-03       3.634998E-04
   90    55   145     0       1.547611E-04       5.602665E-05
   91    55   146     0       1.299388E-05       4.697409E-06
   92    55   147     0       7.297136E-07       2.715815E-07
   93    55   148     0       3.113618E-08       1.205771E-08
   94    55   149     0       8.567440E-10       4.283720E-10
   95    55   150     0       8.378280E-12       4.189140E-12
   96    55   151     0       0.000000E+00       0.000000E+00
   97    55   152     0       0.000000E+00       0.000000E+00
   75    56   131     0       0.000000E+00       0.000000E+00
   75    56   131     1       0.000000E+00       0.000000E+00
   76    56   132     0       2.204950E-12       1.102480E-12
   77    56   133     0       2.353320E-10       1.176660E-10
   77    56   133     1       0.000000E+00       0.000000E+00
   78    56   134     0       2.173476E-08       1.086738E-08
   79    56   135     0       1.717588E-07       6.393618E-08
   79    56   135     1       5.816354E-07       2.165163E-07
   80    56   136     0       7.793266E-06       2.885217E-06
   80    56   136     1       7.887665E-06       2.920154E-06
   81    56   137     0       7.030999E-05       2.585934E-05
   81    56   137     1       1.120387E-04       4.120595E-05
   82    56   138     0       1.318608E-03       4.662082E-04
   83    56   139     0       4.677204E-03       1.492329E-03
   84    56   140     0       1.463518E-02       3.533776E-03
   85    56   141     0       2.621129E-02       4.654859E-03
   86    56   142     0       3.221857E-02       3.813416E-03
   87    56   143     0       2.721481E-02       3.488339E-03
   88    56   144     0       1.615619E-02       2.332977E-03
   89    56   145     0       6.292802E-03       1.746742E-03
   90    56   146     0       1.701416E-03       5.465714E-04
   91    56   147     0       2.702566E-04       9.834050E-05
   92    56   148     0       3.606575E-05       1.387610E-05
   93    56   149     0       2.659799E-06       1.033708E-06
   94    56   150     0       9.714895E-08       3.864743E-08
   95    56   151     0       1.825431E-09       9.127160E-10
   96    56   152     0       4.396930E-11       2.198470E-11
   97    56   153     0       5.749100E-13       2.874550E-13
   98    56   154     0       0.000000E+00       0.000000E+00
   76    57   133     0       0.000000E+00       0.000000E+00
   77    57   134     0       0.000000E+00       0.000000E+00
   78    57   135     0       1.097390E-10       5.486940E-11
   79    57   136     0       2.318481E-09       1.159240E-09
   79    57   136     1       3.880665E-09       1.940332E-09
   80    57   137     0       2.475801E-07       9.125561E-08
   81    57   138     0       4.566890E-06       1.661980E-06
   82    57   139     0       5.317269E-05       1.875245E-05
   83    57   140     0       4.410596E-04       1.526485E-04
   84    57   141     0       2.459751E-03       8.522314E-04
   85    57   142     0       6.602941E-03       2.258308E-03
   86    57   143     0       1.449030E-02       3.827175E-03
   87    57   144     0       1.995765E-02       3.463676E-03
   88    57   145     0       2.266723E-02       3.274790E-03
   89    57   146     0       5.992650E-03       1.237539E-03
   89    57   146     1       8.638916E-03       1.745383E-03
   90    57   147     0       7.072013E-03       1.631587E-03
   91    57   148     0       2.259374E-03       7.541696E-04
   92    57   149     0       5.210122E-04       1.904796E-04
   93    57   150     0       5.855320E-05       2.299386E-05
   94    57   151     0       4.076241E-06       1.628157E-06
   95    57   152     0       2.450144E-07       1.037630E-07
   96    57   153     0       1.015696E-08       4.875380E-09
   97    57   154     0       1.660080E-10       8.300420E-11
   98    57   155     0       1.641570E-12       8.207830E-13
   99    57   156     0       0.000000E+00       0.000000E+00
  100    57   157     0       0.000000E+00       0.000000E+00
   77    58   135     0       0.000000E+00       0.000000E+00
   77    58   135     1       0.000000E+00       0.000000E+00
   78    58   136     0       0.000000E+00       0.000000E+00
   79    58   137     0       2.173650E-11       1.086820E-11
   79    58   137     1       0.000000E+00       0.000000E+00
   80    58   138     0       9.439970E-11       4.719990E-11
   80    58   138     1       1.201569E-09       6.007840E-10
   81    58   139     0       9.718734E-09       4.859367E-09
   81    58   139     1       2.723472E-08       1.361736E-08
   82    58   140     0       1.199472E-06       4.169937E-07
   83    58   141     0       1.843291E-05       6.573263E-06
   84    58   142     0       1.441275E-04       5.344921E-05
   85    58   143     0       7.269709E-04       2.630608E-04
   86    58   144     0       3.050249E-03       1.033468E-03
   87    58   145     0       8.426209E-03       2.474695E-03
   88    58   146     0       1.520908E-02       2.855412E-03
   89    58   147     0       1.712258E-02       2.653953E-03
   90    58   148     0       1.435869E-02       1.758102E-03
   91    58   149     0       7.751556E-03       1.392732E-03
   92    58   150     0       2.902436E-03       7.281321E-04
   93    58   151     0       6.981400E-05       2.484062E-05
   93    58   151     1       5.096241E-04       2.541782E-04
   94    58   152     0       1.054438E-04       4.275411E-05
   95    58   153     0       1.121807E-05       5.351338E-06
   96    58   154     0       6.515403E-07       3.125022E-07
   97    58   155     0       1.927485E-08       6.755463E-09
   98    58   156     0       5.382290E-10       2.691140E-10
   99    58   157     0       7.717470E-12       3.858730E-12
  100    58   158     0       1.048730E-13       5.243640E-14
  101    58   159     0       0.000000E+00       0.000000E+00
  102    58   160     0       0.000000E+00       0.000000E+00
   79    59   138     0       0.000000E+00       0.000000E+00
   79    59   138     1       0.000000E+00       0.000000E+00
   80    59   139     0       1.636150E-12       8.180740E-13
   81    59   140     0       1.535600E-10       7.677980E-11
   82    59   141     0       9.375730E-09       4.687865E-09
   83    59   142     0       4.901730E-08       1.821022E-08
   83    59   142     1       1.338835E-07       4.973879E-08
   84    59   143     0       2.769383E-06       1.009996E-06
   85    59   144     0       7.401628E-06       2.657530E-06
   85    59   144     1       2.427664E-05       8.716480E-06
   86    59   145     0       2.865076E-04       1.043765E-04
   87    59   146     0       1.285286E-03       4.619328E-04
   88    59   147     0       4.255827E-03       1.486346E-03
   89    59   148     0       6.863044E-03       2.235081E-03
   89    59   148     1       8.429598E-04       2.987486E-04
   90    59   149     0       1.101442E-02       2.341241E-03
   91    59   150     0       1.033935E-02       2.266427E-03
   92    59   151     0       6.476812E-03       1.299725E-03
   93    59   152     0       2.647505E-03       8.156861E-04
   94    59   153     0       8.187136E-04       3.384096E-04
   95    59   154     0       1.328321E-04       6.135256E-05
   96    59   155     0       1.423272E-05       4.899438E-06
   97    59   156     0       1.039366E-06       5.724697E-07
   98    59   157     0       4.966892E-08       2.927538E-08
   99    59   158     0       1.726129E-09       1.167019E-09
  100    59   159     0       4.967460E-11       2.483730E-11
  101    59   160     0       4.895970E-13       2.447980E-13
  102    59   161     0       3.355420E-15       1.677710E-15
  103    59   162     0       0.000000E+00       0.000000E+00
   81    60   141     0       2.647070E-13       1.323530E-13
   81    60   141     1       0.000000E+00       0.000000E+00
   82    60   142     0       1.823870E-11       9.119360E-12
   83    60   143     0       6.962730E-10       3.481360E-10
   84    60   144     0       2.777791E-08       1.388895E-08
   85    60   145     0       7.204806E-07       2.626597E-07
   86    60   146     0       1.060957E-05       3.839023E-06
   87    60   147     0       9.321814E-05       3.469763E-05
   88    60   148     0       4.789862E-04       1.850354E-04
   89    60   149     0       1.596291E-03       6.017825E-04
   90    60   150     0       4.580132E-03       1.515651E-03
   91    60   151     0       7.065088E-03       1.666249E-03
   92    60   152     0       7.392161E-03       1.370974E-03
   93    60   153     0       4.964974E-03       1.138078E-03
   94    60   154     0       2.481289E-03       6.399738E-04
   95    60   155     0       7.134919E-04       1.683585E-04
   96    60   156     0       1.566977E-04       7.847777E-05
   97    60   157     0       2.015786E-05       1.159588E-05
   98    60   158     0       2.150209E-06       1.441093E-06
   99    60   159     0       1.515975E-07       9.192708E-08
  100    60   160     0       5.134331E-09       3.004153E-09
  101    60   161     0       1.002870E-10       5.014330E-11
  102    60   162     0       2.266960E-12       1.133480E-12
  103    60   163     0       3.269640E-14       1.634820E-14
  104    60   164     0       0.000000E+00       0.000000E+00
   83    61   144     0       1.260700E-12       6.303480E-13
   84    61   145     0       1.178920E-10       5.894580E-11
   85    61   146     0       4.878957E-09       2.439478E-09
   86    61   147     0       1.466392E-07       5.458269E-08
   87    61   148     0       5.032912E-07       1.949034E-07
   87    61   148     1       1.374661E-06       5.323613E-07
   88    61   149     0       1.922276E-05       7.475222E-06
   89    61   150     0       1.552745E-04       6.175648E-05
   90    61   151     0       7.719699E-04       3.064571E-04
   91    61   152     0       6.858950E-04       2.815524E-04
   91    61   152     1       1.048265E-03       4.280432E-04
   91    61   152     2       0.000000E+00       0.000000E+00
   92    61   153     0       3.066193E-03       1.145129E-03
   93    61   154     0       8.474252E-04       3.111554E-04
   93    61   154     1       2.748235E-03       8.825769E-04
   94    61   155     0       3.110456E-03       5.004116E-04
   95    61   156     0       1.542253E-03       5.706207E-04
   96    61   157     0       5.862675E-04       2.731452E-04
   97    61   158     0       1.472001E-04       9.247552E-05
   98    61   159     0       2.959342E-05       1.745372E-05
   99    61   160     0       2.818911E-06       1.641936E-06
  100    61   161     0       1.859578E-07       1.204948E-07
  101    61   162     0       1.025513E-08       6.813537E-09
  102    61   163     0       4.312500E-10       3.183210E-10
  103    61   164     0       7.508920E-12       3.754460E-12
  104    61   165     0       1.059980E-13       5.299920E-14
  105    61   166     0       7.650740E-16       3.825370E-16
   84    62   146     0       1.713590E-13       8.567930E-14
   85    62   147     0       1.483750E-11       7.418750E-12
   86    62   148     0       5.945030E-10       2.972520E-10
   87    62   149     0       1.609671E-08       8.048355E-09
   88    62   150     0       4.734280E-07       1.883675E-07
   89    62   151     0       6.799844E-06       2.722554E-06
   90    62   152     0       4.376011E-05       1.855142E-05
   91    62   153     0       7.599611E-05       3.649460E-05
   91    62   153     1       1.039615E-04       4.992003E-05
   92    62   154     0       6.457957E-04       3.009345E-04
   93    62   155     0       1.373541E-03       3.801813E-04
   94    62   156     0       1.793907E-03       6.690793E-04
   95    62   157     0       1.545396E-03       5.310745E-04
   96    62   158     0       1.014253E-03       4.042267E-04
   97    62   159     0       4.412017E-04       1.910664E-04
   98    62   160     0       1.295358E-04       6.355127E-05
   99    62   161     0       2.254495E-05       1.391293E-05
  100    62   162     0       3.537448E-06       2.320895E-06
  101    62   163     0       3.585203E-07       2.637731E-07
  102    62   164     0       2.061963E-08       1.383315E-08
  103    62   165     0       7.668430E-10       5.201390E-10
  104    62   166     0       1.827850E-11       9.139230E-12
  105    62   167     0       2.598470E-13       1.299230E-13
  106    62   168     0       0.000000E+00       0.000000E+00
   86    63   149     0       8.517590E-13       4.258790E-13
   87    63   150     0       0.000000E+00       0.000000E+00
   87    63   150     1       0.000000E+00       0.000000E+00
   88    63   151     0       4.096067E-09       2.048033E-09
   89    63   152     0       2.981860E-08       1.263128E-08
   89    63   152     1       2.923388E-09       1.238387E-09
   89    63   152     2       3.215725E-08       1.362230E-08
   90    63   153     0       8.136313E-07       3.905380E-07
   91    63   154     0       3.346192E-06       1.607374E-06
   91    63   154     1       4.687112E-06       2.251550E-06
   92    63   155     0       5.650549E-05       1.976496E-05
   93    63   156     0       1.710941E-04       9.373045E-05
   94    63   157     0       4.147773E-04       2.334143E-04
   95    63   158     0       5.815869E-04       3.349352E-04
   96    63   159     0       6.273493E-04       2.641514E-04
   97    63   160     0       4.331054E-04       1.647570E-04
   98    63   161     0       2.175062E-04       1.025559E-04
   99    63   162     0       7.466071E-05       4.342660E-05
  100    63   163     0       2.027226E-05       1.410620E-05
  101    63   164     0       3.062030E-06       2.004229E-06
  102    63   165     0       3.540945E-07       2.400227E-07
  103    63   166     0       2.253349E-08       1.487562E-08
  104    63   167     0       1.041848E-09       7.350100E-10
  105    63   168     0       5.744190E-11       2.872090E-11
  106    63   169     0       1.061730E-12       5.308640E-13
  107    63   170     0       1.202090E-14       6.010430E-15
   87    64   151     0       1.555950E-13       7.779730E-14
   88    64   152     0       7.522840E-12       3.761420E-12
   89    64   153     0       2.422780E-10       1.211390E-10
   90    64   154     0       8.404531E-09       4.202265E-09
   91    64   155     0       1.343178E-08       4.707465E-09
   91    64   155     1       1.599033E-07       5.604180E-08
   92    64   156     0       1.586888E-06       8.765615E-07
   93    64   157     0       9.855204E-06       5.805061E-06
   94    64   158     0       3.842657E-05       2.578595E-05
   95    64   159     0       8.980257E-05       5.306202E-05
   96    64   160     0       1.777367E-04       9.225115E-05
   97    64   161     0       2.062409E-04       1.010254E-04
   98    64   162     0       1.742942E-04       7.040687E-05
   99    64   163     0       9.799286E-05       4.525361E-05
  100    64   164     0       4.266701E-05       2.159412E-05
  101    64   165     0       1.163186E-05       6.912788E-06
  102    64   166     0       2.258066E-06       1.443244E-06
  103    64   167     0       2.698614E-07       1.901210E-07
  104    64   168     0       3.673493E-08       2.574820E-08
  105    64   169     0       1.896957E-09       1.351086E-09
  106    64   170     0       7.074030E-11       3.537020E-11
  107    64   171     0       1.339080E-12       6.695410E-13
  108    64   172     0       2.924120E-14       1.462060E-14
   89    65   154     0       0.000000E+00       0.000000E+00
   89    65   154     1       0.000000E+00       0.000000E+00
   89    65   154     2       0.000000E+00       0.000000E+00
   90    65   155     0       3.454110E-11       1.727050E-11
   91    65   156     0       3.192220E-10       1.596110E-10
   91    65   156     1       3.114360E-11       1.557180E-11
   91    65   156     2       4.743750E-10       2.371870E-10
   92    65   157     0       1.675089E-08       9.872799E-09
   93    65   158     0       6.234942E-08       4.215400E-08
   93    65   158     1       6.082869E-09       4.112611E-09
   93    65   158     2       9.286302E-08       4.643151E-08
   94    65   159     0       1.060538E-06       6.440253E-07
   95    65   160     0       5.482971E-06       3.207110E-06
   96    65   161     0       1.913093E-05       1.232758E-05
   97    65   162     0       3.418013E-05       2.214114E-05
   98    65   163     0       4.768666E-05       3.163804E-05
   99    65   164     0       4.708727E-05       2.386777E-05
  100    65   165     0       3.423025E-05       1.270851E-05
  101    65   166     0       1.528757E-05       7.256980E-06
  102    65   167     0       5.280553E-06       3.134818E-06
  103    65   168     0       1.381279E-06       9.340377E-07
  104    65   169     0       2.259637E-07       1.599098E-07
  105    65   170     0       2.225183E-08       2.057282E-08
  106    65   171     0       1.442983E-09       1.332608E-09
  107    65   172     0       7.658170E-11       3.829090E-11
   91    66   157     0       1.827570E-12       9.137830E-13
   91    66   157     1       0.000000E+00       0.000000E+00
   92    66   158     0       5.396500E-11       2.698250E-11
   93    66   159     0       8.655830E-10       4.327910E-10
   94    66   160     0       1.502153E-08       8.788991E-09
   95    66   161     0       1.408733E-07       9.151611E-08
   96    66   162     0       6.963909E-07       4.622267E-07
   97    66   163     0       2.151993E-06       1.585785E-06
   98    66   164     0       6.237604E-06       4.096748E-06
   99    66   165     0       9.363002E-06       6.038463E-06
   99    66   165     1       7.933315E-07       5.265943E-07
  100    66   166     0       1.235714E-05       6.520991E-06
  101    66   167     0       9.555361E-06       4.455119E-06
  102    66   168     0       5.517663E-06       2.332915E-06
  103    66   169     0       2.162801E-06       1.127602E-06
  104    66   170     0       6.168974E-07       5.151346E-07
  105    66   171     0       1.066346E-07       9.722955E-08
  106    66   172     0       1.583599E-08       1.466137E-08
   93    67   160     0       0.000000E+00       0.000000E+00
   93    67   160     1       0.000000E+00       0.000000E+00
   93    67   160     2       0.000000E+00       0.000000E+00
   94    67   161     0       6.181610E-11       3.090800E-11
   94    67   161     1       8.270180E-12       4.135090E-12
   95    67   162     0       2.219410E-10       1.474600E-10
   95    67   162     1       6.061980E-10       4.027620E-10
   96    67   163     0       6.422636E-09       4.740877E-09
   96    67   163     1       8.592640E-10       6.342480E-10
   97    67   164     0       1.485376E-08       9.964529E-09
   97    67   164     1       4.057057E-08       2.721747E-08
   98    67   165     0       2.661919E-07       1.805050E-07
   99    67   166     0       1.723193E-07       1.135451E-07
   99    67   166     1       6.176650E-07       4.068652E-07
  100    67   167     0       1.717076E-06       1.185214E-06
  101    67   168     0       1.331334E-06       8.358987E-07
  101    67   168     1       4.880747E-07       3.108657E-07
  102    67   169     0       1.990269E-06       1.102208E-06
  103    67   170     0       1.226103E-06       7.123443E-07
  103    67   170     1       8.661721E-08       7.369820E-08
  104    67   171     0       6.574826E-07       3.872743E-07
  105    67   172     0       2.097662E-07       1.652121E-07
   95    68   163     0       1.608180E-12       8.040880E-13
   96    68   164     0       4.060630E-11       2.030310E-11
   97    68   165     0       5.033480E-10       3.414220E-10
   98    68   166     0       4.696470E-09       3.100509E-09
   99    68   167     0       2.300249E-08       1.622782E-08
   99    68   167     1       3.077435E-09       2.171037E-09
  100    68   168     0       6.471738E-08       4.533302E-08
  101    68   169     0       1.778169E-07       1.259257E-07
  102    68   170     0       3.320730E-07       2.964136E-07
  103    68   171     0       4.014530E-07       3.178182E-07
  104    68   172     0       3.195970E-07       1.914287E-07
   97    69   166     0       1.795350E-13       8.976760E-14
   97    69   166     1       1.367440E-12       6.837190E-13
   98    69   167     0       2.762370E-11       1.381180E-11
   99    69   168     0       1.397310E-10       9.795900E-11
  100    69   169     0       1.250548E-09       8.906540E-10
  101    69   170     0       5.977932E-09       5.527832E-09
  102    69   171     0       2.288705E-08       2.110199E-08
  103    69   172     0       3.925082E-08       3.607812E-08
   98    70   168     0       2.348000E-14       1.174000E-14
   99    70   169     0       5.201400E-13       2.600700E-13
   99    70   169     1       6.958790E-14       3.479390E-14
  100    70   170     0       9.159980E-12       4.579990E-12
  101    70   171     0       1.404800E-12       1.297400E-12
  101    70   171     1       9.709540E-11       8.966910E-11
  102    70   172     0       4.730680E-10       4.386330E-10
  101    71   172     0       1.626750E-13       8.133770E-14
  101    71   172     1       1.626750E-13       8.133770E-14
