#  n-Am241-MT454-E0014.000.jendl5.0.txt  independent fission yields
#   0    95   241  95xx  1.4000E+01        1320
    0     1     1     0       3.455890E-05       5.529430E-06
    1     1     2     0       1.056150E-05       1.510300E-06
    2     1     3     0       1.506800E-04       1.205440E-05
    1     2     3     0       0.000000E+00       0.000000E+00
    2     2     4     0       2.509800E-03       1.606270E-04
    4     2     6     0       3.504830E-05       5.187150E-06
    6     2     8     0       6.552000E-07       1.624900E-07
    3     3     6     0       2.705740E-06       4.004490E-07
    4     3     7     0       8.394050E-08       1.586480E-08
    5     3     8     0       5.058160E-08       1.254420E-08
    6     3     9     0       5.974050E-08       1.391950E-08
    3     4     7     0       9.047090E-07       1.709900E-07
    4     4     8     0       5.451670E-07       1.352010E-07
    5     4     9     0       6.438810E-07       1.500240E-07
    6     4    10     0       6.438810E-07       1.075280E-07
   43    23    66     0       1.547030E-13       9.901030E-14
   42    24    66     0       2.244390E-10       1.436420E-10
   43    24    67     0       3.915110E-11       2.505670E-11
   44    24    68     0       3.686160E-12       2.359150E-12
   45    24    69     0       3.642120E-13       2.330960E-13
   46    24    70     0       1.329440E-14       8.508390E-15
   41    25    66     0       3.655947E-08       2.339810E-08
   42    25    67     0       1.460369E-08       9.346340E-09
   43    25    68     0       3.192657E-09       2.043300E-09
   44    25    69     0       5.283890E-10       3.381690E-10
   45    25    70     0       6.304740E-11       4.035040E-11
   46    25    71     0       4.592600E-12       2.939260E-12
   47    25    72     0       6.035520E-13       3.862740E-13
   48    25    73     0       0.000000E+00       0.000000E+00
   40    26    66     0       7.130604E-07       4.563590E-07
   41    26    67     0       6.294674E-07       4.028600E-07
   42    26    68     0       3.091947E-07       1.978850E-07
   43    26    69     0       1.168289E-07       7.477070E-08
   44    26    70     0       3.202727E-08       2.049750E-08
   45    26    71     0       5.559455E-09       3.558060E-09
   46    26    72     0       8.756150E-10       5.603940E-10
   47    26    73     0       8.661470E-11       5.543350E-11
   48    26    74     0       6.254380E-12       4.002810E-12
   49    26    75     0       7.076120E-13       4.528730E-13
   50    26    76     0       0.000000E+00       0.000000E+00
   39    27    66     0       1.893438E-06       1.211800E-06
   40    27    67     0       3.514947E-06       2.249570E-06
   41    27    68     0       1.795908E-06       1.149390E-06
   41    27    68     1       1.109379E-06       8.875010E-07
   42    27    69     0       3.041587E-06       1.946620E-06
   43    27    70     0       1.017529E-06       6.512200E-07
   43    27    70     1       4.775256E-07       3.820210E-07
   44    27    71     0       7.432753E-07       4.756970E-07
   45    27    72     0       2.689088E-07       1.721020E-07
   46    27    73     0       6.143605E-08       3.931910E-08
   47    27    74     0       1.037359E-08       6.639120E-09
   48    27    75     0       1.026589E-09       6.570140E-10
   49    27    76     0       8.308970E-11       5.317750E-11
   50    27    77     0       7.977980E-12       5.105910E-12
   51    27    78     0       0.000000E+00       0.000000E+00
   38    28    66     0       7.332034E-07       4.692510E-07
   39    28    67     0       2.830088E-06       1.811260E-06
   40    28    68     0       6.163745E-06       3.944800E-06
   41    28    69     0       8.346833E-06       5.341980E-06
   41    28    69     1       1.184879E-06       9.479020E-07
   42    28    70     0       1.368719E-05       8.759780E-06
   43    28    71     0       1.204549E-05       7.709120E-06
   44    28    72     0       9.567902E-06       6.123460E-06
   45    28    73     0       4.894736E-06       3.132640E-06
   46    28    74     0       1.873298E-06       1.198910E-06
   47    28    75     0       4.270306E-07       2.733000E-07
   48    28    76     0       8.037043E-08       5.143710E-08
   49    28    77     0       1.157429E-08       7.407510E-09
   50    28    78     0       9.789480E-10       6.265270E-10
   51    28    79     0       6.215890E-11       3.978170E-11
   52    28    80     0       3.696240E-12       2.365590E-12
   53    28    81     0       0.000000E+00       0.000000E+00
   54    28    82     0       0.000000E+00       0.000000E+00
   37    29    66     0       3.877517E-08       2.481610E-08
   38    29    67     0       3.232947E-07       2.069090E-07
   39    29    68     0       2.710708E-07       1.734860E-07
   39    29    68     1       1.226559E-06       7.849980E-07
   40    29    69     0       5.378165E-06       3.442030E-06
   41    29    70     0       9.172622E-06       5.870480E-06
   41    29    70     1       3.216187E-06       2.058360E-06
   41    29    70     2       2.038648E-06       1.630920E-06
   42    29    71     0       2.685058E-05       1.718440E-05
   43    29    72     0       4.470726E-05       2.861270E-05
   44    29    73     0       4.876606E-05       3.121030E-05
   45    29    74     0       4.054776E-05       2.595060E-05
   46    29    75     0       2.046528E-05       1.309780E-05
   47    29    76     0       6.257914E-06       4.005070E-06
   47    29    76     1       1.288149E-06       1.030520E-06
   48    29    77     0       2.840158E-06       1.817700E-06
   49    29    78     0       5.680315E-07       3.635400E-07
   50    29    79     0       9.017832E-08       5.771420E-08
   51    29    80     0       1.198509E-08       7.670450E-09
   52    29    81     0       9.275830E-10       5.936540E-10
   53    29    82     0       4.773890E-11       3.055290E-11
   54    29    83     0       0.000000E+00       0.000000E+00
   55    29    84     0       0.000000E+00       0.000000E+00
   36    30    66     0       2.457440E-10       1.572760E-10
   37    30    67     0       4.663096E-09       2.984380E-09
   38    30    68     0       4.804096E-08       3.074620E-08
   39    30    69     0       4.245816E-08       2.717320E-08
   39    30    69     1       3.366327E-07       2.154450E-07
   40    30    70     0       2.185508E-06       1.398730E-06
   41    30    71     0       9.785451E-07       6.262690E-07
   41    30    71     1       7.758463E-06       4.965420E-06
   42    30    72     0       3.031517E-05       1.940170E-05
   43    30    73     0       4.061736E-07       2.599510E-07
   43    30    73     1       6.333184E-05       5.066550E-05
   44    30    74     0       1.185509E-04       7.587300E-05
   45    30    75     0       1.260749E-04       8.068790E-05
   46    30    76     0       1.145129E-04       7.328820E-05
   47    30    77     0       6.997144E-05       4.478170E-05
   47    30    77     1       6.286764E-06       5.029410E-06
   48    30    78     0       3.739537E-05       2.393310E-05
   49    30    79     0       1.345549E-05       8.611530E-06
   50    30    80     0       4.189736E-06       2.681430E-06
   51    30    81     0       7.684543E-07       4.918110E-07
   52    30    82     0       9.678691E-08       6.194370E-08
   53    30    83     0       7.896043E-09       5.053470E-09
   54    30    84     0       3.545160E-10       2.268900E-10
   55    30    85     0       3.038570E-11       1.944680E-11
   56    30    86     0       2.407090E-13       1.540530E-13
   36    31    67     0       7.583820E-12       4.853650E-12
   37    31    68     0       1.802800E-10       1.153790E-10
   38    31    69     0       3.253087E-09       2.081980E-09
   39    31    70     0       4.230026E-08       2.707220E-08
   40    31    71     0       3.837237E-07       2.455830E-07
   41    31    72     0       1.445259E-06       9.249650E-07
   41    31    72     1       1.445259E-06       9.249650E-07
   42    31    73     0       1.394899E-05       8.927370E-06
   43    31    74     0       4.769286E-05       3.052340E-05
   43    31    74     1       2.936497E-06       1.879360E-06
   44    31    75     0       1.117939E-04       7.154790E-05
   45    31    76     0       2.105138E-04       1.347290E-04
   46    31    77     0       3.154787E-04       2.019070E-04
   47    31    78     0       3.107357E-04       1.988710E-04
   48    31    79     0       2.416848E-04       1.546790E-04
   49    31    80     0       1.693619E-04       1.083910E-04
   50    31    81     0       7.117514E-05       4.555210E-05
   51    31    82     0       2.134148E-05       1.365850E-05
   52    31    83     0       4.199806E-06       2.687880E-06
   53    31    84     0       4.794026E-07       3.068180E-07
   54    31    85     0       4.408266E-08       2.821300E-08
   55    31    86     0       2.155298E-09       1.379390E-09
   56    31    87     0       1.200170E-10       7.681070E-11
   57    31    88     0       0.000000E+00       0.000000E+00
   58    31    89     0       0.000000E+00       0.000000E+00
   37    32    69     0       3.112090E-12       1.991740E-12
   38    32    70     0       9.386620E-11       6.007440E-11
   39    32    71     0       2.242480E-10       1.435190E-10
   39    32    71     1       1.777958E-09       1.137900E-09
   40    32    72     0       3.434377E-08       2.198000E-08
   41    32    73     0       3.295667E-07       2.109230E-07
   41    32    73     1       4.156696E-08       2.660290E-08
   42    32    74     0       2.961017E-06       1.895050E-06
   43    32    75     0       1.088029E-06       6.963410E-07
   43    32    75     1       1.304229E-05       8.347050E-06
   44    32    76     0       5.639025E-05       3.608980E-05
   45    32    77     0       1.628939E-04       1.042510E-04
   45    32    77     1       1.358919E-05       8.697070E-06
   46    32    78     0       3.673067E-04       2.350770E-04
   47    32    79     0       4.569736E-05       2.924630E-05
   47    32    79     1       5.477745E-04       3.505760E-04
   48    32    80     0       8.907522E-04       5.700810E-04
   49    32    81     0       6.436754E-04       4.119530E-04
   49    32    81     1       9.090022E-05       7.272020E-05
   50    32    82     0       5.559655E-04       3.558190E-04
   51    32    83     0       2.536808E-04       1.623550E-04
   52    32    84     0       7.143704E-05       4.571970E-05
   53    32    85     0       1.645679E-05       1.053240E-05
   54    32    86     0       2.044508E-06       1.308490E-06
   55    32    87     0       1.741168E-07       1.114350E-07
   56    32    88     0       9.668621E-09       6.187920E-09
   57    32    89     0       4.897790E-10       3.134590E-10
   58    32    90     0       9.308780E-11       5.957630E-11
   59    32    91     0       0.000000E+00       0.000000E+00
   39    33    72     0       4.572460E-11       2.926370E-11
   40    33    73     0       1.148149E-09       7.348160E-10
   41    33    74     0       2.099908E-08       1.128420E-08
   42    33    75     0       2.266078E-07       1.450290E-07
   43    33    76     0       2.014298E-06       1.289150E-06
   44    33    77     0       1.374759E-05       8.798450E-06
   45    33    78     0       6.258414E-05       4.005390E-05
   46    33    79     0       2.129008E-04       1.362570E-04
   47    33    80     0       6.775584E-04       4.336380E-04
   48    33    81     0       1.311089E-03       8.390950E-04
   49    33    82     0       2.904997E-04       1.859200E-04
   49    33    82     1       1.646169E-03       1.053550E-03
   50    33    83     0       1.944708E-03       1.244610E-03
   51    33    84     0       1.282329E-03       7.504750E-04
   52    33    85     0       7.085184E-04       4.534530E-04
   53    33    86     0       2.153078E-04       1.377970E-04
   54    33    87     0       4.566406E-05       2.922500E-05
   55    33    88     0       6.415534E-06       4.105940E-06
   56    33    89     0       7.105574E-07       4.547570E-07
   57    33    90     0       1.350499E-07       8.643160E-08
   58    33    91     0       1.720468E-09       1.101110E-09
   59    33    92     0       1.165480E-10       7.459080E-11
   60    33    93     0       0.000000E+00       0.000000E+00
   61    33    94     0       0.000000E+00       0.000000E+00
   62    33    95     0       0.000000E+00       0.000000E+00
   40    34    74     0       1.641650E-11       1.050660E-11
   41    34    75     0       4.109170E-10       2.629870E-10
   42    34    76     0       8.439903E-09       5.401540E-09
   43    34    77     0       1.012029E-08       6.477010E-09
   43    34    77     1       1.213129E-07       7.764010E-08
   44    34    78     0       1.379789E-06       8.830680E-07
   45    34    79     0       9.556262E-06       6.116010E-06
   45    34    79     1       7.972183E-07       5.102200E-07
   46    34    80     0       7.295784E-05       4.669300E-05
   47    34    81     0       2.358928E-05       1.509720E-05
   47    34    81     1       2.827648E-04       1.809700E-04
   48    34    82     0       9.839231E-04       6.297120E-04
   49    34    83     0       1.891638E-03       1.210650E-03
   49    34    83     1       2.385848E-04       1.526940E-04
   50    34    84     0       3.078717E-03       1.970390E-03
   51    34    85     0       3.944927E-03       1.785280E-03
   52    34    86     0       2.783058E-03       1.781160E-03
   53    34    87     0       1.405689E-03       8.996400E-04
   54    34    88     0       4.798056E-04       3.070760E-04
   55    34    89     0       1.317349E-04       8.431040E-05
   56    34    90     0       2.155878E-05       1.379760E-05
   57    34    91     0       2.496008E-06       1.597450E-06
   58    34    92     0       1.690839E-07       1.082140E-07
   59    34    93     0       4.814536E-09       3.081310E-09
   60    34    94     0       2.729370E-10       1.746800E-10
   61    34    95     0       0.000000E+00       0.000000E+00
   62    34    96     0       1.047430E-13       6.703580E-14
   42    35    77     0       1.952910E-11       1.249860E-11
   42    35    77     1       1.209680E-10       7.741960E-11
   43    35    78     0       3.484727E-09       2.230230E-09
   44    35    79     0       8.382813E-09       5.365010E-09
   44    35    79     1       5.192525E-08       3.323220E-08
   45    35    80     0       1.477489E-07       9.455920E-08
   45    35    80     1       8.372423E-07       5.358350E-07
   46    35    81     0       9.436972E-06       6.039670E-06
   47    35    82     0       5.671695E-05       3.629890E-05
   47    35    82     1       1.253449E-05       8.022100E-06
   48    35    83     0       3.352997E-04       2.145920E-04
   49    35    84     0       2.509378E-04       1.606000E-04
   49    35    84     1       8.794142E-04       5.628260E-04
   50    35    85     0       3.184927E-03       2.038350E-03
   51    35    86     0       5.027256E-03       2.275080E-03
   52    35    87     0       5.724285E-03       3.663540E-03
   53    35    88     0       4.494086E-03       2.876220E-03
   54    35    89     0       2.907217E-03       1.860620E-03
   55    35    90     0       1.154009E-03       7.385670E-04
   56    35    91     0       3.263157E-04       2.088420E-04
   57    35    92     0       5.659165E-05       3.621870E-05
   58    35    93     0       6.984794E-06       4.470270E-06
   59    35    94     0       5.901885E-07       3.777210E-07
   60    35    95     0       1.585189E-08       1.014520E-08
   61    35    96     0       1.480509E-09       9.475260E-10
   62    35    97     0       1.061420E-10       6.793080E-11
   63    35    98     0       0.000000E+00       0.000000E+00
   64    35    99     0       0.000000E+00       0.000000E+00
   65    35   100     0       0.000000E+00       0.000000E+00
   43    36    79     0       2.962430E-12       1.895950E-12
   43    36    79     1       3.551070E-11       2.272680E-11
   44    36    80     0       1.500649E-09       9.604170E-10
   45    36    81     0       3.138317E-08       2.008530E-08
   45    36    81     1       2.618098E-09       1.675590E-09
   46    36    82     0       5.952245E-07       3.809440E-07
   47    36    83     0       6.019855E-06       3.852710E-06
   47    36    83     1       7.592603E-07       4.859270E-07
   48    36    84     0       5.500035E-05       3.520030E-05
   49    36    85     0       3.235297E-04       2.070590E-04
   49    36    85     1       4.080556E-05       2.611560E-05
   50    36    86     0       1.321169E-03       8.455480E-04
   51    36    87     0       3.256137E-03       2.083930E-03
   52    36    88     0       5.766445E-03       2.594900E-03
   53    36    89     0       8.596932E-03       5.502040E-03
   54    36    90     0       7.836233E-03       5.015200E-03
   55    36    91     0       5.174995E-03       3.312000E-03
   56    36    92     0       2.192948E-03       1.403480E-03
   57    36    93     0       6.614844E-04       4.233510E-04
   58    36    94     0       1.390169E-04       8.897070E-05
   59    36    95     0       2.299748E-05       1.471840E-05
   60    36    96     0       2.195578E-06       1.405170E-06
   61    36    97     0       1.539879E-07       9.855200E-08
   62    36    98     0       7.734893E-09       4.950340E-09
   63    36    99     0       7.904690E-10       5.059010E-10
   64    36   100     0       7.160820E-12       4.582930E-12
   65    36   101     0       0.000000E+00       0.000000E+00
   66    36   102     0       0.000000E+00       0.000000E+00
   44    37    81     0       2.549140E-13       1.631450E-13
   44    37    81     1       0.000000E+00       0.000000E+00
   45    37    82     0       7.970000E-11       6.376000E-11
   45    37    82     1       4.516340E-10       3.613070E-10
   46    37    83     0       1.571149E-08       1.005540E-08
   47    37    84     0       1.578439E-08       1.010200E-08
   47    37    84     1       2.670848E-07       2.136680E-07
   48    37    85     0       5.247245E-06       3.358240E-06
   49    37    86     0       4.292866E-06       2.747440E-06
   49    37    86     1       1.504439E-05       9.628410E-06
   50    37    87     0       2.970377E-04       1.901040E-04
   51    37    88     0       1.334569E-03       8.541270E-04
   52    37    89     0       3.768987E-03       2.412150E-03
   53    37    90     0       8.661352E-04       5.543270E-04
   53    37    90     1       6.798774E-03       4.351220E-03
   54    37    91     0       1.133639E-02       3.627650E-03
   55    37    92     0       1.108689E-02       3.547800E-03
   56    37    93     0       7.738903E-03       4.952910E-03
   57    37    94     0       3.854947E-03       2.467170E-03
   58    37    95     0       1.514209E-03       9.690930E-04
   59    37    96     0       3.569227E-04       2.284310E-04
   60    37    97     0       6.162735E-05       3.944160E-05
   61    37    98     0       6.208165E-08       3.973230E-08
   61    37    98     1       6.899594E-06       5.519680E-06
   62    37    99     0       1.146789E-06       7.339460E-07
   63    37   100     0       4.270306E-08       2.733000E-08
   64    37   101     0       1.928588E-09       1.234300E-09
   65    37   102     0       1.470730E-10       9.412640E-11
   66    37   103     0       0.000000E+00       0.000000E+00
   67    37   104     0       0.000000E+00       0.000000E+00
   68    37   105     0       0.000000E+00       0.000000E+00
   45    38    83     0       3.329110E-12       2.130630E-12
   45    38    83     1       0.000000E+00       0.000000E+00
   46    38    84     0       2.044510E-10       1.308490E-10
   47    38    85     0       7.575123E-09       4.848080E-09
   47    38    85     1       9.554210E-10       6.114700E-10
   48    38    86     0       1.893438E-07       1.211800E-07
   49    38    87     0       2.692878E-06       1.723440E-06
   49    38    87     1       3.396427E-07       2.173710E-07
   50    38    88     0       3.247047E-05       2.078110E-05
   51    38    89     0       2.255408E-04       1.443470E-04
   52    38    90     0       1.070709E-03       6.852540E-04
   53    38    91     0       3.630117E-03       2.323270E-03
   54    38    92     0       8.042123E-03       2.573490E-03
   55    38    93     0       1.261689E-02       4.037390E-03
   56    38    94     0       1.420679E-02       4.546180E-03
   57    38    95     0       1.256639E-02       4.021250E-03
   58    38    96     0       6.955724E-03       4.451670E-03
   59    38    97     0       2.827018E-03       1.809290E-03
   60    38    98     0       8.434463E-04       5.398060E-04
   61    38    99     0       1.830698E-04       1.171650E-04
   62    38   100     0       2.711238E-05       1.735200E-05
   63    38   101     0       2.797938E-06       1.790680E-06
   64    38   102     0       2.133688E-07       1.365560E-07
   65    38   103     0       7.166314E-09       4.586450E-09
   66    38   104     0       3.756660E-10       2.404270E-10
   67    38   105     0       0.000000E+00       0.000000E+00
   68    38   106     0       0.000000E+00       0.000000E+00
   69    38   107     0       0.000000E+00       0.000000E+00
   47    39    86     0       0.000000E+00       0.000000E+00
   47    39    86     1       0.000000E+00       0.000000E+00
   48    39    87     0       4.345980E-11       2.781430E-11
   48    39    87     1       2.869807E-09       2.295850E-09
   49    39    88     0       1.494359E-08       9.563910E-09
   49    39    88     1       5.971045E-09       4.776840E-09
   49    39    88     2       4.529466E-08       3.623580E-08
   50    39    89     0       1.825108E-07       1.168070E-07
   50    39    89     1       1.447059E-06       9.261150E-07
   51    39    90     0       4.937916E-06       3.160270E-06
   51    39    90     1       1.412739E-05       9.041540E-06
   52    39    91     0       1.766678E-05       1.130680E-05
   52    39    91     1       1.400729E-04       8.964660E-05
   53    39    92     0       8.368693E-04       5.355970E-04
   54    39    93     0       2.785968E-03       1.783020E-03
   54    39    93     1       2.324158E-04       1.487460E-04
   55    39    94     0       7.639843E-03       3.437930E-03
   56    39    95     0       1.486139E-02       4.755640E-03
   57    39    96     0       1.071289E-03       6.856280E-04
   57    39    96     1       1.739928E-02       5.567780E-03
   58    39    97     0       1.657679E-03       1.060920E-03
   58    39    97     1       1.319449E-02       8.444460E-03
   58    39    97     2       1.888768E-03       1.511020E-03
   59    39    98     0       1.024069E-03       6.554020E-04
   59    39    98     1       1.035439E-02       6.626840E-03
   60    39    99     0       5.670695E-03       3.629250E-03
   61    39   100     0       1.573979E-05       1.007350E-05
   61    39   100     1       1.753768E-03       1.403020E-03
   62    39   101     0       4.758976E-04       3.045750E-04
   63    39   102     0       6.146585E-05       3.933820E-05
   63    39   102     1       1.262189E-05       1.009760E-05
   64    39   103     0       1.039669E-05       6.653880E-06
   65    39   104     0       8.701762E-07       5.569130E-07
   66    39   105     0       2.269908E-08       1.452740E-08
   67    39   106     0       2.268518E-09       1.451860E-09
   68    39   107     0       3.771920E-10       2.414020E-10
   69    39   108     0       0.000000E+00       0.000000E+00
   70    39   109     0       0.000000E+00       0.000000E+00
   48    40    88     0       2.920730E-11       1.869270E-11
   49    40    89     0       1.024489E-09       6.556760E-10
   49    40    89     1       1.551010E-10       1.240810E-10
   50    40    90     0       4.370216E-09       2.796940E-09
   50    40    90     1       3.430427E-08       2.195470E-08
   51    40    91     0       7.946393E-07       5.085700E-07
   52    40    92     0       1.082679E-05       6.929180E-06
   53    40    93     0       9.500422E-05       6.080280E-05
   54    40    94     0       5.938645E-04       3.800740E-04
   55    40    95     0       2.535588E-03       1.622780E-03
   56    40    96     0       7.160444E-03       4.582690E-03
   57    40    97     0       1.428259E-02       3.285000E-03
   58    40    98     0       2.130698E-02       6.818250E-03
   59    40    99     0       2.309308E-02       7.389810E-03
   60    40   100     0       1.749538E-02       5.598520E-03
   61    40   101     0       9.672281E-03       6.190270E-03
   62    40   102     0       3.903357E-03       2.498150E-03
   63    40   103     0       1.121379E-03       7.176830E-04
   64    40   104     0       2.186918E-04       1.399630E-04
   65    40   105     0       3.293117E-05       2.107600E-05
   66    40   106     0       3.291107E-06       2.106310E-06
   67    40   107     0       5.472185E-07       3.502200E-07
   68    40   108     0       1.410009E-08       9.024050E-09
   69    40   109     0       7.839230E-10       5.017110E-10
   70    40   110     0       1.923650E-11       1.231140E-11
   71    40   111     0       0.000000E+00       0.000000E+00
   72    40   112     0       0.000000E+00       0.000000E+00
   49    41    90     0       3.166620E-12       2.026640E-12
   49    41    90     1       0.000000E+00       0.000000E+00
   50    41    91     0       3.502340E-10       2.241500E-10
   50    41    91     1       6.874370E-11       5.499500E-11
   51    41    92     0       8.682192E-09       5.556610E-09
   51    41    92     1       4.136416E-09       3.309130E-09
   52    41    93     0       3.105177E-07       1.987310E-07
   52    41    93     1       3.916437E-08       2.506520E-08
   53    41    94     0       4.037466E-06       2.583980E-06
   53    41    94     1       1.411209E-06       9.031730E-07
   54    41    95     0       4.853626E-05       3.106320E-05
   54    41    95     1       6.121685E-06       3.917880E-06
   55    41    96     0       1.535499E-04       4.913600E-05
   56    41    97     0       1.574469E-03       1.007660E-03
   56    41    97     1       1.985818E-04       1.270920E-04
   57    41    98     0       4.951096E-03       3.168710E-03
   57    41    98     1       8.737232E-04       5.591830E-04
   58    41    99     0       1.215479E-02       7.779070E-03
   58    41    99     1       1.533039E-03       4.905740E-04
   59    41   100     0       2.523208E-03       8.074230E-04
   59    41   100     1       1.980608E-02       6.337910E-03
   60    41   101     0       2.667868E-02       8.537180E-03
   61    41   102     0       3.467497E-03       2.219200E-03
   61    41   102     1       1.964918E-02       1.257540E-02
   62    41   103     0       1.482319E-02       4.743450E-03
   63    41   104     0       9.684971E-04       6.198410E-04
   63    41   104     1       5.488145E-03       3.512430E-03
   64    41   105     0       2.215608E-03       1.417980E-03
   65    41   106     0       5.010156E-04       3.206500E-04
   66    41   107     0       8.735632E-05       5.590800E-05
   67    41   108     0       1.142109E-05       7.309480E-06
   68    41   109     0       1.137289E-06       7.278680E-07
   69    41   110     0       8.167973E-08       5.227510E-08
   70    41   111     0       5.993895E-09       3.836090E-09
   71    41   112     0       1.803718E-09       1.154380E-09
   72    41   113     0       6.890830E-10       4.410130E-10
   73    41   114     0       1.033670E-10       6.615490E-11
   74    41   115     0       0.000000E+00       0.000000E+00
   50    42    92     0       2.437300E-12       1.559870E-12
   51    42    93     0       5.893020E-11       3.771540E-11
   51    42    93     1       8.005610E-11       5.123600E-11
   52    42    94     0       5.559455E-09       3.558060E-09
   53    42    95     0       1.379789E-07       8.830680E-08
   54    42    96     0       1.692009E-06       1.082890E-06
   55    42    97     0       2.718288E-05       1.739710E-05
   56    42    98     0       2.120448E-04       1.357090E-04
   57    42    99     0       1.133429E-03       7.253920E-04
   58    42   100     0       4.117906E-03       2.635470E-03
   59    42   101     0       1.075069E-02       3.440240E-03
   60    42   102     0       1.972738E-02       6.312780E-03
   61    42   103     0       2.725118E-02       8.720410E-03
   62    42   104     0       2.527678E-02       8.088590E-03
   63    42   105     0       1.878138E-02       6.010040E-03
   64    42   106     0       9.186432E-03       5.879320E-03
   65    42   107     0       3.553827E-03       2.274440E-03
   66    42   108     0       1.036369E-03       6.632740E-04
   67    42   109     0       2.301938E-04       1.473240E-04
   68    42   110     0       3.718387E-05       2.379770E-05
   69    42   111     0       8.695762E-06       5.565290E-06
   70    42   112     0       2.616778E-06       1.674740E-06
   71    42   113     0       9.997021E-07       6.398100E-07
   72    42   114     0       1.499609E-07       9.597550E-08
   73    42   115     0       4.419726E-09       2.828630E-09
   74    42   116     0       7.825543E-09       5.008350E-09
   75    42   117     0       3.108540E-10       1.989470E-10
   52    43    95     0       3.345760E-11       2.141280E-11
   52    43    95     1       4.219870E-12       2.700720E-12
   53    43    96     0       1.295349E-09       1.036280E-09
   53    43    96     1       6.762600E-10       5.410090E-10
   54    43    97     0       4.194486E-08       2.684480E-08
   54    43    97     1       5.290345E-09       3.385820E-09
   55    43    98     0       9.094542E-07       5.820510E-07
   56    43    99     0       1.027609E-05       6.576680E-06
   56    43    99     1       1.296079E-06       8.294910E-07
   57    43   100     0       9.859981E-05       6.310390E-05
   58    43   101     0       5.918505E-04       3.787850E-04
   59    43   102     0       2.707418E-04       1.732750E-04
   59    43   102     1       2.125198E-03       1.360130E-03
   60    43   103     0       7.297024E-03       4.670100E-03
   61    43   104     0       1.441629E-02       4.613250E-03
   62    43   105     0       2.263198E-02       7.242260E-03
   63    43   106     0       2.299878E-02       7.359640E-03
   64    43   107     0       1.869178E-02       5.981370E-03
   65    43   108     0       1.164719E-02       3.727090E-03
   66    43   109     0       5.520135E-03       3.532890E-03
   67    43   110     0       1.936668E-03       1.239470E-03
   68    43   111     0       7.557943E-04       4.837080E-04
   69    43   112     0       3.578597E-04       2.290310E-04
   70    43   113     0       1.595899E-04       1.021370E-04
   71    43   114     0       4.921936E-05       3.150040E-05
   72    43   115     0       6.412014E-06       4.103690E-06
   73    43   116     0       5.932105E-06       3.796550E-06
   74    43   117     0       4.509786E-07       2.886270E-07
   75    43   118     0       2.178338E-09       1.394140E-09
   76    43   119     0       4.051430E-11       2.592910E-11
   77    43   120     0       0.000000E+00       0.000000E+00
   54    44    98     0       4.240100E-10       2.713660E-10
   55    44    99     0       1.319359E-08       8.443940E-09
   56    44   100     0       2.729368E-07       1.746800E-07
   57    44   101     0       3.927877E-06       2.513840E-06
   58    44   102     0       3.676087E-05       2.352700E-05
   59    44   103     0       8.338573E-06       5.336690E-06
   59    44   103     1       2.165998E-04       1.732800E-04
   60    44   104     0       1.184419E-03       7.580270E-04
   61    44   105     0       3.928557E-03       2.514280E-03
   62    44   106     0       8.412243E-03       5.383840E-03
   63    44   107     0       1.422679E-02       4.552560E-03
   64    44   108     0       1.835848E-02       5.874710E-03
   65    44   109     0       1.778408E-02       8.048180E-03
   66    44   110     0       1.292019E-02       4.134460E-03
   67    44   111     0       8.157403E-03       5.220750E-03
   68    44   112     0       5.921565E-03       3.789810E-03
   69    44   113     0       1.821168E-04       1.165550E-04
   69    44   113     1       3.167897E-03       2.534320E-03
   70    44   114     0       1.868188E-03       1.195650E-03
   71    44   115     0       1.023599E-03       6.551010E-04
   72    44   116     0       5.047626E-04       3.230480E-04
   73    44   117     0       7.199284E-05       4.607540E-05
   74    44   118     0       3.160267E-06       2.022580E-06
   75    44   119     0       5.877695E-08       3.761730E-08
   76    44   120     0       4.522100E-10       2.894140E-10
   77    44   121     0       0.000000E+00       0.000000E+00
   78    44   122     0       1.117940E-14       7.154790E-15
   79    44   123     0       0.000000E+00       0.000000E+00
   80    44   124     0       0.000000E+00       0.000000E+00
   55    45   100     0       0.000000E+00       0.000000E+00
   55    45   100     1       0.000000E+00       0.000000E+00
   56    45   101     0       3.206920E-10       2.052430E-10
   56    45   101     1       2.542628E-09       1.627280E-09
   57    45   102     0       1.155739E-08       7.396760E-09
   57    45   102     1       5.229575E-08       3.346930E-08
   58    45   103     0       8.370013E-08       5.356810E-08
   58    45   103     1       1.003319E-06       6.421220E-07
   59    45   104     0       1.738838E-06       1.112860E-06
   59    45   104     1       9.853431E-06       6.306200E-06
   60    45   105     0       8.159073E-05       5.221810E-05
   60    45   105     1       6.806594E-06       4.356230E-06
   61    45   106     0       7.794883E-05       4.988730E-05
   61    45   106     1       3.527077E-04       2.257330E-04
   62    45   107     0       1.529579E-03       9.789290E-04
   63    45   108     0       6.307184E-04       4.036600E-04
   63    45   108     1       3.574077E-03       2.287410E-03
   64    45   109     0       8.364633E-03       3.785400E-03
   65    45   110     0       1.397779E-03       8.945800E-04
   65    45   110     1       1.097199E-02       4.937390E-03
   66    45   111     0       1.237389E-02       3.959650E-03
   67    45   112     0       1.718528E-04       5.499310E-05
   67    45   112     1       1.193779E-02       9.550220E-03
   68    45   113     0       1.344819E-02       4.303400E-03
   69    45   114     0       2.083818E-04       1.333650E-04
   69    45   114     1       7.857513E-03       6.286020E-03
   70    45   115     0       7.441303E-03       4.762430E-03
   71    45   116     0       1.749118E-04       1.119430E-04
   71    45   116     1       4.356436E-03       3.485150E-03
   72    45   117     0       2.094738E-03       1.340640E-03
   73    45   118     0       3.336987E-04       2.135670E-04
   74    45   119     0       2.396008E-05       1.533440E-05
   75    45   120     0       7.483113E-07       4.789190E-07
   76    45   121     0       8.117613E-09       5.195280E-09
   77    45   122     0       2.205660E-10       1.411620E-10
   78    45   123     0       3.897670E-11       2.494510E-11
   79    45   124     0       6.465890E-12       4.138170E-12
   80    45   125     0       0.000000E+00       0.000000E+00
   81    45   126     0       0.000000E+00       0.000000E+00
   82    45   127     0       0.000000E+00       0.000000E+00
   83    45   128     0       0.000000E+00       0.000000E+00
   56    46   102     0       1.188440E-11       7.605990E-12
   57    46   103     0       4.955170E-10       3.171310E-10
   58    46   104     0       1.269009E-08       8.121650E-09
   59    46   105     0       2.245938E-07       1.437400E-07
   60    46   106     0       2.558158E-06       1.637220E-06
   61    46   107     0       4.470646E-06       2.861220E-06
   61    46   107     1       1.651829E-05       1.057170E-05
   62    46   108     0       1.268399E-04       8.117780E-05
   63    46   109     0       1.155779E-04       7.397020E-05
   63    46   109     1       4.270426E-04       2.733070E-04
   64    46   110     0       1.693719E-03       1.083980E-03
   65    46   111     0       4.500426E-04       2.880280E-04
   65    46   111     1       1.662829E-03       1.829110E-04
   66    46   112     0       4.467486E-03       2.859190E-03
   67    46   113     0       2.173638E-04       9.781410E-05
   67    46   113     1       5.468485E-03       4.374790E-03
   68    46   114     0       6.650784E-03       4.256500E-03
   69    46   115     0       3.489557E-04       2.233320E-04
   69    46   115     1       6.061505E-03       4.849210E-03
   70    46   116     0       7.944653E-03       5.084580E-03
   71    46   117     0       3.650177E-04       2.336110E-04
   71    46   117     1       6.324014E-03       5.059220E-03
   72    46   118     0       4.322376E-03       2.766330E-03
   73    46   119     0       1.122909E-03       7.186630E-04
   74    46   120     0       1.355719E-04       8.676630E-05
   75    46   121     0       6.153675E-06       3.938350E-06
   76    46   122     0       4.572456E-07       2.926370E-07
   77    46   123     0       1.269009E-07       8.121650E-08
   78    46   124     0       3.363877E-08       2.152880E-08
   79    46   125     0       7.462963E-09       4.776300E-09
   80    46   126     0       1.933728E-09       1.237580E-09
   81    46   127     0       3.343810E-10       2.140040E-10
   82    46   128     0       7.019820E-12       4.492690E-12
   83    46   129     0       0.000000E+00       0.000000E+00
   84    46   130     0       0.000000E+00       0.000000E+00
   85    46   131     0       0.000000E+00       0.000000E+00
   58    47   105     0       4.821310E-12       3.085640E-12
   58    47   105     1       5.779300E-11       3.698760E-11
   59    47   106     0       3.024260E-10       1.935520E-10
   59    47   106     1       1.368429E-09       8.757980E-10
   60    47   107     0       2.461448E-09       1.575330E-09
   60    47   107     1       2.950547E-08       1.888350E-08
   61    47   108     0       8.093843E-08       5.180060E-08
   61    47   108     1       3.662357E-07       2.343910E-07
   62    47   109     0       3.295887E-07       2.109370E-07
   62    47   109     1       3.950787E-06       2.528510E-06
   63    47   110     0       5.344855E-06       3.420710E-06
   63    47   110     1       2.418468E-05       1.547820E-05
   64    47   111     0       6.069095E-06       3.884220E-06
   64    47   111     1       7.275034E-05       4.656020E-05
   65    47   112     0       1.955978E-04       1.251830E-04
   66    47   113     0       3.420207E-05       2.188930E-05
   66    47   113     1       4.099806E-04       2.623880E-04
   67    47   114     0       1.516869E-05       9.707980E-06
   67    47   114     1       5.787525E-04       4.630020E-04
   68    47   115     0       8.782272E-05       5.620660E-05
   68    47   115     1       1.052729E-03       6.737490E-04
   69    47   116     0       7.547733E-05       4.830550E-05
   69    47   116     1       1.214499E-03       7.772800E-04
   69    47   116     2       4.285376E-04       3.428310E-04
   70    47   117     0       3.465507E-04       2.217930E-04
   70    47   117     1       4.154106E-03       2.658630E-03
   71    47   118     0       8.808282E-04       5.637310E-04
   71    47   118     1       6.914114E-03       4.425040E-03
   72    47   119     0       5.778845E-03       3.698460E-03
   72    47   119     1       5.210775E-04       4.168620E-04
   73    47   120     0       7.592653E-04       4.859320E-04
   73    47   120     1       2.172258E-03       1.390250E-03
   74    47   121     0       5.231935E-04       3.348440E-04
   75    47   122     0       9.388672E-05       6.008760E-05
   75    47   122     1       9.285502E-06       5.942730E-06
   76    47   123     0       4.427426E-05       2.833550E-05
   77    47   124     0       1.871278E-05       1.197620E-05
   78    47   125     0       6.465894E-06       4.138170E-06
   79    47   126     0       2.679018E-06       1.714570E-06
   80    47   127     0       4.851106E-07       3.104710E-07
   81    47   128     0       2.981157E-08       1.907940E-08
   82    47   129     0       3.829427E-09       2.450840E-09
   83    47   130     0       1.883370E-10       1.205360E-10
   84    47   131     0       0.000000E+00       0.000000E+00
   85    47   132     0       0.000000E+00       0.000000E+00
   86    47   133     0       0.000000E+00       0.000000E+00
   60    48   108     0       1.702080E-10       1.089330E-10
   61    48   109     0       3.736517E-09       2.391370E-09
   62    48   110     0       5.861605E-08       3.751430E-08
   63    48   111     0       3.694427E-08       2.364440E-08
   63    48   111     1       2.288418E-07       1.464590E-07
   64    48   112     0       1.047429E-06       6.703580E-07
   65    48   113     0       5.078966E-07       3.250540E-07
   65    48   113     1       3.146037E-06       2.013460E-06
   66    48   114     0       8.530542E-06       5.459550E-06
   67    48   115     0       3.008457E-06       1.925420E-06
   67    48   115     1       1.863518E-05       1.192650E-05
   68    48   116     0       4.859486E-05       3.110080E-05
   69    48   117     0       4.874716E-05       3.119820E-05
   69    48   117     1       3.019517E-04       1.932490E-04
   70    48   118     0       2.047668E-03       1.310510E-03
   71    48   119     0       1.056249E-03       6.760020E-04
   71    48   119     1       4.844586E-03       3.100540E-03
   72    48   120     0       8.570772E-03       5.485290E-03
   73    48   121     0       9.905821E-04       6.339710E-04
   73    48   121     1       4.543396E-03       2.907770E-03
   74    48   122     0       2.744608E-03       1.756550E-03
   75    48   123     0       5.734515E-05       3.670110E-05
   75    48   123     1       1.459539E-03       1.167630E-03
   76    48   124     0       1.179829E-03       7.550940E-04
   77    48   125     0       2.002998E-05       1.281920E-05
   77    48   125     1       5.089016E-04       4.071210E-04
   78    48   126     0       4.081966E-04       2.612460E-04
   79    48   127     0       1.167889E-04       7.474490E-05
   80    48   128     0       1.358639E-05       8.695320E-06
   81    48   129     0       5.555625E-06       3.555610E-06
   82    48   130     0       4.985386E-07       3.190650E-07
   83    48   131     0       2.860297E-08       1.830590E-08
   84    48   132     0       5.922030E-10       3.790100E-10
   85    48   133     0       0.000000E+00       0.000000E+00
   86    48   134     0       2.477590E-13       1.585660E-13
   87    48   135     0       0.000000E+00       0.000000E+00
   88    48   136     0       0.000000E+00       0.000000E+00
   61    49   110     0       0.000000E+00       0.000000E+00
   61    49   110     1       0.000000E+00       0.000000E+00
   62    49   111     0       7.632070E-11       4.884530E-11
   62    49   111     1       0.000000E+00       0.000000E+00
   63    49   112     0       6.879670E-11       4.403000E-11
   63    49   112     1       5.400250E-10       3.456160E-10
   64    49   113     0       2.964757E-09       1.897450E-09
   64    49   113     1       3.739340E-10       2.393180E-10
   65    49   114     0       1.280639E-09       8.196100E-10
   65    49   114     1       7.244754E-09       4.636650E-09
   65    49   114     2       3.806837E-09       3.045470E-09
   66    49   115     0       4.170346E-08       2.669020E-08
   66    49   115     1       5.259895E-09       3.366330E-09
   67    49   116     0       1.683549E-08       1.077470E-08
   67    49   116     1       9.524082E-08       6.095420E-08
   67    49   116     2       4.810146E-08       3.078490E-08
   68    49   117     0       2.984437E-06       1.910040E-06
   68    49   117     1       3.764157E-07       2.409060E-07
   69    49   118     0       7.507233E-06       4.804630E-06
   69    49   118     1       4.246946E-05       2.718050E-05
   69    49   118     2       2.144918E-05       1.372750E-05
   70    49   119     0       6.492694E-04       4.155320E-04
   70    49   119     1       8.188983E-05       5.240950E-05
   71    49   120     0       3.843087E-04       2.459590E-04
   71    49   120     1       2.174088E-03       1.391420E-03
   71    49   120     2       1.098029E-03       7.027390E-04
   72    49   121     0       7.312564E-03       4.680050E-03
   72    49   121     1       9.223052E-04       5.902750E-04
   73    49   122     0       1.023679E-03       6.551550E-04
   73    49   122     1       5.791095E-03       3.706300E-03
   73    49   122     2       2.924797E-03       1.871870E-03
   74    49   123     0       8.359073E-03       5.349810E-03
   74    49   123     1       1.054299E-03       6.747510E-04
   75    49   124     0       3.230667E-03       2.067630E-03
   75    49   124     1       6.188195E-03       3.960450E-03
   76    49   125     0       6.629544E-03       4.242910E-03
   76    49   125     1       8.361593E-04       5.351420E-04
   77    49   126     0       2.567228E-03       1.643030E-03
   77    49   126     1       4.917396E-03       3.147140E-03
   78    49   127     0       1.580849E-03       1.011750E-03
   78    49   127     1       1.984328E-04       1.269970E-04
   78    49   127     2       1.527699E-03       1.222160E-03
   79    49   128     0       2.428148E-04       1.554020E-04
   79    49   128     1       4.650996E-04       2.976640E-04
   80    49   129     0       3.438957E-04       2.200930E-04
   80    49   129     1       4.340436E-05       2.777880E-05
   80    49   129     2       2.779048E-04       2.223240E-04
   81    49   130     0       1.671389E-05       1.069690E-05
   81    49   130     1       3.185637E-05       2.038810E-05
   81    49   130     2       9.428352E-05       6.034150E-05
   82    49   131     0       8.931902E-06       5.716420E-06
   82    49   131     1       1.113959E-06       7.129320E-07
   82    49   131     2       1.006819E-05       8.054520E-06
   83    49   132     0       1.097789E-06       7.025870E-07
   84    49   133     0       8.480183E-08       5.427320E-08
   85    49   134     0       3.202727E-09       2.049750E-09
   86    49   135     0       1.214040E-10       7.769860E-11
   87    49   136     0       1.470440E-12       9.410800E-13
   88    49   137     0       0.000000E+00       0.000000E+00
   89    49   138     0       0.000000E+00       0.000000E+00
   63    50   113     0       2.473860E-14       1.583270E-14
   63    50   113     1       2.965420E-13       1.897870E-13
   64    50   114     0       1.843080E-12       1.179570E-12
   65    50   115     0       1.087720E-11       6.961410E-12
   66    50   116     0       5.710530E-11       3.654740E-11
   67    50   117     0       4.983780E-10       3.189620E-10
   67    50   117     1       3.087067E-09       1.975730E-09
   68    50   118     0       2.930797E-07       1.875710E-07
   69    50   119     0       1.593129E-06       1.019600E-06
   69    50   119     1       9.868221E-06       6.315660E-06
   70    50   120     0       2.143008E-04       1.371530E-04
   71    50   121     0       1.459779E-03       9.342580E-04
   71    50   121     1       3.182707E-04       2.036940E-04
   72    50   122     0       5.049516E-03       3.231690E-03
   73    50   123     0       5.878655E-03       3.762340E-03
   73    50   123     1       1.281709E-03       8.202920E-04
   74    50   124     0       1.071509E-02       4.821780E-03
   75    50   125     0       1.023499E-02       3.275220E-03
   75    50   125     1       2.231508E-03       1.428170E-03
   76    50   126     0       1.874898E-02       5.999680E-03
   77    50   127     0       1.022679E-02       3.272550E-03
   77    50   127     1       2.229708E-03       1.427010E-03
   78    50   128     0       8.534522E-04       5.462110E-04
   78    50   128     1       3.861757E-03       2.471530E-03
   79    50   129     0       1.749358E-03       1.119590E-03
   79    50   129     1       8.023573E-03       5.135110E-03
   80    50   130     0       8.653702E-04       5.538380E-04
   80    50   130     1       3.915687E-03       2.506040E-03
   81    50   131     0       2.892317E-04       1.851080E-04
   81    50   131     1       1.326589E-03       8.490160E-04
   82    50   132     0       2.215528E-04       1.417930E-04
   83    50   133     0       4.409296E-05       2.821950E-05
   84    50   134     0       4.330736E-06       2.771670E-06
   85    50   135     0       1.761288E-07       1.127230E-07
   86    50   136     0       1.319359E-08       8.443940E-09
   87    50   137     0       3.212800E-10       2.056190E-10
   88    50   138     0       7.624110E-12       4.879430E-12
   89    50   139     0       0.000000E+00       0.000000E+00
   90    50   140     0       0.000000E+00       0.000000E+00
   65    51   116     0       0.000000E+00       0.000000E+00
   65    51   116     1       0.000000E+00       0.000000E+00
   66    51   117     0       4.038670E-13       2.584750E-13
   67    51   118     0       3.391070E-11       2.170280E-11
   67    51   118     1       9.701850E-11       6.209190E-11
   68    51   119     0       2.034438E-08       1.302040E-08
   69    51   120     0       3.917987E-07       2.507510E-07
   69    51   120     1       1.120939E-06       7.174010E-07
   70    51   121     0       5.036746E-05       3.223520E-05
   71    51   122     0       4.642746E-05       2.971360E-05
   71    51   122     1       2.092858E-04       1.339430E-04
   71    51   122     2       1.081979E-04       8.655800E-05
   72    51   123     0       7.709923E-04       4.934350E-04
   73    51   124     0       2.737418E-04       1.751950E-04
   73    51   124     1       9.563412E-04       6.120590E-04
   73    51   124     2       5.246715E-04       3.357900E-04
   74    51   125     0       3.028217E-03       1.938070E-03
   75    51   126     0       3.956487E-03       6.330390E-04
   75    51   126     1       2.967367E-03       1.899120E-03
   75    51   126     2       2.068168E-03       1.323630E-03
   76    51   127     0       6.835284E-03       3.075880E-03
   77    51   128     0       1.239149E-02       7.434940E-04
   77    51   128     1       9.309922E-03       5.958360E-03
   78    51   129     0       3.556867E-03       1.138200E-03
   78    51   129     1       1.139889E-02       9.119110E-03
   79    51   130     0       1.202739E-02       3.848770E-03
   79    51   130     1       9.036332E-03       5.783260E-03
   80    51   131     0       1.608759E-02       5.148040E-03
   81    51   132     0       2.050798E-03       1.312510E-03
   81    51   132     1       3.262147E-03       2.087780E-03
   82    51   133     0       2.608488E-03       1.669430E-03
   83    51   134     0       1.167469E-04       7.471790E-05
   83    51   134     1       5.282615E-04       3.380880E-04
   84    51   135     0       6.593794E-05       4.220030E-05
   85    51   136     0       1.251889E-05       8.012070E-06
   86    51   137     0       7.624113E-07       4.879430E-07
   87    51   138     0       4.451596E-08       2.849020E-08
   88    51   139     0       1.681939E-09       1.076440E-09
   89    51   140     0       1.220980E-10       7.814270E-11
   90    51   141     0       0.000000E+00       0.000000E+00
   91    51   142     0       0.000000E+00       0.000000E+00
   92    51   143     0       0.000000E+00       0.000000E+00
   67    52   119     0       7.472290E-14       4.782270E-14
   67    52   119     1       0.000000E+00       0.000000E+00
   68    52   120     0       1.188439E-09       7.605990E-10
   69    52   121     0       2.309898E-08       1.478330E-08
   69    52   121     1       1.430809E-07       9.157160E-08
   70    52   122     0       3.182587E-06       2.036860E-06
   71    52   123     0       1.447529E-06       9.264220E-07
   71    52   123     1       8.966372E-06       5.738490E-06
   72    52   124     0       3.702277E-05       2.369460E-05
   73    52   125     0       1.351919E-05       8.652280E-06
   73    52   125     1       8.374113E-05       5.359440E-05
   74    52   126     0       3.857377E-04       2.468720E-04
   75    52   127     0       1.192819E-04       7.634050E-05
   75    52   127     1       5.470975E-04       3.501430E-04
   76    52   128     0       2.110338E-03       1.350620E-03
   77    52   129     0       1.045959E-03       6.694150E-04
   77    52   129     1       4.797396E-03       3.070340E-03
   78    52   130     0       1.348039E-02       6.066180E-03
   79    52   131     0       4.045296E-03       2.588990E-03
   79    52   131     1       1.855408E-02       5.937320E-03
   80    52   132     0       1.711928E-02       2.739090E-03
   81    52   133     0       3.510837E-03       2.246940E-03
   81    52   133     1       1.610279E-02       5.152900E-03
   82    52   134     0       1.158229E-02       3.706340E-03
   83    52   135     0       2.838468E-03       1.816610E-03
   84    52   136     0       1.320039E-03       8.448260E-04
   85    52   137     0       1.958298E-04       1.253320E-04
   86    52   138     0       2.762608E-05       1.768070E-05
   87    52   139     0       2.548088E-06       1.630780E-06
   88    52   140     0       1.771358E-07       1.133670E-07
   89    52   141     0       5.480525E-09       3.507540E-09
   90    52   142     0       2.880450E-10       1.843490E-10
   91    52   143     0       0.000000E+00       0.000000E+00
   92    52   144     0       0.000000E+00       0.000000E+00
   93    52   145     0       0.000000E+00       0.000000E+00
   69    53   122     0       3.220977E-09       2.576790E-09
   70    53   123     0       1.581219E-08       1.011980E-08
   71    53   124     0       9.165782E-08       7.332630E-08
   72    53   125     0       3.655947E-07       2.339810E-07
   73    53   126     0       2.296298E-06       1.469630E-06
   74    53   127     0       6.264464E-06       4.009260E-06
   75    53   128     0       3.679107E-05       2.354630E-05
   76    53   129     0       2.311408E-04       1.479300E-04
   77    53   130     0       5.568925E-03       2.506020E-03
   77    53   130     1       1.230739E-03       7.876720E-04
   78    53   131     0       4.599826E-03       2.943900E-03
   79    53   132     0       5.501215E-03       3.520780E-03
   79    53   132     1       8.937672E-03       5.720110E-03
   80    53   133     0       8.932032E-03       5.716490E-03
   80    53   133     1       1.213409E-02       7.765790E-03
   81    53   134     0       1.098189E-02       3.514220E-03
   81    53   134     1       1.746868E-02       5.589990E-03
   82    53   135     0       1.583839E-02       1.742230E-03
   83    53   136     0       3.094407E-03       1.980430E-03
   83    53   136     1       1.400179E-02       8.961140E-03
   84    53   137     0       5.903125E-03       3.778010E-03
   85    53   138     0       1.937978E-03       1.240300E-03
   86    53   139     0       4.231026E-04       2.707860E-04
   87    53   140     0       6.758974E-05       4.325740E-05
   88    53   141     0       7.950993E-06       5.088640E-06
   89    53   142     0       6.385314E-07       4.086610E-07
   90    53   143     0       1.297289E-08       8.302650E-09
   91    53   144     0       1.151599E-09       7.370270E-10
   92    53   145     0       6.292190E-11       4.027010E-11
   93    53   146     0       0.000000E+00       0.000000E+00
   94    53   147     0       0.000000E+00       0.000000E+00
   95    53   148     0       0.000000E+00       0.000000E+00
   71    54   125     0       1.669450E-11       1.068450E-11
   71    54   125     1       1.323640E-10       8.471270E-11
   72    54   126     0       1.500649E-09       9.604170E-10
   73    54   127     0       7.320750E-10       4.685290E-10
   73    54   127     1       5.804315E-09       3.714760E-09
   74    54   128     0       7.311894E-08       4.679620E-08
   75    54   129     0       1.497929E-07       9.586770E-08
   75    54   129     1       9.278552E-07       5.938280E-07
   76    54   130     0       1.347569E-05       8.624420E-06
   77    54   131     0       2.142978E-05       1.371510E-05
   77    54   131     1       9.828981E-05       6.290560E-05
   78    54   132     0       7.549733E-05       4.831830E-05
   78    54   132     1       4.485376E-04       3.588300E-04
   79    54   133     0       5.802405E-04       3.713540E-04
   79    54   133     1       2.661328E-03       1.703250E-03
   80    54   134     0       1.847378E-03       1.182320E-03
   80    54   134     1       8.359113E-03       5.349840E-03
   81    54   135     0       4.738356E-03       2.132270E-03
   81    54   135     1       2.173288E-02       6.954550E-03
   82    54   136     0       3.083587E-02       9.867500E-03
   83    54   137     0       2.355168E-02       7.536530E-03
   84    54   138     0       1.708918E-02       5.468560E-03
   85    54   139     0       8.421533E-03       5.389790E-03
   86    54   140     0       2.972347E-03       1.902300E-03
   87    54   141     0       8.031503E-04       5.140160E-04
   88    54   142     0       1.537309E-04       9.838800E-05
   89    54   143     0       1.882068E-05       8.517280E-06
   90    54   144     0       1.670719E-06       1.069260E-06
   91    54   145     0       9.128542E-08       5.842270E-08
   92    54   146     0       3.686157E-09       2.359150E-09
   93    54   147     0       2.883830E-10       1.845650E-10
   94    54   148     0       1.520790E-12       9.733090E-13
   95    54   149     0       0.000000E+00       0.000000E+00
   96    54   150     0       0.000000E+00       0.000000E+00
   73    55   128     0       0.000000E+00       0.000000E+00
   74    55   129     0       5.519180E-10       3.532270E-10
   75    55   130     0       2.896467E-09       2.317170E-09
   75    55   130     1       1.641329E-08       1.313060E-08
   76    55   131     0       3.696237E-07       2.365590E-07
   77    55   132     0       6.901984E-05       1.587460E-05
   78    55   133     0       6.613944E-05       4.232930E-05
   79    55   134     0       8.807492E-04       5.636800E-04
   79    55   134     1       1.400989E-03       8.966310E-04
   80    55   135     0       1.061769E-03       6.795350E-04
   80    55   135     1       1.442399E-03       9.231420E-04
   81    55   136     0       5.394925E-03       3.452760E-03
   81    55   136     1       7.180664E-03       4.595630E-03
   82    55   137     0       1.369609E-02       4.382760E-03
   83    55   138     0       5.545755E-03       1.774640E-03
   83    55   138     1       1.586639E-02       3.649270E-03
   84    55   139     0       2.278788E-02       7.292110E-03
   85    55   140     0       1.692249E-02       5.415220E-03
   86    55   141     0       9.988631E-03       6.392730E-03
   87    55   142     0       4.353356E-03       2.786150E-03
   88    55   143     0       1.266159E-03       8.103410E-04
   89    55   144     0       2.724538E-04       1.743710E-04
   90    55   145     0       3.726447E-05       2.384930E-05
   91    55   146     0       3.726447E-06       2.384930E-06
   92    55   147     0       4.183766E-07       2.677620E-07
   93    55   148     0       1.017219E-08       6.510210E-09
   94    55   149     0       3.614370E-10       2.313200E-10
   95    55   150     0       6.193960E-12       3.964140E-12
   96    55   151     0       0.000000E+00       0.000000E+00
   97    55   152     0       0.000000E+00       0.000000E+00
   75    56   131     0       1.541310E-12       9.864370E-13
   75    56   131     1       0.000000E+00       0.000000E+00
   76    56   132     0       3.917807E-08       2.507400E-08
   77    56   133     0       2.899407E-09       1.855620E-09
   77    56   133     1       1.292539E-07       1.034030E-07
   78    56   134     0       8.087403E-06       5.175940E-06
   79    56   135     0       5.927585E-06       3.793660E-06
   79    56   135     1       2.718748E-05       1.740000E-05
   80    56   136     0       6.541794E-05       4.186740E-05
   80    56   136     1       2.960067E-04       1.894440E-04
   81    56   137     0       2.114048E-04       1.352990E-04
   81    56   137     1       9.696271E-04       6.205620E-04
   82    56   138     0       3.871637E-03       2.477850E-03
   83    56   139     0       9.006642E-03       5.764260E-03
   84    56   140     0       1.389719E-02       3.196380E-03
   85    56   141     0       1.733428E-02       5.547000E-03
   86    56   142     0       1.639229E-02       5.245520E-03
   87    56   143     0       1.073139E-02       3.434030E-03
   88    56   144     0       5.312005E-03       3.399680E-03
   89    56   145     0       1.746108E-03       1.117510E-03
   90    56   146     0       4.193256E-04       2.683690E-04
   91    56   147     0       6.678834E-05       4.274460E-05
   92    56   148     0       7.211184E-06       4.615160E-06
   93    56   149     0       5.243625E-07       3.355920E-07
   94    56   150     0       2.820018E-08       1.804810E-08
   95    56   151     0       7.076120E-10       4.528730E-10
   96    56   152     0       2.004230E-11       1.282700E-11
   97    56   153     0       0.000000E+00       0.000000E+00
   98    56   154     0       0.000000E+00       0.000000E+00
   76    57   133     0       3.645880E-11       2.333360E-11
   77    57   134     0       1.585169E-09       1.268140E-09
   78    57   135     0       5.388245E-08       3.448480E-08
   79    57   136     0       3.339597E-07       2.671680E-07
   79    57   136     1       9.554602E-07       7.643690E-07
   80    57   137     0       1.180379E-05       7.554420E-06
   81    57   138     0       9.076412E-05       5.808910E-05
   82    57   139     0       4.816786E-04       3.082740E-04
   83    57   140     0       1.690879E-03       1.082160E-03
   84    57   141     0       4.385906E-03       2.806980E-03
   85    57   142     0       8.993822E-03       4.047230E-03
   86    57   143     0       1.293339E-02       4.138690E-03
   87    57   144     0       1.409869E-02       4.511580E-03
   88    57   145     0       1.054889E-02       3.375660E-03
   89    57   146     0       1.281679E-03       8.202780E-04
   89    57   146     1       4.491656E-03       2.874670E-03
   90    57   147     0       2.202748E-03       1.409760E-03
   91    57   148     0       5.748195E-04       3.678850E-04
   92    57   149     0       1.014399E-04       6.492160E-05
   93    57   150     0       1.371739E-05       8.779110E-06
   94    57   151     0       1.026589E-06       6.570140E-07
   95    57   152     0       6.224175E-08       3.983470E-08
   96    57   153     0       2.497728E-09       1.598550E-09
   97    57   154     0       7.150750E-11       4.576480E-11
   98    57   155     0       0.000000E+00       0.000000E+00
   99    57   156     0       0.000000E+00       0.000000E+00
  100    57   157     0       0.000000E+00       0.000000E+00
   77    58   135     0       1.803860E-13       1.154470E-13
   77    58   135     1       0.000000E+00       0.000000E+00
   78    58   136     0       0.000000E+00       0.000000E+00
   79    58   137     0       4.227380E-10       2.705520E-10
   79    58   137     1       1.081899E-08       8.655220E-09
   80    58   138     0       8.050823E-09       5.152530E-09
   80    58   138     1       2.057398E-07       1.645920E-07
   81    58   139     0       5.586865E-07       3.575590E-07
   81    58   139     1       2.562468E-06       1.639980E-06
   82    58   140     0       2.478588E-05       1.586300E-05
   83    58   141     0       1.466409E-04       9.385020E-05
   84    58   142     0       6.861094E-04       4.391110E-04
   85    58   143     0       2.247498E-03       1.438400E-03
   86    58   144     0       5.465445E-03       3.497890E-03
   87    58   145     0       9.176692E-03       5.873090E-03
   88    58   146     0       1.103069E-02       3.529820E-03
   89    58   147     0       9.515672E-03       6.090040E-03
   90    58   148     0       5.722715E-03       3.662540E-03
   91    58   149     0       2.333728E-03       1.493590E-03
   92    58   150     0       7.614443E-04       4.873250E-04
   93    58   151     0       6.238965E-06       3.992940E-06
   93    58   151     1       1.073539E-04       8.588330E-05
   94    58   152     0       2.082778E-05       1.332980E-05
   95    58   153     0       2.064658E-06       1.321380E-06
   96    58   154     0       1.450289E-07       9.281880E-08
   97    58   155     0       5.801175E-09       3.712750E-09
   98    58   156     0       2.024370E-10       1.295600E-10
   99    58   157     0       3.998380E-12       2.558960E-12
  100    58   158     0       8.077320E-14       5.169490E-14
  101    58   159     0       0.000000E+00       0.000000E+00
  102    58   160     0       0.000000E+00       0.000000E+00
   79    59   138     0       0.000000E+00       0.000000E+00
   79    59   138     1       0.000000E+00       0.000000E+00
   80    59   139     0       2.235868E-09       1.430960E-09
   81    59   140     0       4.119236E-08       2.636310E-08
   82    59   141     0       5.841455E-07       3.738540E-07
   83    59   142     0       1.163039E-06       7.443430E-07
   83    59   142     1       5.262565E-06       3.368050E-06
   84    59   143     0       5.056886E-05       3.236410E-05
   85    59   144     0       1.655349E-05       1.059430E-05
   85    59   144     1       2.688518E-04       1.720650E-04
   86    59   145     0       1.137059E-03       7.277190E-04
   87    59   146     0       3.072607E-03       1.966470E-03
   88    59   147     0       5.970655E-03       3.821220E-03
   89    59   148     0       9.080762E-04       5.811690E-04
   89    59   148     1       7.127994E-03       4.561920E-03
   90    59   149     0       7.233494E-03       4.629440E-03
   91    59   150     0       5.392515E-03       3.451210E-03
   92    59   151     0       2.229388E-03       1.426810E-03
   93    59   152     0       8.071993E-04       5.166080E-04
   94    59   153     0       1.915898E-04       1.226170E-04
   95    59   154     0       3.192657E-05       2.043300E-05
   96    59   155     0       3.081877E-06       1.972400E-06
   97    59   156     0       2.628658E-07       1.682340E-07
   98    59   157     0       1.269009E-08       8.121650E-09
   99    59   158     0       6.183890E-10       3.957690E-10
  100    59   159     0       2.145230E-11       1.372950E-11
  101    59   160     0       4.129310E-13       2.642760E-13
  102    59   161     0       0.000000E+00       0.000000E+00
  103    59   162     0       0.000000E+00       0.000000E+00
   81    60   141     0       7.970690E-12       5.101250E-12
   81    60   141     1       0.000000E+00       0.000000E+00
   82    60   142     0       6.707604E-09       4.292870E-09
   83    60   143     0       1.309289E-07       8.379480E-08
   84    60   144     0       1.812868E-06       1.160240E-06
   85    60   145     0       1.782648E-05       1.140900E-05
   86    60   146     0       1.141909E-04       7.308190E-05
   87    60   147     0       5.257415E-04       3.364740E-04
   88    60   148     0       1.636349E-03       1.047260E-03
   89    60   149     0       3.278587E-03       2.098290E-03
   90    60   150     0       5.468255E-03       3.499690E-03
   91    60   151     0       4.979136E-03       3.186650E-03
   92    60   152     0       4.081306E-03       2.612040E-03
   93    60   153     0       2.197178E-03       1.406190E-03
   94    60   154     0       8.319043E-04       5.324190E-04
   95    60   155     0       1.863428E-04       1.192600E-04
   96    60   156     0       3.744577E-05       2.396530E-05
   97    60   157     0       4.340806E-06       2.778120E-06
   98    60   158     0       5.005526E-07       3.203540E-07
   99    60   159     0       4.139376E-08       2.649200E-08
  100    60   160     0       1.923648E-09       1.231140E-09
  101    60   161     0       6.788170E-11       4.344440E-11
  102    60   162     0       1.470440E-12       9.410800E-13
  103    60   163     0       2.578300E-14       1.650110E-14
  104    60   164     0       0.000000E+00       0.000000E+00
   83    61   144     0       1.269009E-09       8.121650E-10
   84    61   145     0       3.172517E-08       2.030410E-08
   85    61   146     0       5.005526E-07       3.203540E-07
   86    61   147     0       5.680315E-06       3.635400E-06
   87    61   148     0       7.878733E-06       5.042400E-06
   87    61   148     1       3.565017E-05       2.281610E-05
   88    61   149     0       2.037858E-04       1.304240E-04
   89    61   150     0       7.948613E-04       5.087120E-04
   90    61   151     0       1.615319E-03       1.033800E-03
   91    61   152     0       2.539488E-04       1.625270E-04
   91    61   152     1       2.001718E-03       1.281100E-03
   91    61   152     2       7.289824E-04       4.665490E-04
   92    61   153     0       3.523967E-03       2.255340E-03
   93    61   154     0       2.709528E-03       1.734100E-03
   93    61   154     1       1.883628E-04       1.205520E-04
   94    61   155     0       1.429299E-03       9.147490E-04
   95    61   156     0       6.455914E-04       4.131790E-04
   96    61   157     0       1.717688E-04       1.099320E-04
   97    61   158     0       4.542236E-05       2.907030E-05
   98    61   159     0       8.742042E-06       5.594910E-06
   99    61   160     0       9.557832E-07       6.117020E-07
  100    61   161     0       7.845683E-08       5.021240E-08
  101    61   162     0       3.988306E-09       2.552520E-09
  102    61   163     0       1.692010E-10       1.082890E-10
  103    61   164     0       5.579590E-12       3.570950E-12
  104    61   165     0       1.087720E-13       6.961410E-14
  105    61   166     0       0.000000E+00       0.000000E+00
   84    62   146     0       2.386940E-10       1.527640E-10
   85    62   147     0       6.929174E-09       4.434680E-09
   86    62   148     0       1.339509E-07       8.572850E-08
   87    62   149     0       1.571149E-06       1.005540E-06
   88    62   150     0       1.476479E-05       9.449470E-06
   89    62   151     0       7.369304E-05       4.716360E-05
   90    62   152     0       3.090027E-04       1.977620E-04
   91    62   153     0       2.642178E-05       1.690990E-05
   91    62   153     1       6.810624E-04       5.448500E-04
   92    62   154     0       1.472279E-03       9.422590E-04
   93    62   155     0       1.571689E-03       1.005880E-03
   94    62   156     0       1.525159E-03       4.880500E-04
   95    62   157     0       8.857962E-04       5.669100E-04
   96    62   158     0       5.104936E-04       3.267160E-04
   97    62   159     0       2.186418E-04       1.399310E-04
   98    62   160     0       5.419465E-05       3.468460E-05
   99    62   161     0       1.005129E-05       6.432860E-06
  100    62   162     0       1.168289E-06       7.477070E-07
  101    62   163     0       1.168289E-07       7.477070E-08
  102    62   164     0       9.024042E-09       5.775390E-09
  103    62   165     0       4.139380E-10       2.649200E-10
  104    62   166     0       1.651720E-11       1.057100E-11
  105    62   167     0       3.867450E-13       2.475170E-13
  106    62   168     0       0.000000E+00       0.000000E+00
   86    63   149     0       1.309289E-09       8.379480E-10
   87    63   150     0       2.862247E-08       2.289800E-08
   87    63   150     1       3.646377E-09       2.917100E-09
   88    63   151     0       3.847307E-07       2.462280E-07
   89    63   152     0       1.340069E-06       8.576460E-07
   89    63   152     1       8.375443E-08       5.360290E-08
   89    63   152     2       2.564478E-06       1.641270E-06
   90    63   153     0       2.463488E-05       1.576630E-05
   91    63   154     0       3.554357E-05       2.274790E-05
   91    63   154     1       6.808194E-05       4.357250E-05
   92    63   155     0       2.462978E-04       1.576310E-04
   93    63   156     0       5.239585E-04       3.353340E-04
   94    63   157     0       6.609914E-04       4.230350E-04
   95    63   158     0       8.046813E-04       5.149960E-04
   96    63   159     0       7.324884E-04       4.687940E-04
   97    63   160     0       3.915087E-04       2.505660E-04
   98    63   161     0       1.564399E-04       1.001220E-04
   99    63   162     0       3.999386E-05       2.559610E-05
  100    63   163     0       9.134832E-06       5.846300E-06
  101    63   164     0       1.601369E-06       1.024870E-06
  102    63   165     0       1.692009E-07       1.082890E-07
  103    63   166     0       1.561079E-08       9.990920E-09
  104    63   167     0       8.570830E-10       5.485340E-10
  105    63   168     0       4.330740E-11       2.771670E-11
  106    63   169     0       1.319360E-12       8.443940E-13
  107    63   170     0       2.870370E-14       1.837040E-14
   87    64   151     0       2.195580E-10       1.405170E-10
   88    64   152     0       5.821315E-09       3.725650E-09
   89    64   153     0       8.872972E-08       5.678710E-08
   90    64   154     0       8.913262E-07       5.704490E-07
   91    64   155     0       1.690949E-07       1.082210E-07
   91    64   155     1       4.162966E-06       3.330380E-06
   92    64   156     0       2.478588E-05       1.586300E-05
   93    64   157     0       8.167973E-05       5.227510E-05
   94    64   158     0       1.842978E-04       1.179510E-04
   95    64   159     0       3.580717E-04       2.291660E-04
   96    64   160     0       4.046816E-04       2.589960E-04
   97    64   161     0       3.355517E-04       2.147530E-04
   98    64   162     0       1.796848E-04       1.149980E-04
   99    64   163     0       8.913262E-05       5.704490E-05
  100    64   164     0       3.389057E-05       2.169000E-05
  101    64   165     0       7.906113E-06       5.059920E-06
  102    64   166     0       1.641649E-06       1.050660E-06
  103    64   167     0       2.064658E-07       1.321380E-07
  104    64   168     0       2.407088E-08       1.540530E-08
  105    64   169     0       1.742368E-09       1.115120E-09
  106    64   170     0       8.903190E-11       5.698050E-11
  107    64   171     0       3.635810E-12       2.326920E-12
  108    64   172     0       1.057510E-13       6.768040E-14
   89    65   154     0       3.659410E-11       2.927520E-11
   89    65   154     1       5.934590E-10       4.747680E-10
   89    65   154     2       1.654690E-10       1.323750E-10
   90    65   155     0       1.228719E-08       7.863820E-09
   91    65   156     0       4.104866E-08       2.627120E-08
   91    65   156     1       2.487798E-09       1.592190E-09
   91    65   156     2       9.569292E-08       7.655440E-08
   92    65   157     0       1.077649E-06       6.896960E-07
   93    65   158     0       1.651459E-06       1.056930E-06
   93    65   158     1       1.000879E-07       6.405660E-08
   93    65   158     2       3.863097E-06       3.090480E-06
   94    65   159     0       2.233858E-05       1.429670E-05
   95    65   160     0       3.051657E-05       1.373250E-05
   96    65   161     0       1.050659E-04       6.724210E-05
   97    65   162     0       1.172319E-04       5.305320E-05
   98    65   163     0       1.228319E-04       7.861240E-05
   99    65   164     0       9.718981E-05       6.220150E-05
  100    65   165     0       4.776906E-05       3.057220E-05
  101    65   166     0       2.131128E-05       1.363920E-05
  102    65   167     0       5.841455E-06       3.738540E-06
  103    65   168     0       1.520789E-06       9.733090E-07
  104    65   169     0       2.548088E-07       1.630780E-07
  105    65   170     0       2.981157E-08       1.907940E-08
  106    65   171     0       2.809948E-09       1.798360E-09
  107    65   172     0       1.923650E-10       1.231140E-10
   91    66   157     0       5.163210E-11       3.304450E-11
   91    66   157     1       1.148689E-09       9.189550E-10
   92    66   158     0       1.953868E-08       1.250480E-08
   93    66   159     0       1.843078E-07       1.179570E-07
   94    66   160     0       8.540612E-07       5.466000E-07
   95    66   161     0       4.401236E-06       2.816790E-06
   96    66   162     0       1.074629E-05       6.877620E-06
   97    66   163     0       2.451398E-05       1.568900E-05
   98    66   164     0       4.070896E-05       2.605370E-05
   99    66   165     0       3.835517E-05       2.454730E-05
   99    66   165     1       3.199727E-06       2.047830E-06
  100    66   166     0       3.842267E-05       2.459050E-05
  101    66   167     0       2.200618E-05       1.408400E-05
  102    66   168     0       1.212609E-05       7.760690E-06
  103    66   169     0       4.481806E-06       2.868360E-06
  104    66   170     0       1.158219E-06       7.412620E-07
  105    66   171     0       2.447368E-07       1.566320E-07
  106    66   172     0       3.796947E-08       2.430050E-08
   93    67   160     0       1.042229E-09       8.337840E-10
   93    67   160     1       2.299760E-10       1.839800E-10
   93    67   160     2       1.174339E-09       9.394750E-10
   94    67   161     0       2.029308E-08       1.298760E-08
   94    67   161     1       1.692929E-09       1.083470E-09
   95    67   162     0       2.211228E-08       1.415180E-08
   95    67   162     1       1.000549E-07       6.403510E-08
   96    67   163     0       5.897365E-07       3.774320E-07
   96    67   163     1       4.919796E-08       3.148670E-08
   97    67   164     0       4.223746E-07       2.703200E-07
   97    67   164     1       1.911188E-06       1.223160E-06
   98    67   165     0       5.146525E-06       3.293780E-06
   99    67   166     0       1.826588E-06       1.169010E-06
   99    67   166     1       8.265043E-06       5.289630E-06
  100    67   167     0       1.207569E-05       7.728460E-06
  101    67   168     0       9.255792E-07       5.923710E-07
  101    67   168     1       1.024379E-05       8.195010E-06
  102    67   169     0       1.078659E-05       6.903400E-06
  103    67   170     0       4.784156E-06       3.061860E-06
  103    67   170     1       1.057299E-06       6.766750E-07
  104    67   171     0       2.638728E-06       1.688790E-06
  105    67   172     0       8.913262E-07       5.704490E-07
   95    68   163     0       1.923648E-09       1.231140E-09
   96    68   164     0       1.621509E-08       1.037770E-08
   97    68   165     0       8.067253E-08       5.163050E-08
   98    68   166     0       3.525017E-07       2.256010E-07
   99    68   167     0       8.506743E-07       5.444320E-07
   99    68   167     1       7.096634E-08       4.541850E-08
  100    68   168     0       2.256008E-06       1.443850E-06
  101    68   169     0       3.796947E-06       2.430050E-06
  102    68   170     0       4.270306E-06       2.733000E-06
  103    68   171     0       4.008446E-06       2.565410E-06
  104    68   172     0       2.820018E-06       1.804810E-06
   97    69   166     0       7.147620E-11       4.574480E-11
   97    69   166     1       1.150999E-09       9.207960E-10
   98    69   167     0       8.641332E-09       5.530460E-09
   99    69   168     0       4.763806E-08       3.048840E-08
  100    69   169     0       1.812868E-07       1.160240E-07
  101    69   170     0       4.421376E-07       2.829690E-07
  102    69   171     0       8.822612E-07       5.646480E-07
  103    69   172     0       1.299219E-06       8.315020E-07
   98    70   168     0       1.158220E-10       7.412620E-11
   99    70   169     0       9.506050E-10       6.083890E-10
   99    70   169     1       7.930290E-11       5.075390E-11
  100    70   170     0       5.710525E-09       3.654740E-09
  101    70   171     0       1.510760E-10       9.668870E-11
  101    70   171     1       2.387618E-08       1.910090E-08
  102    70   172     0       8.258613E-08       5.285520E-08
  101    71   172     0       3.192660E-10       2.043300E-10
  101    71   172     1       3.192660E-10       2.043300E-10
