#  n-U238-MT454-E0000.400.jeff3.3.txt  independent fission yields
#   0    92   238  92xx  4.0000E-01         956
    0     1     1     0       2.353700E-05       8.116000E-06
    1     1     2     0       7.193200E-06       2.425700E-06
    2     1     3     0       1.026200E-04       3.241900E-05
    1     2     3     0       0.000000E+00       0.000000E+00
    2     2     4     0       1.488000E-03       4.546700E-04
   36    24    60     0       8.127100E-12       8.184400E-12
   37    24    61     0       8.554800E-12       8.891200E-12
   38    24    62     0       9.666600E-12       1.016400E-11
   39    24    63     0       2.718800E-12       2.894900E-12
   35    25    60     0       2.140700E-13       2.254500E-13
   35    25    60     1       2.177700E-12       2.293600E-12
   36    25    61     0       1.631500E-11       1.652800E-11
   37    25    62     0       3.193000E-11       3.234600E-11
   37    25    62     1       5.000500E-12       5.065500E-12
   38    25    63     0       7.952100E-11       8.109000E-11
   39    25    64     0       5.383900E-11       5.713400E-11
   40    25    65     0       5.146800E-11       5.470900E-11
   41    25    66     0       1.242800E-11       1.324300E-11
   42    25    67     0       2.933000E-12       3.139500E-12
   34    26    60     0       0.000000E+00       0.000000E+00
   35    26    61     0       0.000000E+00       0.000000E+00
   36    26    62     0       1.512800E-11       1.579200E-11
   37    26    63     0       6.353000E-11       6.538900E-11
   38    26    64     0       2.806500E-10       2.820400E-10
   39    26    65     0       5.596300E-10       5.654100E-10
   40    26    66     0       1.087600E-09       1.108400E-09
   41    26    67     0       6.833800E-10       7.232400E-10
   42    26    68     0       4.614200E-10       4.900600E-10
   43    26    69     0       8.768800E-11       9.358900E-11
   44    26    70     0       1.389700E-11       1.493600E-11
   34    27    61     0       0.000000E+00       0.000000E+00
   35    27    62     0       0.000000E+00       0.000000E+00
   36    27    63     0       1.557700E-12       1.659600E-12
   37    27    64     0       1.610200E-11       1.723400E-11
   38    27    65     0       2.248400E-10       2.350300E-10
   39    27    66     0       8.370100E-10       8.622200E-10
   40    27    67     0       3.507000E-09       3.530500E-09
   41    27    68     0       2.964800E-09       3.042700E-09
   41    27    68     1       2.213000E-09       2.271100E-09
   42    27    69     0       8.308100E-09       8.652100E-09
   43    27    70     0       1.816200E-09       1.943400E-09
   43    27    70     1       1.816200E-09       1.943400E-09
   44    27    71     0       2.194500E-09       2.336900E-09
   45    27    72     0       3.595200E-10       3.827600E-10
   46    27    73     0       4.719800E-11       5.041600E-11
   47    27    74     0       1.753200E-12       1.877100E-12
   33    28    61     0       0.000000E+00       0.000000E+00
   34    28    62     0       0.000000E+00       0.000000E+00
   35    28    63     0       0.000000E+00       0.000000E+00
   36    28    64     0       0.000000E+00       0.000000E+00
   37    28    65     0       1.913400E-12       2.043500E-12
   38    28    66     0       6.111500E-11       6.499600E-11
   39    28    67     0       5.698700E-10       6.042700E-10
   40    28    68     0       5.672000E-09       5.799400E-09
   41    28    69     0       8.692000E-09       8.796500E-09
   41    28    69     1       8.692000E-09       8.796500E-09
   42    28    70     0       5.245300E-08       5.268900E-08
   43    28    71     0       7.285100E-08       7.470300E-08
   44    28    72     0       1.052800E-07       1.095200E-07
   45    28    73     0       3.930000E-08       4.183200E-08
   46    28    74     0       1.478600E-08       1.582200E-08
   47    28    75     0       1.926100E-09       2.060200E-09
   48    28    76     0       1.977100E-10       2.115400E-10
   49    28    77     0       7.119900E-12       2.746700E-12
   34    29    63     0       0.000000E+00       0.000000E+00
   36    29    65     0       0.000000E+00       0.000000E+00
   37    29    66     0       0.000000E+00       0.000000E+00
   38    29    67     0       1.957100E-12       2.094900E-12
   39    29    68     0       1.410500E-11       1.502300E-11
   39    29    68     1       3.844700E-11       4.095000E-11
   40    29    69     0       1.319000E-09       1.402700E-09
   41    29    70     0       5.711900E-10       6.076100E-10
   41    29    70     1       7.294700E-09       7.759900E-09
   41    29    70     2       5.711900E-10       6.076100E-10
   42    29    71     0       7.692600E-08       7.870300E-08
   43    29    72     0       2.150700E-07       2.181000E-07
   44    29    73     0       5.786900E-07       5.850800E-07
   45    29    74     0       5.258900E-07       5.518400E-07
   46    29    75     0       6.282200E-07       6.652800E-07
   47    29    76     0       9.416000E-08       1.006300E-07
   47    29    76     1       9.416000E-08       1.006300E-07
   48    29    77     0       7.040500E-08       2.712300E-08
   49    29    78     0       4.451700E-09       3.264600E-09
   50    29    79     0       4.763000E-10       3.338800E-10
   51    29    80     0       5.922000E-12       5.435200E-12
   36    30    66     0       0.000000E+00       0.000000E+00
   37    30    67     0       0.000000E+00       0.000000E+00
   38    30    68     0       0.000000E+00       0.000000E+00
   39    30    69     0       2.463200E-13       2.629600E-13
   39    30    69     1       1.223400E-12       1.306000E-12
   40    30    70     0       9.071100E-11       9.748100E-11
   41    30    71     0       3.596900E-10       3.830500E-10
   41    30    71     1       1.786400E-09       1.902500E-09
   42    30    72     0       4.676100E-08       4.928300E-08
   43    30    73     0       2.240000E-08       2.337200E-08
   43    30    73     1       3.098200E-08       3.232600E-08
   43    30    73     2       2.020600E-07       2.108300E-07
   44    30    74     0       1.505200E-06       1.517800E-06
   45    30    75     0       3.573500E-06       3.600400E-06
   46    30    76     0       8.107200E-06       8.195600E-06
   47    30    77     0       1.079200E-05       2.994700E-06
   47    30    77     1       1.436900E-06       3.987200E-07
   48    30    78     0       1.121700E-05       7.914300E-06
   49    30    79     0       1.464200E-06       1.024600E-06
   50    30    80     0       4.541800E-06       4.160900E-06
   51    30    81     0       1.864500E-08       1.376700E-08
   52    30    82     0       1.413400E-09       7.823000E-10
   38    31    69     0       0.000000E+00       0.000000E+00
   40    31    71     0       0.000000E+00       0.000000E+00
   41    31    72     0       5.375600E-11       5.723500E-11
   41    31    72     1       5.284100E-12       5.626100E-12
   42    31    73     0       3.017500E-09       3.222400E-09
   43    31    74     0       2.207800E-08       2.359900E-08
   43    31    74     1       2.207800E-08       2.359900E-08
   44    31    75     0       7.771400E-07       8.210100E-07
   45    31    76     0       3.459800E-06       3.616000E-06
   46    31    77     0       1.223000E-05       3.393400E-06
   47    31    78     0       2.804600E-05       1.855300E-05
   48    31    79     0       6.440000E-05       4.150100E-05
   49    31    80     0       2.724800E-05       2.472700E-05
   50    31    81     0       3.191400E-05       2.335200E-05
   51    31    82     0       3.092600E-05       1.701500E-05
   52    31    83     0       5.742900E-06       2.963500E-06
   53    31    84     0       2.409500E-08       1.471900E-08
   54    31    85     0       1.022400E-09       4.043000E-10
   40    32    72     0       0.000000E+00       0.000000E+00
   41    32    73     0       0.000000E+00       0.000000E+00
   41    32    73     1       0.000000E+00       0.000000E+00
   42    32    74     0       6.088200E-11       6.518700E-11
   43    32    75     0       3.634700E-10       3.887800E-10
   43    32    75     1       2.729900E-09       2.920000E-09
   44    32    76     0       1.243500E-07       1.329400E-07
   45    32    77     0       5.396700E-06       1.813300E-06
   45    32    77     1       7.185500E-07       2.414300E-07
   46    32    78     0       1.121900E-05       7.914400E-06
   47    32    79     0       9.902100E-06       6.193800E-06
   47    32    79     1       7.437100E-05       4.651900E-05
   48    32    80     0       2.135200E-04       1.775400E-04
   49    32    81     0       4.217800E-04       2.613900E-04
   49    32    81     1       8.492300E-05       5.263000E-05
   50    32    82     0       1.109000E-03       4.558700E-04
   51    32    83     0       6.915900E-04       3.113200E-04
   52    32    84     0       3.272600E-04       1.911800E-04
   53    32    85     0       1.677700E-04       6.530300E-05
   54    32    86     0       5.642100E-05       2.095500E-05
   55    32    87     0       2.878100E-06       1.000800E-06
   56    32    88     0       8.461400E-10       2.965700E-10
   42    33    75     0       0.000000E+00       0.000000E+00
   42    33    75     1       0.000000E+00       0.000000E+00
   43    33    76     0       1.911900E-11       2.045600E-11
   44    33    77     0       2.843600E-09       1.096900E-09
   45    33    78     0       6.996000E-08       5.129400E-08
   46    33    79     0       2.951300E-06       2.061300E-06
   47    33    80     0       1.817300E-05       1.654900E-05
   48    33    81     0       5.989300E-05       4.342400E-05
   49    33    82     0       8.230300E-05       4.193100E-05
   49    33    82     1       2.867700E-04       1.461000E-04
   50    33    83     0       1.111900E-03       4.481500E-04
   51    33    84     0       6.760000E-04       3.287300E-04
   51    33    84     1       6.760000E-04       3.287300E-04
   52    33    85     0       1.666000E-03       5.336900E-04
   53    33    86     0       7.794300E-04       2.722000E-04
   54    33    87     0       4.154700E-04       1.412100E-04
   55    33    88     0       7.950900E-05       2.781000E-05
   56    33    89     0       2.340200E-05       8.845900E-06
   57    33    90     0       1.538300E-06       6.298000E-07
   42    34    76     0       0.000000E+00       0.000000E+00
   43    34    77     0       0.000000E+00       0.000000E+00
   44    34    78     0       1.196800E-11       8.776600E-12
   45    34    79     0       1.302200E-09       9.128600E-10
   45    34    79     1       1.733800E-10       1.215400E-10
   46    34    80     0       1.083300E-07       9.942600E-08
   47    34    81     0       4.688600E-07       3.458500E-07
   47    34    81     1       3.521400E-06       2.597500E-06
   48    34    82     0       1.166500E-04       6.335700E-05
   49    34    83     0       4.873600E-04       2.310300E-04
   49    34    83     1       9.812800E-05       4.651700E-05
   50    34    84     0       2.353400E-03       1.092100E-03
   51    34    85     0       5.792500E-03       8.797700E-04
   52    34    86     0       8.693700E-03       8.633500E-04
   53    34    87     0       8.323100E-03       1.433200E-03
   54    34    88     0       5.371800E-03       1.568700E-03
   55    34    89     0       2.623000E-03       1.046800E-03
   56    34    90     0       7.984500E-04       3.387500E-04
   57    34    91     0       1.899300E-04       7.186000E-05
   58    34    92     0       2.953400E-05       1.003500E-05
   59    34    93     0       3.044900E-09       1.065200E-09
   44    35    79     0       0.000000E+00       0.000000E+00
   46    35    81     0       5.515900E-10       4.073000E-10
   47    35    82     0       3.649800E-08       2.020200E-08
   47    35    82     1       1.339000E-08       7.411300E-09
   48    35    83     0       2.351600E-06       1.214200E-06
   49    35    84     0       1.394700E-05       8.489000E-06
   49    35    84     1       1.394700E-05       8.489000E-06
   50    35    85     0       5.168200E-04       1.940000E-04
   51    35    86     0       1.699300E-03       5.498200E-04
   52    35    87     0       6.013300E-03       1.321600E-03
   53    35    88     0       8.647800E-03       1.781900E-03
   54    35    89     0       1.006200E-02       2.499900E-03
   55    35    90     0       5.349300E-03       2.044500E-03
   56    35    91     0       4.303300E-03       1.644300E-03
   57    35    92     0       1.375600E-03       4.758100E-04
   58    35    93     0       5.090500E-04       1.805800E-04
   59    35    94     0       4.870000E-05       1.854800E-05
   60    35    95     0       8.671300E-06       3.363200E-06
   46    36    82     0       0.000000E+00       0.000000E+00
   47    36    83     0       1.157800E-10       5.980100E-11
   47    36    83     1       2.331200E-11       1.204100E-11
   48    36    84     0       2.255600E-08       1.377900E-08
   49    36    85     0       1.206400E-05       4.762300E-06
   49    36    85     1       2.429000E-06       9.588700E-07
   50    36    86     0       2.716200E-04       9.845200E-05
   51    36    87     0       1.253300E-03       3.924800E-04
   52    36    88     0       7.146700E-03       1.552700E-03
   53    36    89     0       1.747500E-02       2.582200E-03
   54    36    90     0       2.508600E-02       2.482200E-03
   55    36    91     0       3.047300E-02       3.099500E-03
   56    36    92     0       2.447000E-02       3.604700E-03
   57    36    93     0       1.282100E-02       3.925400E-03
   58    36    94     0       5.616900E-03       2.285300E-03
   59    36    95     0       1.625200E-03       6.509000E-04
   60    36    96     0       4.814600E-04       1.916700E-04
   61    36    97     0       4.329500E-05       1.536800E-05
   62    36    98     0       6.788400E-06       2.371700E-06
   48    37    85     0       0.000000E+00       0.000000E+00
   49    37    86     0       9.627500E-10       3.589200E-10
   49    37    86     1       2.019800E-09       7.529800E-10
   50    37    87     0       4.318500E-06       1.501200E-06
   51    37    88     0       4.221200E-05       1.474200E-05
   52    37    89     0       4.438500E-04       1.630600E-04
   53    37    90     0       1.148500E-04       4.410000E-05
   53    37    90     1       1.168400E-03       4.486400E-04
   54    37    91     0       6.999400E-03       2.059300E-03
   55    37    92     0       1.389800E-02       3.132200E-03
   56    37    93     0       2.630300E-02       4.425700E-03
   57    37    94     0       1.588500E-02       4.225400E-03
   58    37    95     0       1.219200E-02       4.013500E-03
   59    37    96     0       3.087400E-03       1.231400E-03
   59    37    96     1       3.087400E-03       1.231400E-03
   60    37    97     0       2.917000E-03       1.050200E-03
   61    37    98     0       3.007600E-04       1.056400E-04
   61    37    98     1       3.007600E-04       1.056400E-04
   62    37    99     0       1.559700E-04       5.592700E-05
   63    37   100     0       6.026000E-06       2.301300E-06
   64    37   101     0       9.799200E-07       3.611200E-07
   48    38    86     0       0.000000E+00       0.000000E+00
   50    38    88     0       8.461400E-10       2.965700E-10
   51    38    89     0       1.115800E-05       4.213700E-06
   52    38    90     0       9.817100E-05       3.991400E-05
   53    38    91     0       6.011800E-04       2.185900E-04
   54    38    92     0       3.796700E-03       1.111800E-03
   55    38    93     0       1.198500E-02       2.865400E-03
   56    38    94     0       2.948000E-02       4.415100E-03
   57    38    95     0       3.659900E-02       4.373100E-03
   58    38    96     0       4.645700E-02       4.419200E-03
   59    38    97     0       3.171000E-02       4.815100E-03
   60    38    98     0       2.053300E-02       4.833900E-03
   61    38    99     0       8.400100E-03       2.809000E-03
   62    38   100     0       2.931400E-03       1.113100E-03
   63    38   101     0       5.974900E-04       2.202300E-04
   64    38   102     0       1.107800E-04       4.348800E-05
   65    38   103     0       4.182600E-06       1.456500E-06
   50    39    89     0       0.000000E+00       0.000000E+00
   50    39    89     1       0.000000E+00       0.000000E+00
   51    39    90     0       0.000000E+00       0.000000E+00
   52    39    91     0       8.680500E-10       3.255000E-10
   52    39    91     1       4.311200E-09       1.616600E-09
   53    39    92     0       3.481100E-06       1.181000E-06
   54    39    93     0       1.127600E-05       3.928700E-06
   54    39    93     1       8.468700E-05       2.950700E-05
   55    39    94     0       4.725000E-04       1.765500E-04
   56    39    95     0       2.520300E-03       9.084800E-04
   57    39    96     0       2.156900E-03       7.326600E-04
   57    39    96     1       4.524900E-03       1.537000E-03
   58    39    97     0       3.221900E-03       7.318400E-04
   58    39    97     1       1.190900E-02       2.705100E-03
   58    39    97     2       4.092800E-03       9.296500E-04
   59    39    98     0       3.996800E-03       8.307300E-04
   59    39    98     1       1.937600E-02       4.027400E-03
   60    39    99     0       2.827100E-02       5.362200E-03
   61    39   100     0       8.156000E-03       2.395200E-03
   61    39   100     1       8.156000E-03       2.395200E-03
   62    39   101     0       1.095500E-02       3.537400E-03
   63    39   102     0       1.877100E-03       7.212500E-04
   63    39   102     1       1.877100E-03       7.212500E-04
   64    39   103     0       1.329900E-03       4.596900E-04
   65    39   104     0       1.464800E-04       5.961200E-05
   66    39   105     0       2.717500E-05       9.914400E-06
   67    39   106     0       1.669100E-09       6.340100E-10
   50    40    90     0       0.000000E+00       0.000000E+00
   51    40    91     0       0.000000E+00       0.000000E+00
   52    40    92     0       0.000000E+00       0.000000E+00
   53    40    93     0       1.895400E-06       6.630000E-07
   54    40    94     0       1.406500E-05       5.342600E-06
   55    40    95     0       1.094100E-04       4.226400E-05
   56    40    96     0       8.626200E-04       3.320300E-04
   57    40    97     0       3.372100E-03       1.108500E-03
   58    40    98     0       1.345200E-02       3.486400E-03
   59    40    99     0       2.505300E-02       5.070300E-03
   60    40   100     0       4.370300E-02       5.607000E-03
   61    40   101     0       4.239900E-02       5.225700E-03
   62    40   102     0       3.938300E-02       6.046000E-03
   63    40   103     0       2.127400E-02       4.877500E-03
   64    40   104     0       8.998700E-03       3.241700E-03
   65    40   105     0       2.402800E-03       8.501500E-04
   66    40   106     0       5.898500E-04       2.217500E-04
   67    40   107     0       3.456800E-05       1.313800E-05
   68    40   108     0       2.656500E-06       1.572700E-06
   69    40   109     0       4.709000E-11       1.696000E-11
   54    41    95     0       0.000000E+00       0.000000E+00
   54    41    95     1       0.000000E+00       0.000000E+00
   55    41    96     0       1.316300E-09       5.175300E-10
   56    41    97     0       1.666500E-05       5.905500E-06
   56    41    97     1       3.355300E-06       1.189000E-06
   57    41    98     0       2.236000E-05       7.791800E-06
   57    41    98     1       7.791000E-05       2.714900E-05
   58    41    99     0       6.493700E-04       2.286400E-04
   58    41    99     1       1.307500E-04       4.603500E-05
   59    41   100     0       4.146600E-04       1.517700E-04
   59    41   100     1       2.010200E-03       7.357700E-04
   60    41   101     0       9.278100E-03       2.877900E-03
   61    41   102     0       8.007000E-03       2.294400E-03
   61    41   102     1       8.007000E-03       2.294400E-03
   62    41   103     0       2.836400E-02       5.105800E-03
   63    41   104     0       9.218500E-03       2.312500E-03
   63    41   104     1       9.218500E-03       2.312500E-03
   64    41   105     0       1.494200E-02       3.369800E-03
   65    41   106     0       5.763600E-03       1.833100E-03
   66    41   107     0       2.902000E-03       9.869400E-04
   67    41   108     0       2.492200E-04       1.446900E-04
   68    41   109     0       5.124400E-05       1.804800E-05
   69    41   110     0       2.545100E-05       1.719300E-05
   70    41   111     0       1.766900E-10       6.143500E-11
   71    41   112     0       1.138100E-05       4.311600E-06
   53    42    95     0       0.000000E+00       0.000000E+00
   54    42    96     0       0.000000E+00       0.000000E+00
   55    42    97     0       0.000000E+00       0.000000E+00
   56    42    98     0       0.000000E+00       0.000000E+00
   57    42    99     0       1.260100E-05       4.508000E-06
   58    42   100     0       1.492600E-04       5.679500E-05
   59    42   101     0       7.780900E-04       2.816900E-04
   60    42   102     0       3.714200E-03       1.335400E-03
   61    42   103     0       9.337100E-03       2.600200E-03
   62    42   104     0       1.817500E-02       4.154400E-03
   63    42   105     0       1.874500E-02       3.406800E-03
   64    42   106     0       1.713600E-02       2.165700E-03
   65    42   107     0       1.126400E-02       1.600900E-03
   66    42   108     0       2.817600E-03       1.178800E-03
   67    42   109     0       6.158000E-04       1.515500E-04
   68    42   110     0       1.973100E-04       1.268700E-04
   69    42   111     0       4.514500E-05       1.485600E-05
   70    42   112     0       1.138200E-05       4.311600E-06
   71    42   113     0       6.127400E-06       2.445900E-06
   72    42   114     0       2.580800E-11       1.956600E-11
   56    43    99     0       0.000000E+00       0.000000E+00
   56    43    99     1       0.000000E+00       0.000000E+00
   58    43   101     0       0.000000E+00       0.000000E+00
   59    43   102     0       6.165000E-06       2.418300E-06
   59    43   102     1       6.165000E-06       2.418300E-06
   60    43   103     0       9.901700E-05       3.442300E-05
   61    43   104     0       3.017800E-04       1.222300E-04
   62    43   105     0       1.148500E-03       4.038100E-04
   63    43   106     0       1.560200E-03       5.518700E-04
   64    43   107     0       3.064600E-03       9.130000E-04
   65    43   108     0       1.192500E-03       6.099600E-04
   66    43   109     0       7.543300E-04       1.602700E-04
   67    43   110     0       3.873700E-04       2.337600E-04
   68    43   111     0       2.366400E-04       5.536700E-05
   69    43   112     0       5.688500E-05       2.015600E-05
   70    43   113     0       4.287100E-05       1.595100E-05
   71    43   114     0       2.040400E-05       1.529700E-05
   72    43   115     0       1.362500E-08       4.930800E-09
   73    43   116     0       2.579500E-10       2.035500E-10
   55    44    99     0       0.000000E+00       0.000000E+00
   57    44   101     0       0.000000E+00       0.000000E+00
   58    44   102     0       0.000000E+00       0.000000E+00
   59    44   103     0       3.671200E-07       1.278400E-07
   59    44   103     1       1.027200E-06       3.576800E-07
   60    44   104     0       1.783400E-05       7.257200E-06
   61    44   105     0       4.249000E-05       1.548300E-05
   62    44   106     0       1.309100E-04       4.943300E-05
   63    44   107     0       2.008400E-04       7.547400E-05
   64    44   108     0       2.823600E-04       1.615500E-04
   65    44   109     0       1.956600E-04       6.416700E-05
   66    44   110     0       2.933000E-04       1.820900E-04
   67    44   111     0       2.597600E-04       5.702100E-05
   68    44   112     0       3.187500E-04       4.685100E-05
   69    44   113     0       9.495000E-05       2.212000E-05
   69    44   113     1       9.495000E-05       2.212000E-05
   70    44   114     0       1.427600E-04       9.925600E-05
   71    44   115     0       3.168300E-05       1.079600E-05
   72    44   116     0       2.414800E-05       1.888300E-05
   73    44   117     0       1.105200E-05       7.767900E-06
   74    44   118     0       3.955500E-09       3.670300E-09
   75    44   119     0       3.992500E-11       2.590200E-11
   76    44   120     0       1.050500E-07       6.015900E-08
   58    45   103     0       0.000000E+00       0.000000E+00
   58    45   103     1       0.000000E+00       0.000000E+00
   60    45   105     0       0.000000E+00       0.000000E+00
   60    45   105     1       0.000000E+00       0.000000E+00
   61    45   106     0       5.239400E-07       1.990000E-07
   61    45   106     1       1.428200E-06       5.424400E-07
   62    45   107     0       7.384600E-09       2.809100E-09
   63    45   108     0       1.661700E-08       9.839400E-09
   63    45   108     1       5.790100E-08       3.428400E-08
   64    45   109     0       9.585400E-07       3.450800E-07
   65    45   110     0       1.243800E-05       8.426300E-06
   65    45   110     1       2.928100E-07       1.983700E-07
   66    45   111     0       1.017000E-04       3.089100E-05
   67    45   112     0       2.847300E-05       1.007800E-05
   67    45   112     1       2.847300E-05       1.007800E-05
   68    45   113     0       6.744000E-05       2.376300E-05
   69    45   114     0       6.638000E-05       4.639200E-05
   69    45   114     1       6.638000E-05       4.639200E-05
   70    45   115     0       1.742200E-04       3.848600E-05
   71    45   116     0       5.181200E-05       3.771600E-05
   71    45   116     1       1.412300E-04       1.028000E-04
   72    45   117     0       1.214600E-04       8.095200E-05
   73    45   118     0       1.763700E-05       1.625600E-05
   74    45   119     0       9.143200E-06       5.896600E-06
   75    45   120     0       1.371600E-05       7.744800E-06
   76    45   121     0       3.946700E-06       1.475000E-06
   77    45   122     0       2.691000E-07       1.805600E-07
   59    46   105     0       0.000000E+00       0.000000E+00
   60    46   106     0       0.000000E+00       0.000000E+00
   61    46   107     0       0.000000E+00       0.000000E+00
   62    46   108     0       0.000000E+00       0.000000E+00
   63    46   109     0       1.472500E-11       5.303400E-12
   63    46   109     1       3.236500E-11       1.165700E-11
   64    46   110     0       2.498400E-09       1.699000E-09
   65    46   111     0       1.623300E-08       5.643900E-09
   65    46   111     1       3.568000E-08       1.240500E-08
   66    46   112     0       1.027900E-06       3.948800E-07
   67    46   113     0       3.227500E-06       1.273700E-06
   67    46   113     1       9.030500E-06       3.563900E-06
   68    46   114     0       3.063200E-05       2.280900E-05
   69    46   115     0       5.456600E-05       1.203500E-05
   69    46   115     1       1.199300E-04       2.645100E-05
   70    46   116     0       2.419200E-04       1.716400E-04
   71    46   117     0       9.686200E-05       5.782800E-05
   71    46   117     1       2.129000E-04       1.271000E-04
   72    46   118     0       2.380100E-04       1.990800E-04
   73    46   119     0       1.279500E-04       7.571500E-05
   74    46   120     0       8.226900E-05       4.293700E-05
   75    46   121     0       2.746200E-05       9.465400E-06
   76    46   122     0       5.397400E-06       3.605400E-06
   77    46   123     0       7.611000E-06       4.636700E-06
   78    46   124     0       2.563000E-06       1.864900E-06
   62    47   109     0       0.000000E+00       0.000000E+00
   62    47   109     1       0.000000E+00       0.000000E+00
   64    47   111     0       0.000000E+00       0.000000E+00
   64    47   111     1       0.000000E+00       0.000000E+00
   65    47   112     0       5.117300E-11       1.968600E-11
   66    47   113     0       3.507100E-10       1.415200E-10
   66    47   113     1       2.634100E-09       1.062900E-09
   67    47   114     0       1.196800E-08       9.073100E-09
   67    47   114     1       5.801900E-08       4.398600E-08
   68    47   115     0       2.084300E-07       7.518700E-08
   68    47   115     1       1.565500E-06       5.647000E-07
   69    47   116     0       3.567000E-06       2.799400E-06
   69    47   116     1       9.723000E-06       7.630600E-06
   70    47   117     0       3.898300E-06       2.709800E-06
   70    47   117     1       2.927900E-05       2.035200E-05
   71    47   118     0       1.509700E-05       1.349800E-05
   71    47   118     1       7.318700E-05       6.543600E-05
   72    47   119     0       1.504900E-05       8.897000E-06
   72    47   119     1       1.130300E-04       6.682200E-05
   73    47   120     0       3.594200E-05       1.842200E-05
   73    47   120     1       6.010800E-05       3.080800E-05
   74    47   121     0       6.866400E-05       1.967400E-05
   75    47   122     0       2.596500E-05       1.658300E-05
   75    47   122     1       2.799400E-05       1.787900E-05
   76    47   123     0       4.827500E-05       2.742700E-05
   77    47   124     0       1.234700E-05       8.868500E-06
   77    47   124     1       1.331200E-05       9.561500E-06
   78    47   125     0       1.272000E-05       4.770200E-06
   79    47   126     0       1.838800E-05       7.169600E-06
   80    47   127     0       9.943900E-06       3.480300E-06
   81    47   128     0       5.888000E-06       2.185200E-06
   82    47   129     0       2.356600E-08       8.446900E-09
   83    47   130     0       7.942400E-10       2.519900E-10
   63    48   111     0       0.000000E+00       0.000000E+00
   64    48   112     0       0.000000E+00       0.000000E+00
   65    48   113     0       0.000000E+00       0.000000E+00
   65    48   113     1       0.000000E+00       0.000000E+00
   66    48   114     0       0.000000E+00       0.000000E+00
   67    48   115     0       6.013400E-11       2.176100E-11
   67    48   115     1       2.277300E-10       8.240900E-11
   68    48   116     0       2.241700E-08       1.768900E-08
   69    48   117     0       8.602300E-08       6.074600E-08
   69    48   117     1       3.257700E-07       2.300400E-07
   70    48   118     0       5.058100E-06       4.683500E-06
   71    48   119     0       2.407900E-06       1.552600E-06
   71    48   119     1       6.737300E-06       4.344100E-06
   72    48   120     0       4.803800E-05       2.609800E-05
   73    48   121     0       2.533100E-05       6.077200E-06
   73    48   121     1       7.087500E-05       1.700400E-05
   74    48   122     0       1.133700E-04       6.806500E-05
   75    48   123     0       1.836900E-05       1.000900E-05
   75    48   123     1       5.139600E-05       2.800600E-05
   76    48   124     0       1.732200E-04       1.133800E-04
   77    48   125     0       1.841800E-05       5.589300E-06
   77    48   125     1       5.153400E-05       1.563900E-05
   78    48   126     0       4.766600E-04       1.240600E-04
   79    48   127     0       4.762000E-04       1.218700E-04
   80    48   128     0       6.223700E-04       2.024200E-04
   81    48   129     0       1.024600E-04       3.513200E-05
   81    48   129     1       2.866700E-04       9.829800E-05
   82    48   130     0       1.913400E-04       6.027700E-05
   83    48   131     0       2.048300E-05       7.331600E-06
   84    48   132     0       4.879700E-06       1.697800E-06
   64    49   113     0       0.000000E+00       0.000000E+00
   66    49   115     0       0.000000E+00       0.000000E+00
   66    49   115     1       0.000000E+00       0.000000E+00
   68    49   117     0       2.414500E-11       1.705400E-11
   68    49   117     1       4.861600E-12       3.433800E-12
   69    49   118     0       2.138300E-10       1.984200E-10
   69    49   118     1       3.453000E-10       3.204100E-10
   69    49   118     2       3.997700E-10       3.709500E-10
   70    49   119     0       3.144600E-08       2.040100E-08
   70    49   119     1       6.331400E-09       4.107500E-09
   71    49   120     0       1.798700E-12       1.030200E-12
   71    49   120     1       1.798700E-12       1.030200E-12
   71    49   120     2       1.798700E-12       1.030200E-12
   72    49   121     0       3.811600E-06       1.421400E-06
   72    49   121     1       7.674400E-07       2.861900E-07
   73    49   122     0       1.010200E-05       6.614700E-06
   73    49   122     1       8.447100E-06       5.531100E-06
   73    49   122     2       8.447100E-06       5.531100E-06
   74    49   123     0       1.340200E-05       8.050000E-06
   74    49   123     1       2.698400E-06       1.620800E-06
   75    49   124     0       2.162000E-05       1.534900E-05
   75    49   124     1       2.330900E-05       1.654800E-05
   76    49   125     0       7.946400E-05       2.108300E-05
   76    49   125     1       1.600000E-05       4.245000E-06
   77    49   126     0       1.204900E-04       3.979300E-05
   77    49   126     1       1.299100E-04       4.290200E-05
   78    49   127     0       5.478600E-04       1.136400E-04
   78    49   127     1       1.103100E-04       2.288100E-05
   79    49   128     0       3.699000E-04       1.055900E-04
   79    49   128     1       1.448400E-04       4.134300E-05
   79    49   128     2       5.549600E-04       1.584100E-04
   80    49   129     0       1.815500E-03       4.536900E-04
   80    49   129     1       3.655400E-04       9.134900E-05
   81    49   130     0       5.918000E-04       1.636300E-04
   81    49   130     1       8.616900E-04       2.382500E-04
   81    49   130     2       1.200300E-03       3.318800E-04
   82    49   131     0       8.604500E-04       2.683200E-04
   82    49   131     1       8.604500E-04       2.683200E-04
   82    49   131     2       8.604500E-04       2.683200E-04
   83    49   132     0       4.640100E-04       1.599300E-04
   84    49   133     0       8.008600E-05       2.858100E-05
   84    49   133     1       1.612500E-05       5.754700E-06
   85    49   134     0       6.108100E-06       2.221200E-06
   86    49   135     0       5.912800E-09       2.200200E-09
   65    50   115     0       0.000000E+00       0.000000E+00
   67    50   117     0       0.000000E+00       0.000000E+00
   67    50   117     1       0.000000E+00       0.000000E+00
   68    50   118     0       0.000000E+00       0.000000E+00
   69    50   119     0       0.000000E+00       0.000000E+00
   69    50   119     1       0.000000E+00       0.000000E+00
   70    50   120     0       0.000000E+00       0.000000E+00
   71    50   121     0       0.000000E+00       0.000000E+00
   71    50   121     1       0.000000E+00       0.000000E+00
   72    50   122     0       0.000000E+00       0.000000E+00
   73    50   123     0       2.588700E-11       1.596100E-11
   73    50   123     1       9.252100E-12       5.704400E-12
   74    50   124     0       6.416400E-06       4.658500E-06
   75    50   125     0       2.343200E-05       8.264300E-06
   75    50   125     1       8.374800E-06       2.953700E-06
   76    50   126     0       1.818900E-04       6.352500E-05
   77    50   127     0       2.197500E-04       6.483800E-05
   77    50   127     1       7.854000E-05       2.317400E-05
   78    50   128     0       3.363100E-04       9.163200E-05
   78    50   128     1       9.167000E-04       2.497700E-04
   79    50   129     0       9.136800E-04       1.561300E-04
   79    50   129     1       2.556400E-03       4.368500E-04
   80    50   130     0       3.674100E-03       5.406100E-04
   80    50   130     1       1.001500E-02       1.473600E-03
   81    50   131     0       6.006400E-03       6.667300E-04
   81    50   131     1       1.680600E-02       1.865500E-03
   82    50   132     0       2.856900E-02       3.854700E-03
   83    50   133     0       9.552300E-03       3.058000E-03
   84    50   134     0       2.708300E-03       9.747200E-04
   85    50   135     0       3.684900E-04       1.371000E-04
   86    50   136     0       5.711700E-05       2.020400E-05
   87    50   137     0       7.445300E-06       2.594700E-06
   70    51   121     0       0.000000E+00       0.000000E+00
   72    51   123     0       0.000000E+00       0.000000E+00
   74    51   125     0       6.405300E-12       2.492000E-12
   75    51   126     0       4.600900E-10       1.813500E-10
   75    51   126     1       2.873800E-10       1.132700E-10
   75    51   126     2       3.562400E-10       1.404200E-10
   76    51   127     0       1.989200E-05       6.925600E-06
   77    51   128     0       2.946900E-05       1.080300E-05
   77    51   128     1       4.121600E-05       1.510900E-05
   78    51   129     0       1.342300E-04       4.684000E-05
   78    51   129     1       9.933700E-05       3.466400E-05
   79    51   130     0       4.997500E-04       1.537900E-04
   79    51   130     1       4.997500E-04       1.537900E-04
   80    51   131     0       7.585400E-03       2.183200E-03
   81    51   132     0       8.088100E-03       1.892600E-03
   81    51   132     1       7.160900E-03       1.675700E-03
   82    51   133     0       4.295900E-02       5.200100E-03
   83    51   134     0       4.543500E-03       1.271800E-03
   83    51   134     1       1.238400E-02       3.466500E-03
   84    51   135     0       1.125700E-02       3.685500E-03
   85    51   136     0       3.002600E-03       1.047500E-03
   86    51   137     0       9.533000E-04       3.308800E-04
   87    51   138     0       8.060500E-05       2.806100E-05
   88    51   139     0       2.458100E-05       8.722300E-06
   73    52   125     0       0.000000E+00       0.000000E+00
   73    52   125     1       0.000000E+00       0.000000E+00
   74    52   126     0       0.000000E+00       0.000000E+00
   75    52   127     0       0.000000E+00       0.000000E+00
   75    52   127     1       0.000000E+00       0.000000E+00
   76    52   128     0       4.774300E-10       1.773800E-10
   77    52   129     0       1.410000E-08       5.054000E-09
   77    52   129     1       3.945100E-08       1.414100E-08
   78    52   130     0       3.436900E-05       1.089200E-05
   79    52   131     0       1.046600E-04       3.705400E-05
   79    52   131     1       2.928200E-04       1.036800E-04
   80    52   132     0       3.449300E-03       1.102300E-03
   81    52   133     0       3.831800E-03       1.030800E-03
   81    52   133     1       1.072100E-02       2.884100E-03
   82    52   134     0       4.679300E-02       5.220400E-03
   83    52   135     0       4.733300E-02       4.804800E-03
   84    52   136     0       4.971000E-02       4.915600E-03
   85    52   137     0       2.252300E-02       5.095800E-03
   86    52   138     0       1.364300E-02       3.875100E-03
   87    52   139     0       2.213000E-03       7.758600E-04
   88    52   140     0       8.820200E-04       3.405100E-04
   89    52   141     0       9.992800E-05       3.423000E-05
   90    52   142     0       2.045000E-05       6.752900E-06
   74    53   127     0       0.000000E+00       0.000000E+00
   76    53   129     0       0.000000E+00       0.000000E+00
   78    53   131     0       2.916900E-08       1.044700E-08
   79    53   132     0       1.725500E-06       6.003600E-07
   79    53   132     1       1.527700E-06       5.315400E-07
   80    53   133     0       6.680300E-05       2.381300E-05
   80    53   133     1       4.943700E-05       1.762300E-05
   81    53   134     0       2.934700E-04       1.058700E-04
   81    53   134     1       2.598300E-04       9.373700E-05
   82    53   135     0       6.548900E-03       2.194400E-03
   83    53   136     0       3.777700E-03       1.069300E-03
   83    53   136     1       1.029700E-02       2.914600E-03
   84    53   137     0       3.113300E-02       5.350000E-03
   85    53   138     0       2.020500E-02       4.788900E-03
   86    53   139     0       2.470300E-02       5.220400E-03
   87    53   140     0       8.633600E-03       3.122600E-03
   88    53   141     0       5.995700E-03       2.013300E-03
   89    53   142     0       9.324400E-04       3.078300E-04
   90    53   143     0       2.428900E-04       8.530400E-05
   91    53   144     0       2.461900E-05       9.398100E-06
   77    54   131     0       0.000000E+00       0.000000E+00
   77    54   131     1       0.000000E+00       0.000000E+00
   78    54   132     0       0.000000E+00       0.000000E+00
   79    54   133     0       1.030800E-09       3.682800E-10
   79    54   133     1       2.884100E-09       1.030400E-09
   80    54   134     0       1.639600E-06       5.961700E-07
   80    54   134     1       4.469200E-06       1.625000E-06
   81    54   135     0       2.636200E-05       9.786900E-06
   81    54   135     1       7.375800E-05       2.738300E-05
   82    54   136     0       1.752900E-03       5.988600E-04
   83    54   137     0       7.478300E-03       2.222400E-03
   84    54   138     0       2.601600E-02       4.747600E-03
   85    54   139     0       3.137000E-02       5.234400E-03
   86    54   140     0       4.764700E-02       3.726700E-03
   87    54   141     0       3.745200E-02       4.561200E-03
   88    54   142     0       2.700200E-02       3.947600E-03
   89    54   143     0       9.218200E-03       3.058800E-03
   90    54   144     0       4.252300E-03       1.696300E-03
   91    54   145     0       7.908100E-04       2.976500E-04
   92    54   146     0       2.104000E-04       7.860900E-05
   93    54   147     0       1.873200E-05       6.421200E-06
   78    55   133     0       0.000000E+00       0.000000E+00
   80    55   135     0       0.000000E+00       0.000000E+00
   81    55   136     0       5.127300E-07       1.813400E-07
   81    55   136     1       3.665900E-07       1.296500E-07
   82    55   137     0       2.514500E-05       8.755100E-06
   83    55   138     0       9.179500E-05       3.169600E-05
   83    55   138     1       1.535200E-04       5.300800E-05
   84    55   139     0       1.193400E-03       4.082500E-04
   85    55   140     0       2.689700E-03       9.653800E-04
   86    55   141     0       1.439600E-02       3.468200E-03
   87    55   142     0       1.570300E-02       3.490200E-03
   88    55   143     0       2.555200E-02       4.019700E-03
   89    55   144     0       6.286000E-03       1.829100E-03
   89    55   144     1       6.286000E-03       1.829100E-03
   90    55   145     0       9.732800E-03       3.145000E-03
   91    55   146     0       3.104300E-03       1.158000E-03
   92    55   147     0       1.411700E-03       4.853100E-04
   93    55   148     0       2.548600E-04       8.512000E-05
   94    55   149     0       2.610900E-05       9.237600E-06
   95    55   150     0       7.350000E-09       2.843600E-09
   80    56   136     0       0.000000E+00       0.000000E+00
   81    56   137     0       0.000000E+00       0.000000E+00
   81    56   137     1       0.000000E+00       0.000000E+00
   82    56   138     0       1.967900E-06       6.851300E-07
   83    56   139     0       2.555900E-05       9.057600E-06
   84    56   140     0       1.906100E-04       7.299700E-05
   85    56   141     0       9.527900E-04       3.143800E-04
   86    56   142     0       4.295800E-03       1.215500E-03
   87    56   143     0       1.182000E-02       2.778700E-03
   88    56   144     0       2.870900E-02       3.869200E-03
   89    56   145     0       2.706900E-02       3.402000E-03
   90    56   146     0       2.849300E-02       2.164600E-03
   91    56   147     0       1.364700E-02       2.304200E-03
   92    56   148     0       8.815300E-03       1.983100E-03
   93    56   149     0       2.076600E-03       7.137700E-04
   94    56   150     0       6.070300E-04       2.344000E-04
   95    56   151     0       7.106400E-05       2.694500E-05
   96    56   152     0       1.025300E-05       3.895700E-06
   97    56   153     0       4.223800E-10       1.499700E-10
   82    57   139     0       0.000000E+00       0.000000E+00
   83    57   140     0       0.000000E+00       0.000000E+00
   84    57   141     0       1.000600E-06       3.426600E-07
   85    57   142     0       4.721700E-06       1.558700E-06
   86    57   143     0       7.362100E-05       2.569000E-05
   87    57   144     0       3.777500E-04       1.410200E-04
   88    57   145     0       1.931300E-03       6.536500E-04
   89    57   146     0       1.182400E-03       3.771300E-04
   89    57   146     1       2.480600E-03       7.911700E-04
   90    57   147     0       1.044500E-02       2.134600E-03
   91    57   148     0       9.020400E-03       1.875600E-03
   92    57   149     0       8.101300E-03       1.496100E-03
   93    57   150     0       3.038800E-03       9.987700E-04
   94    57   151     0       1.521300E-03       5.138200E-04
   95    57   152     0       3.150100E-04       1.165100E-04
   96    57   153     0       6.162800E-05       2.164800E-05
   97    57   154     0       8.603100E-06       3.022700E-06
   98    57   155     0       2.223700E-09       1.164500E-09
   82    58   140     0       0.000000E+00       0.000000E+00
   83    58   141     0       0.000000E+00       0.000000E+00
   84    58   142     0       0.000000E+00       0.000000E+00
   85    58   143     0       8.339400E-07       2.922900E-07
   86    58   144     0       1.270800E-05       4.842700E-06
   87    58   145     0       5.430500E-05       2.013200E-05
   88    58   146     0       3.695700E-04       1.338400E-04
   89    58   147     0       1.421500E-03       4.396400E-04
   90    58   148     0       4.817400E-03       1.138300E-03
   91    58   149     0       6.675000E-03       1.354600E-03
   92    58   150     0       9.398000E-03       1.110500E-03
   93    58   151     0       5.727700E-03       6.383900E-04
   94    58   152     0       4.159400E-03       4.563800E-04
   95    58   153     0       1.551700E-03       3.355000E-04
   96    58   154     0       5.870600E-04       1.654000E-04
   97    58   155     0       1.062200E-04       5.462500E-05
   98    58   156     0       3.826200E-07       1.453300E-07
   99    58   157     0       3.484200E-09       2.854900E-09
   82    59   141     0       0.000000E+00       0.000000E+00
   84    59   143     0       0.000000E+00       0.000000E+00
   85    59   144     0       0.000000E+00       0.000000E+00
   85    59   144     1       0.000000E+00       0.000000E+00
   86    59   145     0       0.000000E+00       0.000000E+00
   87    59   146     0       3.295400E-09       1.226700E-09
   88    59   147     0       3.749500E-06       1.284700E-06
   89    59   148     0       2.933300E-06       9.773700E-07
   89    59   148     1       1.422100E-05       4.738200E-06
   90    59   149     0       1.004400E-04       3.535400E-05
   91    59   150     0       2.356000E-04       9.010100E-05
   92    59   151     0       7.560500E-04       2.671600E-04
   93    59   152     0       9.688300E-04       3.232000E-04
   94    59   153     0       1.615200E-03       3.410400E-04
   95    59   154     0       9.612300E-04       2.229200E-04
   96    59   155     0       5.288200E-04       2.504800E-04
   97    59   156     0       1.062700E-04       3.612300E-05
   98    59   157     0       2.027000E-05       1.644400E-05
   99    59   158     0       1.992500E-07       1.690700E-07
  100    59   159     0       7.893600E-09       2.987300E-09
   83    60   143     0       0.000000E+00       0.000000E+00
   84    60   144     0       0.000000E+00       0.000000E+00
   85    60   145     0       0.000000E+00       0.000000E+00
   86    60   146     0       0.000000E+00       0.000000E+00
   87    60   147     0       0.000000E+00       0.000000E+00
   88    60   148     0       1.008800E-06       3.363800E-07
   89    60   149     0       2.091700E-06       7.397600E-07
   90    60   150     0       1.068800E-05       4.132800E-06
   91    60   151     0       5.058200E-05       1.913300E-05
   92    60   152     0       2.034200E-04       7.544500E-05
   93    60   153     0       3.975500E-04       1.296300E-04
   94    60   154     0       8.579300E-04       2.117700E-04
   95    60   155     0       8.025800E-04       3.547800E-04
   96    60   156     0       4.951800E-04       4.743900E-05
   97    60   157     0       1.824400E-04       1.352300E-04
   98    60   158     0       8.657300E-05       6.657100E-05
   99    60   159     0       1.566300E-05       5.187100E-06
  100    60   160     0       4.237500E-07       3.352700E-07
  101    60   161     0       8.258100E-09       3.152800E-09
   86    61   147     0       0.000000E+00       0.000000E+00
   88    61   149     0       0.000000E+00       0.000000E+00
   90    61   151     0       4.813000E-10       1.828900E-10
   91    61   152     0       2.844200E-09       1.081300E-09
   91    61   152     1       5.979600E-09       2.273200E-09
   91    61   152     2       7.810900E-09       2.969400E-09
   92    61   153     0       2.285900E-06       8.112800E-07
   93    61   154     0       2.868500E-06       1.008500E-06
   93    61   154     1       2.868500E-06       1.008500E-06
   94    61   155     0       1.964700E-05       1.025100E-05
   95    61   156     0       5.321200E-05       1.916500E-05
   96    61   157     0       4.056100E-05       3.254500E-05
   97    61   158     0       2.309400E-05       1.912300E-05
   98    61   159     0       5.221600E-05       9.232400E-06
   99    61   160     0       1.672900E-05       1.231200E-05
  100    61   161     0       1.953800E-06       6.668000E-07
  101    61   162     0       1.180100E-07       1.259600E-07
  102    61   163     0       8.443400E-09       9.010100E-09
   85    62   147     0       0.000000E+00       0.000000E+00
   87    62   149     0       0.000000E+00       0.000000E+00
   89    62   151     0       0.000000E+00       0.000000E+00
   90    62   152     0       0.000000E+00       0.000000E+00
   91    62   153     0       0.000000E+00       0.000000E+00
   92    62   154     0       1.149200E-09       4.047100E-10
   93    62   155     0       2.842600E-08       1.488600E-08
   94    62   156     0       4.091400E-06       1.548500E-06
   95    62   157     0       1.919300E-06       1.571100E-06
   96    62   158     0       5.773400E-06       4.870000E-06
   97    62   159     0       1.586400E-05       5.242200E-06
   98    62   160     0       1.673100E-05       1.231200E-05
   99    62   161     0       8.557500E-06       1.117300E-06
  100    62   162     0       3.899800E-06       3.925300E-06
  101    62   163     0       7.080200E-07       7.380700E-07
  102    62   164     0       1.360300E-07       1.433500E-07
  103    62   165     0       6.440700E-09       6.858200E-09
   88    63   151     0       0.000000E+00       0.000000E+00
   90    63   153     0       0.000000E+00       0.000000E+00
   92    63   155     0       0.000000E+00       0.000000E+00
   93    63   156     0       1.480500E-11       5.625600E-12
   94    63   157     0       5.270600E-10       4.318600E-10
   95    63   158     0       7.739200E-09       6.568200E-09
   96    63   159     0       1.307500E-07       4.943500E-08
   97    63   160     0       5.139500E-07       4.064800E-07
   98    63   161     0       1.431700E-06       5.048000E-07
   99    63   162     0       1.326400E-06       1.390500E-06
  100    63   163     0       1.591900E-06       1.608500E-06
  101    63   164     0       6.337800E-07       6.425600E-07
  102    63   165     0       2.396500E-07       2.453100E-07
  103    63   166     0       2.723800E-08       2.899200E-08
  104    63   167     0       4.342300E-09       4.618400E-09
   91    64   155     0       0.000000E+00       0.000000E+00
   92    64   156     0       0.000000E+00       0.000000E+00
   93    64   157     0       0.000000E+00       0.000000E+00
   94    64   158     0       0.000000E+00       0.000000E+00
   95    64   159     0       1.185500E-11       4.486700E-12
   96    64   160     0       4.944700E-10       3.919100E-10
   97    64   161     0       4.131900E-09       1.577800E-09
   98    64   162     0       3.607600E-08       3.855100E-08
   99    64   163     0       1.071900E-07       1.140200E-07
  100    64   164     0       3.140700E-07       3.265300E-07
  101    64   165     0       2.341000E-07       2.398700E-07
  102    64   166     0       1.784400E-07       1.792100E-07
  103    64   167     0       6.195100E-08       6.274700E-08
  104    64   168     0       2.101200E-08       2.152300E-08
  105    64   169     0       2.106800E-09       2.236100E-09
   94    65   159     0       0.000000E+00       0.000000E+00
   96    65   161     0       0.000000E+00       0.000000E+00
   97    65   162     0       4.061900E-12       4.342900E-12
   98    65   163     0       1.274500E-10       1.360500E-10
   99    65   164     0       1.088900E-09       1.159000E-09
  100    65   165     0       7.320200E-09       7.793600E-09
  101    65   166     0       1.305700E-08       1.396900E-08
  102    65   167     0       3.177100E-08       3.303300E-08
  103    65   168     0       2.097400E-08       2.148500E-08
  104    65   169     0       1.456600E-08       1.466600E-08
  105    65   170     0       3.491200E-09       3.606800E-09
  106    65   171     0       9.523700E-10       9.985300E-10
   95    66   161     0       0.000000E+00       0.000000E+00
   96    66   162     0       0.000000E+00       0.000000E+00
   97    66   163     0       0.000000E+00       0.000000E+00
   98    66   164     0       0.000000E+00       0.000000E+00
   99    66   165     0       2.567200E-12       2.736500E-12
  100    66   166     0       5.340100E-11       5.739700E-11
  101    66   167     0       3.659700E-10       3.904900E-10
  102    66   168     0       2.071800E-09       2.198800E-09
  103    66   169     0       3.181900E-09       3.362700E-09
  104    66   170     0       5.152700E-09       5.239200E-09
  105    66   171     0       2.755600E-09       2.780900E-09
  106    66   172     0       1.410200E-09       1.418100E-09
  107    66   173     0       3.129000E-10       3.234300E-10
   98    67   165     0       0.000000E+00       0.000000E+00
   99    67   166     0       0.000000E+00       0.000000E+00
  100    67   167     0       0.000000E+00       0.000000E+00
  101    67   168     0       3.822800E-13       4.072400E-13
  102    67   169     0       1.572000E-11       1.682500E-11
  103    67   170     0       5.031800E-11       5.363900E-11
  103    67   170     1       1.846000E-11       1.967800E-11
  104    67   171     0       2.984800E-10       3.171000E-10
  105    67   172     0       3.207000E-10       3.393700E-10
  106    67   173     0       4.713700E-10       4.791400E-10
  107    67   174     0       2.197500E-10       2.221200E-10
  108    67   175     0       9.557700E-11       9.713300E-11
   98    68   166     0       0.000000E+00       0.000000E+00
   99    68   167     0       0.000000E+00       0.000000E+00
   99    68   167     1       0.000000E+00       0.000000E+00
  100    68   168     0       0.000000E+00       0.000000E+00
  101    68   169     0       0.000000E+00       0.000000E+00
  102    68   170     0       0.000000E+00       0.000000E+00
  103    68   171     0       0.000000E+00       0.000000E+00
  104    68   172     0       5.297900E-12       5.684700E-12
  105    68   173     0       2.005200E-11       2.134800E-11
  106    68   174     0       7.165300E-11       7.497400E-11
  107    68   175     0       6.275100E-11       6.487700E-11
  108    68   176     0       5.741100E-11       5.765300E-11
  109    68   177     0       2.273000E-11       2.293100E-11
  100    69   169     0       0.000000E+00       0.000000E+00
  102    69   171     0       0.000000E+00       0.000000E+00
  103    69   172     0       0.000000E+00       0.000000E+00
  104    69   173     0       0.000000E+00       0.000000E+00
  105    69   174     0       0.000000E+00       0.000000E+00
  106    69   175     0       1.210300E-12       1.290400E-12
  107    69   176     0       2.702300E-12       2.888200E-12
  108    69   177     0       7.767300E-12       8.143600E-12
  109    69   178     0       5.768600E-12       5.876400E-12
  110    69   179     0       4.887400E-12       4.915300E-12
  101    70   171     0       0.000000E+00       0.000000E+00
  102    70   172     0       0.000000E+00       0.000000E+00
  103    70   173     0       0.000000E+00       0.000000E+00
  104    70   174     0       0.000000E+00       0.000000E+00
  105    70   175     0       0.000000E+00       0.000000E+00
  105    70   175     1       0.000000E+00       0.000000E+00
  106    70   176     0       0.000000E+00       0.000000E+00
  106    70   176     1       0.000000E+00       0.000000E+00
  107    70   177     0       0.000000E+00       0.000000E+00
  107    70   177     1       0.000000E+00       0.000000E+00
  108    70   178     0       0.000000E+00       0.000000E+00
  109    70   179     0       0.000000E+00       0.000000E+00
  104    71   175     0       0.000000E+00       0.000000E+00
  105    71   176     0       0.000000E+00       0.000000E+00
  106    71   177     0       0.000000E+00       0.000000E+00
  107    71   178     0       0.000000E+00       0.000000E+00
  108    71   179     0       0.000000E+00       0.000000E+00
  108    71   179     1       0.000000E+00       0.000000E+00
  105    72   177     0       0.000000E+00       0.000000E+00
  106    72   178     0       0.000000E+00       0.000000E+00
  107    72   179     0       0.000000E+00       0.000000E+00
