   66   3.9861E-07
   67   6.5779E-07
   68   9.9612E-07
   69   1.4937E-06
   70   2.4906E-06
   71   3.9842E-06
   72   6.5642E-06
   73   9.9709E-06
   74   1.4933E-05
   75   2.5689E-05
   76   3.9885E-05
   77   4.7497E-05
   78   9.9557E-05
   79   1.6925E-04
   80   2.6874E-04
   81   4.4826E-04
   82   7.0743E-04
   83   1.1579E-03
   84   1.1268E-03
   85   2.2360E-03
   86   1.9714E-03
   87   3.6739E-03
   88   4.4457E-03
   89   7.2181E-03
   90   8.1163E-03
   91   8.2547E-03
   92   1.0903E-02
   93   1.2872E-02
   94   1.5088E-02
   95   1.6308E-02
   96   2.4963E-02
   97   3.0650E-02
   98   3.4846E-02
   99   3.9075E-02
  100   4.9914E-02
  101   5.7877E-02
  102   6.8852E-02
  103   6.9296E-02
  104   7.6776E-02
  105   9.3009E-02
  106   7.3982E-02
  107   6.9852E-02
  108   5.9869E-02
  109   5.0124E-02
  110   3.9926E-02
  111   2.8763E-02
  112   2.0453E-02
  113   8.8139E-03
  114   3.9831E-03
  115   2.5778E-03
  116   6.9704E-04
  117   2.9910E-04
  118   9.9693E-05
  119   4.9863E-05
  120   1.9919E-05
  121   1.3181E-05
  122   2.4400E-05
  123   4.8670E-05
  124   8.7769E-05
  125   1.5499E-04
  126   6.8081E-04
  127   1.9871E-03
  128   4.8605E-03
  129   6.6086E-03
  130   1.9915E-02
  131   3.0041E-02
  132   4.1943E-02
  133   5.6606E-02
  134   6.8035E-02
  135   7.4816E-02
  136   7.4402E-02
  137   8.0731E-02
  138   7.6883E-02
  139   7.0202E-02
  140   6.1026E-02
  141   5.6208E-02
  142   4.8691E-02
  143   4.0011E-02
  144   3.6774E-02
  145   3.0883E-02
  146   2.5879E-02
  147   1.9813E-02
  148   1.6916E-02
  149   1.4523E-02
  150   9.9742E-03
  151   6.9670E-03
  152   5.9717E-03
  153   5.0056E-03
  154   3.8937E-03
  155   2.9198E-03
  156   2.0395E-03
  157   1.5573E-03
  158   9.7329E-04
  159   6.8131E-04
  160   4.3847E-04
  161   2.9198E-04
  162   1.9465E-04
  163   1.1679E-04
  164   7.7864E-05
  165   4.9048E-05
  166   3.4060E-05
  167   2.4333E-05
  168   1.4601E-05
  169   9.7395E-06
  170   5.8374E-06
  171   3.8935E-06
  172   2.9215E-06
