    1   2.0351E-05
    2   6.2193E-06
    3   8.8730E-05
    4   1.3660E-03
    6   1.9907E-05
    7   4.9925E-07
    8   5.7525E-07
    9   3.0536E-07
   10   2.9618E-07
   66   4.9650E-10
   67   1.0401E-09
   68   2.2450E-09
   69   5.0346E-09
   70   1.8046E-08
   71   2.6726E-08
   72   9.9552E-08
   73   2.9913E-07
   74   8.0669E-07
   75   1.9895E-06
   76   4.2874E-06
   77   2.6835E-05
   78   6.4685E-05
   79   7.4777E-05
   80   2.0405E-04
   81   4.0506E-04
   82   6.0775E-04
   83   1.4153E-03
   84   3.4118E-03
   85   2.8891E-03
   86   5.0659E-03
   87   7.1077E-03
   88   8.8878E-03
   89   9.3053E-03
   90   1.2254E-02
   91   1.6398E-02
   92   2.0825E-02
   93   2.7987E-02
   94   3.0782E-02
   95   3.7437E-02
   96   4.2413E-02
   97   4.5562E-02
   98   5.6058E-02
   99   5.9418E-02
  100   6.1556E-02
  101   6.0851E-02
  102   6.1378E-02
  103   6.2295E-02
  104   6.2825E-02
  105   6.0066E-02
  106   5.9252E-02
  107   5.4635E-02
  108   4.4531E-02
  109   3.5006E-02
  110   2.6040E-02
  111   1.1050E-02
  112   3.9777E-03
  113   2.5895E-03
  114   1.4922E-03
  115   1.1983E-03
  116   8.0130E-04
  117   4.9345E-04
  118   4.9753E-04
  119   4.9707E-04
  120   3.5874E-04
  121   2.4740E-04
  122   2.4751E-04
  123   3.1662E-04
  124   4.0590E-04
  125   5.5594E-04
  126   1.1894E-03
  127   2.0834E-03
  128   4.1604E-03
  129   8.4382E-03
  130   1.6325E-02
  131   2.6164E-02
  132   3.9693E-02
  133   5.8703E-02
  134   7.6178E-02
  135   7.4058E-02
  136   7.7067E-02
  137   6.4769E-02
  138   6.5985E-02
  139   6.2590E-02
  140   1.0230E-01
  141   5.2778E-02
  142   4.7067E-02
  143   7.9487E-02
  144   4.2167E-02
  145   3.3948E-02
  146   2.8010E-02
  147   3.4099E-02
  148   1.9941E-02
  149   1.5957E-02
  150   1.2582E-02
  151   1.0225E-02
  152   8.0170E-03
  153   6.2355E-03
  154   4.3549E-03
  155   3.1672E-03
  156   2.3754E-03
  157   1.9300E-03
  158   1.1877E-03
  159   7.9181E-04
  160   5.1468E-04
  161   2.4744E-04
  162   8.9080E-05
  163   3.9590E-05
  164   1.4850E-05
  165   2.9800E-06
  166   1.3900E-06
  167   3.9600E-07
  168   1.2900E-07
  169   3.4600E-08
  170   1.9800E-08
  171   9.9000E-09
  172   4.9500E-09
