# header:
#   title: "Fm255+n induced fission product yield"
#   source: "ENDF"
#   creator: "Shin Okumura"
#   date: 2023-07-14
#   format: "YANDF-0.1"
# endf:
#   library: "endfb8.1"
#   author: "T.R. ENGLAND ET AL"
#   year: 1989
# target:
#   Z: 100
#   A: 255
#   nuclide: "Fm255"
# reaction:
#   type: "(n,f)"
#   Incident energy [MeV]:  2.530000e-02
# datablock:
#   quantity: "cumulative fission product yield"
#   columns: 4
#   entries: 1233
##   A      Z  ISO           Yield         dYield
##                           %/fission     %/fission
     23     66 0.0000000e+00 1.3120800e-17 8.3973000e-18
     24     66 0.0000000e+00 6.9400100e-13 4.4416100e-13
     24     67 0.0000000e+00 1.9800000e-14 1.2672000e-14
     24     68 0.0000000e+00 0.0000000e+00 0.0000000e+00
     24     69 0.0000000e+00 1.2509900e-17 8.0063300e-18
     24     70 0.0000000e+00 0.0000000e+00 0.0000000e+00
     25     66 0.0000000e+00 1.6700000e-09 1.0688000e-09
     25     67 0.0000000e+00 1.6400000e-10 1.0496000e-10
     25     68 0.0000000e+00 9.5900200e-12 6.1376100e-12
     25     69 0.0000000e+00 3.7000100e-13 2.3680000e-13
     25     70 0.0000000e+00 0.0000000e+00 0.0000000e+00
     25     71 0.0000000e+00 0.0000000e+00 0.0000000e+00
     25     72 0.0000000e+00 3.8946400e-18 2.4925700e-18
     26     66 0.0000000e+00 1.7200000e-07 1.1008000e-07
     26     67 0.0000000e+00 5.4600100e-08 3.4944100e-08
     26     68 0.0000000e+00 1.0600000e-08 6.7840100e-09
     26     69 0.0000000e+00 1.4000000e-09 8.9600200e-10
     26     70 0.0000000e+00 1.2000000e-10 7.6800200e-11
     26     71 0.0000000e+00 6.3800100e-12 4.0832100e-12
     26     72 0.0000000e+00 2.0600000e-13 1.3184000e-13
     26     73 0.0000000e+00 0.0000000e+00 0.0000000e+00
     26     74 0.0000000e+00 0.0000000e+00 0.0000000e+00
     26     76 0.0000000e+00 0.0000000e+00 0.0000000e+00
     27     66 0.0000000e+00 1.1500000e-06 7.3600200e-07
     27     67 0.0000000e+00 9.5100200e-07 6.0864100e-07
     27     68 0.0000000e+00 5.4000100e-07 3.4560100e-07
     27     69 0.0000000e+00 2.2200000e-07 1.4208000e-07
     27     70 0.0000000e+00 6.2300100e-08 3.9872100e-08
     27     71 0.0000000e+00 1.1100000e-08 7.1040100e-09
     27     72 0.0000000e+00 1.2300000e-09 7.8720200e-10
     27     73 0.0000000e+00 8.4500200e-11 5.4080100e-11
     27     74 0.0000000e+00 3.9100100e-12 2.5024100e-12
     27     75 0.0000000e+00 9.9800200e-14 6.3872100e-14
     27     76 0.0000000e+00 0.0000000e+00 0.0000000e+00
     27     77 0.0000000e+00 4.8600900e-17 3.1104600e-17
     28     66 0.0000000e+00 1.5700000e-06 1.0048000e-06
     28     67 0.0000000e+00 1.9700000e-06 1.2608000e-06
     28     68 0.0000000e+00 2.1500000e-06 1.3760000e-06
     28     69 0.0000000e+00 2.0800000e-06 1.3312000e-06
     28     70 0.0000000e+00 1.5900000e-06 1.0176000e-06
     28     71 0.0000000e+00 8.5000200e-07 5.4400100e-07
     28     72 0.0000000e+00 2.9900100e-07 1.9136000e-07
     28     73 0.0000000e+00 6.8200100e-08 4.3648100e-08
     28     74 0.0000000e+00 1.0700000e-08 6.8480100e-09
     28     75 0.0000000e+00 9.3900200e-10 6.0096100e-10
     28     76 0.0000000e+00 5.7800100e-11 3.6992100e-11
     28     77 0.0000000e+00 2.1300000e-12 1.3632000e-12
     28     78 0.0000000e+00 5.0200100e-14 3.2128100e-14
     28     79 0.0000000e+00 1.2070400e-15 7.7250300e-16
     28     80 0.0000000e+00 0.0000000e+00 0.0000000e+00
     28     82 0.0000000e+00 0.0000000e+00 0.0000000e+00
     29     66 0.0000000e+00 1.5800000e-06 7.1100100e-07
     29     67 0.0000000e+00 2.0500000e-06 9.2250200e-07
     29     68 0.0000000e+00 2.3800000e-06 1.0710000e-06
     29     68 1.0000000e+00 2.5500100e-07 1.6320000e-07
     29     69 0.0000000e+00 3.2200100e-06 2.0608000e-06
     29     70 0.0000000e+00 1.4200000e-06 9.0880200e-07
     29     70 1.0000000e+00 2.6700100e-06 1.7088000e-06
     29     71 0.0000000e+00 4.5400100e-06 2.9056100e-06
     29     72 0.0000000e+00 4.0100100e-06 2.5664100e-06
     29     73 0.0000000e+00 2.5900100e-06 1.6576000e-06
     29     74 0.0000000e+00 1.2500000e-06 8.0000200e-07
     29     75 0.0000000e+00 3.5500100e-07 2.2720000e-07
     29     76 0.0000000e+00 7.3000200e-08 4.6720100e-08
     29     77 0.0000000e+00 9.1800200e-09 5.8752100e-09
     29     78 0.0000000e+00 7.4700200e-10 4.7808100e-10
     29     79 0.0000000e+00 3.5700100e-11 2.2848000e-11
     29     80 0.0000000e+00 1.1500000e-12 7.3600200e-13
     29     81 0.0000000e+00 2.4300100e-14 1.5552000e-14
     29     82 0.0000000e+00 0.0000000e+00 0.0000000e+00
     30     66 0.0000000e+00 1.5800000e-06 5.0560100e-07
     30     67 0.0000000e+00 2.0500000e-06 6.5600100e-07
     30     68 0.0000000e+00 2.5200100e-06 8.0640200e-07
     30     69 0.0000000e+00 3.2600100e-06 1.4670000e-06
     30     69 1.0000000e+00 3.7300100e-08 2.3872000e-08
     30     70 0.0000000e+00 4.3800100e-06 1.4016000e-06
     30     71 0.0000000e+00 4.7700100e-06 3.0528100e-06
     30     71 1.0000000e+00 9.8100200e-07 6.2784100e-07
     30     72 0.0000000e+00 7.2600200e-06 4.6464100e-06
     30     73 0.0000000e+00 8.4900200e-06 5.4336100e-06
     30     74 0.0000000e+00 9.1800200e-06 5.8752100e-06
     30     75 0.0000000e+00 6.8900100e-06 4.4096100e-06
     30     76 0.0000000e+00 4.1600100e-06 2.6624100e-06
     30     77 0.0000000e+00 1.6400000e-06 1.0496000e-06
     30     78 0.0000000e+00 4.3800100e-07 2.8032100e-07
     30     79 0.0000000e+00 7.0500100e-08 4.5120100e-08
     30     80 0.0000000e+00 7.8400200e-09 5.0176100e-09
     30     81 0.0000000e+00 5.5400100e-10 3.5456100e-10
     30     82 0.0000000e+00 2.1200000e-11 1.3568000e-11
     30     83 0.0000000e+00 5.4300100e-13 3.4752100e-13
     30     84 0.0000000e+00 0.0000000e+00 0.0000000e+00
     30     85 0.0000000e+00 3.4148600e-16 2.1855100e-16
     30     86 0.0000000e+00 0.0000000e+00 0.0000000e+00
     31     66 0.0000000e+00 0.0000000e+00 0.0000000e+00
     31     67 0.0000000e+00 5.5900100e-14 3.5776100e-14
     31     68 0.0000000e+00 2.7500100e-12 1.7600000e-12
     31     69 0.0000000e+00 3.2600100e-06 1.0432000e-06
     31     70 0.0000000e+00 1.8600000e-09 1.1904000e-09
     31     71 0.0000000e+00 5.7800100e-06 1.8496000e-06
     31     72 1.0000000e+00 9.8500200e-08 6.3040100e-08
     31     72 0.0000000e+00 7.4600200e-06 4.7744100e-06
     31     73 0.0000000e+00 9.5100200e-06 6.0864100e-06
     31     74 1.0000000e+00 8.7600200e-06 5.6064100e-06
     31     74 0.0000000e+00 1.0750000e-05 6.8800100e-06
     31     75 0.0000000e+00 1.5110000e-05 9.6704200e-06
     31     76 0.0000000e+00 1.7960000e-05 1.1494400e-05
     31     77 0.0000000e+00 1.7040000e-05 1.0905600e-05
     31     78 0.0000000e+00 1.2540000e-05 8.0256200e-06
     31     79 0.0000000e+00 6.0900100e-06 3.8976100e-06
     31     80 0.0000000e+00 2.1700000e-06 1.3888000e-06
     31     81 0.0000000e+00 4.9200100e-07 3.1488100e-07
     31     82 0.0000000e+00 6.5800100e-08 4.2112100e-08
     31     83 0.0000000e+00 5.8300100e-09 3.7312100e-09
     31     84 0.0000000e+00 2.8100100e-10 1.7984000e-10
     31     85 0.0000000e+00 1.0100000e-11 6.4640100e-12
     31     86 0.0000000e+00 1.7800000e-13 1.1392000e-13
     31     87 0.0000000e+00 3.2628800e-15 2.0882400e-15
     32     66 0.0000000e+00 0.0000000e+00 0.0000000e+00
     32     67 0.0000000e+00 0.0000000e+00 0.0000000e+00
     32     68 0.0000000e+00 0.0000000e+00 0.0000000e+00
     32     69 0.0000000e+00 0.0000000e+00 0.0000000e+00
     32     70 0.0000000e+00 1.8700000e-09 1.1968000e-09
     32     71 0.0000000e+00 2.1800000e-11 1.3952000e-11
     32     71 1.0000000e+00 1.0900000e-11 6.9760100e-12
     32     72 0.0000000e+00 7.4600200e-06 2.3872000e-06
     32     73 0.0000000e+00 9.5200200e-06 2.1896000e-06
     32     73 1.0000000e+00 9.5100200e-06 3.0432100e-06
     32     74 0.0000000e+00 1.3050000e-05 4.1760100e-06
     32     75 0.0000000e+00 1.5840000e-05 7.1280100e-06
     32     75 1.0000000e+00 1.2500000e-06 8.0000200e-07
     32     76 0.0000000e+00 2.1440000e-05 6.8608100e-06
     32     77 0.0000000e+00 1.4570000e-05 9.3248200e-06
     32     77 1.0000000e+00 1.6350000e-05 1.0464000e-05
     32     78 0.0000000e+00 3.4380100e-05 2.2003200e-05
     32     79 1.0000000e+00 1.5071700e-05 9.6459000e-06
     32     79 0.0000000e+00 2.1151200e-05 1.3536800e-05
     32     80 0.0000000e+00 3.2210100e-05 2.0614400e-05
     32     81 0.0000000e+00 2.0330000e-05 1.3011200e-05
     32     82 0.0000000e+00 8.6700200e-06 5.5488100e-06
     32     83 0.0000000e+00 2.4900100e-06 1.5936000e-06
     32     84 0.0000000e+00 4.1700100e-07 2.6688100e-07
     32     85 0.0000000e+00 5.3000100e-08 3.3920100e-08
     32     86 0.0000000e+00 3.3400100e-09 2.1376000e-09
     32     87 0.0000000e+00 1.4300000e-10 9.1520200e-11
     32     88 0.0000000e+00 3.5800100e-12 2.2912000e-12
     32     89 0.0000000e+00 5.5111100e-14 3.5271100e-14
     32     90 0.0000000e+00 4.9759100e-15 3.1845800e-15
     33     69 0.0000000e+00 0.0000000e+00 0.0000000e+00
     33     71 0.0000000e+00 0.0000000e+00 0.0000000e+00
     33     72 0.0000000e+00 7.1200100e-14 4.5568100e-14
     33     73 0.0000000e+00 4.1200100e-12 2.6368100e-12
     33     74 0.0000000e+00 1.5900000e-10 1.0176000e-10
     33     74 1.0000000e+00 1.1200000e-10 7.1680100e-11
     33     75 0.0000000e+00 1.5850000e-05 5.0720100e-06
     33     76 0.0000000e+00 5.1600100e-08 3.3024100e-08
     33     77 0.0000000e+00 2.7960100e-05 1.2582000e-05
     33     78 0.0000000e+00 3.7270100e-05 1.6771500e-05
     33     79 0.0000000e+00 4.6370100e-05 2.9676900e-05
     33     80 0.0000000e+00 6.1410100e-05 2.7634600e-05
     33     81 0.0000000e+00 7.0620100e-05 4.5196900e-05
     33     82 0.0000000e+00 3.9460100e-05 2.5254500e-05
     33     82 1.0000000e+00 3.0790100e-05 1.9705600e-05
     33     83 0.0000000e+00 5.4090100e-05 3.4617700e-05
     33     84 1.0000000e+00 1.3555000e-05 8.6752200e-06
     33     84 0.0000000e+00 1.3965000e-05 8.9376200e-06
     33     85 0.0000000e+00 1.1420000e-05 7.3088200e-06
     33     86 0.0000000e+00 2.4400100e-06 1.5616000e-06
     33     87 0.0000000e+00 3.6600100e-07 2.3424000e-07
     33     88 0.0000000e+00 3.2600100e-08 2.0864000e-08
     33     89 0.0000000e+00 1.6300000e-09 1.0432000e-09
     33     90 0.0000000e+00 1.2194300e-10 7.8043800e-11
     33     91 0.0000000e+00 3.7192300e-13 2.3803000e-13
     33     92 0.0000000e+00 1.2610300e-14 8.0706100e-15
     34     72 0.0000000e+00 0.0000000e+00 0.0000000e+00
     34     73 0.0000000e+00 0.0000000e+00 0.0000000e+00
     34     73 1.0000000e+00 0.0000000e+00 0.0000000e+00
     34     74 0.0000000e+00 5.2200100e-11 2.3490000e-11
     34     75 0.0000000e+00 6.5200100e-13 4.1728100e-13
     34     76 0.0000000e+00 5.1600100e-08 3.3024100e-08
     34     77 0.0000000e+00 2.7960100e-05 8.9472200e-06
     34     77 1.0000000e+00 8.4800200e-08 3.8160100e-08
     34     78 0.0000000e+00 3.7290100e-05 1.1932800e-05
     34     79 0.0000000e+00 4.6610100e-05 2.0974500e-05
     34     79 1.0000000e+00 4.6400100e-05 2.0880000e-05
     34     80 0.0000000e+00 6.3390100e-05 2.0284800e-05
     34     81 0.0000000e+00 8.0070200e-05 3.6031600e-05
     34     81 1.0000000e+00 8.2100200e-06 5.2544100e-06
     34     82 0.0000000e+00 1.0254000e-04 3.2812900e-05
     34     83 0.0000000e+00 7.7730200e-05 4.9747300e-05
     34     83 1.0000000e+00 4.8280100e-05 3.0899300e-05
     34     84 0.0000000e+00 1.3769000e-04 8.8121800e-05
     34     85 0.0000000e+00 6.8950100e-05 4.4128100e-05
     34     85 1.0000000e+00 6.3450100e-05 4.0608100e-05
     34     86 0.0000000e+00 8.5190200e-05 5.4521700e-05
     34     87 0.0000000e+00 4.0030100e-05 2.5619300e-05
     34     88 0.0000000e+00 1.1950000e-05 7.6480200e-06
     34     89 0.0000000e+00 2.1200000e-06 1.3568000e-06
     34     90 0.0000000e+00 2.4800100e-07 1.5872000e-07
     34     91 0.0000000e+00 1.6300000e-08 1.0432000e-08
     34     92 0.0000000e+00 6.6700100e-10 4.2688100e-10
     34     93 0.0000000e+00 4.6996600e-12 3.0077800e-12
     34     94 0.0000000e+00 2.4700100e-13 1.5808000e-13
     34     95 0.0000000e+00 2.1667100e-14 1.3866900e-14
     34     96 0.0000000e+00 0.0000000e+00 0.0000000e+00
     35     75 0.0000000e+00 0.0000000e+00 0.0000000e+00
     35     77 0.0000000e+00 9.0400200e-14 5.7856100e-14
     35     77 1.0000000e+00 6.9600100e-14 4.4544100e-14
     35     78 0.0000000e+00 6.1900100e-12 3.9616100e-12
     35     79 0.0000000e+00 4.6610100e-05 1.4915200e-05
     35     79 1.0000000e+00 1.9100000e-10 1.2224000e-10
     35     80 0.0000000e+00 6.7200100e-09 4.3008100e-09
     35     80 1.0000000e+00 5.0400100e-09 3.2256100e-09
     35     81 0.0000000e+00 8.0170200e-05 2.5654500e-05
     35     82 0.0000000e+00 1.0900000e-06 6.9760100e-07
     35     82 1.0000000e+00 3.2900100e-07 2.1056000e-07
     35     83 0.0000000e+00 1.3322000e-04 5.9949100e-05
     35     84 0.0000000e+00 1.4850000e-04 6.6825100e-05
     35     84 1.0000000e+00 1.9230000e-05 1.2307200e-05
     35     85 0.0000000e+00 2.3261000e-04 1.4887100e-04
     35     86 0.0000000e+00 1.7479000e-04 1.1186600e-04
     35     86 1.0000000e+00 8.9670200e-05 5.7388900e-05
     35     87 0.0000000e+00 2.8210100e-04 1.8054400e-04
     35     88 0.0000000e+00 2.2585000e-04 1.4454400e-04
     35     89 0.0000000e+00 1.2417000e-04 7.9469000e-05
     35     90 0.0000000e+00 4.7310100e-05 3.0278500e-05
     35     91 0.0000000e+00 1.0830000e-05 6.9312100e-06
     35     92 0.0000000e+00 1.5500000e-06 9.9200200e-07
     35     93 0.0000000e+00 1.3900000e-07 8.8960200e-08
     35     94 0.0000000e+00 7.5900200e-09 4.8576100e-09
     35     95 0.0000000e+00 6.4084000e-10 4.1013700e-10
     35     96 0.0000000e+00 4.9400100e-12 3.1616100e-12
     35     97 0.0000000e+00 9.9711800e-14 6.3815500e-14
     36     77 0.0000000e+00 0.0000000e+00 0.0000000e+00
     36     78 0.0000000e+00 0.0000000e+00 0.0000000e+00
     36     79 1.0000000e+00 0.0000000e+00 0.0000000e+00
     36     79 0.0000000e+00 0.0000000e+00 0.0000000e+00
     36     80 0.0000000e+00 6.7200100e-09 3.0240100e-09
     36     81 0.0000000e+00 4.6000100e-11 2.9440100e-11
     36     81 1.0000000e+00 5.9800100e-12 3.8272100e-12
     36     82 0.0000000e+00 1.1000000e-06 7.0400100e-07
     36     83 0.0000000e+00 1.3326000e-04 3.0649900e-05
     36     83 1.0000000e+00 1.3323000e-04 4.2633700e-05
     36     84 0.0000000e+00 1.6825000e-04 5.3840100e-05
     36     85 0.0000000e+00 5.1060100e-05 1.6339200e-05
     36     85 1.0000000e+00 2.3364000e-04 1.0513800e-04
     36     86 0.0000000e+00 3.0023100e-04 9.6073800e-05
     36     87 0.0000000e+00 3.9769100e-04 1.7896100e-04
     36     88 0.0000000e+00 4.9136100e-04 3.1447100e-04
     36     89 0.0000000e+00 5.4207100e-04 3.4692600e-04
     36     90 0.0000000e+00 5.0603100e-04 3.2386000e-04
     36     91 0.0000000e+00 3.4566100e-04 2.2122300e-04
     36     92 0.0000000e+00 1.5513000e-04 9.9283400e-05
     36     93 0.0000000e+00 4.7620100e-05 3.0476900e-05
     36     94 0.0000000e+00 8.9800200e-06 5.7472100e-06
     36     95 0.0000000e+00 1.0800000e-06 6.9120100e-07
     36     96 0.0000000e+00 7.5900200e-08 4.8576100e-08
     36     97 0.0000000e+00 4.3700100e-09 2.7968100e-09
     36     98 0.0000000e+00 9.2600200e-11 5.9264100e-11
     36     99 0.0000000e+00 7.6958200e-13 4.9253300e-13
     36    100 0.0000000e+00 1.0700000e-14 6.8480100e-15
     37     79 0.0000000e+00 0.0000000e+00 0.0000000e+00
     37     81 0.0000000e+00 0.0000000e+00 0.0000000e+00
     37     83 0.0000000e+00 8.2200200e-12 5.2608100e-12
     37     84 0.0000000e+00 3.9700100e-10 2.5408100e-10
     37     85 0.0000000e+00 2.3803000e-04 5.4747000e-05
     37     86 1.0000000e+00 1.2700000e-07 8.1280200e-08
     37     86 0.0000000e+00 2.5400100e-07 1.6256000e-07
     37     87 0.0000000e+00 4.0079100e-04 1.2825300e-04
     37     88 0.0000000e+00 5.1423100e-04 2.3140400e-04
     37     89 0.0000000e+00 6.5164100e-04 4.1705000e-04
     37     90 0.0000000e+00 5.2247100e-04 3.3438100e-04
     37     90 1.0000000e+00 3.2684100e-04 2.0917800e-04
     37     91 0.0000000e+00 1.0186900e-03 6.5196300e-04
     37     92 0.0000000e+00 1.0201700e-03 6.5291000e-04
     37     93 0.0000000e+00 8.5292200e-04 5.4587000e-04
     37     94 0.0000000e+00 4.8233100e-04 3.0869200e-04
     37     95 0.0000000e+00 1.8834000e-04 1.2053800e-04
     37     96 0.0000000e+00 4.6030100e-05 2.9459300e-05
     37     97 0.0000000e+00 9.2300200e-06 5.9072100e-06
     37     98 0.0000000e+00 6.9300100e-07 4.4352100e-07
     37     99 0.0000000e+00 2.2761700e-08 1.4567500e-08
     37    100 0.0000000e+00 1.0800000e-09 6.9120100e-10
     37    101 0.0000000e+00 6.6170300e-12 4.2349000e-12
     37    102 0.0000000e+00 1.9662300e-13 1.2583900e-13
     37    103 0.0000000e+00 3.3093000e-14 2.1179500e-14
     38     83 0.0000000e+00 0.0000000e+00 0.0000000e+00
     38     84 0.0000000e+00 1.1900000e-11 7.6160200e-12
     38     85 1.0000000e+00 7.5500200e-13 4.8320100e-13
     38     85 0.0000000e+00 1.4141200e-12 9.0503500e-13
     38     86 0.0000000e+00 2.5400100e-07 1.6256000e-07
     38     87 0.0000000e+00 4.0079100e-04 9.2181900e-05
     38     87 1.0000000e+00 7.7600200e-10 4.9664100e-10
     38     88 0.0000000e+00 5.1433100e-04 1.6458600e-04
     38     89 0.0000000e+00 6.5331100e-04 2.9399000e-04
     38     90 0.0000000e+00 8.5692200e-04 3.8561500e-04
     38     91 0.0000000e+00 1.1178300e-03 7.1541300e-04
     38     92 0.0000000e+00 1.3902400e-03 8.8975500e-04
     38     93 0.0000000e+00 1.8281800e-03 8.2268300e-04
     38     94 0.0000000e+00 1.9639700e-03 1.2569400e-03
     38     95 0.0000000e+00 1.8916900e-03 1.2106800e-03
     38     96 0.0000000e+00 1.3488600e-03 8.6327200e-04
     38     97 0.0000000e+00 8.4419200e-04 5.4028300e-04
     38     98 0.0000000e+00 2.1017000e-04 1.3450900e-04
     38     99 0.0000000e+00 3.8360100e-05 2.4550500e-05
     38    100 0.0000000e+00 4.0900100e-06 2.6176100e-06
     38    101 0.0000000e+00 2.9000100e-07 1.8560000e-07
     38    102 0.0000000e+00 1.0400000e-08 6.6560100e-09
     38    103 0.0000000e+00 1.4503500e-09 9.2822300e-10
     38    104 0.0000000e+00 3.2400100e-12 2.0736000e-12
     38    105 0.0000000e+00 2.5077600e-13 1.6049700e-13
     39     85 0.0000000e+00 0.0000000e+00 0.0000000e+00
     39     87 0.0000000e+00 2.1000000e-13 1.3440000e-13
     39     88 0.0000000e+00 1.9000000e-11 1.2160000e-11
     39     89 0.0000000e+00 6.5332100e-04 2.0906300e-04
     39     89 1.0000000e+00 6.6200100e-08 2.9790100e-08
     39     90 1.0000000e+00 1.8800000e-08 1.2032000e-08
     39     90 0.0000000e+00 8.5695200e-04 3.8561500e-04
     39     91 1.0000000e+00 6.4874300e-04 4.2352370e-04
     39     91 0.0000000e+00 1.1186300e-03 7.1541300e-04
     39     92 0.0000000e+00 1.3996100e-03 6.2982600e-04
     39     93 1.0000000e+00 6.7123700e-04 2.8504210e-04
     39     93 0.0000000e+00 1.9055500e-03 8.2342770e-04
     39     94 0.0000000e+00 2.3264500e-03 1.0469000e-03
     39     95 0.0000000e+00 3.0262400e-03 1.3618100e-03
     39     96 0.0000000e+00 3.7713800e-03 1.6971200e-03
     39     96 1.0000000e+00 2.1802600e-03 1.3953700e-03
     39     97 1.0000000e+00 0.0000000e+00 0.0000000e+00
     39     97 0.0000000e+00 5.1695500e-03 2.3263000e-03
     39     98 0.0000000e+00 1.7965600e-03 1.1498000e-03
     39     98 1.0000000e+00 1.5864100e-03 1.0153000e-03
     39     99 0.0000000e+00 1.8915700e-03 1.2106100e-03
     39    100 0.0000000e+00 6.4744100e-04 4.1436200e-04
     39    101 0.0000000e+00 1.5499000e-04 9.9193800e-05
     39    102 0.0000000e+00 1.9890000e-05 1.2729600e-05
     39    103 0.0000000e+00 1.6500000e-06 1.0560000e-06
     39    104 0.0000000e+00 8.1600200e-08 5.2224100e-08
     39    105 0.0000000e+00 7.4171200e-09 4.7469600e-09
     39    106 0.0000000e+00 1.3574500e-11 8.6877000e-12
     39    107 0.0000000e+00 1.0032200e-12 6.4206000e-13
     39    108 0.0000000e+00 1.2742700e-14 8.1553100e-15
     40     87 0.0000000e+00 0.0000000e+00 0.0000000e+00
     40     88 0.0000000e+00 0.0000000e+00 0.0000000e+00
     40     89 0.0000000e+00 2.9100100e-14 1.8624000e-14
     40     90 1.0000000e+00 1.7450000e-12 1.1168000e-12
     40     90 0.0000000e+00 8.5695200e-04 3.8561500e-04
     40     91 0.0000000e+00 1.1186300e-03 3.5796200e-04
     40     92 0.0000000e+00 1.3996200e-03 4.4787900e-04
     40     93 0.0000000e+00 1.9058800e-03 4.3835300e-04
     40     94 0.0000000e+00 2.3315200e-03 7.4608800e-04
     40     95 0.0000000e+00 3.0763300e-03 1.3843500e-03
     40     96 0.0000000e+00 4.1026500e-03 1.3128500e-03
     40     97 0.0000000e+00 6.8320900e-03 7.5153000e-04
     40     98 0.0000000e+00 6.7481700e-03 3.0366800e-03
     40     99 0.0000000e+00 7.3440900e-03 2.3501100e-03
     40    100 0.0000000e+00 6.0651100e-03 2.7293000e-03
     40    101 0.0000000e+00 4.0749000e-03 2.6079400e-03
     40    102 0.0000000e+00 1.6675600e-03 1.0672400e-03
     40    103 0.0000000e+00 4.5546100e-04 2.9149500e-04
     40    104 0.0000000e+00 7.9680200e-05 5.0995300e-05
     40    105 0.0000000e+00 1.2500000e-05 8.0000200e-06
     40    106 0.0000000e+00 7.1800100e-07 4.5952100e-07
     40    107 0.0000000e+00 4.3967500e-08 2.8139200e-08
     40    108 0.0000000e+00 6.7400100e-10 4.3136100e-10
     40    109 0.0000000e+00 6.7621000e-12 4.3277500e-12
     40    110 0.0000000e+00 8.1100200e-14 5.1904100e-14
     41     89 0.0000000e+00 0.0000000e+00 0.0000000e+00
     41     90 0.0000000e+00 0.0000000e+00 0.0000000e+00
     41     91 0.0000000e+00 0.0000000e+00 0.0000000e+00
     41     92 0.0000000e+00 5.2300100e-13 3.3472100e-13
     41     93 0.0000000e+00 1.9058800e-03 4.3835300e-04
     41     93 1.0000000e+00 1.8105800e-03 4.1643400e-04
     41     94 0.0000000e+00 3.0900100e-09 1.9776000e-09
     41     94 1.0000000e+00 1.2700000e-09 8.1280200e-10
     41     95 0.0000000e+00 3.0764400e-03 1.3844000e-03
     41     95 1.0000000e+00 3.0780100e-05 1.3851000e-05
     41     96 0.0000000e+00 2.4200100e-06 1.5488000e-06
     41     97 0.0000000e+00 6.8718200e-03 7.5590100e-04
     41     97 1.0000000e+00 6.4297100e-03 7.0726800e-04
     41     98 0.0000000e+00 6.9324800e-03 3.1196200e-03
     41     98 1.0000000e+00 6.1440100e-05 3.9321700e-05
     41     99 0.0000000e+00 5.2376300e-03 1.6760400e-03
     41     99 1.0000000e+00 3.3160200e-03 1.4922100e-03
     41    100 0.0000000e+00 4.6929200e-03 2.1118100e-03
     41    100 1.0000000e+00 4.6929200e-03 2.1118100e-03
     41    101 0.0000000e+00 1.0623300e-02 4.7805000e-03
     41    102 1.0000000e+00 3.9293300e-03 2.5147700e-03
     41    102 0.0000000e+00 5.5969000e-03 3.5820100e-03
     41    103 0.0000000e+00 6.7681400e-03 3.0456600e-03
     41    104 1.0000000e+00 1.7590600e-03 1.1258000e-03
     41    104 0.0000000e+00 1.8387300e-03 1.1767900e-03
     41    105 0.0000000e+00 1.8068800e-03 1.1564100e-03
     41    106 0.0000000e+00 3.5990100e-04 2.3033600e-04
     41    107 0.0000000e+00 5.0020100e-05 3.2012900e-05
     41    108 0.0000000e+00 4.1500100e-06 2.6560100e-06
     41    109 0.0000000e+00 2.0000000e-07 1.2800000e-07
     41    110 0.0000000e+00 6.7100100e-09 4.2944100e-09
     41    111 0.0000000e+00 2.9434400e-11 1.8838000e-11
     41    112 0.0000000e+00 1.0852100e-12 6.9453200e-13
     41    113 0.0000000e+00 1.7489200e-13 1.1193100e-13
     42     90 0.0000000e+00 0.0000000e+00 0.0000000e+00
     42     91 0.0000000e+00 0.0000000e+00 0.0000000e+00
     42     92 0.0000000e+00 0.0000000e+00 0.0000000e+00
     42     93 1.0000000e+00 0.0000000e+00 0.0000000e+00
     42     93 0.0000000e+00 0.0000000e+00 0.0000000e+00
     42     94 0.0000000e+00 3.1000100e-09 1.9840000e-09
     42     95 0.0000000e+00 3.0764400e-03 9.8446000e-04
     42     96 0.0000000e+00 2.4200100e-06 1.5488000e-06
     42     97 0.0000000e+00 6.8718600e-03 7.5590500e-04
     42     98 0.0000000e+00 6.9948300e-03 2.2383500e-03
     42     99 0.0000000e+00 8.5690900e-03 2.7421100e-03
     42    100 0.0000000e+00 9.5202700e-03 2.1896600e-03
     42    101 0.0000000e+00 1.1419100e-02 3.6541300e-03
     42    102 0.0000000e+00 1.2315500e-02 5.5419900e-03
     42    103 0.0000000e+00 1.2911300e-02 4.1316200e-03
     42    104 0.0000000e+00 1.3255600e-02 5.9650100e-03
     42    105 0.0000000e+00 1.5700600e-02 3.6111400e-03
     42    106 0.0000000e+00 8.9465800e-03 4.0259600e-03
     42    107 0.0000000e+00 3.8368400e-03 2.4555800e-03
     42    108 0.0000000e+00 1.0433600e-03 6.6775200e-04
     42    109 0.0000000e+00 1.7775000e-04 1.1376000e-04
     42    110 0.0000000e+00 2.0860000e-05 1.3350400e-05
     42    111 0.0000000e+00 1.2900000e-06 8.2560200e-07
     42    112 0.0000000e+00 5.7400100e-08 3.6736100e-08
     42    113 0.0000000e+00 7.6648700e-09 4.9055200e-09
     42    114 0.0000000e+00 2.6100100e-11 1.6704000e-11
     42    115 0.0000000e+00 9.7762600e-13 6.2568100e-13
     42    116 0.0000000e+00 0.0000000e+00 0.0000000e+00
     43     93 0.0000000e+00 0.0000000e+00 0.0000000e+00
     43     95 0.0000000e+00 0.0000000e+00 0.0000000e+00
     43     95 1.0000000e+00 0.0000000e+00 0.0000000e+00
     43     97 1.0000000e+00 9.1500200e-13 5.8560100e-13
     43     97 0.0000000e+00 1.8300000e-12 1.1712000e-12
     43     98 0.0000000e+00 1.3900000e-10 8.8960200e-11
     43     99 0.0000000e+00 8.5691000e-03 1.9708900e-03
     43     99 1.0000000e+00 7.5408000e-03 1.7343800e-03
     43    100 0.0000000e+00 2.5900100e-07 1.6576000e-07
     43    101 0.0000000e+00 1.1424300e-02 3.6557900e-03
     43    102 0.0000000e+00 6.4781100e-04 2.0730000e-04
     43    102 1.0000000e+00 1.2346000e-02 3.9507300e-03
     43    103 0.0000000e+00 1.3327300e-02 4.2647300e-03
     43    104 0.0000000e+00 1.5214100e-02 4.8685200e-03
     43    105 0.0000000e+00 2.3595000e-02 3.7752000e-03
     43    106 0.0000000e+00 2.2574800e-02 5.1922000e-03
     43    107 0.0000000e+00 2.0507300e-02 4.7166800e-03
     43    108 0.0000000e+00 1.4330200e-02 3.2959500e-03
     43    109 0.0000000e+00 7.3593400e-03 3.3117000e-03
     43    110 0.0000000e+00 2.7508800e-03 1.7605600e-03
     43    111 0.0000000e+00 5.7084100e-04 3.6533800e-04
     43    112 0.0000000e+00 8.7720200e-05 5.6140900e-05
     43    113 0.0000000e+00 8.7200200e-06 5.5808100e-06
     43    114 0.0000000e+00 5.0600100e-07 3.2384100e-07
     43    115 0.0000000e+00 2.8914900e-08 1.8505500e-08
     43    116 0.0000000e+00 3.9700100e-10 2.5408100e-10
     43    117 0.0000000e+00 3.6051400e-12 2.3072900e-12
     43    118 0.0000000e+00 8.5077200e-14 5.4449400e-14
     44     95 0.0000000e+00 0.0000000e+00 0.0000000e+00
     44     96 0.0000000e+00 0.0000000e+00 0.0000000e+00
     44     97 0.0000000e+00 0.0000000e+00 0.0000000e+00
     44     98 0.0000000e+00 1.3900000e-10 8.8960200e-11
     44     99 0.0000000e+00 8.5691000e-03 1.9708900e-03
     44    100 0.0000000e+00 2.5900100e-07 1.6576000e-07
     44    101 0.0000000e+00 1.1424300e-02 2.6276000e-03
     44    102 0.0000000e+00 1.2376600e-02 2.8466200e-03
     44    103 0.0000000e+00 1.3328700e-02 4.2651800e-03
     44    104 0.0000000e+00 1.5237000e-02 3.5045000e-03
     44    105 0.0000000e+00 2.3888000e-02 2.6276800e-03
     44    106 0.0000000e+00 2.4142400e-02 5.5527400e-03
     44    107 0.0000000e+00 2.5974600e-02 5.9741500e-03
     44    108 0.0000000e+00 2.6306000e-02 4.2089600e-03
     44    109 1.0000000e+00 9.0845300e-03 5.8141000e-03
     44    109 0.0000000e+00 2.5528400e-02 1.2090590e-02
     44    110 0.0000000e+00 2.2259900e-02 5.1197900e-03
     44    111 0.0000000e+00 1.2709800e-02 2.9232500e-03
     44    112 0.0000000e+00 5.9713500e-03 2.6871100e-03
     44    113 0.0000000e+00 1.9383500e-03 1.2405500e-03
     44    114 0.0000000e+00 3.8291100e-04 2.4506300e-04
     44    115 0.0000000e+00 4.8730100e-05 3.1187300e-05
     44    116 0.0000000e+00 3.6200100e-06 2.3168000e-06
     44    117 0.0000000e+00 1.5800000e-07 1.0112000e-07
     44    118 0.0000000e+00 4.5000100e-09 2.8800100e-09
     44    119 0.0000000e+00 7.1600100e-11 4.5824100e-11
     44    120 0.0000000e+00 5.8500100e-13 3.7440100e-13
     44    122 0.0000000e+00 0.0000000e+00 0.0000000e+00
     44    124 0.0000000e+00 0.0000000e+00 0.0000000e+00
     45     99 0.0000000e+00 0.0000000e+00 0.0000000e+00
     45    101 0.0000000e+00 0.0000000e+00 0.0000000e+00
     45    101 1.0000000e+00 1.1700000e-14 7.4880200e-15
     45    102 0.0000000e+00 1.1500000e-12 7.3600200e-13
     45    102 1.0000000e+00 1.1500000e-12 7.3600200e-13
     45    103 0.0000000e+00 1.3328700e-02 3.0656000e-03
     45    103 1.0000000e+00 1.3195400e-02 4.2225300e-03
     45    104 0.0000000e+00 1.1500000e-08 7.3600200e-09
     45    104 1.0000000e+00 8.6300200e-09 5.5232100e-09
     45    105 0.0000000e+00 2.3888500e-02 1.9110800e-03
     45    105 1.0000000e+00 6.4498100e-03 7.0947900e-04
     45    106 0.0000000e+00 2.4147200e-02 5.5538500e-03
     45    106 1.0000000e+00 4.8100100e-06 3.0784100e-06
     45    107 0.0000000e+00 2.6084000e-02 5.9993300e-03
     45    108 0.0000000e+00 2.6678300e-02 4.2685300e-03
     45    108 1.0000000e+00 3.7228100e-04 2.3826000e-04
     45    109 0.0000000e+00 2.8950200e-02 1.8528100e-02
     45    109 1.0000000e+00 0.0000000e+00 0.0000000e+00
     45    110 0.0000000e+00 2.7379200e-02 6.2972200e-03
     45    110 1.0000000e+00 5.1192500e-03 2.3036600e-03
     45    111 0.0000000e+00 3.0081600e-02 4.8130600e-03
     45    112 0.0000000e+00 2.9257600e-02 6.7292500e-03
     45    113 0.0000000e+00 2.3997400e-02 5.5194000e-03
     45    114 0.0000000e+00 1.3735000e-02 3.1590500e-03
     45    115 0.0000000e+00 5.5237600e-03 2.4856900e-03
     45    116 0.0000000e+00 1.3235800e-03 8.4709300e-04
     45    117 0.0000000e+00 1.9879000e-04 1.2722600e-04
     45    118 0.0000000e+00 1.9350000e-05 1.2384000e-05
     45    119 0.0000000e+00 1.1000000e-06 7.0400100e-07
     45    120 0.0000000e+00 3.3600100e-08 2.1504000e-08
     45    121 0.0000000e+00 6.1300100e-10 3.9232100e-10
     45    122 0.0000000e+00 2.3900000e-12 1.5296000e-12
     45    123 0.0000000e+00 0.0000000e+00 0.0000000e+00
     45    124 0.0000000e+00 0.0000000e+00 0.0000000e+00
     46     99 0.0000000e+00 0.0000000e+00 0.0000000e+00
     46    101 0.0000000e+00 0.0000000e+00 0.0000000e+00
     46    102 0.0000000e+00 1.8500000e-13 1.1840000e-13
     46    103 0.0000000e+00 0.0000000e+00 0.0000000e+00
     46    104 0.0000000e+00 1.1500000e-08 5.1750100e-09
     46    105 0.0000000e+00 2.3888500e-02 1.9110800e-03
     46    106 0.0000000e+00 2.4152000e-02 3.8643200e-03
     46    107 0.0000000e+00 2.6084100e-02 5.9993500e-03
     46    107 1.0000000e+00 6.3900100e-08 4.0896100e-08
     46    108 0.0000000e+00 2.7052900e-02 4.3284600e-03
     46    109 0.0000000e+00 2.8986500e-02 1.2286120e-02
     46    109 1.0000000e+00 2.3600000e-05 1.5104000e-05
     46    110 0.0000000e+00 3.2846700e-02 5.2554700e-03
     46    111 0.0000000e+00 3.1500000e-02 5.0400000e-03
     46    111 1.0000000e+00 1.2923800e-03 8.2712500e-04
     46    112 0.0000000e+00 3.6131300e-02 5.7810100e-03
     46    113 0.0000000e+00 4.1539100e-02 6.6462500e-03
     46    114 0.0000000e+00 4.3394600e-02 9.9807500e-03
     46    115 0.0000000e+00 3.9706500e-02 9.1325000e-03
     46    116 0.0000000e+00 2.5018200e-02 5.7541800e-03
     46    117 0.0000000e+00 1.1336800e-02 2.6074600e-03
     46    118 0.0000000e+00 3.4659600e-03 2.2182100e-03
     46    119 0.0000000e+00 6.6720100e-04 4.2700900e-04
     46    120 0.0000000e+00 7.3210200e-05 4.6854500e-05
     46    121 0.0000000e+00 4.9000100e-06 3.1360100e-06
     46    122 0.0000000e+00 9.2200200e-08 5.9008100e-08
     46    123 0.0000000e+00 8.9800200e-10 5.7472100e-10
     46    124 0.0000000e+00 0.0000000e+00 0.0000000e+00
     46    125 0.0000000e+00 0.0000000e+00 0.0000000e+00
     46    126 0.0000000e+00 0.0000000e+00 0.0000000e+00
     46    128 0.0000000e+00 0.0000000e+00 0.0000000e+00
     46    129 0.0000000e+00 0.0000000e+00 0.0000000e+00
     46    130 0.0000000e+00 0.0000000e+00 0.0000000e+00
     47    103 0.0000000e+00 0.0000000e+00 0.0000000e+00
     47    105 0.0000000e+00 0.0000000e+00 0.0000000e+00
     47    105 1.0000000e+00 0.0000000e+00 0.0000000e+00
     47    106 0.0000000e+00 0.0000000e+00 0.0000000e+00
     47    106 1.0000000e+00 1.6400000e-14 1.0496000e-14
     47    107 0.0000000e+00 2.6084100e-02 4.1734600e-03
     47    107 1.0000000e+00 2.9700100e-12 1.9008000e-12
     47    108 1.0000000e+00 1.4350000e-10 9.1840200e-11
     47    108 0.0000000e+00 1.5598500e-10 9.9830300e-11
     47    109 1.0000000e+00 2.8972600e-02 1.2279980e-02
     47    109 0.0000000e+00 2.8986500e-02 1.2286120e-02
     47    110 0.0000000e+00 1.7200000e-07 1.1008000e-07
     47    110 1.0000000e+00 3.8900100e-07 2.4896100e-07
     47    111 0.0000000e+00 3.1785900e-02 5.0857400e-03
     47    111 1.0000000e+00 3.1568400e-02 5.0509400e-03
     47    112 0.0000000e+00 3.6253500e-02 5.8005600e-03
     47    113 0.0000000e+00 3.7514600e-02 4.1266000e-03
     47    113 1.0000000e+00 5.0199500e-03 1.1545900e-03
     47    114 0.0000000e+00 4.8259400e-02 1.1099700e-02
     47    115 0.0000000e+00 3.6857500e-02 8.4772300e-03
     47    115 1.0000000e+00 1.8592500e-02 5.9496100e-03
     47    116 0.0000000e+00 2.7037800e-02 4.3260500e-03
     47    116 1.0000000e+00 2.7037800e-02 4.3260500e-03
     47    117 0.0000000e+00 2.4473900e-02 5.6290100e-03
     47    117 1.0000000e+00 2.4473900e-02 5.6290100e-03
     47    118 0.0000000e+00 2.6211300e-02 4.1938000e-03
     47    118 1.0000000e+00 1.7952900e-02 4.1291700e-03
     47    119 0.0000000e+00 1.9623300e-02 4.5133500e-03
     47    120 1.0000000e+00 3.4242400e-03 2.1915100e-03
     47    120 0.0000000e+00 4.7644200e-03 3.0492300e-03
     47    121 0.0000000e+00 1.5820800e-03 1.0125300e-03
     47    122 1.0000000e+00 6.8230100e-05 4.3667300e-05
     47    122 0.0000000e+00 6.8320100e-05 4.3724900e-05
     47    123 0.0000000e+00 6.0900100e-06 3.8976100e-06
     47    124 0.0000000e+00 1.6700000e-12 1.0688000e-12
     47    125 0.0000000e+00 1.1700000e-13 7.4880200e-14
     47    126 0.0000000e+00 1.0700000e-14 6.8480100e-15
     47    127 0.0000000e+00 0.0000000e+00 0.0000000e+00
     47    128 0.0000000e+00 0.0000000e+00 0.0000000e+00
     47    129 0.0000000e+00 2.2641700e-16 1.4490700e-16
     47    130 0.0000000e+00 6.1800100e-10 3.9552100e-10
     47    131 0.0000000e+00 6.0009600e-12 3.8406100e-12
     47    132 0.0000000e+00 2.0418500e-13 1.3067900e-13
     48    105 0.0000000e+00 0.0000000e+00 0.0000000e+00
     48    106 0.0000000e+00 0.0000000e+00 0.0000000e+00
     48    107 0.0000000e+00 0.0000000e+00 0.0000000e+00
     48    108 0.0000000e+00 2.8100100e-10 1.7984000e-10
     48    109 0.0000000e+00 2.8800100e-13 1.8432000e-13
     48    110 0.0000000e+00 5.5500100e-07 3.5520100e-07
     48    111 0.0000000e+00 3.1880600e-02 5.1009000e-03
     48    111 1.0000000e+00 1.6700000e-09 1.0688000e-09
     48    112 0.0000000e+00 3.6253600e-02 5.8005700e-03
     48    113 0.0000000e+00 4.2047900e-02 4.6252700e-03
     48    113 1.0000000e+00 4.8978100e-04 5.3875900e-05
     48    114 0.0000000e+00 4.8303900e-02 7.7286300e-03
     48    115 0.0000000e+00 5.1125400e-02 5.6237900e-03
     48    115 1.0000000e+00 4.7873400e-03 1.1010900e-03
     48    116 0.0000000e+00 5.6608800e-02 6.2269700e-03
     48    117 0.0000000e+00 3.8889500e-02 6.2223200e-03
     48    117 1.0000000e+00 1.9530600e-02 6.2498000e-03
     48    118 0.0000000e+00 5.7928100e-02 9.2685000e-03
     48    119 0.0000000e+00 2.7370000e-02 6.2951000e-03
     48    119 1.0000000e+00 2.7370000e-02 6.2951000e-03
     48    120 0.0000000e+00 4.3286000e-02 9.9557700e-03
     48    121 1.0000000e+00 1.2634200e-02 8.0859000e-03
     48    121 0.0000000e+00 1.4216500e-02 9.0985900e-03
     48    122 0.0000000e+00 9.0244100e-03 4.0609800e-03
     48    123 0.0000000e+00 1.6836400e-03 1.0775300e-03
     48    124 0.0000000e+00 5.5000100e-06 3.5200100e-06
     48    125 0.0000000e+00 1.0800000e-06 6.9120100e-07
     48    126 0.0000000e+00 2.1700000e-07 1.3888000e-07
     48    127 0.0000000e+00 7.3000200e-08 4.6720100e-08
     48    128 0.0000000e+00 2.2600000e-08 1.4464000e-08
     48    129 0.0000000e+00 5.5200100e-09 3.5328100e-09
     48    130 0.0000000e+00 3.8100100e-06 2.4384100e-06
     48    131 0.0000000e+00 2.6300100e-07 1.6832000e-07
     48    132 0.0000000e+00 1.0800000e-08 6.9120100e-09
     48    133 0.0000000e+00 7.4383100e-11 4.7605200e-11
     48    134 0.0000000e+00 1.6000000e-12 1.0240000e-12
     48    135 0.0000000e+00 1.6491000e-13 1.0554300e-13
     48    136 0.0000000e+00 0.0000000e+00 0.0000000e+00
     49    107 0.0000000e+00 0.0000000e+00 0.0000000e+00
     49    109 0.0000000e+00 0.0000000e+00 0.0000000e+00
     49    111 0.0000000e+00 1.8200000e-14 1.1648000e-14
     49    112 0.0000000e+00 2.9300100e-12 1.8752000e-12
     49    112 1.0000000e+00 2.3800000e-12 1.5232000e-12
     49    113 0.0000000e+00 4.2537200e-02 4.6791000e-03
     49    113 1.0000000e+00 5.6500100e-11 3.6160100e-11
     49    114 0.0000000e+00 1.6900000e-08 1.0816000e-08
     49    114 1.0000000e+00 1.3000000e-08 8.3200200e-09
     49    115 0.0000000e+00 5.4021700e-02 4.3217300e-03
     49    115 1.0000000e+00 5.1126000e-02 5.6238600e-03
     49    116 2.0000000e+00 3.8000100e-06 2.4320100e-06
     49    116 0.0000000e+00 3.8000100e-06 2.4320100e-06
     49    116 1.0000000e+00 7.6000200e-06 4.8640100e-06
     49    117 0.0000000e+00 3.9480600e-02 6.3168900e-03
     49    117 1.0000000e+00 3.6000400e-02 5.7600600e-03
     49    118 2.0000000e+00 1.2506000e-04 8.0038600e-05
     49    118 0.0000000e+00 5.8678500e-02 9.3885600e-03
     49    118 1.0000000e+00 2.4824500e-04 1.5887700e-04
     49    119 0.0000000e+00 3.2640700e-02 7.5073700e-03
     49    119 1.0000000e+00 2.8274700e-02 4.5239600e-03
     49    120 2.0000000e+00 0.0000000e+00 0.0000000e+00
     49    120 0.0000000e+00 2.8805700e-02 6.6253200e-03
     49    120 1.0000000e+00 2.8805700e-02 6.6253200e-03
     49    121 0.0000000e+00 3.5516000e-02 2.2730300e-02
     49    121 1.0000000e+00 1.9528900e-02 1.2498500e-02
     49    122 2.0000000e+00 0.0000000e+00 0.0000000e+00
     49    122 0.0000000e+00 2.6152500e-02 6.0150900e-03
     49    122 1.0000000e+00 1.7128100e-02 3.9394700e-03
     49    123 0.0000000e+00 2.0198200e-02 4.6455800e-03
     49    123 1.0000000e+00 4.8209900e-03 3.0854300e-03
     49    124 1.0000000e+00 4.2750900e-03 2.7360600e-03
     49    124 0.0000000e+00 4.2805900e-03 2.7395800e-03
     49    125 0.0000000e+00 2.1676300e-03 1.3872900e-03
     49    125 1.0000000e+00 2.1672000e-03 1.3870100e-03
     49    126 1.0000000e+00 9.2149400e-04 5.8975600e-04
     49    126 0.0000000e+00 9.2128000e-04 5.8961900e-04
     49    127 0.0000000e+00 5.6639100e-04 3.6249000e-04
     49    127 1.0000000e+00 5.6639100e-04 3.6249000e-04
     49    128 1.0000000e+00 3.2178100e-04 2.0594000e-04
     49    128 0.0000000e+00 3.2180100e-04 2.0595200e-04
     49    129 0.0000000e+00 1.6920000e-04 1.0828800e-04
     49    129 1.0000000e+00 1.6919000e-04 1.0828200e-04
     49    130 2.0000000e+00 0.0000000e+00 0.0000000e+00
     49    130 1.0000000e+00 0.0000000e+00 0.0000000e+00
     49    130 0.0000000e+00 9.5795200e-04 6.1308900e-04
     49    131 1.0000000e+00 0.0000000e+00 0.0000000e+00
     49    131 0.0000000e+00 2.1872000e-04 1.3998100e-04
     49    132 0.0000000e+00 3.2540100e-05 2.0825600e-05
     49    133 0.0000000e+00 2.2000000e-06 1.4080000e-06
     49    134 0.0000000e+00 7.0400100e-08 4.5056100e-08
     49    135 0.0000000e+00 4.8775000e-09 3.1216000e-09
     49    136 0.0000000e+00 1.1600000e-11 7.4240200e-12
     49    137 0.0000000e+00 1.5196300e-13 9.7256600e-14
     50    111 0.0000000e+00 0.0000000e+00 0.0000000e+00
     50    112 0.0000000e+00 1.2900000e-12 8.2560200e-13
     50    113 1.0000000e+00 0.0000000e+00 0.0000000e+00
     50    113 0.0000000e+00 0.0000000e+00 0.0000000e+00
     50    114 0.0000000e+00 1.6500000e-08 7.4250200e-09
     50    115 0.0000000e+00 5.5913300e-02 4.4730700e-03
     50    116 0.0000000e+00 1.1400000e-05 5.1300100e-06
     50    117 1.0000000e+00 1.2638400e-04 8.0885600e-05
     50    117 0.0000000e+00 5.8560900e-02 3.7479000e-02
     50    118 0.0000000e+00 5.8930800e-02 9.4289300e-03
     50    119 0.0000000e+00 5.9536900e-02 6.5490600e-03
     50    119 1.0000000e+00 1.6590900e-03 3.8159100e-04
     50    120 0.0000000e+00 5.7964700e-02 9.2743500e-03
     50    121 0.0000000e+00 5.5744400e-02 3.5676400e-02
     50    121 1.0000000e+00 5.5606900e-03 3.5588400e-03
     50    122 0.0000000e+00 5.3134300e-02 8.5014900e-03
     50    123 0.0000000e+00 1.6122700e-02 3.7082100e-03
     50    123 1.0000000e+00 3.1604500e-02 7.2690300e-03
     50    124 0.0000000e+00 3.8081100e-02 8.7586500e-03
     50    125 0.0000000e+00 1.8178200e-02 2.9085100e-03
     50    125 1.0000000e+00 1.0405400e-02 4.6824400e-03
     50    126 0.0000000e+00 2.2216400e-02 5.1097700e-03
     50    127 0.0000000e+00 1.4643100e-02 3.3679200e-03
     50    127 1.0000000e+00 5.9160700e-03 2.6622300e-03
     50    128 1.0000000e+00 8.7313400e-03 5.5880600e-03
     50    128 0.0000000e+00 1.8110800e-02 1.1590900e-02
     50    129 0.0000000e+00 1.2219000e-02 2.8103700e-03
     50    129 1.0000000e+00 4.8596500e-03 3.1101800e-03
     50    130 1.0000000e+00 6.3768000e-03 4.0811500e-03
     50    130 0.0000000e+00 6.7732100e-03 4.3348500e-03
     50    131 1.0000000e+00 4.1758500e-03 2.6725500e-03
     50    131 0.0000000e+00 4.3708200e-03 2.7973300e-03
     50    132 0.0000000e+00 4.1617100e-03 2.6634900e-03
     50    133 0.0000000e+00 9.7068200e-04 6.2123600e-04
     50    134 0.0000000e+00 1.1856000e-04 7.5878600e-05
     50    135 0.0000000e+00 8.2200200e-06 5.2608100e-06
     50    136 0.0000000e+00 3.0100100e-07 1.9264000e-07
     50    137 0.0000000e+00 6.6600100e-09 4.2624100e-09
     50    138 0.0000000e+00 8.2400200e-11 5.2736100e-11
     50    139 0.0000000e+00 1.0210800e-12 6.5349000e-13
     51    113 0.0000000e+00 0.0000000e+00 0.0000000e+00
     51    115 0.0000000e+00 0.0000000e+00 0.0000000e+00
     51    117 0.0000000e+00 2.2900000e-12 1.4656000e-12
     51    118 0.0000000e+00 7.8100200e-11 4.9984100e-11
     51    118 1.0000000e+00 1.1200000e-10 7.1680100e-11
     51    119 0.0000000e+00 1.0900000e-08 6.9760100e-09
     51    120 0.0000000e+00 1.6300000e-07 1.0432000e-07
     51    120 1.0000000e+00 2.3400000e-07 1.4976000e-07
     51    121 0.0000000e+00 5.6998700e-02 9.1197900e-03
     51    122 0.0000000e+00 1.6984000e-04 1.0869800e-04
     51    122 1.0000000e+00 9.0020200e-05 5.7612900e-05
     51    123 0.0000000e+00 4.9270000e-02 7.8832000e-03
     51    124 2.0000000e+00 0.0000000e+00 0.0000000e+00
     51    124 0.0000000e+00 7.1157100e-04 4.5540600e-04
     51    124 1.0000000e+00 3.5579100e-04 2.2770600e-04
     51    125 0.0000000e+00 3.0163000e-02 4.8260700e-03
     51    126 2.0000000e+00 1.5461600e-02 9.8954200e-03
     51    126 0.0000000e+00 3.9490400e-03 9.0827900e-04
     51    126 1.0000000e+00 2.3369600e-02 5.3750100e-03
     51    127 0.0000000e+00 2.3218400e-02 2.5540200e-03
     51    128 0.0000000e+00 2.0568300e-03 1.3163700e-03
     51    128 1.0000000e+00 2.0364700e-02 1.3033400e-02
     51    129 0.0000000e+00 2.2636300e-02 2.4899900e-03
     51    130 0.0000000e+00 1.0443200e-02 6.6836300e-03
     51    130 1.0000000e+00 1.3697000e-02 8.7660800e-03
     51    131 0.0000000e+00 2.8555100e-02 6.5676800e-03
     51    132 0.0000000e+00 1.8756700e-02 4.3140400e-03
     51    132 1.0000000e+00 1.4156500e-02 3.2559900e-03
     51    133 0.0000000e+00 2.1626500e-02 4.9740900e-03
     51    134 1.0000000e+00 4.3523100e-03 2.7854800e-03
     51    134 0.0000000e+00 4.4491700e-03 2.8474700e-03
     51    135 0.0000000e+00 2.2028600e-03 1.4098300e-03
     51    136 0.0000000e+00 3.0326100e-04 1.9408700e-04
     51    137 0.0000000e+00 2.6000100e-05 1.6640000e-05
     51    138 0.0000000e+00 1.2300000e-06 7.8720200e-07
     51    139 0.0000000e+00 3.0200100e-08 1.9328000e-08
     51    140 0.0000000e+00 5.8419600e-11 3.7388600e-11
     51    141 0.0000000e+00 2.5130600e-12 1.6083600e-12
     51    142 0.0000000e+00 2.2687200e-14 1.4519800e-14
     52    115 0.0000000e+00 0.0000000e+00 0.0000000e+00
     52    117 0.0000000e+00 0.0000000e+00 0.0000000e+00
     52    118 0.0000000e+00 0.0000000e+00 0.0000000e+00
     52    119 0.0000000e+00 1.2700000e-13 8.1280200e-14
     52    120 0.0000000e+00 1.7300000e-11 1.1072000e-11
     52    121 1.0000000e+00 7.0000100e-10 4.4800100e-10
     52    121 0.0000000e+00 1.3202000e-09 8.4493000e-10
     52    122 0.0000000e+00 1.6488000e-04 1.0552300e-04
     52    123 0.0000000e+00 5.2300100e-06 3.3472100e-06
     52    123 1.0000000e+00 4.0200100e-06 2.5728100e-06
     52    124 0.0000000e+00 7.1159100e-04 4.5541900e-04
     52    125 0.0000000e+00 3.0163000e-02 3.3179300e-03
     52    125 1.0000000e+00 6.7867200e-03 1.0858800e-03
     52    126 0.0000000e+00 2.4047100e-02 3.8475400e-03
     52    127 0.0000000e+00 2.3129800e-02 1.8503800e-03
     52    127 1.0000000e+00 3.7153500e-03 4.0868800e-04
     52    128 0.0000000e+00 2.1689700e-02 3.4703600e-03
     52    129 0.0000000e+00 2.1271800e-02 1.7017400e-03
     52    129 1.0000000e+00 3.7607500e-03 4.1368200e-04
     52    130 0.0000000e+00 2.4823800e-02 5.7094700e-03
     52    131 0.0000000e+00 2.8403000e-02 4.5444800e-03
     52    131 1.0000000e+00 4.5257100e-03 2.0365700e-03
     52    132 0.0000000e+00 4.7603500e-02 3.8082800e-03
     52    133 0.0000000e+00 2.5017000e-02 5.7539000e-03
     52    133 1.0000000e+00 3.0056000e-02 6.9128700e-03
     52    134 0.0000000e+00 4.6401900e-02 1.0672400e-02
     52    135 0.0000000e+00 3.1548800e-02 7.2562200e-03
     52    136 0.0000000e+00 1.4012200e-02 3.2228000e-03
     52    137 0.0000000e+00 4.2436800e-03 2.7159500e-03
     52    138 0.0000000e+00 7.2008100e-04 4.6085200e-04
     52    139 0.0000000e+00 6.7950100e-05 4.3488100e-05
     52    140 0.0000000e+00 3.0900100e-06 1.9776000e-06
     52    141 0.0000000e+00 1.1013900e-07 7.0488700e-08
     52    142 0.0000000e+00 1.2000000e-09 7.6800200e-10
     52    143 0.0000000e+00 3.4825800e-12 2.2288500e-12
     52    144 0.0000000e+00 2.9514400e-13 1.8889200e-13
     53    121 0.0000000e+00 0.0000000e+00 0.0000000e+00
     53    123 0.0000000e+00 7.1900100e-10 4.6016100e-10
     53    125 0.0000000e+00 0.0000000e+00 0.0000000e+00
     53    126 0.0000000e+00 1.0400000e-14 6.6560100e-15
     53    127 0.0000000e+00 2.3219000e-02 1.8575200e-03
     53    128 0.0000000e+00 2.3700000e-13 1.5168000e-13
     53    129 0.0000000e+00 2.2640700e-02 1.8112600e-03
     53    130 0.0000000e+00 2.0200000e-06 1.2928000e-06
     53    130 1.0000000e+00 6.3400100e-07 4.0576100e-07
     53    131 0.0000000e+00 3.2149700e-02 3.5364700e-03
     53    132 1.0000000e+00 2.4263100e-04 1.5528400e-04
     53    132 0.0000000e+00 4.8056700e-02 3.8137860e-03
     53    133 1.0000000e+00 1.5211600e-03 9.7354400e-04
     53    133 0.0000000e+00 5.4208000e-02 9.0989400e-03
     53    134 0.0000000e+00 5.8219700e-02 9.3151500e-03
     53    134 1.0000000e+00 5.0061700e-03 2.2527800e-03
     53    135 0.0000000e+00 5.9774600e-02 6.5752000e-03
     53    136 0.0000000e+00 3.3227900e-02 5.3164600e-03
     53    136 1.0000000e+00 1.9433600e-02 4.4697200e-03
     53    137 0.0000000e+00 4.0749400e-02 9.3723700e-03
     53    138 0.0000000e+00 2.0546000e-02 4.7255800e-03
     53    139 0.0000000e+00 6.6148600e-03 2.9766900e-03
     53    140 0.0000000e+00 1.1304100e-03 7.2346400e-04
     53    141 0.0000000e+00 1.2530000e-04 8.0192200e-05
     53    142 0.0000000e+00 7.1300100e-06 4.5632100e-06
     53    143 0.0000000e+00 1.0300300e-07 6.5922000e-08
     53    144 0.0000000e+00 7.2330100e-09 4.6291300e-09
     53    145 0.0000000e+00 1.5173500e-11 9.7110600e-12
     53    146 0.0000000e+00 3.5921500e-13 2.2989700e-13
     54    124 0.0000000e+00 0.0000000e+00 0.0000000e+00
     54    125 1.0000000e+00 0.0000000e+00 0.0000000e+00
     54    125 0.0000000e+00 0.0000000e+00 0.0000000e+00
     54    126 0.0000000e+00 0.0000000e+00 0.0000000e+00
     54    127 1.0000000e+00 0.0000000e+00 0.0000000e+00
     54    127 0.0000000e+00 0.0000000e+00 0.0000000e+00
     54    128 0.0000000e+00 2.2200000e-13 1.4208000e-13
     54    129 1.0000000e+00 0.0000000e+00 0.0000000e+00
     54    129 0.0000000e+00 2.2640700e-02 1.4490000e-02
     54    130 0.0000000e+00 2.1200000e-06 1.3568000e-06
     54    131 0.0000000e+00 3.2149800e-02 3.5364700e-03
     54    131 1.0000000e+00 4.5011100e-04 4.9512200e-05
     54    132 0.0000000e+00 4.8089500e-02 3.8471600e-03
     54    133 0.0000000e+00 5.4224500e-02 9.0301230e-03
     54    133 1.0000000e+00 1.5729000e-03 1.0066600e-03
     54    134 0.0000000e+00 5.8551400e-02 9.3682300e-03
     54    134 1.0000000e+00 2.6226100e-04 1.6784700e-04
     54    135 0.0000000e+00 6.1627500e-02 4.9302000e-03
     54    135 1.0000000e+00 1.0102400e-02 1.6163900e-03
     54    136 0.0000000e+00 6.3599900e-02 1.0176000e-02
     54    137 0.0000000e+00 6.1891500e-02 9.9026400e-03
     54    138 0.0000000e+00 5.5809400e-02 1.2836200e-02
     54    139 0.0000000e+00 4.1780700e-02 9.6095500e-03
     54    140 0.0000000e+00 2.1280000e-02 4.8943900e-03
     54    141 0.0000000e+00 8.0192400e-03 3.6086600e-03
     54    142 0.0000000e+00 1.7392800e-03 1.1131400e-03
     54    143 1.0000000e+00 8.6743700e-05 5.5516000e-05
     54    143 0.0000000e+00 8.6846700e-05 5.5581900e-05
     54    144 0.0000000e+00 1.4710000e-05 9.4144200e-06
     54    145 0.0000000e+00 6.6500100e-07 4.2560100e-07
     54    146 0.0000000e+00 1.9000000e-08 1.2160000e-08
     54    147 0.0000000e+00 1.2211800e-11 7.8155500e-12
     54    148 0.0000000e+00 2.6100100e-12 1.6704000e-12
     54    149 0.0000000e+00 1.2639100e-13 8.0890400e-14
     54    150 0.0000000e+00 0.0000000e+00 0.0000000e+00
     55    127 0.0000000e+00 0.0000000e+00 0.0000000e+00
     55    129 0.0000000e+00 0.0000000e+00 0.0000000e+00
     55    131 0.0000000e+00 2.4800100e-13 1.5872000e-13
     55    132 0.0000000e+00 4.5500100e-11 2.9120100e-11
     55    133 0.0000000e+00 5.4224500e-02 4.3379600e-03
     55    134 1.0000000e+00 1.0100000e-07 6.4640100e-08
     55    134 0.0000000e+00 2.0200000e-07 1.2928000e-07
     55    135 1.0000000e+00 3.0500100e-06 1.9520000e-06
     55    135 0.0000000e+00 6.1633600e-02 4.9302960e-03
     55    136 1.0000000e+00 4.8665100e-05 3.1145700e-05
     55    136 0.0000000e+00 9.7330200e-05 6.2291300e-05
     55    137 0.0000000e+00 6.2849300e-02 1.0055900e-02
     55    138 0.0000000e+00 5.9950300e-02 9.5920500e-03
     55    138 1.0000000e+00 2.3664600e-03 1.5145400e-03
     55    139 0.0000000e+00 5.6231100e-02 8.9969800e-03
     55    140 0.0000000e+00 4.6094600e-02 7.3751400e-03
     55    141 0.0000000e+00 3.7748200e-02 8.6820800e-03
     55    142 0.0000000e+00 2.3282100e-02 5.3548800e-03
     55    143 0.0000000e+00 7.6177500e-03 3.4279900e-03
     55    144 0.0000000e+00 2.2602400e-03 1.4465600e-03
     55    145 0.0000000e+00 3.6667100e-04 2.3466900e-04
     55    146 0.0000000e+00 3.7580100e-05 2.4051200e-05
     55    147 0.0000000e+00 3.6118400e-07 2.3115800e-07
     55    148 0.0000000e+00 7.2500200e-08 4.6400100e-08
     55    149 0.0000000e+00 3.7382300e-09 2.3924700e-09
     55    150 0.0000000e+00 2.4300100e-11 1.5552000e-11
     55    151 0.0000000e+00 4.1416400e-13 2.6506500e-13
     55    152 0.0000000e+00 3.8001100e-15 2.4320700e-15
     56    129 0.0000000e+00 0.0000000e+00 0.0000000e+00
     56    131 0.0000000e+00 0.0000000e+00 0.0000000e+00
     56    132 0.0000000e+00 1.0000000e-12 6.4000100e-13
     56    133 0.0000000e+00 3.1000100e-14 1.9840000e-14
     56    134 0.0000000e+00 2.0200000e-07 1.2928000e-07
     56    135 1.0000000e+00 4.0600100e-10 2.5984100e-10
     56    135 0.0000000e+00 6.1633600e-02 4.9302960e-03
     56    136 1.0000000e+00 1.0926300e-05 6.9928200e-06
     56    136 0.0000000e+00 9.7380200e-05 6.2323300e-05
     56    137 0.0000000e+00 6.2851200e-02 1.0056200e-02
     56    137 1.0000000e+00 5.9456800e-02 9.5130900e-03
     56    138 0.0000000e+00 6.0575800e-02 9.6921300e-03
     56    139 0.0000000e+00 5.6597800e-02 9.0556500e-03
     56    140 0.0000000e+00 4.8275300e-02 5.3102800e-03
     56    141 0.0000000e+00 4.6075600e-02 1.0597400e-02
     56    142 0.0000000e+00 4.2284900e-02 6.7655800e-03
     56    143 0.0000000e+00 2.7409800e-02 6.3042500e-03
     56    144 0.0000000e+00 2.0645400e-02 4.7484300e-03
     56    145 0.0000000e+00 9.8669200e-03 4.4401100e-03
     56    146 0.0000000e+00 3.2423200e-03 2.0750800e-03
     56    147 0.0000000e+00 6.0870100e-04 3.8956900e-04
     56    148 0.0000000e+00 7.7930200e-05 4.9875300e-05
     56    149 0.0000000e+00 6.3000100e-06 4.0320100e-06
     56    150 0.0000000e+00 3.2700100e-07 2.0928000e-07
     56    151 0.0000000e+00 1.8151300e-08 1.1616800e-08
     56    152 0.0000000e+00 2.0100000e-10 1.2864000e-10
     56    153 0.0000000e+00 1.9711500e-12 1.2615400e-12
     56    154 0.0000000e+00 1.3500000e-14 8.6400200e-15
     57    133 0.0000000e+00 0.0000000e+00 0.0000000e+00
     57    135 0.0000000e+00 0.0000000e+00 0.0000000e+00
     57    137 0.0000000e+00 1.5000000e-10 9.6000200e-11
     57    138 0.0000000e+00 1.0200000e-08 6.5280100e-09
     57    139 0.0000000e+00 5.6598200e-02 9.0557100e-03
     57    140 0.0000000e+00 4.8285000e-02 5.3113500e-03
     57    141 0.0000000e+00 4.6214900e-02 1.0629400e-02
     57    142 0.0000000e+00 4.3428700e-02 6.9485900e-03
     57    143 0.0000000e+00 3.1340300e-02 5.0144500e-03
     57    144 0.0000000e+00 3.1636500e-02 5.0618400e-03
     57    145 0.0000000e+00 2.6232300e-02 6.0334300e-03
     57    146 1.0000000e+00 7.8622300e-03 5.0318300e-03
     57    146 0.0000000e+00 1.1104500e-02 7.1069100e-03
     57    147 0.0000000e+00 9.8239900e-03 4.4208000e-03
     57    148 0.0000000e+00 3.8394200e-03 2.4572300e-03
     57    149 0.0000000e+00 9.9864190e-04 6.3913100e-04
     57    150 0.0000000e+00 1.7467000e-04 1.1178900e-04
     57    151 0.0000000e+00 2.0650000e-05 1.3216000e-05
     57    152 0.0000000e+00 1.3600000e-06 8.7040200e-07
     57    153 0.0000000e+00 5.8300100e-08 3.7312100e-08
     57    154 0.0000000e+00 1.1900000e-09 7.6160200e-10
     57    155 0.0000000e+00 4.5406500e-12 2.9060200e-12
     57    156 0.0000000e+00 1.2118800e-13 7.7560100e-14
     57    157 0.0000000e+00 2.8293500e-15 1.8107800e-15
     58    135 0.0000000e+00 0.0000000e+00 0.0000000e+00
     58    137 0.0000000e+00 0.0000000e+00 0.0000000e+00
     58    138 0.0000000e+00 3.0500100e-09 1.9520000e-09
     58    139 0.0000000e+00 1.9200000e-11 1.2288000e-11
     58    139 1.0000000e+00 1.3600000e-11 8.7040200e-12
     58    140 0.0000000e+00 4.8285000e-02 5.3113500e-03
     58    141 0.0000000e+00 4.6215000e-02 1.0629500e-02
     58    142 0.0000000e+00 4.3432100e-02 6.9491300e-03
     58    143 0.0000000e+00 3.1384800e-02 3.4523300e-03
     58    144 0.0000000e+00 3.2068800e-02 5.1310000e-03
     58    145 0.0000000e+00 2.8276500e-02 6.5036000e-03
     58    146 0.0000000e+00 2.4694100e-02 5.6796500e-03
     58    147 0.0000000e+00 1.9510000e-02 6.2432000e-03
     58    148 0.0000000e+00 1.4983900e-02 3.4463000e-03
     58    149 0.0000000e+00 9.3535000e-03 4.2090700e-03
     58    150 0.0000000e+00 4.5926600e-03 2.9393000e-03
     58    151 0.0000000e+00 1.7328000e-03 1.1089900e-03
     58    152 0.0000000e+00 3.7701100e-04 2.4128700e-04
     58    153 0.0000000e+00 5.5130100e-05 3.5283300e-05
     58    154 0.0000000e+00 3.9500100e-06 2.5280100e-06
     58    155 0.0000000e+00 1.9900000e-07 1.2736000e-07
     58    156 0.0000000e+00 6.4100100e-09 4.1024100e-09
     58    157 0.0000000e+00 1.2400000e-10 7.9360200e-11
     58    158 0.0000000e+00 1.4400000e-12 9.2160200e-13
     58    159 0.0000000e+00 2.3870200e-14 1.5276900e-14
     58    160 0.0000000e+00 0.0000000e+00 0.0000000e+00
     59    139 0.0000000e+00 0.0000000e+00 0.0000000e+00
     59    140 0.0000000e+00 1.2400000e-14 7.9360200e-15
     59    141 0.0000000e+00 4.6215000e-02 7.3944000e-03
     59    142 1.0000000e+00 2.0700000e-10 1.3248000e-10
     59    142 0.0000000e+00 4.1400100e-10 2.6496100e-10
     59    143 0.0000000e+00 3.1384800e-02 3.4523300e-03
     59    144 0.0000000e+00 3.2069500e-02 5.1311200e-03
     59    144 1.0000000e+00 1.6107000e-04 2.5771300e-05
     59    145 0.0000000e+00 2.8290300e-02 6.5067700e-03
     59    146 0.0000000e+00 2.4823200e-02 5.7093400e-03
     59    147 0.0000000e+00 2.0223800e-02 6.4716000e-03
     59    148 1.0000000e+00 1.2275000e-03 7.8560200e-04
     59    148 0.0000000e+00 1.6211400e-02 3.5347070e-03
     59    149 0.0000000e+00 1.4475500e-02 4.6321800e-03
     59    150 0.0000000e+00 1.1974200e-02 3.8317600e-03
     59    151 0.0000000e+00 9.8990000e-03 4.4545500e-03
     59    152 0.0000000e+00 5.6023200e-03 2.5210400e-03
     59    153 0.0000000e+00 2.4183100e-03 1.5477200e-03
     59    154 0.0000000e+00 5.5414100e-04 3.5465000e-04
     59    155 0.0000000e+00 9.0950200e-05 5.8208100e-05
     59    156 0.0000000e+00 1.0120000e-05 6.4768100e-06
     59    157 0.0000000e+00 6.9100100e-07 4.4224100e-07
     59    158 0.0000000e+00 2.7800100e-08 1.7792000e-08
     59    159 0.0000000e+00 7.0600100e-10 4.5184100e-10
     59    160 0.0000000e+00 1.1800000e-11 7.5520200e-12
     59    161 0.0000000e+00 8.4196000e-14 5.3885400e-14
     59    162 0.0000000e+00 1.4122800e-15 9.0386000e-16
     60    140 0.0000000e+00 0.0000000e+00 0.0000000e+00
     60    141 0.0000000e+00 0.0000000e+00 0.0000000e+00
     60    142 0.0000000e+00 4.1400100e-10 2.6496100e-10
     60    143 0.0000000e+00 3.1384800e-02 3.4523300e-03
     60    144 0.0000000e+00 3.2069600e-02 5.1311300e-03
     60    145 0.0000000e+00 2.8290300e-02 4.5264500e-03
     60    146 0.0000000e+00 2.4823400e-02 5.7093700e-03
     60    147 0.0000000e+00 2.0226400e-02 6.4724600e-03
     60    148 0.0000000e+00 1.7470300e-02 4.0181600e-03
     60    149 0.0000000e+00 1.4682900e-02 3.3770700e-03
     60    150 0.0000000e+00 1.2871300e-02 2.9604000e-03
     60    151 0.0000000e+00 1.2796500e-02 2.9431900e-03
     60    152 0.0000000e+00 1.0687100e-02 3.4198800e-03
     60    153 0.0000000e+00 8.7187400e-03 2.7900000e-03
     60    154 0.0000000e+00 4.7102000e-03 3.0145300e-03
     60    155 0.0000000e+00 2.0815800e-03 1.3322100e-03
     60    156 0.0000000e+00 7.0960100e-04 4.5414500e-04
     60    157 0.0000000e+00 1.5840000e-04 1.0137600e-04
     60    158 0.0000000e+00 2.1070000e-05 1.3484800e-05
     60    159 0.0000000e+00 1.8100000e-06 1.1584000e-06
     60    160 0.0000000e+00 1.0400000e-07 6.6560100e-08
     60    161 0.0000000e+00 3.6900100e-09 2.3616000e-09
     60    162 0.0000000e+00 7.4700200e-11 4.7808100e-11
     60    163 0.0000000e+00 1.1900000e-12 7.6160200e-13
     60    164 0.0000000e+00 1.0000000e-14 6.4000100e-15
     60    165 0.0000000e+00 3.4824800e-16 2.2287900e-16
     61    141 0.0000000e+00 0.0000000e+00 0.0000000e+00
     61    143 0.0000000e+00 0.0000000e+00 0.0000000e+00
     61    144 0.0000000e+00 0.0000000e+00 0.0000000e+00
     61    145 0.0000000e+00 4.0900100e-14 2.6176100e-14
     61    146 0.0000000e+00 5.2100100e-12 3.3344100e-12
     61    147 0.0000000e+00 2.0226400e-02 6.4724600e-03
     61    148 0.0000000e+00 5.7800100e-09 3.6992100e-09
     61    148 1.0000000e+00 1.2200000e-08 7.8080200e-09
     61    149 0.0000000e+00 1.4683300e-02 1.6151600e-03
     61    150 0.0000000e+00 5.8500100e-06 3.7440100e-06
     61    151 0.0000000e+00 1.2859900e-02 1.4145900e-03
     61    152 2.0000000e+00 1.1476700e-04 7.3450800e-05
     61    152 0.0000000e+00 1.0801900e-02 3.4566000e-03
     61    152 1.0000000e+00 1.1476700e-04 7.3450800e-05
     61    153 0.0000000e+00 9.9666800e-03 2.2923400e-03
     61    154 0.0000000e+00 5.8576900e-03 2.6359600e-03
     61    154 1.0000000e+00 1.1474900e-03 7.3439500e-04
     61    155 0.0000000e+00 5.0046800e-03 3.2030000e-03
     61    156 0.0000000e+00 3.5525500e-03 2.2736300e-03
     61    157 0.0000000e+00 2.0122800e-03 1.2878600e-03
     61    158 0.0000000e+00 7.5578200e-04 4.8370000e-04
     61    159 0.0000000e+00 1.9888000e-04 1.2728300e-04
     61    160 0.0000000e+00 3.6780100e-05 2.3539200e-05
     61    161 0.0000000e+00 4.3700100e-06 2.7968100e-06
     61    162 0.0000000e+00 3.1100100e-07 1.9904000e-07
     61    163 0.0000000e+00 1.6600000e-08 1.0624000e-08
     61    164 0.0000000e+00 4.8900100e-10 3.1296100e-10
     61    165 0.0000000e+00 1.0300000e-11 6.5920100e-12
     61    166 0.0000000e+00 5.0290100e-14 3.2185600e-14
     61    167 0.0000000e+00 1.5013800e-15 9.6088400e-16
     62    143 0.0000000e+00 0.0000000e+00 0.0000000e+00
     62    143 1.0000000e+00 0.0000000e+00 0.0000000e+00
     62    144 0.0000000e+00 0.0000000e+00 0.0000000e+00
     62    145 0.0000000e+00 0.0000000e+00 0.0000000e+00
     62    146 0.0000000e+00 1.8200000e-12 1.1648000e-12
     62    147 0.0000000e+00 2.0226400e-02 4.6520800e-03
     62    148 0.0000000e+00 1.7400000e-08 1.1136000e-08
     62    149 0.0000000e+00 1.4683300e-02 1.6151600e-03
     62    150 0.0000000e+00 5.8500100e-06 3.7440100e-06
     62    151 0.0000000e+00 1.2859900e-02 1.4145900e-03
     62    152 0.0000000e+00 1.1032600e-02 2.5375000e-03
     62    153 0.0000000e+00 9.9808000e-03 1.0978900e-03
     62    154 0.0000000e+00 7.0879100e-03 2.2681300e-03
     62    155 0.0000000e+00 5.3142000e-03 2.3913900e-03
     62    156 0.0000000e+00 4.4141600e-03 1.9863700e-03
     62    157 0.0000000e+00 3.5585100e-03 8.1845700e-04
     62    158 0.0000000e+00 2.3878200e-03 1.5282100e-03
     62    159 0.0000000e+00 1.3964200e-03 8.9371100e-04
     62    160 0.0000000e+00 6.7661100e-04 4.3303100e-04
     62    161 0.0000000e+00 2.3481000e-04 1.5027900e-04
     62    162 0.0000000e+00 5.4050100e-05 3.4592100e-05
     62    163 0.0000000e+00 9.1700200e-06 5.8688100e-06
     62    164 0.0000000e+00 9.0700200e-07 5.8048100e-07
     62    165 0.0000000e+00 6.5600100e-08 4.1984100e-08
     62    166 0.0000000e+00 2.6600100e-09 1.7024000e-09
     62    167 0.0000000e+00 6.5800100e-11 4.2112100e-11
     62    168 0.0000000e+00 8.9900200e-13 5.7536100e-13
     62    169 0.0000000e+00 1.1495600e-14 7.3571700e-15
     62    170 0.0000000e+00 0.0000000e+00 0.0000000e+00
     63    147 0.0000000e+00 0.0000000e+00 0.0000000e+00
     63    149 0.0000000e+00 0.0000000e+00 0.0000000e+00
     63    151 0.0000000e+00 1.2859900e-02 1.4145900e-03
     63    152 2.0000000e+00 5.3600100e-11 3.4304100e-11
     63    152 0.0000000e+00 8.0400200e-11 5.1456100e-11
     63    152 1.0000000e+00 8.0400200e-11 5.1456100e-11
     63    153 0.0000000e+00 9.9808100e-03 1.0978900e-03
     63    154 1.0000000e+00 7.0500100e-08 4.5120100e-08
     63    154 0.0000000e+00 1.4100000e-07 9.0240200e-08
     63    155 0.0000000e+00 5.3159300e-03 2.3921700e-03
     63    156 0.0000000e+00 4.4299300e-03 1.9934700e-03
     63    157 0.0000000e+00 3.6468300e-03 4.0115100e-04
     63    158 0.0000000e+00 2.6555200e-03 1.1949800e-03
     63    159 0.0000000e+00 1.9338200e-03 8.7022100e-04
     63    160 0.0000000e+00 1.4413400e-03 6.4860400e-04
     63    161 0.0000000e+00 9.7302200e-04 6.2273400e-04
     63    162 0.0000000e+00 5.4607100e-04 3.4948600e-04
     63    163 0.0000000e+00 2.4796100e-04 1.5869500e-04
     63    164 0.0000000e+00 7.3770200e-05 4.7212900e-05
     63    165 0.0000000e+00 1.7040000e-05 1.0905600e-05
     63    166 0.0000000e+00 2.2900000e-06 1.4656000e-06
     63    167 0.0000000e+00 1.9200000e-07 1.2288000e-07
     63    168 0.0000000e+00 9.0300200e-09 5.7792100e-09
     63    169 0.0000000e+00 3.4000100e-10 2.1760000e-10
     63    170 0.0000000e+00 7.7500200e-12 4.9600100e-12
     63    171 0.0000000e+00 3.4454200e-14 2.2050700e-14
     63    172 0.0000000e+00 8.5266200e-16 5.4570400e-16
     64    147 0.0000000e+00 0.0000000e+00 0.0000000e+00
     64    149 0.0000000e+00 0.0000000e+00 0.0000000e+00
     64    151 0.0000000e+00 0.0000000e+00 0.0000000e+00
     64    152 0.0000000e+00 8.4500200e-11 5.4080100e-11
     64    153 0.0000000e+00 1.2800000e-13 8.1920200e-14
     64    154 0.0000000e+00 1.4100000e-07 9.0240200e-08
     64    155 0.0000000e+00 5.3159300e-03 1.7011000e-03
     64    156 0.0000000e+00 4.4299500e-03 1.4175800e-03
     64    157 0.0000000e+00 3.6470800e-03 4.0117900e-04
     64    158 0.0000000e+00 2.6579700e-03 8.5054900e-04
     64    159 0.0000000e+00 1.9491500e-03 8.7711900e-04
     64    160 0.0000000e+00 1.5061800e-03 4.8197900e-04
     64    161 0.0000000e+00 1.1493200e-03 7.3556600e-04
     64    162 0.0000000e+00 8.7159200e-04 5.5781900e-04
     64    163 0.0000000e+00 6.5731100e-04 4.2067900e-04
     64    164 0.0000000e+00 4.1215100e-04 2.6377700e-04
     64    165 0.0000000e+00 2.4018000e-04 1.5371600e-04
     64    166 0.0000000e+00 9.2110200e-05 5.8950500e-05
     64    167 0.0000000e+00 2.3790000e-05 1.5225600e-05
     64    168 0.0000000e+00 3.6300100e-06 2.3232000e-06
     64    169 0.0000000e+00 4.5700100e-07 2.9248100e-07
     64    170 0.0000000e+00 3.5600100e-08 2.2784000e-08
     64    171 0.0000000e+00 1.5100000e-09 9.6640200e-10
     64    172 0.0000000e+00 4.5100100e-11 2.8864100e-11
     65    151 0.0000000e+00 0.0000000e+00 0.0000000e+00
     65    153 0.0000000e+00 0.0000000e+00 0.0000000e+00
     65    155 0.0000000e+00 0.0000000e+00 0.0000000e+00
     65    156 0.0000000e+00 3.8400100e-13 2.4576100e-13
     65    156 1.0000000e+00 4.0400100e-14 2.5856100e-14
     65    157 0.0000000e+00 2.8100100e-11 1.7984000e-11
     65    158 0.0000000e+00 9.5200200e-10 6.0928100e-10
     65    158 1.0000000e+00 9.5200200e-11 6.0928100e-11
     65    159 0.0000000e+00 1.9491700e-03 6.2373600e-04
     65    160 0.0000000e+00 2.8300100e-07 1.8112000e-07
     65    161 0.0000000e+00 1.1517800e-03 5.1830200e-04
     65    162 0.0000000e+00 8.6134200e-04 3.8760400e-04
     65    162 1.0000000e+00 2.4620100e-05 1.1079000e-05
     65    163 0.0000000e+00 7.0844100e-04 3.1879900e-04
     65    164 0.0000000e+00 5.2911100e-04 2.3810000e-04
     65    165 0.0000000e+00 4.4645100e-04 2.8572900e-04
     65    166 0.0000000e+00 3.1352100e-04 2.0065300e-04
     65    167 0.0000000e+00 1.8365000e-04 1.1753600e-04
     65    168 0.0000000e+00 7.4450200e-05 4.7648100e-05
     65    169 0.0000000e+00 2.7660100e-05 1.7702400e-05
     65    170 0.0000000e+00 6.7700100e-06 4.3328100e-06
     65    171 0.0000000e+00 9.4600200e-07 6.0544100e-07
     65    172 0.0000000e+00 9.5100200e-08 6.0864100e-08
     66    155 0.0000000e+00 0.0000000e+00 0.0000000e+00
     66    156 0.0000000e+00 0.0000000e+00 0.0000000e+00
     66    157 0.0000000e+00 0.0000000e+00 0.0000000e+00
     66    158 0.0000000e+00 1.5200000e-10 9.7280200e-11
     66    159 0.0000000e+00 1.0400000e-12 6.6560100e-13
     66    160 0.0000000e+00 2.8300100e-07 1.8112000e-07
     66    161 0.0000000e+00 1.1517800e-03 3.6857000e-04
     66    162 0.0000000e+00 8.8599200e-04 2.8351700e-04
     66    163 0.0000000e+00 7.0879100e-04 2.2681300e-04
     66    164 0.0000000e+00 5.3159100e-04 1.7010900e-04
     66    165 0.0000000e+00 4.5402100e-04 1.4528700e-04
     66    165 1.0000000e+00 2.2494000e-04 1.0122300e-04
     66    166 0.0000000e+00 3.5398100e-04 2.2654800e-04
     66    167 0.0000000e+00 2.6324100e-04 1.6847400e-04
     66    168 0.0000000e+00 1.6826000e-04 1.0768700e-04
     66    169 0.0000000e+00 1.2450000e-04 7.9680200e-05
     66    170 0.0000000e+00 7.3820200e-05 4.7244900e-05
     66    171 0.0000000e+00 2.8610100e-05 1.8310400e-05
     66    172 0.0000000e+00 8.7300200e-06 5.5872100e-06
     67    159 0.0000000e+00 0.0000000e+00 0.0000000e+00
     67    159 1.0000000e+00 0.0000000e+00 0.0000000e+00
     67    161 0.0000000e+00 3.5200100e-14 2.2528000e-14
     67    161 1.0000000e+00 0.0000000e+00 0.0000000e+00
     67    162 0.0000000e+00 1.9000000e-12 1.2160000e-12
     67    162 1.0000000e+00 1.8000000e-12 1.1520000e-12
     67    163 0.0000000e+00 9.6800200e-11 6.1952100e-11
     67    163 1.0000000e+00 1.2600000e-11 8.0640200e-12
     67    164 0.0000000e+00 2.3800000e-09 1.5232000e-09
     67    164 1.0000000e+00 1.6700000e-09 1.0688000e-09
     67    165 0.0000000e+00 4.5969100e-04 1.0572900e-04
     67    166 0.0000000e+00 3.5410100e-04 1.5934500e-04
     67    166 1.0000000e+00 2.9200100e-07 1.8688000e-07
     67    167 0.0000000e+00 2.6579100e-04 1.1960600e-04
     67    168 0.0000000e+00 1.7715000e-04 7.9717700e-05
     67    169 0.0000000e+00 1.5021000e-04 9.6134600e-05
     67    170 0.0000000e+00 9.7770200e-05 6.2572900e-05
     67    170 1.0000000e+00 2.3960000e-05 1.5334400e-05
     67    171 0.0000000e+00 8.1210200e-05 5.1974500e-05
     67    172 0.0000000e+00 5.3350100e-05 3.4144100e-05
     68    161 0.0000000e+00 0.0000000e+00 0.0000000e+00
     68    162 0.0000000e+00 0.0000000e+00 0.0000000e+00
     68    163 0.0000000e+00 0.0000000e+00 0.0000000e+00
     68    164 0.0000000e+00 1.2600000e-09 5.6700100e-10
     68    165 0.0000000e+00 5.4300100e-12 3.4752100e-12
     68    166 0.0000000e+00 3.5439100e-04 1.1340500e-04
     68    167 0.0000000e+00 2.6580100e-04 8.5056200e-05
     68    167 1.0000000e+00 2.6580100e-05 1.1961000e-05
     68    168 0.0000000e+00 1.7720000e-04 5.6704100e-05
     68    169 0.0000000e+00 1.5062000e-04 6.7779100e-05
     68    170 0.0000000e+00 1.2404000e-04 3.9692900e-05
     68    171 0.0000000e+00 8.8540200e-05 5.6665700e-05
     68    172 0.0000000e+00 7.0470100e-05 4.5100900e-05
     69    165 0.0000000e+00 0.0000000e+00 0.0000000e+00
     69    166 0.0000000e+00 0.0000000e+00 0.0000000e+00
     69    167 0.0000000e+00 2.2400000e-13 1.4336000e-13
     69    168 0.0000000e+00 8.9300200e-12 5.7152100e-12
     69    169 0.0000000e+00 1.5062000e-04 4.8198500e-05
     69    170 0.0000000e+00 5.3800100e-09 3.4432100e-09
     69    171 0.0000000e+00 8.8600200e-05 3.9870100e-05
     69    172 0.0000000e+00 7.0880100e-05 3.1896100e-05
     70    166 0.0000000e+00 0.0000000e+00 0.0000000e+00
     70    167 0.0000000e+00 0.0000000e+00 0.0000000e+00
     70    168 0.0000000e+00 0.0000000e+00 0.0000000e+00
     70    169 0.0000000e+00 0.0000000e+00 0.0000000e+00
     70    169 1.0000000e+00 0.0000000e+00 0.0000000e+00
     70    170 0.0000000e+00 5.3600100e-09 3.4304100e-09
     70    171 0.0000000e+00 8.8600200e-05 2.8352100e-05
     70    172 0.0000000e+00 7.0880100e-05 2.2681600e-05
     71    169 0.0000000e+00 0.0000000e+00 0.0000000e+00
     71    169 1.0000000e+00 0.0000000e+00 0.0000000e+00
     71    171 0.0000000e+00 0.0000000e+00 0.0000000e+00
     71    171 1.0000000e+00 0.0000000e+00 0.0000000e+00
     71    172 0.0000000e+00 1.8800000e-14 1.2032000e-14
     71    172 1.0000000e+00 0.0000000e+00 0.0000000e+00
     72    171 0.0000000e+00 0.0000000e+00 0.0000000e+00
     72    172 0.0000000e+00 0.0000000e+00 0.0000000e+00


