66    0.0000000e+00
67    0.0000000e+00
68    0.0000000e+00
69    0.0000000e+00
70    2.0700200e-11
71    5.2300600e-14
72    0.0000000e+00
73    0.0000000e+00
74    5.9000700e-13
75    0.0000000e+00
76    9.7301200e-10
77    0.0000000e+00
78    0.0000000e+00
79    0.0000000e+00
80    3.6700400e-11
81    7.5800900e-14
82    4.0300500e-08
83    0.0000000e+00
84    9.5001100e-13
85    0.0000000e+00
86    3.1100400e-09
87    0.0000000e+00
88    0.0000000e+00
89    0.0000000e+00
90    0.0000000e+00
91    0.0000000e+00
92    0.0000000e+00
93    0.0000000e+00
94    1.5400200e-12
95    0.0000000e+00
96    0.0000000e+00
97    0.0000000e+00
98    2.3100300e-14
99    0.0000000e+00
100    3.0400400e-10
101    0.0000000e+00
102    0.0000000e+00
103    0.0000000e+00
104    1.2900200e-11
105    0.0000000e+00
106    0.0000000e+00
107    0.0000000e+00
108    1.1700100e-12
109    0.0000000e+00
110    1.6000200e-08
111    0.0000000e+00
112    8.0201000e-14
113    0.0000000e+00
114    6.2800700e-10
115    0.0000000e+00
116    3.4600400e-07
117    2.0100200e-14
118    0.0000000e+00
119    0.0000000e+00
120    0.0000000e+00
121    0.0000000e+00
122    0.0000000e+00
123    2.2800300e-13
124    0.0000000e+00
125    0.0000000e+00
126    0.0000000e+00
127    0.0000000e+00
128    0.0000000e+00
129    0.0000000e+00
130    4.0500500e-09
131    0.0000000e+00
132    7.9900900e-14
133    0.0000000e+00
134    2.0800200e-09
135    0.0000000e+00
136    1.4450200e-06
137    9.4101100e-13
138    7.6100900e-11
139    8.3901000e-14
140    0.0000000e+00
141    0.0000000e+00
142    7.2800900e-13
143    0.0000000e+00
144    0.0000000e+00
145    0.0000000e+00
146    0.0000000e+00
147    0.0000000e+00
148    2.4000300e-11
149    0.0000000e+00
150    7.7800900e-08
151    0.0000000e+00
152    1.1900100e-12
153    0.0000000e+00
154    2.6900300e-09
155    0.0000000e+00
156    0.0000000e+00
157    2.4800300e-13
158    1.2800200e-11
159    0.0000000e+00
160    9.0501100e-09
161    0.0000000e+00
162    2.7200300e-14
163    1.5700200e-12
164    5.2100600e-11
165    6.2000700e-14
166    0.0000000e+00
167    0.0000000e+00
168    1.6200200e-13
169    0.0000000e+00
170    1.7500200e-10
171    0.0000000e+00
172    0.0000000e+00
