66    0.0000000e+00
67    0.0000000e+00
68    0.0000000e+00
69    0.0000000e+00
70    3.2000400e-08
71    5.2300600e-14
72    0.0000000e+00
73    0.0000000e+00
74    1.1600100e-09
75    0.0000000e+00
76    6.5800800e-07
77    0.0000000e+00
78    0.0000000e+00
79    0.0000000e+00
80    9.8001200e-08
81    7.5800900e-14
82    1.2050100e-05
83    0.0000000e+00
84    2.9800400e-10
85    0.0000000e+00
86    3.5100400e-06
87    0.0000000e+00
88    0.0000000e+00
89    0.0000000e+00
90    0.0000000e+00
91    0.0000000e+00
92    0.0000000e+00
93    0.0000000e+00
94    2.4200300e-08
95    0.0000000e+00
96    0.0000000e+00
97    0.0000000e+00
98    1.2400100e-09
99    0.0000000e+00
100    1.5300200e-06
101    0.0000000e+00
102    4.8400600e-12
103    0.0000000e+00
104    1.7900200e-07
105    0.0000000e+00
106    0.0000000e+00
107    0.0000000e+00
108    3.0500400e-08
109    0.0000000e+00
110    2.8510300e-05
111    0.0000000e+00
112    1.5900200e-09
113    0.0000000e+00
114    2.2000300e-06
115    0.0000000e+00
116    1.2243100e-04
117    2.0100200e-14
118    0.0000000e+00
119    0.0000000e+00
120    0.0000000e+00
121    0.0000000e+00
122    3.5500400e-14
123    2.2800300e-13
124    0.0000000e+00
125    0.0000000e+00
126    0.0000000e+00
127    0.0000000e+00
128    1.4600200e-14
129    0.0000000e+00
130    6.0900700e-06
131    0.0000000e+00
132    7.0400800e-11
133    0.0000000e+00
134    6.2400700e-06
135    0.0000000e+00
136    7.7491900e-04
137    9.4101100e-13
138    1.9400200e-07
139    8.3901000e-14
140    0.0000000e+00
141    0.0000000e+00
142    2.1100300e-08
143    0.0000000e+00
144    0.0000000e+00
145    0.0000000e+00
146    7.3500900e-11
147    0.0000000e+00
148    2.4300300e-07
149    0.0000000e+00
150    6.0660700e-05
151    0.0000000e+00
152    1.1400100e-08
153    0.0000000e+00
154    4.5400500e-06
155    0.0000000e+00
156    0.0000000e+00
157    2.4800300e-13
158    1.3100200e-08
159    0.0000000e+00
160    6.4800800e-06
161    0.0000000e+00
162    2.7200300e-14
163    1.5700200e-12
164    7.6000900e-08
165    6.2000700e-14
166    0.0000000e+00
167    0.0000000e+00
168    1.6200200e-13
169    0.0000000e+00
170    2.1500300e-07
171    0.0000000e+00
172    0.0000000e+00
