# header:
#   title: "Pa231+n induced fission product yield"
#   source: "ENDF"
#   creator: "Shin Okumura"
#   date: 2023-07-14
#   format: "YANDF-0.1"
# endf:
#   library: "jendl4.0"
#   author: "J. KATAKURA"
#   year: 2010
# target:
#   Z: 91
#   A: 231
#   nuclide: "Pa231"
# reaction:
#   type: "(n,f)"
#   Incident energy [MeV]:  5.000000e+05
# datablock:
#   quantity: "cumulative fission product yield"
#   columns: 4
#   entries: 1241
##   A      Z  ISO           Yield         dYield
##                           %/fission     %/fission
      1      1 0.0000000e+00 2.1339000e-05 3.4142400e-06
      1      2 0.0000000e+00 6.5213800e-06 9.3255800e-07
      1      3 0.0000000e+00 9.3039600e-05 7.4431700e-06
      2      3 0.0000000e+00 9.3039600e-05 7.4431700e-06
      2      4 0.0000000e+00 1.7004300e-03 1.0611600e-04
      2      6 0.0000000e+00 2.3119100e-05 3.4216200e-06
      2      8 0.0000000e+00 4.3219300e-07 1.0718400e-07
      3      6 0.0000000e+00 0.0000000e+00 0.0000000e+00
      3      7 0.0000000e+00 1.0623200e-06 1.8849000e-07
      3      9 0.0000000e+00 7.0683500e-07 1.6469300e-07
      4      9 0.0000000e+00 3.5695200e-07 8.3169800e-08
      4     10 0.0000000e+00 6.1000000e-06 1.0187000e-06
     23     66 0.0000000e+00 3.3079600e-16 2.1158500e-16
     24     66 0.0000000e+00 8.5650200e-12 5.4784000e-12
     24     67 0.0000000e+00 5.5030200e-13 3.5200000e-13
     24     68 0.0000000e+00 2.4114100e-14 1.5424000e-14
     24     69 0.0000000e+00 7.1492000e-16 4.5728100e-16
     24     70 0.0000000e+00 0.0000000e+00 0.0000000e+00
     25     66 0.0000000e+00 6.4023100e-09 4.0960000e-09
     25     67 0.0000000e+00 1.3413400e-09 8.5760100e-10
     25     68 0.0000000e+00 1.9413800e-10 1.2424800e-10
     25     69 0.0000000e+00 1.8510900e-11 1.1840000e-11
     25     70 0.0000000e+00 9.4055100e-13 6.0160000e-13
     25     71 0.0000000e+00 3.4019900e-14 2.1760000e-14
     25     72 0.0000000e+00 1.2211700e-15 7.8108500e-16
     25     73 0.0000000e+00 0.0000000e+00 0.0000000e+00
     26     66 0.0000000e+00 2.4754400e-07 1.5808100e-07
     26     67 0.0000000e+00 1.5443100e-07 9.8560900e-08
     26     68 0.0000000e+00 6.9834900e-08 4.4608200e-08
     26     69 0.0000000e+00 2.1331000e-08 1.3632000e-08
     26     70 0.0000000e+00 3.6630900e-09 2.3443800e-09
     26     71 0.0000000e+00 4.4129300e-10 2.8224000e-10
     26     72 0.0000000e+00 3.1618600e-11 2.0224000e-11
     26     73 0.0000000e+00 1.6009400e-12 1.0240000e-12
     26     74 0.0000000e+00 4.7627900e-14 3.0464000e-14
     26     75 0.0000000e+00 2.1408900e-15 1.3693700e-15
     26     76 0.0000000e+00 0.0000000e+00 0.0000000e+00
     27     66 0.0000000e+00 8.6090300e-07 5.5040100e-07
     27     67 0.0000000e+00 1.1950400e-06 7.6482600e-07
     27     68 0.0000000e+00 1.4006100e-06 8.9600000e-07
     27     69 0.0000000e+00 1.2220300e-06 7.8080300e-07
     27     70 0.0000000e+00 6.5804700e-07 4.2048100e-07
     27     71 0.0000000e+00 2.4958700e-07 1.5973600e-07
     27     72 0.0000000e+00 5.8065600e-08 3.7120100e-08
     27     73 0.0000000e+00 9.6772700e-09 6.1888000e-09
     27     74 0.0000000e+00 9.6361200e-10 6.1671200e-10
     27     75 0.0000000e+00 5.5432500e-11 3.5456000e-11
     27     76 0.0000000e+00 1.7610300e-12 1.1264000e-12
     27     77 0.0000000e+00 4.6759600e-14 2.9908600e-14
     27     78 0.0000000e+00 0.0000000e+00 0.0000000e+00
     28     66 0.0000000e+00 9.8497600e-07 6.2912300e-07
     28     67 0.0000000e+00 1.7513700e-06 1.1200000e-06
     28     68 0.0000000e+00 3.2517000e-06 2.0800000e-06
     28     69 0.0000000e+00 5.6046000e-06 3.5840000e-06
     28     70 0.0000000e+00 7.3219500e-06 4.6848000e-06
     28     71 0.0000000e+00 7.5238500e-06 4.8128000e-06
     28     72 0.0000000e+00 5.1310400e-06 3.2768200e-06
     28     73 0.0000000e+00 2.6412200e-06 1.6896000e-06
     28     74 0.0000000e+00 8.4045600e-07 5.3760000e-07
     28     75 0.0000000e+00 1.6315100e-07 1.0432000e-07
     28     76 0.0000000e+00 1.8212400e-08 1.1648000e-08
     28     77 0.0000000e+00 1.2107100e-09 7.7440000e-10
     28     78 0.0000000e+00 4.8028100e-11 3.0720000e-11
     28     79 0.0000000e+00 9.5838000e-13 6.1300300e-13
     28     80 0.0000000e+00 1.9611500e-14 1.2544000e-14
     28     81 0.0000000e+00 0.0000000e+00 0.0000000e+00
     28     82 0.0000000e+00 0.0000000e+00 0.0000000e+00
     29     66 0.0000000e+00 9.8652700e-07 4.4325300e-07
     29     67 0.0000000e+00 1.7721800e-06 7.9650300e-07
     29     68 0.0000000e+00 3.4259100e-06 1.5173900e-06
     29     68 1.0000000e+00 1.4443500e-07 9.2384300e-08
     29     69 0.0000000e+00 6.8753500e-06 4.3968000e-06
     29     70 0.0000000e+00 8.4800000e-06 4.7875300e-06
     29     70 1.0000000e+00 4.0349900e-06 2.5824000e-06
     29     71 0.0000000e+00 2.2262500e-05 1.4240000e-05
     29     72 0.0000000e+00 3.2407000e-05 2.0723200e-05
     29     73 0.0000000e+00 4.1924200e-05 2.6822400e-05
     29     74 0.0000000e+00 3.7351900e-05 2.3891200e-05
     29     75 0.0000000e+00 2.2366200e-05 1.4304000e-05
     29     76 0.0000000e+00 8.3531000e-06 5.3440000e-06
     29     77 0.0000000e+00 1.8422900e-06 1.1776000e-06
     29     78 0.0000000e+00 2.6520300e-07 1.6960000e-07
     29     79 0.0000000e+00 2.4814500e-08 1.5872000e-08
     29     80 0.0000000e+00 1.3308000e-09 8.5120000e-10
     29     81 0.0000000e+00 3.2819200e-11 2.0992000e-11
     29     82 0.0000000e+00 5.7533700e-13 3.6800000e-13
     29     83 0.0000000e+00 0.0000000e+00 0.0000000e+00
     29     84 0.0000000e+00 0.0000000e+00 0.0000000e+00
     30     66 0.0000000e+00 9.8652800e-07 3.1520400e-07
     30     67 0.0000000e+00 1.7722200e-06 5.6640400e-07
     30     68 0.0000000e+00 3.4502300e-06 1.1040000e-06
     30     69 0.0000000e+00 6.8993200e-06 3.1004900e-06
     30     69 1.0000000e+00 1.9954700e-08 1.2763600e-08
     30     70 0.0000000e+00 1.2811200e-05 4.0960200e-06
     30     71 0.0000000e+00 1.8964600e-05 1.0835000e-05
     30     71 1.0000000e+00 5.6510900e-06 3.6167000e-06
     30     72 0.0000000e+00 4.4013800e-05 2.8147200e-05
     30     73 0.0000000e+00 8.5419700e-05 5.4643200e-05
     30     74 0.0000000e+00 1.4369700e-04 9.1415300e-05
     30     75 0.0000000e+00 1.9947800e-04 1.2766600e-04
     30     76 0.0000000e+00 2.0759900e-04 1.3286300e-04
     30     77 0.0000000e+00 1.3680100e-04 8.7500800e-05
     30     78 0.0000000e+00 6.6023700e-05 4.2227200e-05
     30     79 0.0000000e+00 2.0997100e-05 1.3433600e-05
     30     80 0.0000000e+00 3.7935500e-06 2.4278700e-06
     30     81 0.0000000e+00 3.3022600e-07 2.1120000e-07
     30     82 0.0000000e+00 2.0712700e-08 1.3248000e-08
     30     83 0.0000000e+00 5.0629700e-10 3.2384000e-10
     30     84 0.0000000e+00 9.0853200e-12 5.8112000e-12
     30     85 0.0000000e+00 1.9360800e-13 1.2383700e-13
     30     86 0.0000000e+00 0.0000000e+00 0.0000000e+00
     31     67 0.0000000e+00 0.0000000e+00 0.0000000e+00
     31     68 0.0000000e+00 3.4420200e-13 2.2016000e-13
     31     69 0.0000000e+00 6.8993500e-06 2.2048200e-06
     31     70 0.0000000e+00 9.0953300e-10 5.8176000e-10
     31     71 0.0000000e+00 2.4635500e-05 7.8784200e-06
     31     72 0.0000000e+00 4.4351000e-05 2.8364800e-05
     31     73 0.0000000e+00 8.9061900e-05 4.0059000e-05
     31     74 0.0000000e+00 1.3543900e-04 8.6680900e-05
     31     74 1.0000000e+00 1.3004900e-04 7.2957800e-05
     31     75 0.0000000e+00 3.0989300e-04 1.9833200e-04
     31     76 0.0000000e+00 5.4620800e-04 3.4953000e-04
     31     77 0.0000000e+00 7.5763100e-04 4.8459500e-04
     31     78 0.0000000e+00 9.7004900e-04 6.2046700e-04
     31     79 0.0000000e+00 9.0662200e-04 5.7982100e-04
     31     80 0.0000000e+00 5.0578000e-04 3.2359000e-04
     31     81 0.0000000e+00 1.4656600e-04 9.3747200e-05
     31     82 0.0000000e+00 3.1519200e-05 2.0160000e-05
     31     83 0.0000000e+00 2.8822000e-06 1.8432000e-06
     31     84 0.0000000e+00 1.9612400e-07 1.2544000e-07
     31     85 0.0000000e+00 5.0129400e-09 3.2064000e-09
     31     86 0.0000000e+00 6.9740900e-11 4.4608000e-11
     31     87 0.0000000e+00 1.2366100e-12 7.9097200e-13
     31     88 0.0000000e+00 0.0000000e+00 0.0000000e+00
     31     89 0.0000000e+00 0.0000000e+00 0.0000000e+00
     32     69 0.0000000e+00 0.0000000e+00 0.0000000e+00
     32     70 0.0000000e+00 9.0592900e-10 5.7979400e-10
     32     71 0.0000000e+00 1.0226000e-11 6.5280500e-12
     32     72 0.0000000e+00 4.4351500e-05 1.4182400e-05
     32     73 0.0000000e+00 8.9079000e-05 2.0477000e-05
     32     73 1.0000000e+00 8.8708500e-05 2.8488100e-05
     32     74 0.0000000e+00 1.6830300e-04 5.3581700e-05
     32     75 0.0000000e+00 3.1478500e-04 1.4180400e-04
     32     75 1.0000000e+00 2.6324100e-05 1.2195700e-05
     32     76 0.0000000e+00 5.9098400e-04 1.8908500e-04
     32     77 0.0000000e+00 3.4894800e-04 2.1488900e-04
     32     77 1.0000000e+00 7.8437700e-04 4.5285700e-04
     32     78 0.0000000e+00 1.8991100e-03 1.2146500e-03
     32     79 0.0000000e+00 1.2883900e-03 7.7745200e-04
     32     79 1.0000000e+00 2.2053500e-03 1.4114200e-03
     32     80 0.0000000e+00 4.4262200e-03 2.8310200e-03
     32     81 0.0000000e+00 2.4896600e-03 1.5933900e-03
     32     81 1.0000000e+00 5.7157200e-04 4.5725700e-04
     32     82 0.0000000e+00 2.3332900e-03 1.4928200e-03
     32     83 0.0000000e+00 7.3960300e-04 4.7279500e-04
     32     84 0.0000000e+00 1.8186600e-04 1.1637100e-04
     32     85 0.0000000e+00 1.7235100e-05 1.1020800e-05
     32     86 0.0000000e+00 9.0359900e-07 5.7792000e-07
     32     87 0.0000000e+00 3.2018800e-08 2.0480000e-08
     32     88 0.0000000e+00 7.1141700e-10 4.5504000e-10
     32     89 0.0000000e+00 8.7722600e-12 5.6109600e-12
     32     90 0.0000000e+00 7.8945700e-13 5.0495600e-13
     32     91 0.0000000e+00 0.0000000e+00 0.0000000e+00
     33     72 0.0000000e+00 3.1818600e-14 2.0352000e-14
     33     73 0.0000000e+00 3.6421300e-12 2.3296000e-12
     33     74 0.0000000e+00 2.4674500e-10 1.5791700e-10
     33     75 0.0000000e+00 3.1480400e-04 1.0084600e-04
     33     76 0.0000000e+00 3.5020500e-07 2.2400000e-07
     33     77 0.0000000e+00 9.8983700e-04 3.1656400e-04
     33     78 0.0000000e+00 1.9706800e-03 8.8623500e-04
     33     79 0.0000000e+00 3.9643000e-03 1.7828100e-03
     33     80 0.0000000e+00 6.7965500e-03 3.0565800e-03
     33     81 0.0000000e+00 8.6928100e-03 2.9694900e-03
     33     82 0.0000000e+00 4.7008800e-03 2.1144300e-03
     33     82 1.0000000e+00 8.2494200e-03 3.7101400e-03
     33     83 0.0000000e+00 1.1169200e-02 2.5674100e-03
     33     84 0.0000000e+00 7.3680300e-03 4.7142800e-03
     33     84 1.0000000e+00 1.1733600e-03 7.4919300e-04
     33     85 0.0000000e+00 2.7409100e-03 1.7526800e-03
     33     86 0.0000000e+00 5.1225400e-04 3.2763500e-04
     33     87 0.0000000e+00 6.4532100e-05 4.1280000e-05
     33     88 0.0000000e+00 5.0536700e-06 3.2320000e-06
     33     89 0.0000000e+00 2.2713300e-07 1.4528000e-07
     33     90 0.0000000e+00 2.0440800e-08 1.3074400e-08
     33     91 0.0000000e+00 4.8305400e-11 3.0897400e-11
     33     92 0.0000000e+00 1.8549300e-12 1.1864600e-12
     33     93 0.0000000e+00 0.0000000e+00 0.0000000e+00
     33     94 0.0000000e+00 0.0000000e+00 0.0000000e+00
     33     95 0.0000000e+00 0.0000000e+00 0.0000000e+00
     34     74 0.0000000e+00 8.3893200e-11 3.1931700e-12
     34     75 0.0000000e+00 1.1806900e-12 7.5520000e-13
     34     76 0.0000000e+00 3.5026200e-07 2.2400000e-07
     34     77 0.0000000e+00 9.8984400e-04 2.2753100e-04
     34     77 1.0000000e+00 7.8203100e-05 2.5025000e-05
     34     78 0.0000000e+00 1.9709900e-03 6.3031100e-04
     34     79 0.0000000e+00 3.9721700e-03 9.1303300e-04
     34     79 1.0000000e+00 3.8819700e-03 1.2706400e-03
     34     80 0.0000000e+00 6.8988200e-03 2.2062700e-03
     34     81 0.0000000e+00 9.4172700e-03 3.1980700e-03
     34     81 1.0000000e+00 1.4132700e-03 8.7550100e-04
     34     82 0.0000000e+00 1.6826700e-02 3.8680600e-03
     34     83 0.0000000e+00 1.3220100e-02 5.9158700e-03
     34     83 1.0000000e+00 8.9315300e-03 2.8763700e-03
     34     84 0.0000000e+00 3.5812600e-02 5.7259300e-03
     34     85 0.0000000e+00 2.6347900e-02 1.2914900e-02
     34     86 0.0000000e+00 1.5379900e-02 3.5398000e-03
     34     87 0.0000000e+00 6.1966900e-03 2.7855200e-03
     34     88 0.0000000e+00 1.6030500e-03 1.0259500e-03
     34     89 0.0000000e+00 2.4555100e-04 1.5706200e-04
     34     90 0.0000000e+00 2.2693300e-05 1.4515200e-05
     34     91 0.0000000e+00 1.2507300e-06 8.0000000e-07
     34     92 0.0000000e+00 4.8028100e-08 3.0720000e-08
     34     93 0.0000000e+00 2.5969000e-10 1.6610400e-10
     34     94 0.0000000e+00 1.4608600e-11 9.3440000e-12
     34     95 0.0000000e+00 1.0094400e-12 6.4566700e-13
     34     96 0.0000000e+00 0.0000000e+00 0.0000000e+00
     35     77 0.0000000e+00 3.5961100e-13 2.2957900e-13
     35     77 1.0000000e+00 2.8445200e-13 1.8194300e-13
     35     78 0.0000000e+00 5.9534900e-11 3.8080000e-11
     35     79 0.0000000e+00 3.9721800e-03 6.3515500e-04
     35     79 1.0000000e+00 4.2343300e-09 2.7083900e-09
     35     80 0.0000000e+00 2.3213600e-07 1.4856700e-07
     35     80 1.0000000e+00 1.8037000e-07 1.1536900e-07
     35     81 0.0000000e+00 9.4235000e-03 2.3233100e-03
     35     82 0.0000000e+00 9.4185800e-05 6.0278900e-05
     35     82 1.0000000e+00 2.5405200e-05 1.6249800e-05
     35     83 0.0000000e+00 2.3021400e-02 1.8402400e-03
     35     84 0.0000000e+00 3.7887300e-02 3.0289400e-03
     35     84 1.0000000e+00 4.3485800e-03 2.7814600e-03
     35     85 0.0000000e+00 4.3988400e-02 3.5158300e-03
     35     86 0.0000000e+00 4.5584000e-02 1.5871500e-02
     35     87 0.0000000e+00 4.2047700e-02 9.6646400e-03
     35     88 0.0000000e+00 2.8999600e-02 6.6663700e-03
     35     89 0.0000000e+00 1.3277500e-02 3.0520300e-03
     35     90 0.0000000e+00 3.8337400e-03 2.4518900e-03
     35     91 0.0000000e+00 6.8799800e-04 4.4004500e-04
     35     92 0.0000000e+00 8.8219700e-05 5.6428800e-05
     35     93 0.0000000e+00 6.7239400e-06 4.3008000e-06
     35     94 0.0000000e+00 3.1519900e-07 2.0160000e-07
     35     95 0.0000000e+00 2.6136700e-08 1.6717700e-08
     35     96 0.0000000e+00 1.3307800e-10 8.5120000e-11
     35     97 0.0000000e+00 1.8819800e-12 1.2037600e-12
     35     98 0.0000000e+00 0.0000000e+00 0.0000000e+00
     35     99 0.0000000e+00 0.0000000e+00 0.0000000e+00
     35    100 0.0000000e+00 0.0000000e+00 0.0000000e+00
     36     79 0.0000000e+00 1.5409000e-13 8.4743200e-14
     36     79 1.0000000e+00 1.3590800e-13 8.6930000e-14
     36     80 0.0000000e+00 2.1289200e-07 1.3625100e-07
     36     81 0.0000000e+00 1.9441400e-09 1.2439800e-09
     36     81 1.0000000e+00 2.2941000e-10 1.4673500e-10
     36     82 0.0000000e+00 9.4911600e-05 6.0704000e-05
     36     83 0.0000000e+00 2.3025200e-02 1.8405400e-03
     36     83 1.0000000e+00 2.3017400e-02 1.8402400e-03
     36     84 0.0000000e+00 4.2330800e-02 3.3842100e-03
     36     85 0.0000000e+00 1.0253600e-02 1.2619200e-03
     36     85 1.0000000e+00 4.4059800e-02 2.6459200e-03
     36     86 0.0000000e+00 5.1476900e-02 8.2320000e-03
     36     87 0.0000000e+00 5.9164300e-02 9.4589200e-03
     36     88 0.0000000e+00 6.3060900e-02 1.0084100e-02
     36     89 0.0000000e+00 5.7250500e-02 1.3163300e-02
     36     90 0.0000000e+00 3.9774700e-02 9.1450800e-03
     36     91 0.0000000e+00 2.0047800e-02 4.6107900e-03
     36     92 0.0000000e+00 7.7663000e-03 3.4882900e-03
     36     93 0.0000000e+00 1.8905500e-03 1.2096300e-03
     36     94 0.0000000e+00 2.9255600e-04 1.8713000e-04
     36     95 0.0000000e+00 2.9017000e-05 1.8560000e-05
     36     96 0.0000000e+00 1.4209700e-06 9.0880100e-07
     36     97 0.0000000e+00 4.8728500e-08 3.1168000e-08
     36     98 0.0000000e+00 8.5550100e-10 5.4720000e-10
     36     99 0.0000000e+00 4.9295800e-12 3.1530800e-12
     36    100 0.0000000e+00 5.6233000e-14 3.5968000e-14
     36    101 0.0000000e+00 0.0000000e+00 0.0000000e+00
     36    102 0.0000000e+00 0.0000000e+00 0.0000000e+00
     37     81 0.0000000e+00 1.2500100e-15 8.0000600e-16
     37     81 1.0000000e+00 0.0000000e+00 0.0000000e+00
     37     82 0.0000000e+00 0.0000000e+00 0.0000000e+00
     37     82 1.0000000e+00 0.0000000e+00 0.0000000e+00
     37     83 0.0000000e+00 7.6945100e-10 4.9216000e-10
     37     84 0.0000000e+00 5.7769300e-08 3.6972400e-08
     37     84 1.0000000e+00 5.0388900e-08 4.0311200e-08
     37     85 0.0000000e+00 4.4887000e-02 2.6909200e-03
     37     86 0.0000000e+00 4.6267100e-05 2.5702600e-05
     37     86 1.0000000e+00 3.1322800e-05 2.0034900e-05
     37     87 0.0000000e+00 5.9684600e-02 9.5421200e-03
     37     88 0.0000000e+00 6.6355200e-02 1.0610900e-02
     37     89 0.0000000e+00 6.9656700e-02 7.6594200e-03
     37     90 0.0000000e+00 4.0301300e-02 9.3837100e-03
     37     90 1.0000000e+00 2.7467900e-02 6.2239200e-03
     37     91 0.0000000e+00 5.8495200e-02 9.3555300e-03
     37     92 0.0000000e+00 4.9247900e-02 1.1318500e-02
     37     93 0.0000000e+00 3.0798400e-02 7.0793100e-03
     37     94 0.0000000e+00 1.3732200e-02 3.1562500e-03
     37     95 0.0000000e+00 4.2231000e-03 2.7019300e-03
     37     96 0.0000000e+00 6.7077700e-04 4.2914600e-04
     37     97 0.0000000e+00 7.6573600e-05 4.8979200e-05
     37     98 0.0000000e+00 4.5735400e-06 2.9248000e-06
     37     99 0.0000000e+00 1.2763800e-07 8.1640200e-08
     37    100 0.0000000e+00 3.8323000e-09 2.4512000e-09
     37    101 0.0000000e+00 0.0000000e+00 0.0000000e+00
     37    102 0.0000000e+00 0.0000000e+00 0.0000000e+00
     37    103 0.0000000e+00 0.0000000e+00 0.0000000e+00
     37    104 0.0000000e+00 0.0000000e+00 0.0000000e+00
     37    105 0.0000000e+00 0.0000000e+00 0.0000000e+00
     38     83 0.0000000e+00 0.0000000e+00 0.0000000e+00
     38     84 0.0000000e+00 2.3130200e-09 1.3704600e-09
     38     85 0.0000000e+00 2.8755000e-10 1.8403200e-10
     38     85 1.0000000e+00 4.9421000e-11 3.1610900e-11
     38     86 0.0000000e+00 4.6285700e-05 2.9606400e-05
     38     87 0.0000000e+00 5.9685500e-02 9.5422500e-03
     38     87 1.0000000e+00 1.4137300e-07 9.0424400e-08
     38     88 0.0000000e+00 6.6373200e-02 1.0613800e-02
     38     89 0.0000000e+00 6.9878100e-02 4.1912000e-03
     38     90 0.0000000e+00 6.8525500e-02 1.0959200e-02
     38     91 0.0000000e+00 6.4461000e-02 5.1548000e-03
     38     92 0.0000000e+00 6.7275200e-02 1.0756000e-02
     38     93 0.0000000e+00 6.4379300e-02 1.0290800e-02
     38     94 0.0000000e+00 5.3548300e-02 1.2315200e-02
     38     95 0.0000000e+00 3.9360500e-02 9.0472900e-03
     38     96 0.0000000e+00 1.7068700e-02 3.9237800e-03
     38     97 0.0000000e+00 5.8303100e-03 2.6222000e-03
     38     98 0.0000000e+00 1.1061200e-03 7.0749400e-04
     38     99 0.0000000e+00 1.4168600e-04 9.0636800e-05
     38    100 0.0000000e+00 1.0920000e-05 6.9824100e-06
     38    101 0.0000000e+00 4.4826300e-12 2.8672000e-12
     38    102 0.0000000e+00 3.8922800e-14 2.4896000e-14
     38    103 0.0000000e+00 4.9959600e-16 3.1955400e-16
     38    104 0.0000000e+00 0.0000000e+00 0.0000000e+00
     38    105 0.0000000e+00 0.0000000e+00 0.0000000e+00
     38    106 0.0000000e+00 2.2277500e-13 1.4249200e-13
     38    107 0.0000000e+00 3.2933300e-14 2.1065000e-14
     39     86 0.0000000e+00 0.0000000e+00 0.0000000e+00
     39     86 1.0000000e+00 0.0000000e+00 0.0000000e+00
     39     87 0.0000000e+00 1.6718400e-12 1.0699800e-12
     39     87 1.0000000e+00 0.0000000e+00 0.0000000e+00
     39     88 0.0000000e+00 4.4926800e-09 2.8736000e-09
     39     89 0.0000000e+00 6.9878200e-02 4.1912100e-03
     39     89 1.0000000e+00 1.0642200e-05 3.5383500e-06
     39     90 0.0000000e+00 6.8529800e-02 1.0959900e-02
     39     90 1.0000000e+00 2.6620600e-06 1.7027200e-06
     39     91 0.0000000e+00 6.4516700e-02 5.1579100e-03
     39     91 1.0000000e+00 5.7416700e-02 3.1199900e-02
     39     92 0.0000000e+00 6.7787200e-02 1.0837800e-02
     39     93 0.0000000e+00 6.7202800e-02 1.0961500e-02
     39     93 1.0000000e+00 2.2544000e-02 1.4428200e-02
     39     94 0.0000000e+00 6.3452900e-02 1.4592000e-02
     39     95 0.0000000e+00 6.2512400e-02 6.8722700e-03
     39     96 0.0000000e+00 1.9621500e-02 3.1394500e-03
     39     96 1.0000000e+00 2.6131200e-02 6.0066700e-03
     39     97 0.0000000e+00 1.0568900e-02 2.4308400e-03
     39     97 1.0000000e+00 2.2686000e-02 1.4508300e-02
     39     98 0.0000000e+00 3.0923100e-03 1.3923100e-03
     39     98 1.0000000e+00 1.2749500e-02 5.7337900e-03
     39     99 0.0000000e+00 5.9566600e-03 2.6790300e-03
     39    100 0.0000000e+00 3.7143800e-05 2.3772000e-05
     39    100 1.0000000e+00 1.2514000e-03 1.0011200e-03
     39    101 0.0000000e+00 6.2636800e-06 4.0064000e-06
     39    102 0.0000000e+00 2.8516700e-07 1.8240000e-07
     39    103 0.0000000e+00 1.0005900e-08 6.4000000e-09
     39    104 0.0000000e+00 2.5615000e-10 1.6384000e-10
     39    105 0.0000000e+00 1.2989500e-13 8.3084000e-14
     39    106 0.0000000e+00 5.7681100e-09 3.6894300e-09
     39    107 0.0000000e+00 8.5271500e-10 5.4541800e-10
     39    108 0.0000000e+00 2.8712700e-13 1.8365400e-13
     39    109 0.0000000e+00 1.2565900e-14 8.0374400e-15
     40     88 0.0000000e+00 4.6527300e-14 2.9760000e-14
     40     89 0.0000000e+00 4.9730800e-12 3.1827700e-12
     40     89 1.0000000e+00 0.0000000e+00 0.0000000e+00
     40     90 0.0000000e+00 6.8529800e-02 1.0960000e-02
     40     90 1.0000000e+00 5.4584000e-09 3.4933800e-09
     40     91 0.0000000e+00 6.4516700e-02 5.1592600e-03
     40     92 0.0000000e+00 6.7787900e-02 1.0838000e-02
     40     93 0.0000000e+00 6.7216400e-02 1.0744500e-02
     40     94 0.0000000e+00 6.3605500e-02 1.0175300e-02
     40     95 0.0000000e+00 6.3598500e-02 3.8137800e-03
     40     96 0.0000000e+00 4.9679600e-02 7.9422000e-03
     40     97 0.0000000e+00 4.3673900e-02 1.7761100e-03
     40     98 0.0000000e+00 3.0247200e-02 7.0690700e-03
     40     99 0.0000000e+00 2.1903200e-02 5.0173100e-03
     40    100 0.0000000e+00 1.2505000e-02 2.9216200e-03
     40    101 0.0000000e+00 4.4762200e-03 2.8631700e-03
     40    102 0.0000000e+00 9.3043500e-04 5.9513600e-04
     40    103 0.0000000e+00 1.6922700e-04 1.0824300e-04
     40    104 0.0000000e+00 2.1592900e-05 1.3811200e-05
     40    105 0.0000000e+00 2.6015200e-06 1.6640000e-06
     40    106 0.0000000e+00 6.4037600e-06 4.0960000e-06
     40    107 0.0000000e+00 9.4668300e-07 6.0552200e-07
     40    108 0.0000000e+00 7.4343500e-09 4.7552000e-09
     40    109 0.0000000e+00 3.2535700e-10 2.0810700e-10
     40    110 0.0000000e+00 7.6444800e-13 4.8896000e-13
     40    111 0.0000000e+00 2.5062100e-14 1.6030400e-14
     40    112 0.0000000e+00 0.0000000e+00 0.0000000e+00
     41     90 0.0000000e+00 0.0000000e+00 0.0000000e+00
     41     91 0.0000000e+00 3.1168300e-13 1.9947700e-13
     41     91 1.0000000e+00 0.0000000e+00 0.0000000e+00
     41     92 0.0000000e+00 1.8938700e-11 1.2120800e-11
     41     92 1.0000000e+00 0.0000000e+00 0.0000000e+00
     41     93 0.0000000e+00 6.7216400e-02 1.0744500e-02
     41     93 1.0000000e+00 6.3855600e-02 1.0207300e-02
     41     94 0.0000000e+00 1.1365400e-07 7.2664900e-08
     41     94 1.0000000e+00 4.2586200e-08 2.7239200e-08
     41     95 0.0000000e+00 6.3569100e-02 3.8137500e-03
     41     95 1.0000000e+00 5.7284000e-04 7.3833000e-05
     41     96 0.0000000e+00 3.1368400e-05 2.0064000e-05
     41     97 0.0000000e+00 4.3930800e-02 1.7860600e-03
     41     97 1.0000000e+00 4.1533400e-02 1.8193600e-03
     41     98 0.0000000e+00 3.1121000e-02 7.2695300e-03
     41     98 1.0000000e+00 2.3368700e-04 1.4947100e-04
     41     99 0.0000000e+00 1.7247200e-02 4.2773900e-03
     41     99 1.0000000e+00 8.4704900e-03 2.6466600e-03
     41    100 0.0000000e+00 1.3420300e-02 6.8117100e-03
     41    100 1.0000000e+00 5.9002600e-03 2.6551200e-03
     41    101 0.0000000e+00 1.3744200e-02 4.3956100e-03
     41    102 0.0000000e+00 2.1060700e-03 6.7355200e-04
     41    102 1.0000000e+00 4.0962700e-03 2.6200800e-03
     41    103 0.0000000e+00 3.2605600e-03 1.4664100e-03
     41    104 0.0000000e+00 3.2925000e-04 2.1058200e-04
     41    104 1.0000000e+00 1.0719600e-03 6.8565500e-04
     41    105 0.0000000e+00 7.0391700e-04 4.5022700e-04
     41    106 0.0000000e+00 2.5440900e-04 1.6272600e-04
     41    107 0.0000000e+00 5.2520800e-05 3.3593600e-05
     41    108 0.0000000e+00 5.3905900e-06 3.4432200e-06
     41    109 0.0000000e+00 3.6121200e-07 2.3104000e-07
     41    110 0.0000000e+00 1.0607000e-08 6.7840000e-09
     41    111 0.0000000e+00 6.4891300e-10 4.1506100e-10
     41    112 0.0000000e+00 8.7722600e-13 5.6109600e-13
     41    113 0.0000000e+00 5.2560800e-14 3.3619200e-14
     41    114 0.0000000e+00 0.0000000e+00 0.0000000e+00
     41    115 0.0000000e+00 0.0000000e+00 0.0000000e+00
     42     92 0.0000000e+00 0.0000000e+00 0.0000000e+00
     42     93 0.0000000e+00 2.7402100e-14 1.7537300e-14
     42     93 1.0000000e+00 1.1651800e-14 7.4528000e-15
     42     94 0.0000000e+00 1.1387000e-07 7.2877000e-08
     42     95 0.0000000e+00 6.3601200e-02 3.8139400e-03
     42     96 0.0000000e+00 3.1380200e-05 2.0070400e-05
     42     97 0.0000000e+00 4.3931200e-02 1.7861500e-03
     42     98 0.0000000e+00 3.1359300e-02 5.1044600e-03
     42     99 0.0000000e+00 2.5435100e-02 1.0180200e-03
     42    100 0.0000000e+00 1.9614500e-02 4.5538100e-03
     42    101 0.0000000e+00 1.3857700e-02 4.4319100e-03
     42    102 0.0000000e+00 6.4339400e-03 2.0577000e-03
     42    103 0.0000000e+00 3.7153500e-03 8.5260500e-04
     42    104 0.0000000e+00 1.9819800e-03 8.8707900e-04
     42    105 0.0000000e+00 1.4486900e-03 9.2716200e-04
     42    106 0.0000000e+00 8.9982900e-04 4.0455100e-04
     42    107 0.0000000e+00 5.5486900e-04 3.5511600e-04
     42    108 0.0000000e+00 2.0226600e-04 1.2937000e-04
     42    109 0.0000000e+00 5.2651900e-05 3.3676800e-05
     42    110 0.0000000e+00 6.3643300e-06 4.0704000e-06
     42    111 0.0000000e+00 7.2042200e-07 4.6080000e-07
     42    112 0.0000000e+00 2.2713300e-08 1.4528000e-08
     42    113 0.0000000e+00 1.3609100e-09 8.7047500e-10
     42    114 0.0000000e+00 1.4908700e-11 9.5360000e-12
     42    115 0.0000000e+00 1.6151200e-13 1.0330700e-13
     42    116 0.0000000e+00 0.0000000e+00 0.0000000e+00
     42    117 0.0000000e+00 0.0000000e+00 0.0000000e+00
     43     95 0.0000000e+00 0.0000000e+00 0.0000000e+00
     43     95 1.0000000e+00 0.0000000e+00 0.0000000e+00
     43     96 0.0000000e+00 0.0000000e+00 0.0000000e+00
     43     96 1.0000000e+00 0.0000000e+00 0.0000000e+00
     43     97 0.0000000e+00 1.7710400e-11 1.1334600e-11
     43     97 1.0000000e+00 2.9753400e-12 1.9031000e-12
     43     98 0.0000000e+00 8.6650800e-10 5.5424000e-10
     43     99 0.0000000e+00 2.5434200e-02 1.0179400e-03
     43     99 1.0000000e+00 2.2128500e-02 9.0824600e-04
     43    100 0.0000000e+00 6.6639100e-07 4.2624000e-07
     43    101 0.0000000e+00 1.3857700e-02 4.4319100e-03
     43    102 0.0000000e+00 6.4339400e-03 2.0588600e-03
     43    102 1.0000000e+00 8.4607600e-09 2.7074400e-09
     43    103 0.0000000e+00 3.7154600e-03 4.0784800e-04
     43    104 0.0000000e+00 1.9825700e-03 8.8734400e-04
     43    105 0.0000000e+00 1.4524500e-03 6.5846200e-04
     43    106 0.0000000e+00 1.0338600e-03 2.3758000e-04
     43    107 0.0000000e+00 9.3072900e-04 5.9566700e-04
     43    108 0.0000000e+00 6.9077900e-04 4.4185600e-04
     43    109 0.0000000e+00 4.9407400e-04 3.1600000e-04
     43    110 0.0000000e+00 2.0243900e-04 1.2948500e-04
     43    111 0.0000000e+00 8.2818500e-05 5.2972800e-05
     43    112 0.0000000e+00 9.4782600e-06 6.0660800e-06
     43    113 0.0000000e+00 1.5108900e-06 9.6640000e-07
     43    114 0.0000000e+00 8.2063000e-08 5.2520300e-08
     43    115 0.0000000e+00 4.1818800e-09 2.6748400e-09
     43    116 0.0000000e+00 1.3808100e-10 8.8320000e-11
     43    117 0.0000000e+00 9.8543000e-13 6.3030600e-13
     43    118 0.0000000e+00 3.7600900e-14 2.4050500e-14
     43    119 0.0000000e+00 8.7722600e-16 5.6109600e-16
     43    120 0.0000000e+00 0.0000000e+00 0.0000000e+00
     44     98 0.0000000e+00 8.6650800e-10 5.0781600e-13
     44     99 0.0000000e+00 2.5435100e-02 1.0180200e-03
     44    100 0.0000000e+00 6.6645700e-07 4.2624000e-07
     44    101 0.0000000e+00 1.3857700e-02 8.0186900e-06
     44    102 0.0000000e+00 6.4339500e-03 3.6265700e-06
     44    103 0.0000000e+00 3.7154600e-03 2.2257800e-04
     44    104 0.0000000e+00 1.9825700e-03 6.3104700e-04
     44    105 0.0000000e+00 1.4524500e-03 3.3667100e-04
     44    106 0.0000000e+00 1.0355900e-03 1.1381900e-04
     44    107 0.0000000e+00 9.5099100e-04 4.2986500e-04
     44    108 0.0000000e+00 7.8753600e-04 5.0351500e-04
     44    109 0.0000000e+00 5.6917200e-04 3.6426900e-04
     44    109 1.0000000e+00 2.1341000e-04 1.3602600e-04
     44    110 0.0000000e+00 6.2227100e-04 3.9590800e-04
     44    111 0.0000000e+00 6.4009100e-04 4.0965800e-04
     44    112 0.0000000e+00 2.1762000e-04 1.3920000e-04
     44    113 0.0000000e+00 1.1196600e-04 7.1609600e-05
     44    114 0.0000000e+00 2.0474000e-05 1.3100800e-05
     44    115 0.0000000e+00 4.6427200e-06 2.9696000e-06
     44    116 0.0000000e+00 3.8036100e-07 2.4320000e-07
     44    117 0.0000000e+00 2.5514900e-08 1.6320000e-08
     44    118 0.0000000e+00 9.7357000e-10 6.2272000e-10
     44    119 0.0000000e+00 2.2713300e-11 1.4528000e-11
     44    120 0.0000000e+00 2.6115300e-13 1.6704000e-13
     44    121 0.0000000e+00 4.4440900e-15 2.8425600e-15
     44    122 0.0000000e+00 0.0000000e+00 0.0000000e+00
     44    123 0.0000000e+00 0.0000000e+00 0.0000000e+00
     44    124 0.0000000e+00 0.0000000e+00 0.0000000e+00
     45    100 0.0000000e+00 0.0000000e+00 0.0000000e+00
     45    100 1.0000000e+00 0.0000000e+00 0.0000000e+00
     45    101 0.0000000e+00 0.0000000e+00 0.0000000e+00
     45    101 1.0000000e+00 0.0000000e+00 0.0000000e+00
     45    102 0.0000000e+00 0.0000000e+00 0.0000000e+00
     45    102 1.0000000e+00 0.0000000e+00 0.0000000e+00
     45    103 0.0000000e+00 3.7154600e-03 8.5674700e-06
     45    103 1.0000000e+00 3.7061700e-03 3.6348800e-05
     45    104 0.0000000e+00 0.0000000e+00 0.0000000e+00
     45    104 1.0000000e+00 0.0000000e+00 0.0000000e+00
     45    105 0.0000000e+00 1.4524500e-03 1.0607400e-05
     45    105 1.0000000e+00 4.1394900e-04 1.8919000e-05
     45    106 0.0000000e+00 1.0355900e-03 1.1381900e-04
     45    106 1.0000000e+00 7.8516400e-10 5.0221100e-10
     45    107 0.0000000e+00 9.5104900e-04 4.2989200e-04
     45    108 0.0000000e+00 7.8779600e-04 3.5414900e-04
     45    108 1.0000000e+00 9.0806800e-07 5.8082300e-07
     45    109 0.0000000e+00 7.9610900e-04 5.0951000e-04
     45    110 0.0000000e+00 6.3426200e-04 2.8377800e-04
     45    110 1.0000000e+00 5.8130400e-05 3.7181700e-05
     45    111 0.0000000e+00 9.3932600e-04 6.0116900e-04
     45    112 0.0000000e+00 5.4518200e-04 1.2532000e-04
     45    113 0.0000000e+00 6.2006300e-04 3.9660200e-04
     45    114 0.0000000e+00 3.0077800e-04 1.9239000e-04
     45    115 0.0000000e+00 1.9498400e-04 1.2471000e-04
     45    116 0.0000000e+00 4.9148900e-05 3.1436800e-05
     45    117 0.0000000e+00 1.0641700e-05 6.8096000e-06
     45    118 0.0000000e+00 1.3917900e-06 8.8960200e-07
     45    119 0.0000000e+00 1.1409000e-07 7.2960100e-08
     45    120 0.0000000e+00 4.9531600e-09 3.1680000e-09
     45    121 0.0000000e+00 1.1506800e-10 7.3600000e-11
     45    122 0.0000000e+00 1.5008800e-12 9.6000000e-13
     45    123 0.0000000e+00 0.0000000e+00 0.0000000e+00
     45    124 0.0000000e+00 0.0000000e+00 0.0000000e+00
     45    125 0.0000000e+00 0.0000000e+00 0.0000000e+00
     45    126 0.0000000e+00 0.0000000e+00 0.0000000e+00
     45    127 0.0000000e+00 0.0000000e+00 0.0000000e+00
     45    128 0.0000000e+00 0.0000000e+00 0.0000000e+00
     46    102 0.0000000e+00 0.0000000e+00 0.0000000e+00
     46    103 0.0000000e+00 0.0000000e+00 0.0000000e+00
     46    104 0.0000000e+00 0.0000000e+00 0.0000000e+00
     46    105 0.0000000e+00 1.4524500e-03 1.0607400e-05
     46    106 0.0000000e+00 1.0355900e-03 1.1381900e-04
     46    107 0.0000000e+00 9.5104900e-04 3.0571500e-04
     46    107 1.0000000e+00 5.1830200e-12 3.3151900e-12
     46    108 0.0000000e+00 7.8870500e-04 2.5213200e-04
     46    109 0.0000000e+00 7.9614300e-04 5.0953100e-04
     46    109 1.0000000e+00 2.3096700e-08 1.4773300e-08
     46    110 0.0000000e+00 6.9310700e-04 2.2063000e-04
     46    111 0.0000000e+00 9.4845400e-04 4.2725600e-04
     46    111 1.0000000e+00 7.6989100e-06 4.9273000e-06
     46    112 0.0000000e+00 5.8516600e-04 4.6788300e-05
     46    113 0.0000000e+00 8.0557200e-04 1.2881700e-04
     46    114 0.0000000e+00 5.8893900e-04 3.7651900e-04
     46    115 0.0000000e+00 7.1776600e-04 3.2287900e-04
     46    116 0.0000000e+00 4.1932400e-04 2.6812200e-04
     46    117 0.0000000e+00 2.4406300e-04 1.5620000e-04
     46    118 0.0000000e+00 9.7698200e-05 6.2496000e-05
     46    119 0.0000000e+00 2.5999300e-05 1.6627200e-05
     46    120 0.0000000e+00 4.0673300e-06 2.5984100e-06
     46    121 0.0000000e+00 3.5932600e-07 2.2976000e-07
     46    122 0.0000000e+00 1.8312200e-08 1.1712000e-08
     46    123 0.0000000e+00 4.8728600e-10 3.1168000e-10
     46    124 0.0000000e+00 0.0000000e+00 0.0000000e+00
     46    125 0.0000000e+00 0.0000000e+00 0.0000000e+00
     46    126 0.0000000e+00 0.0000000e+00 0.0000000e+00
     46    127 0.0000000e+00 0.0000000e+00 0.0000000e+00
     46    128 0.0000000e+00 0.0000000e+00 0.0000000e+00
     46    129 0.0000000e+00 0.0000000e+00 0.0000000e+00
     46    130 0.0000000e+00 0.0000000e+00 0.0000000e+00
     46    131 0.0000000e+00 0.0000000e+00 0.0000000e+00
     47    105 0.0000000e+00 0.0000000e+00 0.0000000e+00
     47    105 1.0000000e+00 0.0000000e+00 0.0000000e+00
     47    106 0.0000000e+00 0.0000000e+00 0.0000000e+00
     47    106 1.0000000e+00 0.0000000e+00 0.0000000e+00
     47    107 0.0000000e+00 9.5104900e-04 4.2207000e-06
     47    107 1.0000000e+00 0.0000000e+00 0.0000000e+00
     47    108 0.0000000e+00 5.5423700e-15 3.3466600e-15
     47    108 1.0000000e+00 1.2231600e-14 7.8236200e-15
     47    109 0.0000000e+00 7.9614300e-04 5.0953100e-04
     47    109 1.0000000e+00 7.9574500e-04 5.0927700e-04
     47    110 0.0000000e+00 9.5978600e-11 6.1426300e-11
     47    110 1.0000000e+00 2.5276100e-10 1.6167300e-10
     47    111 0.0000000e+00 9.4395000e-04 7.6238900e-05
     47    111 1.0000000e+00 9.4356200e-04 2.1743700e-04
     47    112 0.0000000e+00 5.8545200e-04 4.6810800e-05
     47    113 0.0000000e+00 8.0866800e-04 1.0171200e-04
     47    113 1.0000000e+00 4.0013300e-06 1.8006000e-06
     47    114 0.0000000e+00 6.1113200e-04 2.7472100e-04
     47    115 0.0000000e+00 5.9924800e-04 1.8275800e-04
     47    115 1.0000000e+00 2.9438600e-04 1.3241700e-04
     47    116 0.0000000e+00 4.8753700e-04 2.7857800e-04
     47    116 1.0000000e+00 1.6008000e-04 1.0245100e-04
     47    117 0.0000000e+00 3.0691900e-04 1.7670000e-04
     47    117 1.0000000e+00 3.2436000e-04 2.0759100e-04
     47    118 0.0000000e+00 3.1257200e-04 1.6985700e-04
     47    118 1.0000000e+00 3.4866600e-04 2.2314600e-04
     47    119 0.0000000e+00 3.5371100e-04 2.2624000e-04
     47    120 0.0000000e+00 1.0491400e-04 6.2627600e-05
     47    120 1.0000000e+00 1.0424000e-04 6.6674500e-05
     47    121 0.0000000e+00 5.2289800e-05 3.3446400e-05
     47    122 0.0000000e+00 9.7440100e-06 5.7804000e-06
     47    123 0.0000000e+00 1.0110800e-06 6.4640100e-07
     47    124 0.0000000e+00 1.2007000e-11 7.6800000e-12
     47    125 0.0000000e+00 8.1047500e-13 5.1840000e-13
     47    126 0.0000000e+00 4.5826900e-14 2.9312000e-14
     47    127 0.0000000e+00 0.0000000e+00 0.0000000e+00
     47    128 0.0000000e+00 0.0000000e+00 0.0000000e+00
     47    129 0.0000000e+00 4.2165800e-17 2.6970300e-17
     47    130 0.0000000e+00 7.6945100e-11 4.9216000e-11
     47    131 0.0000000e+00 1.3757400e-12 8.7995700e-13
     47    132 0.0000000e+00 0.0000000e+00 0.0000000e+00
     47    133 0.0000000e+00 0.0000000e+00 0.0000000e+00
     48    108 0.0000000e+00 5.3844100e-15 3.4460200e-15
     48    109 0.0000000e+00 0.0000000e+00 0.0000000e+00
     48    110 0.0000000e+00 3.4501400e-10 1.4432900e-14
     48    111 0.0000000e+00 9.5055500e-04 7.6259300e-05
     48    111 1.0000000e+00 1.4721200e-12 9.4160700e-13
     48    112 0.0000000e+00 5.8545200e-04 4.6810800e-05
     48    113 0.0000000e+00 7.9718900e-04 6.4088000e-05
     48    113 1.0000000e+00 1.2943100e-05 3.5931700e-06
     48    114 0.0000000e+00 6.1122800e-04 1.9539000e-04
     48    115 0.0000000e+00 7.9007500e-04 6.6418700e-05
     48    115 1.0000000e+00 4.3296800e-05 1.9483500e-05
     48    116 0.0000000e+00 6.4717700e-04 1.4873300e-04
     48    117 0.0000000e+00 5.2389400e-04 2.1792400e-04
     48    117 1.0000000e+00 1.3281000e-04 5.9764700e-05
     48    118 0.0000000e+00 6.6420000e-04 2.9871900e-04
     48    119 0.0000000e+00 3.4667500e-04 1.8750000e-04
     48    119 1.0000000e+00 3.1919900e-04 2.0428800e-04
     48    120 0.0000000e+00 6.2812300e-04 4.0172800e-04
     48    121 0.0000000e+00 1.6755400e-04 1.0721000e-04
     48    121 1.0000000e+00 3.2313100e-04 2.0667100e-04
     48    122 0.0000000e+00 2.7779900e-04 1.7769000e-04
     48    123 0.0000000e+00 1.0067400e-04 6.4396800e-05
     48    124 0.0000000e+00 3.5020600e-06 2.2400000e-06
     48    125 0.0000000e+00 8.9352400e-07 5.7152000e-07
     48    126 0.0000000e+00 1.9311300e-07 1.2352000e-07
     48    127 0.0000000e+00 3.8022300e-08 2.4320000e-08
     48    128 0.0000000e+00 6.2436600e-09 3.9936000e-09
     48    129 0.0000000e+00 8.4449500e-10 5.4016000e-10
     48    130 0.0000000e+00 7.5051700e-07 4.8000000e-07
     48    131 0.0000000e+00 3.5620900e-08 2.2784000e-08
     48    132 0.0000000e+00 9.6956800e-10 6.2016000e-10
     48    133 0.0000000e+00 1.0434000e-11 6.6738300e-12
     48    134 0.0000000e+00 8.3749100e-14 5.3568000e-14
     48    135 0.0000000e+00 0.0000000e+00 0.0000000e+00
     48    136 0.0000000e+00 0.0000000e+00 0.0000000e+00
     49    110 0.0000000e+00 0.0000000e+00 0.0000000e+00
     49    110 1.0000000e+00 0.0000000e+00 0.0000000e+00
     49    111 0.0000000e+00 0.0000000e+00 0.0000000e+00
     49    111 1.0000000e+00 0.0000000e+00 0.0000000e+00
     49    112 0.0000000e+00 0.0000000e+00 0.0000000e+00
     49    112 1.0000000e+00 0.0000000e+00 0.0000000e+00
     49    113 0.0000000e+00 8.1011400e-04 6.4772900e-05
     49    113 1.0000000e+00 4.9404100e-14 3.1600100e-14
     49    114 0.0000000e+00 1.8004400e-11 1.1522800e-11
     49    114 1.0000000e+00 1.4351800e-11 9.1797900e-12
     49    115 0.0000000e+00 7.9386900e-04 6.5300400e-05
     49    115 1.0000000e+00 7.9007800e-04 6.6416000e-05
     49    116 0.0000000e+00 3.2743200e-09 2.0943400e-09
     49    116 1.0000000e+00 1.6937500e-08 1.0840000e-08
     49    116 2.0000000e+00 5.4976200e-09 3.5164100e-09
     49    117 0.0000000e+00 4.0236000e-04 1.3913600e-04
     49    117 1.0000000e+00 4.8140900e-04 2.0071600e-04
     49    118 0.0000000e+00 6.6474700e-04 2.1259500e-04
     49    118 1.0000000e+00 2.8134300e-06 1.5518500e-06
     49    118 2.0000000e+00 9.1745000e-07 5.8682400e-07
     49    119 0.0000000e+00 3.8772700e-04 1.6676900e-04
     49    119 1.0000000e+00 3.1813600e-04 1.5250800e-04
     49    120 0.0000000e+00 6.6543200e-04 3.7948400e-04
     49    120 1.0000000e+00 9.5701500e-05 6.1249000e-05
     49    121 0.0000000e+00 5.6413600e-04 3.1260100e-04
     49    121 1.0000000e+00 2.1569500e-04 1.3804500e-04
     49    122 0.0000000e+00 3.9290300e-04 2.5145800e-04
     49    122 1.0000000e+00 5.7311100e-04 3.2328600e-04
     49    123 0.0000000e+00 5.2690600e-04 3.3722000e-04
     49    123 1.0000000e+00 1.6955800e-04 9.1465300e-05
     49    124 0.0000000e+00 3.0694100e-04 1.9632700e-04
     49    124 1.0000000e+00 3.2741100e-04 2.0942100e-04
     49    125 0.0000000e+00 4.2971900e-04 2.7497500e-04
     49    125 1.0000000e+00 8.7137400e-05 5.5610800e-05
     49    126 0.0000000e+00 1.8096200e-04 1.1574800e-04
     49    126 1.0000000e+00 1.9545200e-04 1.2501600e-04
     49    127 0.0000000e+00 2.1651800e-04 1.3847900e-04
     49    127 1.0000000e+00 4.3712300e-05 2.7972300e-05
     49    128 0.0000000e+00 7.9971300e-05 5.1154000e-05
     49    128 1.0000000e+00 8.6282400e-05 5.5188400e-05
     49    129 0.0000000e+00 7.4558500e-05 4.7688900e-05
     49    129 1.0000000e+00 1.5054900e-05 9.6294900e-06
     49    130 0.0000000e+00 4.3029400e-04 2.3287600e-04
     49    131 0.0000000e+00 2.9287200e-05 1.8743800e-05
     49    131 1.0000000e+00 5.8924100e-06 3.7689400e-06
     49    131 2.0000000e+00 1.7581800e-05 1.4065500e-05
     49    132 0.0000000e+00 5.1840100e-06 3.3152000e-06
     49    133 0.0000000e+00 2.7015900e-07 1.7280000e-07
     49    134 0.0000000e+00 6.9141400e-09 4.4224000e-09
     49    135 0.0000000e+00 4.2508800e-11 2.7189700e-11
     49    136 0.0000000e+00 5.6733200e-13 3.6288000e-13
     49    137 0.0000000e+00 0.0000000e+00 0.0000000e+00
     49    138 0.0000000e+00 0.0000000e+00 0.0000000e+00
     50    113 0.0000000e+00 0.0000000e+00 0.0000000e+00
     50    113 1.0000000e+00 0.0000000e+00 0.0000000e+00
     50    114 0.0000000e+00 1.7914400e-11 3.1437000e-13
     50    115 0.0000000e+00 8.3337300e-04 6.6644800e-05
     50    116 0.0000000e+00 2.0213800e-08 9.0457200e-09
     50    117 0.0000000e+00 6.5702500e-04 4.2042900e-04
     50    117 1.0000000e+00 6.0354800e-06 3.8627100e-06
     50    118 0.0000000e+00 6.6757700e-04 1.5345400e-04
     50    119 0.0000000e+00 6.8813400e-04 1.5817700e-04
     50    119 1.0000000e+00 3.9459700e-06 1.7756800e-06
     50    120 0.0000000e+00 7.6250600e-04 1.7097800e-04
     50    121 0.0000000e+00 7.7598900e-04 4.9663200e-04
     50    121 1.0000000e+00 6.5589100e-05 3.6953400e-05
     50    122 0.0000000e+00 1.0439800e-03 3.2792600e-04
     50    123 0.0000000e+00 2.2359300e-04 1.3331700e-04
     50    123 1.0000000e+00 7.5337500e-04 3.4679300e-04
     50    124 0.0000000e+00 1.1625700e-03 3.7180600e-04
     50    125 0.0000000e+00 7.3425300e-04 4.6992200e-04
     50    125 1.0000000e+00 7.1473900e-04 3.8530900e-04
     50    126 0.0000000e+00 1.8893700e-03 4.3442600e-04
     50    127 0.0000000e+00 1.8532500e-03 1.1860800e-03
     50    127 1.0000000e+00 8.7430500e-04 4.8404100e-04
     50    128 0.0000000e+00 4.4523600e-03 2.8482300e-03
     50    129 0.0000000e+00 1.8993100e-03 1.2155600e-03
     50    129 1.0000000e+00 5.1132600e-03 3.2631000e-03
     50    130 0.0000000e+00 2.3778600e-03 1.4087400e-03
     50    130 1.0000000e+00 5.3363200e-03 3.4152400e-03
     50    131 0.0000000e+00 1.0173300e-03 6.5108500e-04
     50    131 1.0000000e+00 2.7785600e-03 1.7664900e-03
     50    132 0.0000000e+00 1.2534600e-03 8.0162700e-04
     50    133 0.0000000e+00 2.4256800e-04 1.5523200e-04
     50    134 0.0000000e+00 2.3790900e-05 1.5219200e-05
     50    135 0.0000000e+00 1.1006500e-06 7.0400000e-07
     50    136 0.0000000e+00 2.9918100e-08 1.9136000e-08
     50    137 0.0000000e+00 4.0723900e-10 2.6048000e-10
     50    138 0.0000000e+00 3.6621500e-12 2.3424000e-12
     50    139 0.0000000e+00 8.5017500e-14 5.4379300e-14
     50    140 0.0000000e+00 0.0000000e+00 0.0000000e+00
     51    116 0.0000000e+00 0.0000000e+00 0.0000000e+00
     51    116 1.0000000e+00 0.0000000e+00 0.0000000e+00
     51    117 0.0000000e+00 0.0000000e+00 0.0000000e+00
     51    118 0.0000000e+00 7.1924900e-14 4.6005000e-14
     51    118 1.0000000e+00 1.2038800e-13 7.7003000e-14
     51    119 0.0000000e+00 1.5309000e-11 9.7920000e-12
     51    120 0.0000000e+00 3.3679700e-10 2.1542400e-10
     51    120 1.0000000e+00 5.6373000e-10 3.6057600e-10
     51    121 0.0000000e+00 7.9071400e-04 8.6932900e-05
     51    122 0.0000000e+00 7.0741500e-07 4.5050300e-07
     51    122 1.0000000e+00 4.0534900e-07 2.5927100e-07
     51    123 0.0000000e+00 9.8610800e-04 3.1537100e-04
     51    124 0.0000000e+00 1.3923000e-06 8.9106900e-07
     51    124 1.0000000e+00 1.3079700e-06 7.5280500e-07
     51    124 2.0000000e+00 4.4402000e-07 2.8400600e-07
     51    125 0.0000000e+00 1.4584100e-03 6.5589800e-04
     51    126 0.0000000e+00 2.8819200e-04 6.5876600e-05
     51    126 1.0000000e+00 1.9277100e-03 4.4324000e-04
     51    127 0.0000000e+00 2.9172800e-03 1.3117400e-03
     51    128 0.0000000e+00 5.2847200e-04 3.3798000e-04
     51    128 1.0000000e+00 4.9424500e-03 3.1617000e-03
     51    129 0.0000000e+00 8.1052100e-03 9.7718400e-04
     51    129 1.0000000e+00 1.6333100e-03 1.1021200e-03
     51    130 0.0000000e+00 1.0242100e-02 5.7566600e-03
     51    130 1.0000000e+00 9.2364800e-03 5.9113400e-03
     51    131 0.0000000e+00 2.0575300e-02 4.7295000e-03
     51    132 0.0000000e+00 1.0101400e-02 4.3077500e-03
     51    132 1.0000000e+00 7.8466400e-03 3.8609300e-03
     51    133 0.0000000e+00 1.1089600e-02 2.5491400e-03
     51    134 0.0000000e+00 1.0282700e-03 6.5745600e-04
     51    134 1.0000000e+00 2.7543700e-03 1.7617600e-03
     51    135 0.0000000e+00 6.4606200e-04 4.1329300e-04
     51    136 0.0000000e+00 6.6358800e-05 4.2444800e-05
     51    137 0.0000000e+00 3.4924500e-06 2.2351700e-06
     51    138 0.0000000e+00 1.1907300e-07 7.6160000e-08
     51    139 0.0000000e+00 2.2012900e-09 1.4080000e-09
     51    140 0.0000000e+00 1.7621800e-11 1.1271400e-11
     51    141 0.0000000e+00 1.3112400e-12 8.3869900e-13
     51    142 0.0000000e+00 0.0000000e+00 0.0000000e+00
     51    143 0.0000000e+00 0.0000000e+00 0.0000000e+00
     52    119 0.0000000e+00 0.0000000e+00 0.0000000e+00
     52    119 1.0000000e+00 0.0000000e+00 0.0000000e+00
     52    120 0.0000000e+00 2.5114700e-14 1.6064000e-14
     52    121 0.0000000e+00 3.3319200e-12 1.7962800e-12
     52    121 1.0000000e+00 2.8967600e-12 1.8528400e-12
     52    122 0.0000000e+00 6.9066700e-07 4.3906500e-07
     52    123 0.0000000e+00 1.5200000e-08 9.7182300e-09
     52    123 1.0000000e+00 1.2022300e-08 7.6897900e-09
     52    124 0.0000000e+00 1.7192900e-06 1.1003500e-06
     52    125 0.0000000e+00 1.4584100e-03 3.3523700e-04
     52    125 1.0000000e+00 5.1044300e-04 2.3469700e-04
     52    126 0.0000000e+00 1.9460200e-03 3.0952000e-04
     52    127 0.0000000e+00 2.9075600e-03 9.2922100e-04
     52    127 1.0000000e+00 4.0551500e-04 2.1853900e-04
     52    128 0.0000000e+00 5.2933000e-03 1.6930600e-03
     52    129 0.0000000e+00 9.2166900e-03 6.3481500e-04
     52    129 1.0000000e+00 7.8138900e-04 4.6883400e-05
     52    130 0.0000000e+00 2.0953400e-02 4.7939100e-03
     52    131 0.0000000e+00 2.1265800e-02 3.5126700e-03
     52    131 1.0000000e+00 6.7874700e-03 3.8549100e-03
     52    132 0.0000000e+00 3.4668000e-02 2.0789400e-03
     52    133 0.0000000e+00 2.2244900e-02 6.9839800e-03
     52    133 1.0000000e+00 2.5630200e-02 7.0647000e-03
     52    134 0.0000000e+00 3.8305000e-02 8.8013700e-03
     52    135 0.0000000e+00 1.9865500e-02 4.5716600e-03
     52    136 0.0000000e+00 6.9704600e-03 3.1330600e-03
     52    137 0.0000000e+00 1.3319000e-03 8.5196200e-04
     52    138 0.0000000e+00 1.6587600e-04 1.0609900e-04
     52    139 0.0000000e+00 1.1398900e-05 7.2952800e-06
     52    140 0.0000000e+00 4.5626700e-07 2.9184000e-07
     52    141 0.0000000e+00 3.3950800e-08 2.1715800e-08
     52    142 0.0000000e+00 2.0512000e-10 1.3120000e-10
     52    143 0.0000000e+00 3.6594100e-12 2.3406500e-12
     52    144 0.0000000e+00 2.5271000e-13 1.6163900e-13
     52    145 0.0000000e+00 0.0000000e+00 0.0000000e+00
     53    122 0.0000000e+00 0.0000000e+00 0.0000000e+00
     53    123 0.0000000e+00 1.1006400e-12 7.0400000e-13
     53    124 0.0000000e+00 0.0000000e+00 0.0000000e+00
     53    125 0.0000000e+00 0.0000000e+00 0.0000000e+00
     53    126 0.0000000e+00 0.0000000e+00 0.0000000e+00
     53    127 0.0000000e+00 2.9173000e-03 2.3171300e-06
     53    128 0.0000000e+00 4.8728600e-14 3.1168000e-14
     53    129 0.0000000e+00 9.4979900e-03 9.4223100e-04
     53    130 0.0000000e+00 1.0400400e-05 6.6562700e-06
     53    130 1.0000000e+00 2.9121900e-06 1.8627100e-06
     53    131 0.0000000e+00 2.6688400e-02 1.6004200e-03
     53    132 0.0000000e+00 3.5780400e-02 2.2899500e-02
     53    132 1.0000000e+00 5.6604200e-04 3.6205500e-04
     53    133 0.0000000e+00 5.0845600e-02 3.2541300e-02
     53    133 1.0000000e+00 5.5473200e-03 3.1081700e-03
     53    134 0.0000000e+00 6.2307000e-02 9.9662700e-03
     53    134 1.0000000e+00 1.1404200e-02 2.6214400e-03
     53    135 0.0000000e+00 6.0108900e-02 1.3822800e-02
     53    136 0.0000000e+00 1.8573200e-02 4.2678200e-03
     53    136 1.0000000e+00 3.1936500e-02 7.3411000e-03
     53    137 0.0000000e+00 2.8197800e-02 6.4817900e-03
     53    138 0.0000000e+00 1.1280300e-02 2.5930500e-03
     53    139 0.0000000e+00 2.6770800e-03 1.7120100e-03
     53    140 0.0000000e+00 3.7438500e-04 2.3948800e-04
     53    141 0.0000000e+00 3.7692100e-05 2.4108800e-05
     53    142 0.0000000e+00 2.0714200e-06 1.3248000e-06
     53    143 0.0000000e+00 9.4750300e-08 6.0604700e-08
     53    144 0.0000000e+00 6.5432100e-09 4.1852000e-09
     53    145 0.0000000e+00 9.9315900e-12 6.3525000e-12
     53    146 0.0000000e+00 2.3573000e-13 1.5077900e-13
     53    147 0.0000000e+00 0.0000000e+00 0.0000000e+00
     53    148 0.0000000e+00 0.0000000e+00 0.0000000e+00
     54    125 0.0000000e+00 0.0000000e+00 0.0000000e+00
     54    126 0.0000000e+00 0.0000000e+00 0.0000000e+00
     54    127 0.0000000e+00 0.0000000e+00 0.0000000e+00
     54    127 1.0000000e+00 0.0000000e+00 0.0000000e+00
     54    128 0.0000000e+00 4.5366300e-14 2.3371300e-16
     54    129 0.0000000e+00 9.4979900e-03 8.4651300e-04
     54    129 1.0000000e+00 0.0000000e+00 0.0000000e+00
     54    130 0.0000000e+00 1.0870100e-05 6.9504100e-06
     54    131 0.0000000e+00 2.6688500e-02 1.6004300e-03
     54    131 1.0000000e+00 2.9369400e-04 8.2931000e-05
     54    132 0.0000000e+00 3.5864600e-02 2.1506900e-03
     54    133 0.0000000e+00 5.0960400e-02 3.2593800e-02
     54    133 1.0000000e+00 1.5489500e-03 9.9069200e-04
     54    134 0.0000000e+00 6.3806500e-02 7.0127800e-03
     54    134 1.0000000e+00 1.1679700e-03 7.2602100e-04
     54    135 0.0000000e+00 6.6675900e-02 4.0010100e-03
     54    135 1.0000000e+00 1.4800400e-02 6.2550400e-03
     54    136 0.0000000e+00 7.4103900e-02 1.1843000e-02
     54    137 0.0000000e+00 6.5782800e-02 7.2344700e-03
     54    138 0.0000000e+00 5.8191500e-02 1.3378800e-02
     54    139 0.0000000e+00 3.7127700e-02 8.5347300e-03
     54    140 0.0000000e+00 1.5691400e-02 3.6069900e-03
     54    141 0.0000000e+00 5.0154500e-03 3.2081200e-03
     54    142 0.0000000e+00 9.1717900e-04 5.8663700e-04
     54    143 0.0000000e+00 2.7735300e-05 1.7740100e-05
     54    143 1.0000000e+00 7.7456500e-05 4.9543100e-05
     54    144 0.0000000e+00 7.2642600e-06 4.6464000e-06
     54    145 0.0000000e+00 2.5715100e-07 1.6448000e-07
     54    146 0.0000000e+00 6.1035700e-09 3.9040000e-09
     54    147 0.0000000e+00 1.1926100e-11 7.6282200e-12
     54    148 0.0000000e+00 7.6144600e-13 4.8704000e-13
     54    149 0.0000000e+00 6.0914900e-14 3.8962700e-14
     54    150 0.0000000e+00 0.0000000e+00 0.0000000e+00
     55    128 0.0000000e+00 0.0000000e+00 0.0000000e+00
     55    129 0.0000000e+00 0.0000000e+00 0.0000000e+00
     55    130 0.0000000e+00 0.0000000e+00 0.0000000e+00
     55    131 0.0000000e+00 8.4849700e-12 5.4272000e-12
     55    132 0.0000000e+00 9.3254600e-10 5.9648000e-10
     55    133 0.0000000e+00 5.0960500e-02 3.0558300e-03
     55    134 0.0000000e+00 3.3719800e-06 2.1580600e-06
     55    134 1.0000000e+00 1.5848300e-06 1.0137000e-06
     55    135 0.0000000e+00 6.6742600e-02 4.0040600e-03
     55    135 1.0000000e+00 2.8100500e-05 1.7973800e-05
     55    136 0.0000000e+00 7.4321600e-04 4.7565800e-04
     55    136 1.0000000e+00 3.0992100e-04 1.9823400e-04
     55    137 0.0000000e+00 7.0174100e-02 4.2094200e-03
     55    138 0.0000000e+00 7.2295100e-02 1.1427000e-02
     55    138 1.0000000e+00 1.0020700e-02 4.5066800e-03
     55    139 0.0000000e+00 7.1010600e-02 1.1355400e-02
     55    140 0.0000000e+00 5.7856900e-02 1.3299300e-02
     55    141 0.0000000e+00 4.3863100e-02 1.0082700e-02
     55    142 0.0000000e+00 2.2213800e-02 5.1068600e-03
     55    143 0.0000000e+00 7.5901000e-03 3.4123300e-03
     55    144 0.0000000e+00 1.7064000e-03 1.0913000e-03
     55    145 0.0000000e+00 1.9836300e-04 1.2687400e-04
     55    146 0.0000000e+00 1.6325700e-05 1.0444800e-05
     55    147 0.0000000e+00 3.0879300e-07 1.9751100e-07
     55    148 0.0000000e+00 2.4815300e-08 1.5872000e-08
     55    149 0.0000000e+00 1.5772200e-09 1.0088300e-09
     55    150 0.0000000e+00 3.1118200e-12 1.9904000e-12
     55    151 0.0000000e+00 7.8319100e-14 5.0094900e-14
     55    152 0.0000000e+00 0.0000000e+00 0.0000000e+00
     56    131 0.0000000e+00 0.0000000e+00 0.0000000e+00
     56    132 0.0000000e+00 1.7438600e-11 3.0613800e-12
     56    133 0.0000000e+00 1.1145200e-13 7.1329200e-14
     56    133 1.0000000e+00 0.0000000e+00 0.0000000e+00
     56    134 0.0000000e+00 3.3723800e-06 2.1568000e-06
     56    135 0.0000000e+00 6.6742700e-02 4.0037700e-03
     56    135 1.0000000e+00 2.2786700e-08 1.4574900e-08
     56    136 0.0000000e+00 7.4453600e-04 4.7602900e-04
     56    136 1.0000000e+00 1.1988100e-04 6.4631100e-05
     56    137 0.0000000e+00 7.0203300e-02 4.2111800e-03
     56    137 1.0000000e+00 6.6476400e-02 3.9843100e-03
     56    138 0.0000000e+00 7.4558500e-02 1.1924200e-02
     56    139 0.0000000e+00 7.3484300e-02 1.1750900e-02
     56    140 0.0000000e+00 6.7063700e-02 2.6814200e-03
     56    141 0.0000000e+00 6.7416900e-02 1.0779600e-02
     56    142 0.0000000e+00 5.7542500e-02 9.2017000e-03
     56    143 0.0000000e+00 4.1055600e-02 9.4368800e-03
     56    144 0.0000000e+00 2.3781500e-02 5.4665800e-03
     56    145 0.0000000e+00 7.8493900e-03 3.5303300e-03
     56    146 0.0000000e+00 2.0482400e-03 1.3100400e-03
     56    147 0.0000000e+00 3.4269000e-04 2.1927700e-04
     56    148 0.0000000e+00 3.4523000e-05 2.2080000e-05
     56    149 0.0000000e+00 1.7510200e-06 1.1200000e-06
     56    150 0.0000000e+00 5.1933500e-08 3.3216000e-08
     56    151 0.0000000e+00 2.0278600e-09 1.2970700e-09
     56    152 0.0000000e+00 9.1453600e-12 5.8496000e-12
     56    153 0.0000000e+00 4.7532600e-14 3.0403000e-14
     56    154 0.0000000e+00 0.0000000e+00 0.0000000e+00
     57    133 0.0000000e+00 0.0000000e+00 0.0000000e+00
     57    134 0.0000000e+00 0.0000000e+00 0.0000000e+00
     57    135 0.0000000e+00 6.0735600e-13 3.8848000e-13
     57    136 0.0000000e+00 0.0000000e+00 0.0000000e+00
     57    137 0.0000000e+00 8.8151700e-09 5.6384000e-09
     57    138 0.0000000e+00 4.0123500e-07 2.5664000e-07
     57    139 0.0000000e+00 7.3494300e-02 1.1752500e-02
     57    140 0.0000000e+00 6.7191200e-02 2.6865100e-03
     57    141 0.0000000e+00 6.8432300e-02 7.5227100e-03
     57    142 0.0000000e+00 6.2081500e-02 1.4270700e-02
     57    143 0.0000000e+00 5.3006900e-02 4.2380500e-03
     57    144 0.0000000e+00 4.5390700e-02 4.9901300e-03
     57    145 0.0000000e+00 2.7892600e-02 6.4116700e-03
     57    146 0.0000000e+00 6.9015900e-03 4.4143600e-03
     57    146 1.0000000e+00 1.0172500e-02 6.5066000e-03
     57    147 0.0000000e+00 7.6778400e-03 3.4530600e-03
     57    148 0.0000000e+00 2.3499300e-03 1.5030800e-03
     57    149 0.0000000e+00 3.7657300e-04 2.4087000e-04
     57    150 0.0000000e+00 3.7674000e-05 2.4089600e-05
     57    151 0.0000000e+00 2.2513200e-06 1.4400000e-06
     57    152 0.0000000e+00 8.1056600e-08 5.1840000e-08
     57    153 0.0000000e+00 1.2307200e-09 7.8720000e-10
     57    154 0.0000000e+00 1.6809900e-11 1.0752000e-11
     57    155 0.0000000e+00 7.5742900e-14 4.8447000e-14
     57    156 0.0000000e+00 1.2443500e-15 7.9591600e-16
     57    157 0.0000000e+00 0.0000000e+00 0.0000000e+00
     58    135 0.0000000e+00 0.0000000e+00 0.0000000e+00
     58    136 0.0000000e+00 0.0000000e+00 0.0000000e+00
     58    137 0.0000000e+00 7.6822600e-15 4.9166500e-15
     58    137 1.0000000e+00 0.0000000e+00 0.0000000e+00
     58    138 0.0000000e+00 1.3483400e-07 7.8219500e-08
     58    139 0.0000000e+00 1.8240800e-09 1.1674100e-09
     58    139 1.0000000e+00 1.3443400e-09 8.5987300e-10
     58    140 0.0000000e+00 6.7191200e-02 2.6865200e-03
     58    141 0.0000000e+00 6.8434600e-02 4.1036100e-03
     58    142 0.0000000e+00 6.2116000e-02 9.9330300e-03
     58    143 0.0000000e+00 5.3290600e-02 2.1305600e-03
     58    144 0.0000000e+00 4.6965700e-02 2.8164300e-03
     58    145 0.0000000e+00 3.2051600e-02 5.1253500e-03
     58    146 0.0000000e+00 2.5735900e-02 5.9152000e-03
     58    147 0.0000000e+00 1.8937500e-02 3.0281800e-03
     58    148 0.0000000e+00 1.2202500e-02 5.4891000e-03
     58    149 0.0000000e+00 4.8664700e-03 3.1130800e-03
     58    150 0.0000000e+00 1.4144800e-03 9.0461500e-04
     58    151 0.0000000e+00 2.6602900e-04 1.7018200e-04
     58    152 0.0000000e+00 3.1819700e-05 2.0352000e-05
     58    153 0.0000000e+00 1.7022300e-06 1.0880000e-06
     58    154 0.0000000e+00 7.9063100e-08 5.0560000e-08
     58    155 0.0000000e+00 1.9611500e-09 1.2544000e-09
     58    156 0.0000000e+00 3.2218900e-11 2.0608000e-11
     58    157 0.0000000e+00 3.2719200e-13 2.0928000e-13
     58    158 0.0000000e+00 0.0000000e+00 0.0000000e+00
     58    159 0.0000000e+00 3.9803600e-17 2.5459400e-17
     58    160 0.0000000e+00 0.0000000e+00 0.0000000e+00
     59    138 0.0000000e+00 0.0000000e+00 0.0000000e+00
     59    138 1.0000000e+00 0.0000000e+00 0.0000000e+00
     59    139 0.0000000e+00 1.3708000e-14 8.7680000e-15
     59    140 0.0000000e+00 2.3413700e-12 1.4976000e-12
     59    141 0.0000000e+00 6.8434600e-02 4.1036100e-03
     59    142 0.0000000e+00 1.2107100e-08 6.5796500e-09
     59    142 1.0000000e+00 8.8623900e-09 5.6686100e-09
     59    143 0.0000000e+00 5.3291000e-02 2.1305800e-03
     59    144 0.0000000e+00 4.6971700e-02 2.8168100e-03
     59    144 1.0000000e+00 7.1508200e-04 4.2904900e-05
     59    145 0.0000000e+00 3.2105200e-02 2.5670200e-03
     59    146 0.0000000e+00 2.6088900e-02 5.9963500e-03
     59    147 0.0000000e+00 2.0275800e-02 1.6211400e-03
     59    148 0.0000000e+00 1.2772200e-02 8.1711000e-03
     59    148 1.0000000e+00 2.7618200e-03 1.7665300e-03
     59    149 0.0000000e+00 8.9476500e-03 2.0568900e-03
     59    150 0.0000000e+00 4.8305300e-03 2.1723700e-03
     59    151 0.0000000e+00 2.1141400e-03 1.3522800e-03
     59    152 0.0000000e+00 6.9226700e-04 4.4279000e-04
     59    153 0.0000000e+00 1.1593900e-04 7.4163200e-05
     59    154 0.0000000e+00 1.6969000e-05 1.0854400e-05
     59    155 0.0000000e+00 1.4227900e-06 9.0880400e-07
     59    156 0.0000000e+00 7.8478200e-08 5.0176100e-08
     59    157 0.0000000e+00 2.7219200e-09 1.7408000e-09
     59    158 0.0000000e+00 7.9246400e-11 5.0688000e-11
     59    159 0.0000000e+00 1.0306000e-12 6.5920000e-13
     59    160 0.0000000e+00 0.0000000e+00 0.0000000e+00
     59    161 0.0000000e+00 9.3905700e-17 6.0064500e-17
     59    162 0.0000000e+00 0.0000000e+00 0.0000000e+00
     60    141 0.0000000e+00 0.0000000e+00 0.0000000e+00
     60    142 0.0000000e+00 1.2105300e-08 7.7440000e-09
     60    143 0.0000000e+00 5.3291000e-02 2.1305800e-03
     60    144 0.0000000e+00 4.6972200e-02 2.8168200e-03
     60    145 0.0000000e+00 3.2105200e-02 2.5670200e-03
     60    146 0.0000000e+00 2.6089600e-02 5.9965200e-03
     60    147 0.0000000e+00 2.0285100e-02 8.1100600e-04
     60    148 0.0000000e+00 1.5608800e-02 3.5885300e-03
     60    149 0.0000000e+00 9.2214100e-03 1.0138300e-03
     60    150 0.0000000e+00 5.5016300e-03 1.7594300e-03
     60    151 0.0000000e+00 3.1267900e-03 1.4062500e-03
     60    152 0.0000000e+00 1.6806300e-03 1.0749700e-03
     60    153 0.0000000e+00 6.0204400e-04 3.8508800e-04
     60    154 0.0000000e+00 2.1946200e-04 1.4035800e-04
     60    155 0.0000000e+00 5.3279000e-05 3.4086400e-05
     60    156 0.0000000e+00 9.0137100e-06 5.7664000e-06
     60    157 0.0000000e+00 1.0033100e-06 6.4000900e-07
     60    158 0.0000000e+00 9.4234400e-08 6.0288000e-08
     60    159 0.0000000e+00 4.1634700e-09 2.6646200e-09
     60    160 0.0000000e+00 1.2207200e-10 7.8080000e-11
     60    161 0.0000000e+00 2.4314300e-12 1.5552000e-12
     60    162 0.0000000e+00 3.1918700e-14 2.0416000e-14
     60    163 0.0000000e+00 0.0000000e+00 0.0000000e+00
     60    164 0.0000000e+00 0.0000000e+00 0.0000000e+00
     61    144 0.0000000e+00 0.0000000e+00 0.0000000e+00
     61    145 0.0000000e+00 8.8251700e-13 5.6448000e-13
     61    146 0.0000000e+00 7.0541300e-11 4.5120000e-11
     61    147 0.0000000e+00 2.0285100e-02 8.1100600e-04
     61    148 0.0000000e+00 2.5174200e-08 1.6096800e-08
     61    148 1.0000000e+00 6.1084600e-08 3.9071200e-08
     61    149 0.0000000e+00 9.2224200e-03 5.5307500e-04
     61    150 0.0000000e+00 8.1747900e-06 5.2288000e-06
     61    151 0.0000000e+00 3.1658100e-03 1.4238000e-03
     61    152 0.0000000e+00 1.6958300e-03 7.6268200e-04
     61    152 1.0000000e+00 7.3753800e-05 4.7174700e-05
     61    152 2.0000000e+00 2.5385000e-05 1.6236900e-05
     61    153 0.0000000e+00 7.6642000e-04 1.2255800e-04
     61    154 0.0000000e+00 3.8124500e-04 2.4383900e-04
     61    154 1.0000000e+00 2.1644400e-05 1.3844300e-05
     61    155 0.0000000e+00 1.8199400e-04 1.1641600e-04
     61    156 0.0000000e+00 6.9989400e-05 4.4774400e-05
     61    157 0.0000000e+00 2.0724900e-05 1.3260800e-05
     61    158 0.0000000e+00 5.5574400e-06 3.5520100e-06
     61    159 0.0000000e+00 7.6961200e-07 4.9216000e-07
     61    160 0.0000000e+00 7.1363800e-08 4.5632000e-08
     61    161 0.0000000e+00 4.6051300e-09 2.9440000e-09
     61    162 0.0000000e+00 1.9914900e-10 1.2736000e-10
     61    163 0.0000000e+00 5.4932200e-12 3.5136000e-12
     61    164 0.0000000e+00 7.3042800e-14 4.6720000e-14
     61    165 0.0000000e+00 0.0000000e+00 0.0000000e+00
     61    166 0.0000000e+00 5.7580000e-18 3.6829600e-18
     62    146 0.0000000e+00 2.3984100e-11 7.1594300e-13
     62    147 0.0000000e+00 2.0285100e-02 8.1100600e-04
     62    148 0.0000000e+00 8.3452900e-08 5.3376000e-08
     62    149 0.0000000e+00 9.2224200e-03 5.5307500e-04
     62    150 0.0000000e+00 8.1795400e-06 5.2288100e-06
     62    151 0.0000000e+00 3.1658900e-03 1.4238300e-03
     62    152 0.0000000e+00 1.7957400e-03 5.7430500e-04
     62    153 0.0000000e+00 7.7011300e-04 6.1575200e-05
     62    154 0.0000000e+00 4.1522700e-04 1.3278700e-04
     62    155 0.0000000e+00 2.0727900e-04 1.3258900e-04
     62    156 0.0000000e+00 1.0256900e-04 6.5612800e-05
     62    157 0.0000000e+00 4.8801300e-05 3.1212800e-05
     62    158 0.0000000e+00 2.5979400e-05 1.6620800e-05
     62    159 0.0000000e+00 8.7843100e-06 5.6192000e-06
     62    160 0.0000000e+00 2.2026100e-06 1.4096700e-06
     62    161 0.0000000e+00 4.1884800e-07 2.6806300e-07
     62    162 0.0000000e+00 5.6131900e-08 3.5904000e-08
     62    163 0.0000000e+00 4.9483900e-09 3.1616100e-09
     62    164 0.0000000e+00 2.1419900e-10 1.3696000e-10
     62    165 0.0000000e+00 7.3843300e-12 4.7232000e-12
     62    166 0.0000000e+00 1.4908700e-13 9.5360000e-14
     62    167 0.0000000e+00 1.0824600e-15 8.6596700e-16
     62    168 0.0000000e+00 0.0000000e+00 0.0000000e+00
     63    149 0.0000000e+00 0.0000000e+00 0.0000000e+00
     63    150 0.0000000e+00 0.0000000e+00 0.0000000e+00
     63    150 1.0000000e+00 0.0000000e+00 0.0000000e+00
     63    151 0.0000000e+00 3.1658900e-03 1.0125000e-03
     63    152 0.0000000e+00 2.2909400e-10 1.2436400e-10
     63    152 1.0000000e+00 1.0806300e-11 6.9160500e-12
     63    152 2.0000000e+00 1.1887000e-10 7.6032000e-11
     63    153 0.0000000e+00 7.7011700e-04 6.1575200e-05
     63    154 0.0000000e+00 4.5526700e-08 2.8580600e-08
     63    154 1.0000000e+00 2.3628300e-08 1.5113300e-08
     63    155 0.0000000e+00 2.0758700e-04 9.3366100e-05
     63    156 0.0000000e+00 1.0378900e-04 4.6683000e-05
     63    157 0.0000000e+00 5.1883100e-05 2.3332500e-05
     63    158 0.0000000e+00 3.2053000e-05 1.4418000e-05
     63    159 0.0000000e+00 1.5188100e-05 9.7152000e-06
     63    160 0.0000000e+00 6.6352100e-06 4.2465300e-06
     63    161 0.0000000e+00 2.7101900e-06 1.7344000e-06
     63    162 0.0000000e+00 9.1363400e-07 5.8472600e-07
     63    163 0.0000000e+00 2.2607800e-07 1.4464000e-07
     63    164 0.0000000e+00 2.9431300e-08 1.8816000e-08
     63    165 0.0000000e+00 3.1792400e-09 2.0347200e-09
     63    166 0.0000000e+00 2.0627000e-10 1.3184000e-10
     63    167 0.0000000e+00 6.9151300e-12 4.4224000e-12
     63    168 0.0000000e+00 1.7310100e-13 1.1072000e-13
     63    169 0.0000000e+00 2.5967100e-15 2.0773700e-15
     63    170 0.0000000e+00 0.0000000e+00 0.0000000e+00
     64    151 0.0000000e+00 0.0000000e+00 0.0000000e+00
     64    152 0.0000000e+00 7.1743700e-11 4.5916000e-11
     64    153 0.0000000e+00 2.0311900e-13 1.2992000e-13
     64    154 0.0000000e+00 4.5525100e-08 2.9120000e-08
     64    155 0.0000000e+00 2.0758800e-04 6.6393700e-05
     64    156 0.0000000e+00 1.0379200e-04 3.3196800e-05
     64    157 0.0000000e+00 5.1902600e-05 1.6598400e-05
     64    158 0.0000000e+00 3.2171100e-05 1.0291200e-05
     64    159 0.0000000e+00 1.5563300e-05 7.0020000e-06
     64    160 0.0000000e+00 7.3606400e-06 2.3584200e-06
     64    161 0.0000000e+00 3.7087800e-06 2.3680200e-06
     64    162 0.0000000e+00 1.8872100e-06 1.2078100e-06
     64    163 0.0000000e+00 8.8146200e-07 5.6384000e-07
     64    164 0.0000000e+00 2.6356900e-07 1.6832100e-07
     64    165 0.0000000e+00 7.4921300e-08 4.7936000e-08
     64    166 0.0000000e+00 1.4014400e-08 8.9691900e-09
     64    167 0.0000000e+00 1.4877800e-09 9.4723200e-10
     64    168 0.0000000e+00 1.1724200e-10 7.5034700e-11
     64    169 0.0000000e+00 5.6659200e-12 3.6224000e-12
     64    170 0.0000000e+00 2.1912800e-13 1.4016000e-13
     64    171 0.0000000e+00 5.4892300e-15 4.3913800e-15
     64    172 0.0000000e+00 1.2405000e-16 9.9240300e-17
     65    154 0.0000000e+00 0.0000000e+00 0.0000000e+00
     65    154 1.0000000e+00 0.0000000e+00 0.0000000e+00
     65    154 2.0000000e+00 0.0000000e+00 0.0000000e+00
     65    155 0.0000000e+00 0.0000000e+00 0.0000000e+00
     65    156 0.0000000e+00 9.1043400e-14 5.8267700e-14
     65    156 1.0000000e+00 8.0927400e-15 5.1763200e-15
     65    156 2.0000000e+00 0.0000000e+00 0.0000000e+00
     65    157 0.0000000e+00 5.7033400e-12 3.6480000e-12
     65    158 0.0000000e+00 1.1326600e-10 7.2400300e-11
     65    158 1.0000000e+00 1.0080700e-11 6.4478700e-12
     65    159 0.0000000e+00 1.5564500e-05 4.9792000e-06
     65    160 0.0000000e+00 7.1842100e-09 4.5952000e-09
     65    161 0.0000000e+00 3.7385900e-06 1.6785200e-06
     65    162 0.0000000e+00 1.9710500e-06 8.5435400e-07
     65    163 0.0000000e+00 1.0355500e-06 4.6802100e-07
     65    164 0.0000000e+00 4.0865400e-07 1.8405000e-07
     65    165 0.0000000e+00 1.9098900e-07 1.2223300e-07
     65    166 0.0000000e+00 7.2948900e-08 4.6687300e-08
     65    167 0.0000000e+00 1.9198200e-08 1.2286800e-08
     65    168 0.0000000e+00 4.1796200e-09 2.6749600e-09
     65    169 0.0000000e+00 5.9701200e-10 3.8144100e-10
     65    170 0.0000000e+00 7.1761100e-11 4.5888000e-11
     65    171 0.0000000e+00 5.6788100e-12 3.6288100e-12
     65    172 0.0000000e+00 3.8735100e-13 2.4768000e-13
     66    157 0.0000000e+00 0.0000000e+00 0.0000000e+00
     66    158 0.0000000e+00 1.8802200e-11 7.0221800e-13
     66    159 0.0000000e+00 1.6809900e-13 1.0752000e-13
     66    160 0.0000000e+00 7.1875700e-09 4.6000500e-09
     66    161 0.0000000e+00 3.7386400e-06 1.1936300e-06
     66    162 0.0000000e+00 1.9714600e-06 6.3040200e-07
     66    163 0.0000000e+00 1.0378700e-06 3.3280700e-07
     66    164 0.0000000e+00 4.1510600e-07 1.3280000e-07
     66    165 0.0000000e+00 2.0237600e-07 6.4971000e-08
     66    165 1.0000000e+00 1.4113900e-07 7.6167700e-08
     66    166 0.0000000e+00 9.2860600e-08 5.9430800e-08
     66    167 0.0000000e+00 3.5207500e-08 2.2528000e-08
     66    168 0.0000000e+00 1.3765200e-08 8.8097500e-09
     66    169 0.0000000e+00 4.3191900e-09 2.7642800e-09
     66    170 0.0000000e+00 1.3325000e-09 8.5120400e-10
     66    171 0.0000000e+00 2.9885100e-10 1.9126400e-10
     66    172 0.0000000e+00 6.1723300e-11 3.9424200e-11
     67    160 0.0000000e+00 0.0000000e+00 0.0000000e+00
     67    160 1.0000000e+00 0.0000000e+00 0.0000000e+00
     67    161 0.0000000e+00 0.0000000e+00 0.0000000e+00
     67    161 1.0000000e+00 0.0000000e+00 0.0000000e+00
     67    162 0.0000000e+00 6.4425900e-14 4.1232600e-14
     67    162 1.0000000e+00 6.5332700e-14 4.1788400e-14
     67    163 0.0000000e+00 1.6709800e-12 1.0694300e-12
     67    163 1.0000000e+00 1.9717600e-13 1.2611800e-13
     67    164 0.0000000e+00 1.5078800e-11 9.6440100e-12
     67    164 1.0000000e+00 1.1037700e-11 7.0600000e-12
     67    165 0.0000000e+00 2.0564500e-07 4.7154400e-08
     67    166 0.0000000e+00 9.2980400e-08 4.1849500e-08
     67    166 1.0000000e+00 3.2739600e-10 2.0941100e-10
     67    167 0.0000000e+00 3.6288200e-08 1.6335000e-08
     67    168 0.0000000e+00 1.5556300e-08 6.9752300e-09
     67    169 0.0000000e+00 6.1602700e-09 3.9424000e-09
     67    170 0.0000000e+00 1.1880000e-09 7.6032000e-10
     67    170 1.0000000e+00 1.7674500e-09 1.1311700e-09
     67    171 0.0000000e+00 1.2874300e-09 8.2395500e-10
     67    172 0.0000000e+00 6.2205200e-10 3.9808000e-10
     68    163 0.0000000e+00 0.0000000e+00 0.0000000e+00
     68    164 0.0000000e+00 6.3331100e-12 1.6468900e-12
     68    165 0.0000000e+00 3.6521400e-14 2.3360000e-14
     68    166 0.0000000e+00 9.3308300e-08 2.9888100e-08
     68    167 0.0000000e+00 3.6292200e-08 1.1616000e-08
     68    167 1.0000000e+00 4.3550500e-09 1.7871800e-09
     68    168 0.0000000e+00 1.5576800e-08 4.9920500e-09
     68    169 0.0000000e+00 6.2237100e-09 2.7990000e-09
     68    170 0.0000000e+00 3.1155500e-09 9.9521500e-10
     68    171 0.0000000e+00 1.5525900e-09 9.9200300e-10
     68    172 0.0000000e+00 1.0172800e-09 6.5106100e-10
     69    166 0.0000000e+00 0.0000000e+00 0.0000000e+00
     69    167 0.0000000e+00 1.0824600e-15 8.6596700e-16
     69    168 0.0000000e+00 1.1206600e-14 7.1680000e-15
     69    169 0.0000000e+00 6.2238200e-09 1.9904000e-09
     69    170 0.0000000e+00 8.9852700e-13 5.7472000e-13
     69    171 0.0000000e+00 1.5571700e-09 7.0200600e-10
     69    172 0.0000000e+00 1.0374000e-09 4.6800700e-10
     70    168 0.0000000e+00 1.1206600e-18 0.0000000e+00
     70    169 0.0000000e+00 0.0000000e+00 0.0000000e+00
     70    170 0.0000000e+00 8.9763700e-13 5.7408000e-13
     70    171 0.0000000e+00 1.5571700e-09 4.9920800e-10
     70    172 0.0000000e+00 1.0374500e-09 3.3281000e-10
     71    172 0.0000000e+00 0.0000000e+00 0.0000000e+00
     71    172 1.0000000e+00 0.0000000e+00 0.0000000e+00


