#            E  5.000000e+05  neutron energy
#    Z      A   Level         FPY           delta-FPY   
      1      1 0.0000000e+00 2.1339000e-05 3.4142400e-06
      1      2 0.0000000e+00 6.5213800e-06 9.3255800e-07
      1      3 0.0000000e+00 9.3039600e-05 7.4431700e-06
      2      3 0.0000000e+00 0.0000000e+00 0.0000000e+00
      2      4 0.0000000e+00 1.6555500e-03 1.0595500e-04
      2      6 0.0000000e+00 2.3119100e-05 3.4216200e-06
      2      8 0.0000000e+00 4.3219300e-07 1.0718400e-07
      3      6 0.0000000e+00 0.0000000e+00 0.0000000e+00
      3      7 0.0000000e+00 9.9316500e-07 1.8770800e-07
      3      9 0.0000000e+00 7.0683500e-07 1.6469300e-07
      4      9 0.0000000e+00 0.0000000e+00 0.0000000e+00
      4     10 0.0000000e+00 6.1000000e-06 1.0187000e-06
     23     66 0.0000000e+00 3.3079600e-16 2.1170900e-16
     24     66 0.0000000e+00 8.5646900e-12 5.4814000e-12
     24     67 0.0000000e+00 5.5030200e-13 3.5219200e-13
     24     68 0.0000000e+00 2.4114100e-14 1.5433000e-14
     24     69 0.0000000e+00 7.1492000e-16 4.5754900e-16
     24     70 0.0000000e+00 0.0000000e+00 0.0000000e+00
     25     66 0.0000000e+00 6.3937500e-09 4.0920000e-09
     25     67 0.0000000e+00 1.3407900e-09 8.5810300e-10
     25     68 0.0000000e+00 1.9411400e-10 1.2423300e-10
     25     69 0.0000000e+00 1.8510100e-11 1.1846400e-11
     25     70 0.0000000e+00 9.4055100e-13 6.0195300e-13
     25     71 0.0000000e+00 3.4019900e-14 2.1772800e-14
     25     72 0.0000000e+00 1.2211700e-15 7.8154300e-16
     25     73 0.0000000e+00 0.0000000e+00 0.0000000e+00
     26     66 0.0000000e+00 2.4114100e-07 1.5433000e-07
     26     67 0.0000000e+00 1.5309000e-07 9.7977400e-08
     26     68 0.0000000e+00 6.9640800e-08 4.4570100e-08
     26     69 0.0000000e+00 2.1312500e-08 1.3640000e-08
     26     70 0.0000000e+00 3.6621500e-09 2.3437700e-09
     26     71 0.0000000e+00 4.4125900e-10 2.8240600e-10
     26     72 0.0000000e+00 3.1617300e-11 2.0235100e-11
     26     73 0.0000000e+00 1.6009400e-12 1.0246000e-12
     26     74 0.0000000e+00 4.7627900e-14 3.0481900e-14
     26     75 0.0000000e+00 2.1408900e-15 1.3701700e-15
     26     76 0.0000000e+00 0.0000000e+00 0.0000000e+00
     27     66 0.0000000e+00 6.1335900e-07 3.9255000e-07
     27     67 0.0000000e+00 1.0406100e-06 6.6599000e-07
     27     68 0.0000000e+00 1.3307800e-06 8.5169900e-07
     27     69 0.0000000e+00 1.2007000e-06 7.6845000e-07
     27     70 0.0000000e+00 6.5438300e-07 4.1880500e-07
     27     71 0.0000000e+00 2.4914600e-07 1.5945300e-07
     27     72 0.0000000e+00 5.8034000e-08 3.7141800e-08
     27     73 0.0000000e+00 9.6756700e-09 6.1924300e-09
     27     74 0.0000000e+00 9.6356500e-10 6.1668100e-10
     27     75 0.0000000e+00 5.5430400e-11 3.5475400e-11
     27     76 0.0000000e+00 1.7610300e-12 1.1270600e-12
     27     77 0.0000000e+00 4.6759600e-14 2.9926100e-14
     27     78 0.0000000e+00 0.0000000e+00 0.0000000e+00
     28     66 0.0000000e+00 1.2407300e-07 7.9406500e-08
     28     67 0.0000000e+00 5.5632600e-07 3.5604900e-07
     28     68 0.0000000e+00 1.8510800e-06 1.1846900e-06
     28     69 0.0000000e+00 4.3825700e-06 2.8048400e-06
     28     70 0.0000000e+00 6.6639100e-06 4.2649000e-06
     28     71 0.0000000e+00 7.2742600e-06 4.6555300e-06
     28     72 0.0000000e+00 5.0729700e-06 3.2467000e-06
     28     73 0.0000000e+00 2.6315400e-06 1.6841900e-06
     28     74 0.0000000e+00 8.3949200e-07 5.3727500e-07
     28     75 0.0000000e+00 1.6309600e-07 1.0438100e-07
     28     76 0.0000000e+00 1.8210700e-08 1.1654800e-08
     28     77 0.0000000e+00 1.2106600e-09 7.7482400e-10
     28     78 0.0000000e+00 4.8028100e-11 3.0738000e-11
     28     79 0.0000000e+00 9.5838000e-13 6.1336200e-13
     28     80 0.0000000e+00 1.9611500e-14 1.2551400e-14
     28     81 0.0000000e+00 0.0000000e+00 0.0000000e+00
     28     82 0.0000000e+00 0.0000000e+00 0.0000000e+00
     29     66 0.0000000e+00 1.5509100e-09 9.9258200e-10
     29     67 0.0000000e+00 2.0812200e-08 1.3319800e-08
     29     68 0.0000000e+00 5.2880600e-08 3.3843600e-08
     29     68 1.0000000e+00 1.4443500e-07 9.2438400e-08
     29     69 0.0000000e+00 1.2707400e-06 8.1327700e-07
     29     70 0.0000000e+00 1.1580500e-06 7.4115100e-07
     29     70 1.0000000e+00 4.0349900e-06 2.5824000e-06
     29     71 0.0000000e+00 1.4738600e-05 9.4327300e-06
     29     72 0.0000000e+00 2.7276000e-05 1.7456600e-05
     29     73 0.0000000e+00 3.9283000e-05 2.5141100e-05
     29     74 0.0000000e+00 3.6511400e-05 2.3367300e-05
     29     75 0.0000000e+00 2.2203000e-05 1.4209900e-05
     29     76 0.0000000e+00 8.3348900e-06 5.3343300e-06
     29     77 0.0000000e+00 1.8410800e-06 1.1782900e-06
     29     78 0.0000000e+00 2.6515500e-07 1.6969900e-07
     29     79 0.0000000e+00 2.4813500e-08 1.5880700e-08
     29     80 0.0000000e+00 1.3307800e-09 8.5169900e-10
     29     81 0.0000000e+00 3.2819200e-11 2.1004300e-11
     29     82 0.0000000e+00 5.7533700e-13 3.6821600e-13
     29     83 0.0000000e+00 0.0000000e+00 0.0000000e+00
     29     84 0.0000000e+00 0.0000000e+00 0.0000000e+00
     30     66 0.0000000e+00 9.3054500e-13 5.9554900e-13
     30     67 0.0000000e+00 4.0523700e-11 2.5935200e-11
     30     68 0.0000000e+00 1.2107100e-09 7.7485400e-10
     30     69 0.0000000e+00 4.0293200e-09 2.5787700e-09
     30     69 1.0000000e+00 1.9954700e-08 1.2771000e-08
     30     70 0.0000000e+00 2.9617400e-07 1.8955100e-07
     30     71 0.0000000e+00 3.9486300e-07 2.5271300e-07
     30     71 1.0000000e+00 1.9555100e-06 1.2515300e-06
     30     72 0.0000000e+00 1.1606800e-05 7.4283500e-06
     30     73 0.0000000e+00 4.3495500e-05 2.7837100e-05
     30     74 0.0000000e+00 1.0556200e-04 6.7559600e-05
     30     75 0.0000000e+00 1.7764400e-04 1.1369300e-04
     30     76 0.0000000e+00 1.9949700e-04 1.2767800e-04
     30     77 0.0000000e+00 1.3495900e-04 8.6373800e-05
     30     78 0.0000000e+00 6.5758500e-05 4.2085500e-05
     30     79 0.0000000e+00 2.0972300e-05 1.3422300e-05
     30     80 0.0000000e+00 3.7922200e-06 2.4270200e-06
     30     81 0.0000000e+00 3.3019400e-07 2.1132400e-07
     30     82 0.0000000e+00 2.0712100e-08 1.3255800e-08
     30     83 0.0000000e+00 5.0629700e-10 3.2403000e-10
     30     84 0.0000000e+00 9.0853200e-12 5.8146100e-12
     30     85 0.0000000e+00 1.9360800e-13 1.2391000e-13
     30     86 0.0000000e+00 0.0000000e+00 0.0000000e+00
     31     67 0.0000000e+00 0.0000000e+00 0.0000000e+00
     31     68 0.0000000e+00 3.4420200e-13 2.2028900e-13
     31     69 0.0000000e+00 2.2213000e-11 1.4216300e-11
     31     70 0.0000000e+00 9.0953300e-10 5.8210100e-10
     31     71 0.0000000e+00 2.2613300e-08 1.4472500e-08
     31     72 0.0000000e+00 3.3719800e-07 1.5259800e-07
     31     73 0.0000000e+00 3.6421300e-06 2.3309700e-06
     31     74 0.0000000e+00 2.2095600e-05 1.4141200e-05
     31     74 1.0000000e+00 2.1586300e-06 1.3815200e-06
     31     75 0.0000000e+00 1.1041500e-04 7.0665400e-05
     31     76 0.0000000e+00 3.3860800e-04 2.1670900e-04
     31     77 0.0000000e+00 6.2082400e-04 3.9732700e-04
     31     78 0.0000000e+00 9.0378000e-04 5.7841900e-04
     31     79 0.0000000e+00 8.8574900e-04 5.6687900e-04
     31     80 0.0000000e+00 5.0211400e-04 3.2135300e-04
     31     81 0.0000000e+00 1.4623600e-04 9.3590800e-05
     31     82 0.0000000e+00 3.1498500e-05 2.0159000e-05
     31     83 0.0000000e+00 2.8816900e-06 1.8442800e-06
     31     84 0.0000000e+00 1.9611500e-07 1.2551400e-07
     31     85 0.0000000e+00 5.0127500e-09 3.2081600e-09
     31     86 0.0000000e+00 6.9740900e-11 4.4634200e-11
     31     87 0.0000000e+00 1.2366100e-12 7.9143600e-13
     31     88 0.0000000e+00 0.0000000e+00 0.0000000e+00
     31     89 0.0000000e+00 0.0000000e+00 0.0000000e+00
     32     69 0.0000000e+00 0.0000000e+00 0.0000000e+00
     32     70 0.0000000e+00 1.2507300e-13 8.0046900e-14
     32     71 0.0000000e+00 1.0226000e-11 4.6277600e-12
     32     72 0.0000000e+00 4.9629100e-10 3.1762600e-10
     32     73 0.0000000e+00 1.4243900e-08 9.1160800e-09
     32     73 1.0000000e+00 2.8761700e-09 1.8407500e-09
     32     74 0.0000000e+00 3.5220600e-07 2.2541200e-07
     32     75 0.0000000e+00 5.7818500e-07 3.7003800e-07
     32     75 1.0000000e+00 4.3216900e-06 2.7658800e-06
     32     76 0.0000000e+00 4.4776200e-05 2.8656800e-05
     32     77 0.0000000e+00 1.9991700e-04 1.2794700e-04
     32     77 1.0000000e+00 2.6746200e-05 1.7117600e-05
     32     78 0.0000000e+00 9.2815400e-04 5.9401800e-04
     32     79 0.0000000e+00 2.9446500e-04 1.8845700e-04
     32     79 1.0000000e+00 2.2010000e-03 1.4086400e-03
     32     80 0.0000000e+00 3.9069100e-03 2.5004300e-03
     32     81 0.0000000e+00 2.3540800e-03 1.5066100e-03
     32     81 1.0000000e+00 5.7157200e-04 4.5725700e-04
     32     82 0.0000000e+00 2.3074000e-03 1.4767400e-03
     32     83 0.0000000e+00 7.3791200e-04 4.7226400e-04
     32     84 0.0000000e+00 1.8174700e-04 1.1631800e-04
     32     85 0.0000000e+00 1.7230100e-05 1.1027300e-05
     32     86 0.0000000e+00 9.0352900e-07 5.7825900e-07
     32     87 0.0000000e+00 3.2017600e-08 2.0491200e-08
     32     88 0.0000000e+00 7.1141700e-10 4.5530700e-10
     32     89 0.0000000e+00 8.7722600e-12 5.6142500e-12
     32     90 0.0000000e+00 7.8945700e-13 5.0525200e-13
     32     91 0.0000000e+00 0.0000000e+00 0.0000000e+00
     33     72 0.0000000e+00 3.1818600e-14 2.0363900e-14
     33     73 0.0000000e+00 3.6421300e-12 2.3309700e-12
     33     74 0.0000000e+00 2.4674500e-10 1.2290500e-10
     33     75 0.0000000e+00 1.1406700e-08 7.3002800e-09
     33     76 0.0000000e+00 3.5020500e-07 2.2413100e-07
     33     77 0.0000000e+00 5.5432500e-06 3.5476800e-06
     33     78 0.0000000e+00 7.1571900e-05 4.5806000e-05
     33     79 0.0000000e+00 5.5876700e-04 3.5761200e-04
     33     80 0.0000000e+00 2.3703300e-03 1.5170100e-03
     33     81 0.0000000e+00 5.6315700e-03 3.6042000e-03
     33     82 0.0000000e+00 2.3675900e-03 1.5152600e-03
     33     82 1.0000000e+00 8.2494000e-03 5.2796200e-03
     33     83 0.0000000e+00 1.0420700e-02 3.3346200e-03
     33     84 0.0000000e+00 7.1950700e-03 4.6048500e-03
     33     84 1.0000000e+00 1.1712900e-03 7.4962700e-04
     33     85 0.0000000e+00 2.7256300e-03 1.7444000e-03
     33     86 0.0000000e+00 5.1146000e-04 3.2733400e-04
     33     87 0.0000000e+00 6.4507800e-05 4.1285000e-05
     33     88 0.0000000e+00 5.0529600e-06 3.2339000e-06
     33     89 0.0000000e+00 2.2712400e-07 1.4535900e-07
     33     90 0.0000000e+00 2.0440000e-08 1.3081600e-08
     33     91 0.0000000e+00 4.8305400e-11 3.0915500e-11
     33     92 0.0000000e+00 1.8549300e-12 1.1871600e-12
     33     93 0.0000000e+00 0.0000000e+00 0.0000000e+00
     33     94 0.0000000e+00 0.0000000e+00 0.0000000e+00
     33     95 0.0000000e+00 0.0000000e+00 0.0000000e+00
     34     74 0.0000000e+00 0.0000000e+00 0.0000000e+00
     34     75 0.0000000e+00 1.1806900e-12 7.5564300e-13
     34     76 0.0000000e+00 1.2707400e-10 8.1327700e-11
     34     77 0.0000000e+00 8.0109900e-10 5.1270400e-10
     34     77 1.0000000e+00 5.9878800e-09 3.8322400e-09
     34     78 0.0000000e+00 3.0718000e-07 1.9659500e-07
     34     79 0.0000000e+00 6.9498200e-06 4.4478900e-06
     34     79 1.0000000e+00 9.2979500e-07 5.9506900e-07
     34     80 0.0000000e+00 1.0225000e-04 6.5439900e-05
     34     81 0.0000000e+00 8.5571800e-05 5.4766000e-05
     34     81 1.0000000e+00 6.3961300e-04 4.0935300e-04
     34     82 0.0000000e+00 3.8764100e-03 2.4809000e-03
     34     83 0.0000000e+00 9.1321300e-03 5.8445600e-03
     34     83 1.0000000e+00 1.8439900e-03 1.1801600e-03
     34     84 0.0000000e+00 2.5907000e-02 5.9586100e-03
     34     85 0.0000000e+00 2.4916000e-02 5.6378600e-03
     34     86 0.0000000e+00 1.4902000e-02 4.7686500e-03
     34     87 0.0000000e+00 6.1577500e-03 3.9409600e-03
     34     88 0.0000000e+00 1.5995200e-03 1.0236900e-03
     34     89 0.0000000e+00 2.4532400e-04 1.5700700e-04
     34     90 0.0000000e+00 2.2672900e-05 1.4510600e-05
     34     91 0.0000000e+00 1.2506800e-06 8.0043800e-07
     34     92 0.0000000e+00 4.8026200e-08 3.0736800e-08
     34     93 0.0000000e+00 2.5969000e-10 1.6620100e-10
     34     94 0.0000000e+00 1.4608600e-11 9.3494800e-12
     34     95 0.0000000e+00 1.0094400e-12 6.4604600e-13
     34     96 0.0000000e+00 0.0000000e+00 0.0000000e+00
     35     77 0.0000000e+00 7.5158600e-14 4.8101500e-14
     35     77 1.0000000e+00 2.8445200e-13 1.8204900e-13
     35     78 0.0000000e+00 5.9534900e-11 3.8102300e-11
     35     79 0.0000000e+00 1.1188100e-09 7.1603600e-10
     35     79 1.0000000e+00 4.2343300e-09 2.7099700e-09
     35     80 0.0000000e+00 5.1766300e-08 3.3130500e-08
     35     80 1.0000000e+00 1.8037000e-07 1.1543700e-07
     35     81 0.0000000e+00 5.5032300e-06 3.5220600e-06
     35     82 0.0000000e+00 6.9390300e-05 4.4409800e-05
     35     82 1.0000000e+00 2.5405200e-05 1.6259300e-05
     35     83 0.0000000e+00 8.6979000e-04 5.5666500e-04
     35     84 0.0000000e+00 2.0747300e-03 1.3278200e-03
     35     84 1.0000000e+00 4.3485800e-03 2.7830900e-03
     35     85 0.0000000e+00 1.7640400e-02 5.6449500e-03
     35     86 0.0000000e+00 3.0192900e-02 6.8318800e-03
     35     87 0.0000000e+00 3.5847100e-02 1.1471100e-02
     35     88 0.0000000e+00 2.7393200e-02 8.7658200e-03
     35     89 0.0000000e+00 1.3048700e-02 4.1755900e-03
     35     90 0.0000000e+00 3.8124000e-03 2.4399400e-03
     35     91 0.0000000e+00 6.8702300e-04 4.3969500e-04
     35     92 0.0000000e+00 8.8171700e-05 5.6429900e-05
     35     93 0.0000000e+00 6.7236800e-06 4.3031500e-06
     35     94 0.0000000e+00 3.1518500e-07 2.0171800e-07
     35     95 0.0000000e+00 2.6135700e-08 1.6726900e-08
     35     96 0.0000000e+00 1.3307800e-10 8.5169900e-11
     35     97 0.0000000e+00 1.8819800e-12 1.2044700e-12
     35     98 0.0000000e+00 0.0000000e+00 0.0000000e+00
     35     99 0.0000000e+00 0.0000000e+00 0.0000000e+00
     35    100 0.0000000e+00 0.0000000e+00 0.0000000e+00
     36     79 0.0000000e+00 1.8182700e-14 1.1636900e-14
     36     79 1.0000000e+00 1.3590800e-13 8.6980900e-14
     36     80 0.0000000e+00 2.3113500e-11 1.4792700e-11
     36     81 0.0000000e+00 1.7147300e-09 1.0974300e-09
     36     81 1.0000000e+00 2.2940800e-10 1.4682100e-10
     36     82 0.0000000e+00 1.1606800e-07 7.4283500e-08
     36     83 0.0000000e+00 3.2000800e-06 2.0480500e-06
     36     83 1.0000000e+00 6.4617100e-07 4.1354900e-07
     36     84 0.0000000e+00 9.4845600e-05 6.0701200e-05
     36     85 0.0000000e+00 7.4566800e-04 4.7722800e-04
     36     85 1.0000000e+00 1.5056800e-04 9.6363200e-05
     36     86 0.0000000e+00 4.8081000e-03 3.0771800e-03
     36     87 0.0000000e+00 1.6360000e-02 5.2352000e-03
     36     88 0.0000000e+00 3.4017400e-02 1.0885600e-02
     36     89 0.0000000e+00 4.4903800e-02 1.4369200e-02
     36     90 0.0000000e+00 3.6769600e-02 1.1766300e-02
     36     91 0.0000000e+00 1.9457500e-02 6.2264100e-03
     36     92 0.0000000e+00 7.7040200e-03 4.9305800e-03
     36     93 0.0000000e+00 1.8861200e-03 1.2071200e-03
     36     94 0.0000000e+00 2.9224100e-04 1.8703500e-04
     36     95 0.0000000e+00 2.8990900e-05 1.8554200e-05
     36     96 0.0000000e+00 1.4208300e-06 9.0933300e-07
     36     97 0.0000000e+00 4.8726700e-08 3.1185100e-08
     36     98 0.0000000e+00 8.5550100e-10 5.4752100e-10
     36     99 0.0000000e+00 4.9295800e-12 3.1549300e-12
     36    100 0.0000000e+00 5.6233000e-14 3.5989100e-14
     36    101 0.0000000e+00 0.0000000e+00 0.0000000e+00
     36    102 0.0000000e+00 0.0000000e+00 0.0000000e+00
     37     81 0.0000000e+00 1.2500100e-15 8.0000600e-16
     37     81 1.0000000e+00 0.0000000e+00 0.0000000e+00
     37     82 0.0000000e+00 0.0000000e+00 0.0000000e+00
     37     82 1.0000000e+00 0.0000000e+00 0.0000000e+00
     37     83 0.0000000e+00 7.6945100e-10 4.9244900e-10
     37     84 0.0000000e+00 7.3803900e-09 4.7234500e-09
     37     84 1.0000000e+00 5.0388900e-08 4.0311200e-08
     37     85 0.0000000e+00 2.4414300e-06 1.5625200e-06
     37     86 0.0000000e+00 1.4944300e-05 9.5643400e-06
     37     86 1.0000000e+00 3.1322800e-05 2.0046600e-05
     37     87 0.0000000e+00 5.2026500e-04 3.3296900e-04
     37     88 0.0000000e+00 3.2942500e-03 2.1083200e-03
     37     89 0.0000000e+00 1.2406200e-02 3.9699700e-03
     37     90 0.0000000e+00 4.6649300e-03 2.9855500e-03
     37     90 1.0000000e+00 2.2615300e-02 7.2369100e-03
     37     91 0.0000000e+00 3.8444900e-02 1.2302400e-02
     37     92 0.0000000e+00 4.1447600e-02 1.3263300e-02
     37     93 0.0000000e+00 2.8926500e-02 9.2564700e-03
     37     94 0.0000000e+00 1.3454000e-02 4.3052900e-03
     37     95 0.0000000e+00 4.1974100e-03 2.6863400e-03
     37     96 0.0000000e+00 6.6951200e-04 4.2848800e-04
     37     97 0.0000000e+00 7.6524800e-05 4.8975900e-05
     37     98 0.0000000e+00 4.5726800e-06 2.9265100e-06
     37     99 0.0000000e+00 1.2763300e-07 8.1684900e-08
     37    100 0.0000000e+00 3.8322500e-09 2.4526400e-09
     37    101 0.0000000e+00 0.0000000e+00 0.0000000e+00
     37    102 0.0000000e+00 0.0000000e+00 0.0000000e+00
     37    103 0.0000000e+00 0.0000000e+00 0.0000000e+00
     37    104 0.0000000e+00 0.0000000e+00 0.0000000e+00
     37    105 0.0000000e+00 0.0000000e+00 0.0000000e+00
     38     83 0.0000000e+00 0.0000000e+00 0.0000000e+00
     38     84 0.0000000e+00 2.2513200e-12 1.4408400e-12
     38     85 0.0000000e+00 2.4475100e-10 1.5664100e-10
     38     85 1.0000000e+00 4.9421000e-11 3.1629400e-11
     38     86 0.0000000e+00 2.0912300e-08 1.3383800e-08
     38     87 0.0000000e+00 7.0012200e-07 4.4807800e-07
     38     87 1.0000000e+00 1.4137100e-07 9.0477300e-08
     38     88 0.0000000e+00 1.8000500e-05 1.1520400e-05
     38     89 0.0000000e+00 2.2136000e-04 1.4167000e-04
     38     90 0.0000000e+00 1.4705800e-03 9.4117300e-04
     38     91 0.0000000e+00 5.9608600e-03 3.8149600e-03
     38     92 0.0000000e+00 1.7613400e-02 5.6363000e-03
     38     93 0.0000000e+00 3.2599100e-02 1.0431700e-02
     38     94 0.0000000e+00 4.0854000e-02 1.3073300e-02
     38     95 0.0000000e+00 3.5405000e-02 1.1329500e-02
     38     96 0.0000000e+00 1.6472600e-02 5.2712100e-03
     38     97 0.0000000e+00 5.7737200e-03 3.6951900e-03
     38     98 0.0000000e+00 1.1021500e-03 7.0537300e-04
     38     99 0.0000000e+00 1.4157500e-04 9.0608300e-05
     38    100 0.0000000e+00 1.0916400e-05 6.9864900e-06
     38    101 0.0000000e+00 4.4826300e-12 2.8688800e-12
     38    102 0.0000000e+00 3.8922800e-14 2.4910600e-14
     38    103 0.0000000e+00 4.9959600e-16 3.1974100e-16
     38    104 0.0000000e+00 0.0000000e+00 0.0000000e+00
     38    105 0.0000000e+00 0.0000000e+00 0.0000000e+00
     38    106 0.0000000e+00 2.2277500e-13 1.4257600e-13
     38    107 0.0000000e+00 3.2933300e-14 2.1077400e-14
     39     86 0.0000000e+00 0.0000000e+00 0.0000000e+00
     39     86 1.0000000e+00 0.0000000e+00 0.0000000e+00
     39     87 0.0000000e+00 1.6718400e-12 1.0699800e-12
     39     87 1.0000000e+00 0.0000000e+00 0.0000000e+00
     39     88 0.0000000e+00 4.4926300e-09 2.8752900e-09
     39     89 0.0000000e+00 3.2409400e-08 2.0742000e-08
     39     89 1.0000000e+00 1.6050400e-07 1.0272200e-07
     39     90 0.0000000e+00 1.5904300e-06 1.0178800e-06
     39     90 1.0000000e+00 2.6620600e-06 1.7037200e-06
     39     91 0.0000000e+00 9.3563600e-06 5.9880700e-06
     39     91 1.0000000e+00 4.6336300e-05 2.9655200e-05
     39     92 0.0000000e+00 5.1193000e-04 3.2763500e-04
     39     93 0.0000000e+00 2.4903000e-03 1.5937900e-03
     39     93 1.0000000e+00 3.3317000e-04 2.1322900e-04
     39     94 0.0000000e+00 9.9046300e-03 6.3389700e-03
     39     95 0.0000000e+00 2.3151900e-02 7.4086000e-03
     39     96 0.0000000e+00 2.5528500e-03 1.6338200e-03
     39     96 1.0000000e+00 2.6130900e-02 8.3618800e-03
     39     97 0.0000000e+00 4.5801100e-03 2.9312800e-03
     39     97 1.0000000e+00 2.2682500e-02 1.4516800e-02
     39     98 0.0000000e+00 1.9897300e-03 1.2734300e-03
     39     98 1.0000000e+00 1.2749000e-02 8.1593800e-03
     39     99 0.0000000e+00 5.8153600e-03 3.7218300e-03
     39    100 0.0000000e+00 2.6303500e-05 1.6834300e-05
     39    100 1.0000000e+00 1.2514000e-03 1.0011200e-03
     39    101 0.0000000e+00 6.2636700e-06 4.0087500e-06
     39    102 0.0000000e+00 2.8516700e-07 1.8250700e-07
     39    103 0.0000000e+00 1.0005900e-08 6.4037500e-09
     39    104 0.0000000e+00 2.5615000e-10 1.6393600e-10
     39    105 0.0000000e+00 1.2989500e-13 8.3132700e-14
     39    106 0.0000000e+00 5.7678900e-09 3.6914500e-09
     39    107 0.0000000e+00 8.5268200e-10 5.4571700e-10
     39    108 0.0000000e+00 2.8712700e-13 1.8376200e-13
     39    109 0.0000000e+00 1.2565900e-14 8.0421500e-15
     40     88 0.0000000e+00 4.6527300e-14 2.9777500e-14
     40     89 0.0000000e+00 4.9730800e-12 3.1827700e-12
     40     89 1.0000000e+00 0.0000000e+00 0.0000000e+00
     40     90 0.0000000e+00 9.3591800e-11 5.9898800e-11
     40     90 1.0000000e+00 4.5372900e-10 2.9038600e-10
     40     91 0.0000000e+00 2.4414300e-08 1.5625200e-08
     40     92 0.0000000e+00 7.5544300e-07 4.8348300e-07
     40     93 0.0000000e+00 1.3678000e-05 8.7539300e-06
     40     94 0.0000000e+00 1.5251900e-04 9.7612400e-05
     40     95 0.0000000e+00 1.0860900e-03 6.9509500e-04
     40     96 0.0000000e+00 3.8954100e-03 2.4930600e-03
     40     97 0.0000000e+00 1.0207500e-02 3.2663900e-03
     40     98 0.0000000e+00 1.4749900e-02 4.7199700e-03
     40     99 0.0000000e+00 1.5974700e-02 5.1119100e-03
     40    100 0.0000000e+00 1.1245400e-02 3.5985300e-03
     40    101 0.0000000e+00 4.4700600e-03 2.8608400e-03
     40    102 0.0000000e+00 9.3016500e-04 5.9530600e-04
     40    103 0.0000000e+00 1.6921900e-04 1.0830000e-04
     40    104 0.0000000e+00 2.1592700e-05 1.3819300e-05
     40    105 0.0000000e+00 2.6015200e-06 1.6649800e-06
     40    106 0.0000000e+00 6.3979900e-06 4.0947100e-06
     40    107 0.0000000e+00 9.4583000e-07 6.0533200e-07
     40    108 0.0000000e+00 7.4340700e-09 4.7578100e-09
     40    109 0.0000000e+00 3.2534500e-10 2.0822100e-10
     40    110 0.0000000e+00 7.6444800e-13 4.8924700e-13
     40    111 0.0000000e+00 2.5062100e-14 1.6039800e-14
     40    112 0.0000000e+00 0.0000000e+00 0.0000000e+00
     41     90 0.0000000e+00 0.0000000e+00 0.0000000e+00
     41     91 0.0000000e+00 3.1168300e-13 1.9947700e-13
     41     91 1.0000000e+00 0.0000000e+00 0.0000000e+00
     41     92 0.0000000e+00 1.8938700e-11 1.2120800e-11
     41     92 1.0000000e+00 0.0000000e+00 0.0000000e+00
     41     93 0.0000000e+00 2.5066200e-09 1.6042400e-09
     41     93 1.0000000e+00 5.0614500e-10 3.2393300e-10
     41     94 0.0000000e+00 7.1280600e-08 4.5619600e-08
     41     94 1.0000000e+00 4.2586200e-08 2.7255100e-08
     41     95 0.0000000e+00 2.2460500e-06 1.4374700e-06
     41     95 1.0000000e+00 4.5353000e-07 2.9025900e-07
     41     96 0.0000000e+00 3.1368400e-05 2.0075800e-05
     41     97 0.0000000e+00 2.1378300e-04 1.3682100e-04
     41     97 1.0000000e+00 4.3167700e-05 2.7627300e-05
     41     98 0.0000000e+00 8.7383200e-04 5.5925200e-04
     41     98 1.0000000e+00 2.3368700e-04 1.4955900e-04
     41     99 0.0000000e+00 2.8987900e-03 1.8552200e-03
     41     99 1.0000000e+00 5.8533200e-04 3.7461300e-04
     41    100 0.0000000e+00 1.1654700e-03 7.4590100e-04
     41    100 1.0000000e+00 5.6501600e-03 3.6160900e-03
     41    101 0.0000000e+00 9.2679900e-03 5.9315200e-03
     41    102 0.0000000e+00 1.1756400e-03 7.5240600e-04
     41    102 1.0000000e+00 4.0962700e-03 2.6216100e-03
     41    103 0.0000000e+00 3.0913300e-03 1.9784500e-03
     41    104 0.0000000e+00 3.0765500e-04 1.9689900e-04
     41    104 1.0000000e+00 1.0719600e-03 6.8605600e-04
     41    105 0.0000000e+00 7.0132100e-04 4.4884500e-04
     41    106 0.0000000e+00 2.4800500e-04 1.5872300e-04
     41    107 0.0000000e+00 5.1574100e-05 3.3007400e-05
     41    108 0.0000000e+00 5.3831500e-06 3.4452200e-06
     41    109 0.0000000e+00 3.6088600e-07 2.3096700e-07
     41    110 0.0000000e+00 1.0606200e-08 6.7879800e-09
     41    111 0.0000000e+00 6.4888800e-10 4.1528800e-10
     41    112 0.0000000e+00 8.7722600e-13 5.6142500e-13
     41    113 0.0000000e+00 5.2560800e-14 3.3638900e-14
     41    114 0.0000000e+00 0.0000000e+00 0.0000000e+00
     41    115 0.0000000e+00 0.0000000e+00 0.0000000e+00
     42     92 0.0000000e+00 0.0000000e+00 0.0000000e+00
     42     93 0.0000000e+00 1.5764200e-14 1.0089100e-14
     42     93 1.0000000e+00 1.1651800e-14 7.4571700e-15
     42     94 0.0000000e+00 3.6121200e-12 2.3117500e-12
     42     95 0.0000000e+00 2.9617400e-10 1.8955100e-10
     42     96 0.0000000e+00 1.1806900e-08 7.5564300e-09
     42     97 0.0000000e+00 3.2519100e-07 2.0812200e-07
     42     98 0.0000000e+00 4.6127000e-06 2.9521300e-06
     42     99 0.0000000e+00 4.7718000e-05 3.0539500e-05
     42    100 0.0000000e+00 2.9389200e-04 1.8809100e-04
     42    101 0.0000000e+00 1.1350700e-04 7.2644200e-05
     42    102 0.0000000e+00 2.3126600e-04 1.4801000e-04
     42    103 0.0000000e+00 4.4824300e-04 2.8687500e-04
     42    104 0.0000000e+00 5.5596600e-04 3.5581900e-04
     42    105 0.0000000e+00 7.6958100e-04 4.9253200e-04
     42    106 0.0000000e+00 6.4750900e-04 4.1440600e-04
     42    107 0.0000000e+00 5.0712700e-04 3.2456100e-04
     42    108 0.0000000e+00 1.9687500e-04 1.2600000e-04
     42    109 0.0000000e+00 5.2290600e-05 3.3466000e-05
     42    110 0.0000000e+00 6.3537200e-06 4.0663800e-06
     42    111 0.0000000e+00 7.1977300e-07 4.6065500e-07
     42    112 0.0000000e+00 2.2712400e-08 1.4535900e-08
     42    113 0.0000000e+00 1.3608600e-09 8.7095100e-10
     42    114 0.0000000e+00 1.4908700e-11 9.5415900e-12
     42    115 0.0000000e+00 1.6151200e-13 1.0336800e-13
     42    116 0.0000000e+00 0.0000000e+00 0.0000000e+00
     42    117 0.0000000e+00 0.0000000e+00 0.0000000e+00
     43     95 0.0000000e+00 0.0000000e+00 0.0000000e+00
     43     95 1.0000000e+00 0.0000000e+00 0.0000000e+00
     43     96 0.0000000e+00 0.0000000e+00 0.0000000e+00
     43     96 1.0000000e+00 0.0000000e+00 0.0000000e+00
     43     97 0.0000000e+00 1.4735000e-11 9.4304200e-12
     43     97 1.0000000e+00 2.9753400e-12 1.9042200e-12
     43     98 0.0000000e+00 8.6650800e-10 5.5456500e-10
     43     99 0.0000000e+00 2.6173400e-08 1.6751000e-08
     43     99 1.0000000e+00 5.2850200e-09 3.3824100e-09
     43    100 0.0000000e+00 6.6639100e-07 4.2649000e-07
     43    101 0.0000000e+00 9.9858500e-10 6.3909500e-10
     43    102 0.0000000e+00 1.7452200e-09 1.1169400e-09
     43    102 1.0000000e+00 8.4607600e-09 5.4148800e-09
     43    103 0.0000000e+00 1.0306000e-07 6.5958700e-08
     43    104 0.0000000e+00 5.9134700e-07 3.7846200e-07
     43    105 0.0000000e+00 3.7622000e-06 2.4078100e-06
     43    106 0.0000000e+00 1.3402900e-04 8.5778300e-05
     43    107 0.0000000e+00 3.7586000e-04 2.4055100e-04
     43    108 0.0000000e+00 4.8847600e-04 3.1262500e-04
     43    109 0.0000000e+00 4.4145900e-04 2.8253400e-04
     43    110 0.0000000e+00 1.9607500e-04 1.2548800e-04
     43    111 0.0000000e+00 8.2098100e-05 5.2542800e-05
     43    112 0.0000000e+00 9.4555400e-06 6.0515500e-06
     43    113 0.0000000e+00 1.5095200e-06 9.6609600e-07
     43    114 0.0000000e+00 8.2048100e-08 5.2510800e-08
     43    115 0.0000000e+00 4.1817200e-09 2.6763000e-09
     43    116 0.0000000e+00 1.3808100e-10 8.8371800e-11
     43    117 0.0000000e+00 9.8543000e-13 6.3067600e-13
     43    118 0.0000000e+00 3.7600900e-14 2.4064600e-14
     43    119 0.0000000e+00 8.7722600e-16 5.6142500e-16
     43    120 0.0000000e+00 0.0000000e+00 0.0000000e+00
     44     98 0.0000000e+00 0.0000000e+00 0.0000000e+00
     44     99 0.0000000e+00 8.7851500e-13 5.6224900e-13
     44    100 0.0000000e+00 6.6438900e-11 4.2520900e-11
     44    101 0.0000000e+00 0.0000000e+00 0.0000000e+00
     44    102 0.0000000e+00 0.0000000e+00 0.0000000e+00
     44    103 0.0000000e+00 1.0406100e-14 6.6599000e-15
     44    104 0.0000000e+00 3.1218300e-13 1.9979700e-13
     44    105 0.0000000e+00 1.1206600e-11 7.1722000e-12
     44    106 0.0000000e+00 1.7310100e-06 1.1078500e-06
     44    107 0.0000000e+00 2.0261900e-05 1.2967600e-05
     44    108 0.0000000e+00 9.5966200e-05 6.1418400e-05
     44    109 0.0000000e+00 7.5888400e-05 4.8568600e-05
     44    109 1.0000000e+00 2.1266100e-04 1.3610300e-04
     44    110 0.0000000e+00 4.1776500e-04 2.6737000e-04
     44    111 0.0000000e+00 5.6008800e-04 3.5845600e-04
     44    112 0.0000000e+00 2.0814200e-04 1.3321100e-04
     44    113 0.0000000e+00 1.1045500e-04 7.0691000e-05
     44    114 0.0000000e+00 2.0391900e-05 1.3050800e-05
     44    115 0.0000000e+00 4.6385400e-06 2.9686700e-06
     44    116 0.0000000e+00 3.8022300e-07 2.4334300e-07
     44    117 0.0000000e+00 2.5514000e-08 1.6329000e-08
     44    118 0.0000000e+00 9.7353300e-10 6.2306100e-10
     44    119 0.0000000e+00 2.2712400e-11 1.4535900e-11
     44    120 0.0000000e+00 2.6115300e-13 1.6713800e-13
     44    121 0.0000000e+00 4.4440900e-15 2.8442300e-15
     44    122 0.0000000e+00 0.0000000e+00 0.0000000e+00
     44    123 0.0000000e+00 0.0000000e+00 0.0000000e+00
     44    124 0.0000000e+00 0.0000000e+00 0.0000000e+00
     45    100 0.0000000e+00 0.0000000e+00 0.0000000e+00
     45    100 1.0000000e+00 0.0000000e+00 0.0000000e+00
     45    101 0.0000000e+00 0.0000000e+00 0.0000000e+00
     45    101 1.0000000e+00 0.0000000e+00 0.0000000e+00
     45    102 0.0000000e+00 0.0000000e+00 0.0000000e+00
     45    102 1.0000000e+00 0.0000000e+00 0.0000000e+00
     45    103 0.0000000e+00 0.0000000e+00 0.0000000e+00
     45    103 1.0000000e+00 0.0000000e+00 0.0000000e+00
     45    104 0.0000000e+00 0.0000000e+00 0.0000000e+00
     45    104 1.0000000e+00 0.0000000e+00 0.0000000e+00
     45    105 0.0000000e+00 0.0000000e+00 0.0000000e+00
     45    105 1.0000000e+00 0.0000000e+00 0.0000000e+00
     45    106 0.0000000e+00 2.8746400e-10 1.8397700e-10
     45    106 1.0000000e+00 7.8516400e-10 5.0250500e-10
     45    107 0.0000000e+00 5.8634400e-08 3.7526000e-08
     45    108 0.0000000e+00 2.6061700e-07 1.6679500e-07
     45    108 1.0000000e+00 9.0806800e-07 5.8116400e-07
     45    109 0.0000000e+00 1.3527900e-05 6.1220400e-06
     45    110 0.0000000e+00 1.1990700e-05 7.6740500e-06
     45    110 1.0000000e+00 5.8130400e-05 3.7203400e-05
     45    111 0.0000000e+00 2.9923500e-04 1.9151000e-04
     45    112 0.0000000e+00 3.2756200e-04 2.0964000e-04
     45    113 0.0000000e+00 5.0809800e-04 3.2518300e-04
     45    114 0.0000000e+00 2.8030400e-04 1.7939500e-04
     45    115 0.0000000e+00 1.9034200e-04 1.2181800e-04
     45    116 0.0000000e+00 4.8768600e-05 3.1211900e-05
     45    117 0.0000000e+00 1.0616200e-05 6.7943800e-06
     45    118 0.0000000e+00 1.3908100e-06 8.9012200e-07
     45    119 0.0000000e+00 1.1406700e-07 7.3002800e-08
     45    120 0.0000000e+00 4.9529000e-09 3.1698600e-09
     45    121 0.0000000e+00 1.1506300e-10 7.3640400e-11
     45    122 0.0000000e+00 1.5008800e-12 9.6056300e-13
     45    123 0.0000000e+00 0.0000000e+00 0.0000000e+00
     45    124 0.0000000e+00 0.0000000e+00 0.0000000e+00
     45    125 0.0000000e+00 0.0000000e+00 0.0000000e+00
     45    126 0.0000000e+00 0.0000000e+00 0.0000000e+00
     45    127 0.0000000e+00 0.0000000e+00 0.0000000e+00
     45    128 0.0000000e+00 0.0000000e+00 0.0000000e+00
     46    102 0.0000000e+00 0.0000000e+00 0.0000000e+00
     46    103 0.0000000e+00 0.0000000e+00 0.0000000e+00
     46    104 0.0000000e+00 0.0000000e+00 0.0000000e+00
     46    105 0.0000000e+00 0.0000000e+00 0.0000000e+00
     46    106 0.0000000e+00 2.8116500e-14 1.7994500e-14
     46    107 0.0000000e+00 2.3614000e-12 1.5113000e-12
     46    107 1.0000000e+00 5.1830200e-12 3.3171300e-12
     46    108 0.0000000e+00 6.7939800e-10 4.3481500e-10
     46    109 0.0000000e+00 1.0523000e-08 6.7347000e-09
     46    109 1.0000000e+00 2.3096700e-08 1.4781900e-08
     46    110 0.0000000e+00 7.1541900e-07 4.5786800e-07
     46    111 0.0000000e+00 3.5076600e-06 2.2449000e-06
     46    111 1.0000000e+00 7.6989100e-06 4.9273000e-06
     46    112 0.0000000e+00 3.9983400e-05 2.5589400e-05
     46    113 0.0000000e+00 1.8550900e-04 1.1872600e-04
     46    114 0.0000000e+00 2.8786900e-04 1.8423600e-04
     46    115 0.0000000e+00 5.2295600e-04 3.3469200e-04
     46    116 0.0000000e+00 3.7002700e-04 2.3681700e-04
     46    117 0.0000000e+00 2.3368700e-04 1.4956000e-04
     46    118 0.0000000e+00 9.6306400e-05 6.1636100e-05
     46    119 0.0000000e+00 2.5885200e-05 1.6566500e-05
     46    120 0.0000000e+00 4.0623800e-06 2.5999200e-06
     46    121 0.0000000e+00 3.5921100e-07 2.2989500e-07
     46    122 0.0000000e+00 1.8310700e-08 1.1718900e-08
     46    123 0.0000000e+00 4.8728600e-10 3.1186300e-10
     46    124 0.0000000e+00 0.0000000e+00 0.0000000e+00
     46    125 0.0000000e+00 0.0000000e+00 0.0000000e+00
     46    126 0.0000000e+00 0.0000000e+00 0.0000000e+00
     46    127 0.0000000e+00 0.0000000e+00 0.0000000e+00
     46    128 0.0000000e+00 0.0000000e+00 0.0000000e+00
     46    129 0.0000000e+00 0.0000000e+00 0.0000000e+00
     46    130 0.0000000e+00 0.0000000e+00 0.0000000e+00
     46    131 0.0000000e+00 0.0000000e+00 0.0000000e+00
     47    105 0.0000000e+00 0.0000000e+00 0.0000000e+00
     47    105 1.0000000e+00 0.0000000e+00 0.0000000e+00
     47    106 0.0000000e+00 0.0000000e+00 0.0000000e+00
     47    106 1.0000000e+00 0.0000000e+00 0.0000000e+00
     47    107 0.0000000e+00 0.0000000e+00 0.0000000e+00
     47    107 1.0000000e+00 0.0000000e+00 0.0000000e+00
     47    108 0.0000000e+00 4.4782200e-15 2.8660600e-15
     47    108 1.0000000e+00 1.2231600e-14 7.8282000e-15
     47    109 0.0000000e+00 4.3567500e-13 2.7883200e-13
     47    109 1.0000000e+00 3.2564900e-12 2.0841500e-12
     47    110 0.0000000e+00 9.2541000e-11 5.9226300e-11
     47    110 1.0000000e+00 2.5276100e-10 1.6176700e-10
     47    111 0.0000000e+00 2.5750900e-09 1.6480600e-09
     47    111 1.0000000e+00 1.9247700e-08 1.2318500e-08
     47    112 0.0000000e+00 2.8616800e-07 1.8314700e-07
     47    113 0.0000000e+00 5.3532600e-07 3.4260800e-07
     47    113 1.0000000e+00 4.0013300e-06 2.5608500e-06
     47    114 0.0000000e+00 2.2193000e-05 1.4203500e-05
     47    115 0.0000000e+00 1.3457500e-05 8.6128200e-06
     47    115 1.0000000e+00 1.0058900e-04 6.4377200e-05
     47    116 0.0000000e+00 5.8608400e-05 3.7509400e-05
     47    116 1.0000000e+00 1.6008000e-04 1.0245100e-04
     47    117 0.0000000e+00 4.3395100e-05 2.7772900e-05
     47    117 1.0000000e+00 3.2436000e-04 2.0759100e-04
     47    118 0.0000000e+00 7.1920300e-05 4.6029100e-05
     47    118 1.0000000e+00 3.4866600e-04 2.2314700e-04
     47    119 0.0000000e+00 3.2771200e-04 2.0973600e-04
     47    120 0.0000000e+00 6.2277600e-05 3.9857700e-05
     47    120 1.0000000e+00 1.0424000e-04 6.6713600e-05
     47    121 0.0000000e+00 5.1930400e-05 3.3235500e-05
     47    122 0.0000000e+00 9.7257000e-06 4.4013500e-06
     47    123 0.0000000e+00 1.0105900e-06 6.4677900e-07
     47    124 0.0000000e+00 1.2007000e-11 7.6845000e-12
     47    125 0.0000000e+00 8.1047500e-13 5.1870400e-13
     47    126 0.0000000e+00 4.5826900e-14 2.9329200e-14
     47    127 0.0000000e+00 0.0000000e+00 0.0000000e+00
     47    128 0.0000000e+00 0.0000000e+00 0.0000000e+00
     47    129 0.0000000e+00 4.2165800e-17 2.6986100e-17
     47    130 0.0000000e+00 7.6945100e-11 4.9244900e-11
     47    131 0.0000000e+00 1.3757400e-12 8.8047300e-13
     47    132 0.0000000e+00 0.0000000e+00 0.0000000e+00
     47    133 0.0000000e+00 0.0000000e+00 0.0000000e+00
     48    108 0.0000000e+00 0.0000000e+00 0.0000000e+00
     48    109 0.0000000e+00 0.0000000e+00 0.0000000e+00
     48    110 0.0000000e+00 0.0000000e+00 0.0000000e+00
     48    111 0.0000000e+00 3.8896800e-13 2.4894000e-13
     48    111 1.0000000e+00 1.4721200e-12 9.4215900e-13
     48    112 0.0000000e+00 9.4655500e-11 6.0579500e-11
     48    113 0.0000000e+00 1.1627200e-09 7.4414200e-10
     48    113 1.0000000e+00 4.4005400e-09 2.8163500e-09
     48    114 0.0000000e+00 9.5255800e-08 6.0963700e-08
     48    115 0.0000000e+00 3.2581300e-07 2.0852000e-07
     48    115 1.0000000e+00 1.2331000e-06 7.8918400e-07
     48    116 0.0000000e+00 9.1653700e-06 5.8658400e-06
     48    117 0.0000000e+00 9.3812400e-06 6.0039900e-06
     48    117 1.0000000e+00 3.5505100e-05 2.2723200e-05
     48    118 0.0000000e+00 1.4591600e-04 9.3385900e-05
     48    119 0.0000000e+00 8.2098900e-05 5.2543300e-05
     48    119 1.0000000e+00 2.3006400e-04 1.4724100e-04
     48    120 0.0000000e+00 4.5749800e-04 2.9279900e-04
     48    121 0.0000000e+00 1.1530400e-04 7.3794200e-05
     48    121 1.0000000e+00 3.2311300e-04 2.0679200e-04
     48    122 0.0000000e+00 2.6806700e-04 1.7156300e-04
     48    123 0.0000000e+00 9.9668400e-05 6.3787800e-05
     48    124 0.0000000e+00 3.5020500e-06 2.2413100e-06
     48    125 0.0000000e+00 8.9352400e-07 5.7185500e-07
     48    126 0.0000000e+00 1.9311300e-07 1.2359200e-07
     48    127 0.0000000e+00 3.8022300e-08 2.4334300e-08
     48    128 0.0000000e+00 6.2436600e-09 3.9959400e-09
     48    129 0.0000000e+00 8.4449500e-10 5.4047700e-10
     48    130 0.0000000e+00 7.5044000e-07 4.8028100e-07
     48    131 0.0000000e+00 3.5619500e-08 2.2796500e-08
     48    132 0.0000000e+00 9.6956800e-10 6.2052400e-10
     48    133 0.0000000e+00 1.0434000e-11 6.6777400e-12
     48    134 0.0000000e+00 8.3749100e-14 5.3599400e-14
     48    135 0.0000000e+00 0.0000000e+00 0.0000000e+00
     48    136 0.0000000e+00 0.0000000e+00 0.0000000e+00
     49    110 0.0000000e+00 0.0000000e+00 0.0000000e+00
     49    110 1.0000000e+00 0.0000000e+00 0.0000000e+00
     49    111 0.0000000e+00 0.0000000e+00 0.0000000e+00
     49    111 1.0000000e+00 0.0000000e+00 0.0000000e+00
     49    112 0.0000000e+00 0.0000000e+00 0.0000000e+00
     49    112 1.0000000e+00 0.0000000e+00 0.0000000e+00
     49    113 0.0000000e+00 2.4466800e-13 1.5658800e-13
     49    113 1.0000000e+00 4.9404100e-14 3.1618700e-14
     49    114 0.0000000e+00 4.1189900e-12 2.6361600e-12
     49    114 1.0000000e+00 1.4351800e-11 9.1851700e-12
     49    115 0.0000000e+00 8.5663000e-10 5.4824300e-10
     49    115 1.0000000e+00 1.7297300e-10 1.1070300e-10
     49    116 0.0000000e+00 3.2743200e-09 2.0955600e-09
     49    116 1.0000000e+00 1.1439900e-08 7.3215300e-09
     49    116 2.0000000e+00 5.4976200e-09 3.5184800e-09
     49    117 0.0000000e+00 2.6681200e-07 1.7076000e-07
     49    117 1.0000000e+00 5.3875600e-08 3.4480400e-08
     49    118 0.0000000e+00 5.4642200e-07 3.4971000e-07
     49    118 1.0000000e+00 1.9091000e-06 1.2218300e-06
     49    118 2.0000000e+00 9.1745000e-07 5.8716800e-07
     49    119 0.0000000e+00 1.8447900e-05 1.1806700e-05
     49    119 1.0000000e+00 3.7250600e-06 2.3840400e-06
     49    120 0.0000000e+00 3.7309600e-05 2.3878200e-05
     49    120 1.0000000e+00 9.5701500e-05 4.5280100e-05
     49    121 0.0000000e+00 2.3841600e-04 1.5258600e-04
     49    121 1.0000000e+00 4.8141700e-05 3.0810700e-05
     49    122 0.0000000e+00 1.1510400e-04 7.3666600e-05
     49    122 1.0000000e+00 5.7311100e-04 2.7930000e-04
     49    123 0.0000000e+00 4.9569700e-04 3.1724600e-04
     49    123 1.0000000e+00 1.0009300e-04 6.4059200e-05
     49    124 0.0000000e+00 3.0343900e-04 1.9420100e-04
     49    124 1.0000000e+00 3.2741100e-04 2.0954300e-04
     49    125 0.0000000e+00 4.2928100e-04 2.7473900e-04
     49    125 1.0000000e+00 8.6681700e-05 5.5476200e-05
     49    126 0.0000000e+00 1.8096200e-04 1.1581600e-04
     49    126 1.0000000e+00 1.9525800e-04 1.2496500e-04
     49    127 0.0000000e+00 2.1648000e-04 1.3854700e-04
     49    127 1.0000000e+00 4.3712300e-05 2.7975900e-05
     49    128 0.0000000e+00 7.9965000e-05 5.1177600e-05
     49    128 1.0000000e+00 8.6282400e-05 5.5220700e-05
     49    129 0.0000000e+00 7.4557600e-05 4.7716900e-05
     49    129 1.0000000e+00 1.5054900e-05 9.6351400e-06
     49    130 0.0000000e+00 4.2954400e-04 1.3745400e-04
     49    131 0.0000000e+00 2.9251600e-05 1.8721000e-05
     49    131 1.0000000e+00 5.8924100e-06 3.7711400e-06
     49    131 2.0000000e+00 1.7581800e-05 1.4065500e-05
     49    132 0.0000000e+00 5.1830400e-06 3.3171400e-06
     49    133 0.0000000e+00 2.7014800e-07 1.7289400e-07
     49    134 0.0000000e+00 6.9140500e-09 4.4249900e-09
     49    135 0.0000000e+00 4.2508800e-11 2.7205600e-11
     49    136 0.0000000e+00 5.6733200e-13 3.6309300e-13
     49    137 0.0000000e+00 0.0000000e+00 0.0000000e+00
     49    138 0.0000000e+00 0.0000000e+00 0.0000000e+00
     50    113 0.0000000e+00 0.0000000e+00 0.0000000e+00
     50    113 1.0000000e+00 0.0000000e+00 0.0000000e+00
     50    114 0.0000000e+00 0.0000000e+00 0.0000000e+00
     50    115 0.0000000e+00 2.8716800e-14 1.8378800e-14
     50    116 0.0000000e+00 1.9511400e-12 1.2487300e-12
     50    117 0.0000000e+00 2.2167000e-11 1.4186900e-11
     50    117 1.0000000e+00 8.3895200e-11 5.3692900e-11
     50    118 0.0000000e+00 3.8822700e-09 2.4846600e-09
     50    119 0.0000000e+00 1.8151800e-08 1.1617200e-08
     50    119 1.0000000e+00 6.8699100e-08 4.3967400e-08
     50    120 0.0000000e+00 1.3708000e-06 8.7731400e-07
     50    121 0.0000000e+00 9.9037100e-06 6.3383800e-06
     50    121 1.0000000e+00 3.5341600e-06 2.2618600e-06
     50    122 0.0000000e+00 7.7945700e-05 4.9885200e-05
     50    123 0.0000000e+00 2.0673200e-04 1.3230800e-04
     50    123 1.0000000e+00 7.3772700e-05 4.7214500e-05
     50    124 0.0000000e+00 5.2822000e-04 3.3806000e-04
     50    125 0.0000000e+00 6.8698400e-04 4.3967000e-04
     50    125 1.0000000e+00 2.4515200e-04 1.5689700e-04
     50    126 0.0000000e+00 1.5126500e-03 6.8069100e-04
     50    127 0.0000000e+00 1.8186100e-03 1.1639100e-03
     50    127 1.0000000e+00 6.4897500e-04 4.1534400e-04
     50    128 0.0000000e+00 4.2855100e-03 1.9394000e-03
     50    129 0.0000000e+00 1.8192900e-03 1.1643500e-03
     50    129 1.0000000e+00 5.0981600e-03 3.2628300e-03
     50    130 0.0000000e+00 1.9535500e-03 1.2502700e-03
     50    130 1.0000000e+00 5.3358100e-03 3.4149200e-03
     50    131 0.0000000e+00 9.8456500e-04 6.3012300e-04
     50    131 1.0000000e+00 2.7590300e-03 1.7657800e-03
     50    132 0.0000000e+00 1.2483700e-03 7.9895800e-04
     50    133 0.0000000e+00 2.4242200e-04 1.5515000e-04
     50    134 0.0000000e+00 2.3783900e-05 1.5221700e-05
     50    135 0.0000000e+00 1.1006000e-06 7.0438600e-07
     50    136 0.0000000e+00 2.9917500e-08 1.9147200e-08
     50    137 0.0000000e+00 4.0723900e-10 2.6063300e-10
     50    138 0.0000000e+00 3.6621500e-12 2.3437700e-12
     50    139 0.0000000e+00 8.5017500e-14 5.4411200e-14
     50    140 0.0000000e+00 0.0000000e+00 0.0000000e+00
     51    116 0.0000000e+00 0.0000000e+00 0.0000000e+00
     51    116 1.0000000e+00 0.0000000e+00 0.0000000e+00
     51    117 0.0000000e+00 0.0000000e+00 0.0000000e+00
     51    118 0.0000000e+00 7.1924900e-14 4.6032000e-14
     51    118 1.0000000e+00 1.2038800e-13 7.7048200e-14
     51    119 0.0000000e+00 1.5309000e-11 9.7977400e-12
     51    120 0.0000000e+00 3.3679700e-10 2.1555000e-10
     51    120 1.0000000e+00 5.6373000e-10 3.6078700e-10
     51    121 0.0000000e+00 3.3419600e-08 2.1388500e-08
     51    122 0.0000000e+00 3.0206600e-07 1.9332200e-07
     51    122 1.0000000e+00 4.0534900e-07 2.5942300e-07
     51    123 0.0000000e+00 9.1253500e-06 5.8402200e-06
     51    124 0.0000000e+00 4.1132100e-07 2.6324500e-07
     51    124 1.0000000e+00 8.6394600e-07 5.5292500e-07
     51    124 2.0000000e+00 4.4402000e-07 2.8417300e-07
     51    125 0.0000000e+00 9.4155200e-06 6.0259300e-06
     51    126 0.0000000e+00 1.8312900e-05 1.1720200e-05
     51    126 1.0000000e+00 3.8340300e-05 1.8301700e-05
     51    127 0.0000000e+00 1.8972100e-04 1.2142100e-04
     51    128 0.0000000e+00 3.5054400e-04 2.2434800e-04
     51    128 1.0000000e+00 4.9008900e-04 3.1365700e-04
     51    129 0.0000000e+00 1.1033000e-03 7.0611300e-04
     51    129 1.0000000e+00 1.3776500e-03 1.1021200e-03
     51    130 0.0000000e+00 4.9057300e-03 3.1396700e-03
     51    130 1.0000000e+00 6.8586100e-03 4.3895100e-03
     51    131 0.0000000e+00 1.6779400e-02 5.3694300e-03
     51    132 0.0000000e+00 8.8479900e-03 5.6627100e-03
     51    132 1.0000000e+00 7.8463300e-03 5.0216500e-03
     51    133 0.0000000e+00 1.0843300e-02 3.4698400e-03
     51    134 0.0000000e+00 1.0084300e-03 6.4539500e-04
     51    134 1.0000000e+00 2.7543700e-03 1.7628000e-03
     51    135 0.0000000e+00 6.4504800e-04 4.1283100e-04
     51    136 0.0000000e+00 6.6328900e-05 4.2450500e-05
     51    137 0.0000000e+00 3.4920500e-06 2.2349100e-06
     51    138 0.0000000e+00 1.1907000e-07 7.6204700e-08
     51    139 0.0000000e+00 2.2012000e-09 1.4087800e-09
     51    140 0.0000000e+00 1.7621800e-11 1.1278000e-11
     51    141 0.0000000e+00 1.3112400e-12 8.3919100e-13
     51    142 0.0000000e+00 0.0000000e+00 0.0000000e+00
     51    143 0.0000000e+00 0.0000000e+00 0.0000000e+00
     52    119 0.0000000e+00 0.0000000e+00 0.0000000e+00
     52    119 1.0000000e+00 0.0000000e+00 0.0000000e+00
     52    120 0.0000000e+00 2.5114700e-14 1.6073400e-14
     52    121 0.0000000e+00 7.6538900e-13 4.8984900e-13
     52    121 1.0000000e+00 2.8967600e-12 1.8539200e-12
     52    122 0.0000000e+00 3.0117700e-10 1.9275300e-10
     52    123 0.0000000e+00 3.1765700e-09 2.0330100e-09
     52    123 1.0000000e+00 1.2022300e-08 7.6942900e-09
     52    124 0.0000000e+00 3.1918700e-12 2.0428000e-12
     52    125 0.0000000e+00 1.3739400e-11 8.7931800e-12
     52    125 1.0000000e+00 5.1999200e-11 3.3279500e-11
     52    126 0.0000000e+00 1.1406700e-09 7.3002800e-10
     52    127 0.0000000e+00 4.6946700e-09 3.0045900e-09
     52    127 1.0000000e+00 1.3155800e-08 8.4197000e-09
     52    128 0.0000000e+00 3.0217700e-07 1.9339300e-07
     52    129 0.0000000e+00 1.1736700e-06 7.5114700e-07
     52    129 1.0000000e+00 3.2889500e-06 2.1049300e-06
     52    130 0.0000000e+00 1.4749000e-03 9.4393900e-04
     52    131 0.0000000e+00 1.5704100e-03 1.0050600e-03
     52    131 1.0000000e+00 4.4007300e-03 2.8164600e-03
     52    132 0.0000000e+00 1.6719900e-02 3.8455700e-03
     52    133 0.0000000e+00 8.4604300e-03 5.4146700e-03
     52    133 1.0000000e+00 2.3708500e-02 7.5867100e-03
     52    134 0.0000000e+00 3.4391200e-02 1.1005100e-02
     52    135 0.0000000e+00 1.9338500e-02 6.1883200e-03
     52    136 0.0000000e+00 6.9186600e-03 4.4279500e-03
     52    137 0.0000000e+00 1.3291100e-03 8.5062900e-04
     52    138 0.0000000e+00 1.6575700e-04 1.0608400e-04
     52    139 0.0000000e+00 1.1396700e-05 7.2938700e-06
     52    140 0.0000000e+00 4.5624900e-07 2.9200000e-07
     52    141 0.0000000e+00 3.3949500e-08 2.1727600e-08
     52    142 0.0000000e+00 2.0512000e-10 1.3127700e-10
     52    143 0.0000000e+00 3.6594100e-12 2.3420200e-12
     52    144 0.0000000e+00 2.5271000e-13 1.6173400e-13
     52    145 0.0000000e+00 0.0000000e+00 0.0000000e+00
     53    122 0.0000000e+00 0.0000000e+00 0.0000000e+00
     53    123 0.0000000e+00 1.1006400e-12 7.0441300e-13
     53    124 0.0000000e+00 0.0000000e+00 0.0000000e+00
     53    125 0.0000000e+00 0.0000000e+00 0.0000000e+00
     53    126 0.0000000e+00 0.0000000e+00 0.0000000e+00
     53    127 0.0000000e+00 0.0000000e+00 0.0000000e+00
     53    128 0.0000000e+00 4.8728600e-14 3.1186300e-14
     53    129 0.0000000e+00 2.9817500e-12 1.9083200e-12
     53    130 0.0000000e+00 7.9541800e-06 5.0906800e-06
     53    130 1.0000000e+00 2.9121900e-06 1.8638000e-06
     53    131 0.0000000e+00 1.4189300e-04 9.0811600e-05
     53    132 0.0000000e+00 6.2562600e-04 4.0040000e-04
     53    132 1.0000000e+00 5.6604200e-04 3.6226700e-04
     53    133 0.0000000e+00 4.3607600e-03 2.7908900e-03
     53    133 1.0000000e+00 3.2231700e-03 2.0628300e-03
     53    134 0.0000000e+00 1.2860100e-02 4.1152200e-03
     53    134 1.0000000e+00 1.1404200e-02 2.6229700e-03
     53    135 0.0000000e+00 4.0166700e-02 1.2853300e-02
     53    136 0.0000000e+00 1.1679500e-02 3.7374300e-03
     53    136 1.0000000e+00 3.1900600e-02 1.0208200e-02
     53    137 0.0000000e+00 2.6890800e-02 8.6050400e-03
     53    138 0.0000000e+00 1.1125100e-02 3.5600500e-03
     53    139 0.0000000e+00 2.6660900e-03 1.7063000e-03
     53    140 0.0000000e+00 3.7395900e-04 2.3933400e-04
     53    141 0.0000000e+00 3.7658200e-05 2.4101200e-05
     53    142 0.0000000e+00 2.0712100e-06 1.3255800e-06
     53    143 0.0000000e+00 9.4746600e-08 6.0637800e-08
     53    144 0.0000000e+00 6.5429500e-09 4.1874900e-09
     53    145 0.0000000e+00 9.9315900e-12 6.3562300e-12
     53    146 0.0000000e+00 2.3573000e-13 1.5086700e-13
     53    147 0.0000000e+00 0.0000000e+00 0.0000000e+00
     53    148 0.0000000e+00 0.0000000e+00 0.0000000e+00
     54    125 0.0000000e+00 0.0000000e+00 0.0000000e+00
     54    126 0.0000000e+00 0.0000000e+00 0.0000000e+00
     54    127 0.0000000e+00 0.0000000e+00 0.0000000e+00
     54    127 1.0000000e+00 0.0000000e+00 0.0000000e+00
     54    128 0.0000000e+00 0.0000000e+00 0.0000000e+00
     54    129 0.0000000e+00 0.0000000e+00 0.0000000e+00
     54    129 1.0000000e+00 0.0000000e+00 0.0000000e+00
     54    130 0.0000000e+00 3.7121800e-09 2.3757900e-09
     54    131 0.0000000e+00 4.3709900e-08 2.7974300e-08
     54    131 1.0000000e+00 1.2248700e-07 7.8392000e-08
     54    132 0.0000000e+00 4.9629100e-06 3.1762600e-06
     54    133 0.0000000e+00 3.0189100e-05 1.9321000e-05
     54    133 1.0000000e+00 8.4598200e-05 5.4142900e-05
     54    134 0.0000000e+00 3.3158400e-04 2.1221400e-04
     54    134 1.0000000e+00 9.0567100e-04 5.7963000e-04
     54    135 0.0000000e+00 1.7272900e-03 1.1054600e-03
     54    135 1.0000000e+00 4.8403400e-03 3.0978200e-03
     54    136 0.0000000e+00 2.1592100e-02 6.9094700e-03
     54    137 0.0000000e+00 3.8966600e-02 8.9623200e-03
     54    138 0.0000000e+00 4.7266600e-02 1.5125400e-02
     54    139 0.0000000e+00 3.4680400e-02 1.1097700e-02
     54    140 0.0000000e+00 1.5344000e-02 4.9100700e-03
     54    141 0.0000000e+00 4.9856700e-03 3.1908300e-03
     54    142 0.0000000e+00 9.1537600e-04 5.8584100e-04
     54    143 0.0000000e+00 2.7640500e-05 1.7689900e-05
     54    143 1.0000000e+00 7.7456500e-05 4.9572100e-05
     54    144 0.0000000e+00 7.2577100e-06 4.6449300e-06
     54    145 0.0000000e+00 2.5714100e-07 1.6457000e-07
     54    146 0.0000000e+00 6.1033400e-09 3.9061400e-09
     54    147 0.0000000e+00 1.1926100e-11 7.6326900e-12
     54    148 0.0000000e+00 7.6144600e-13 4.8732600e-13
     54    149 0.0000000e+00 6.0914900e-14 3.8985500e-14
     54    150 0.0000000e+00 0.0000000e+00 0.0000000e+00
     55    128 0.0000000e+00 0.0000000e+00 0.0000000e+00
     55    129 0.0000000e+00 0.0000000e+00 0.0000000e+00
     55    130 0.0000000e+00 0.0000000e+00 0.0000000e+00
     55    131 0.0000000e+00 8.4849700e-12 5.4303800e-12
     55    132 0.0000000e+00 9.3254600e-10 5.9683000e-10
     55    133 0.0000000e+00 8.3048700e-08 5.3151100e-08
     55    134 0.0000000e+00 1.7871500e-06 1.1437700e-06
     55    134 1.0000000e+00 1.5848300e-06 1.0142900e-06
     55    135 0.0000000e+00 3.8018300e-05 2.4331700e-05
     55    135 1.0000000e+00 2.8100500e-05 1.7984300e-05
     55    136 0.0000000e+00 4.3329500e-04 2.7730900e-04
     55    136 1.0000000e+00 3.0992100e-04 1.9835000e-04
     55    137 0.0000000e+00 4.3912400e-03 2.8104000e-03
     55    138 0.0000000e+00 5.9868200e-03 3.8315700e-03
     55    138 1.0000000e+00 1.0020700e-02 4.5093200e-03
     55    139 0.0000000e+00 3.3883000e-02 1.0842600e-02
     55    140 0.0000000e+00 4.2163500e-02 1.3492300e-02
     55    141 0.0000000e+00 3.8846200e-02 1.2430800e-02
     55    142 0.0000000e+00 2.1300000e-02 6.8160100e-03
     55    143 0.0000000e+00 7.4850800e-03 4.7904500e-03
     55    144 0.0000000e+00 1.6992200e-03 1.0875000e-03
     55    145 0.0000000e+00 1.9810600e-04 1.2678800e-04
     55    146 0.0000000e+00 1.6319600e-05 1.0444500e-05
     55    147 0.0000000e+00 3.0878100e-07 1.9762000e-07
     55    148 0.0000000e+00 2.4814500e-08 1.5881300e-08
     55    149 0.0000000e+00 1.5771500e-09 1.0093800e-09
     55    150 0.0000000e+00 3.1118200e-12 1.9915700e-12
     55    151 0.0000000e+00 7.8319100e-14 5.0124300e-14
     55    152 0.0000000e+00 0.0000000e+00 0.0000000e+00
     56    131 0.0000000e+00 0.0000000e+00 0.0000000e+00
     56    132 0.0000000e+00 0.0000000e+00 0.0000000e+00
     56    133 0.0000000e+00 1.1145200e-13 7.1329200e-14
     56    133 1.0000000e+00 0.0000000e+00 0.0000000e+00
     56    134 0.0000000e+00 4.0623800e-10 2.5999200e-10
     56    135 0.0000000e+00 8.1314700e-09 5.2041400e-09
     56    135 1.0000000e+00 2.2786700e-08 1.4583500e-08
     56    136 0.0000000e+00 3.5396700e-07 2.2653900e-07
     56    136 1.0000000e+00 9.6680700e-07 6.1875600e-07
     56    137 0.0000000e+00 7.6946300e-06 4.9245600e-06
     56    137 1.0000000e+00 2.1562500e-05 1.3800000e-05
     56    138 0.0000000e+00 3.5913000e-04 2.2984400e-04
     56    139 0.0000000e+00 2.4736600e-03 1.5831400e-03
     56    140 0.0000000e+00 9.1918800e-03 5.8828000e-03
     56    141 0.0000000e+00 2.3547300e-02 7.5351500e-03
     56    142 0.0000000e+00 3.5227000e-02 1.1272600e-02
     56    143 0.0000000e+00 3.3534400e-02 1.0731000e-02
     56    144 0.0000000e+00 2.2101900e-02 7.0726000e-03
     56    145 0.0000000e+00 7.6762100e-03 4.9127700e-03
     56    146 0.0000000e+00 2.0339700e-03 1.3017400e-03
     56    147 0.0000000e+00 3.4251200e-04 2.1920700e-04
     56    148 0.0000000e+00 3.4500200e-05 2.2080100e-05
     56    149 0.0000000e+00 1.7494500e-06 1.1196500e-06
     56    150 0.0000000e+00 5.1930400e-08 3.3235500e-08
     56    151 0.0000000e+00 2.0277800e-09 1.2977800e-09
     56    152 0.0000000e+00 9.1453600e-12 5.8530300e-12
     56    153 0.0000000e+00 4.7532600e-14 3.0420800e-14
     56    154 0.0000000e+00 0.0000000e+00 0.0000000e+00
     57    133 0.0000000e+00 0.0000000e+00 0.0000000e+00
     57    134 0.0000000e+00 0.0000000e+00 0.0000000e+00
     57    135 0.0000000e+00 6.0735600e-13 3.8870800e-13
     57    136 0.0000000e+00 0.0000000e+00 0.0000000e+00
     57    137 0.0000000e+00 8.8151700e-09 5.6417100e-09
     57    138 0.0000000e+00 4.0123500e-07 2.5679000e-07
     57    139 0.0000000e+00 9.9958600e-06 6.3973500e-06
     57    140 0.0000000e+00 1.2742500e-04 8.1551800e-05
     57    141 0.0000000e+00 1.0155000e-03 6.4991700e-04
     57    142 0.0000000e+00 4.5390000e-03 2.9049600e-03
     57    143 0.0000000e+00 1.1951300e-02 3.8244000e-03
     57    144 0.0000000e+00 2.1609200e-02 6.9149400e-03
     57    145 0.0000000e+00 2.0043200e-02 6.4138600e-03
     57    146 0.0000000e+00 4.8533500e-03 3.1061500e-03
     57    146 1.0000000e+00 1.0172500e-02 6.5104100e-03
     57    147 0.0000000e+00 7.3351500e-03 4.6944900e-03
     57    148 0.0000000e+00 2.3154000e-03 1.4818600e-03
     57    149 0.0000000e+00 3.7483000e-04 2.3989100e-04
     57    150 0.0000000e+00 3.7622000e-05 2.4078100e-05
     57    151 0.0000000e+00 2.2492900e-06 1.4395400e-06
     57    152 0.0000000e+00 8.1047500e-08 5.1870400e-08
     57    153 0.0000000e+00 1.2306700e-09 7.8763200e-10
     57    154 0.0000000e+00 1.6809900e-11 1.0758300e-11
     57    155 0.0000000e+00 7.5742900e-14 4.8475400e-14
     57    156 0.0000000e+00 1.2443500e-15 7.9638300e-16
     57    157 0.0000000e+00 0.0000000e+00 0.0000000e+00
     58    135 0.0000000e+00 0.0000000e+00 0.0000000e+00
     58    136 0.0000000e+00 0.0000000e+00 0.0000000e+00
     58    137 0.0000000e+00 7.6822600e-15 4.9166500e-15
     58    137 1.0000000e+00 0.0000000e+00 0.0000000e+00
     58    138 0.0000000e+00 1.9311300e-11 1.2359200e-11
     58    139 0.0000000e+00 4.7973000e-10 3.0702700e-10
     58    139 1.0000000e+00 1.3443400e-09 8.6037700e-10
     58    140 0.0000000e+00 8.3949200e-08 5.3727500e-08
     58    141 0.0000000e+00 2.3013500e-06 1.4728600e-06
     58    142 0.0000000e+00 3.4440200e-05 2.2041700e-05
     58    143 0.0000000e+00 2.8371600e-04 1.8157800e-04
     58    144 0.0000000e+00 1.5750300e-03 1.0080200e-03
     58    145 0.0000000e+00 4.1589700e-03 2.6617400e-03
     58    146 0.0000000e+00 8.6592400e-03 5.5419200e-03
     58    147 0.0000000e+00 1.1259100e-02 3.6029100e-03
     58    148 0.0000000e+00 9.8512200e-03 6.3047900e-03
     58    149 0.0000000e+00 4.4942900e-03 2.8763500e-03
     58    150 0.0000000e+00 1.3767800e-03 8.8113700e-04
     58    151 0.0000000e+00 2.6382500e-04 1.6884800e-04
     58    152 0.0000000e+00 3.1738600e-05 2.0312700e-05
     58    153 0.0000000e+00 1.7010000e-06 1.0886400e-06
     58    154 0.0000000e+00 7.9046300e-08 5.0589600e-08
     58    155 0.0000000e+00 1.9610700e-09 1.2550900e-09
     58    156 0.0000000e+00 3.2217700e-11 2.0619300e-11
     58    157 0.0000000e+00 3.2719200e-13 2.0940300e-13
     58    158 0.0000000e+00 0.0000000e+00 0.0000000e+00
     58    159 0.0000000e+00 3.9803600e-17 2.5474300e-17
     58    160 0.0000000e+00 0.0000000e+00 0.0000000e+00
     59    138 0.0000000e+00 0.0000000e+00 0.0000000e+00
     59    138 1.0000000e+00 0.0000000e+00 0.0000000e+00
     59    139 0.0000000e+00 1.3708000e-14 8.7731400e-15
     59    140 0.0000000e+00 2.3413700e-12 1.4984800e-12
     59    141 0.0000000e+00 2.3313700e-10 1.4920700e-10
     59    142 0.0000000e+00 3.2447000e-09 2.0766100e-09
     59    142 1.0000000e+00 8.8623900e-09 5.6719300e-09
     59    143 0.0000000e+00 3.5120600e-07 2.2477200e-07
     59    144 0.0000000e+00 5.7634600e-07 3.6886100e-07
     59    144 1.0000000e+00 5.8994500e-06 3.7756500e-06
     59    145 0.0000000e+00 5.3591400e-05 3.4298500e-05
     59    146 0.0000000e+00 3.5300700e-04 2.2592400e-04
     59    147 0.0000000e+00 1.3383800e-03 8.5656600e-04
     59    148 0.0000000e+00 5.6968900e-04 3.6460100e-04
     59    148 1.0000000e+00 2.7618200e-03 1.7675700e-03
     59    149 0.0000000e+00 4.0811700e-03 2.6119500e-03
     59    150 0.0000000e+00 3.4160400e-03 2.1862700e-03
     59    151 0.0000000e+00 1.8481100e-03 1.1827900e-03
     59    152 0.0000000e+00 6.6044700e-04 4.2268600e-04
     59    153 0.0000000e+00 1.1423700e-04 7.3111600e-05
     59    154 0.0000000e+00 1.6889900e-05 1.0809500e-05
     59    155 0.0000000e+00 1.4208300e-06 9.0933300e-07
     59    156 0.0000000e+00 7.8446000e-08 5.0205400e-08
     59    157 0.0000000e+00 2.7215900e-09 1.7418200e-09
     59    158 0.0000000e+00 7.9246400e-11 5.0717700e-11
     59    159 0.0000000e+00 1.0305600e-12 6.5956200e-13
     59    160 0.0000000e+00 0.0000000e+00 0.0000000e+00
     59    161 0.0000000e+00 9.3905700e-17 6.0099700e-17
     59    162 0.0000000e+00 0.0000000e+00 0.0000000e+00
     60    141 0.0000000e+00 0.0000000e+00 0.0000000e+00
     60    142 0.0000000e+00 1.7910500e-13 1.1462700e-13
     60    143 0.0000000e+00 1.8010600e-11 1.1526800e-11
     60    144 0.0000000e+00 1.1806900e-09 7.5564300e-10
     60    145 0.0000000e+00 3.3719800e-08 2.1580600e-08
     60    146 0.0000000e+00 7.5244100e-07 4.8156200e-07
     60    147 0.0000000e+00 9.2854400e-06 5.9426800e-06
     60    148 0.0000000e+00 7.4743800e-05 4.7836000e-05
     60    149 0.0000000e+00 2.7376000e-04 1.7520700e-04
     60    150 0.0000000e+00 6.7110300e-04 4.2950600e-04
     60    151 0.0000000e+00 1.0126400e-03 6.4809200e-04
     60    152 0.0000000e+00 9.8835900e-04 6.3255000e-04
     60    153 0.0000000e+00 4.8610500e-04 3.1110700e-04
     60    154 0.0000000e+00 2.0247900e-04 1.2958600e-04
     60    155 0.0000000e+00 5.1870400e-05 3.3197100e-05
     60    156 0.0000000e+00 8.9352400e-06 5.7185500e-06
     60    157 0.0000000e+00 1.0005900e-06 6.4037500e-07
     60    158 0.0000000e+00 9.4155200e-08 6.0259300e-08
     60    159 0.0000000e+00 4.1624400e-09 2.6639600e-09
     60    160 0.0000000e+00 1.2207200e-10 7.8125800e-11
     60    161 0.0000000e+00 2.4313300e-12 1.5560500e-12
     60    162 0.0000000e+00 3.1918700e-14 2.0428000e-14
     60    163 0.0000000e+00 0.0000000e+00 0.0000000e+00
     60    164 0.0000000e+00 0.0000000e+00 0.0000000e+00
     61    144 0.0000000e+00 0.0000000e+00 0.0000000e+00
     61    145 0.0000000e+00 8.8251700e-13 5.6481100e-13
     61    146 0.0000000e+00 7.0541300e-11 4.5146500e-11
     61    147 0.0000000e+00 3.0217700e-09 1.9339300e-09
     61    148 0.0000000e+00 2.2364300e-08 1.4313200e-08
     61    148 1.0000000e+00 6.1084600e-08 3.9094100e-08
     61    149 0.0000000e+00 1.0105900e-06 6.4677900e-07
     61    150 0.0000000e+00 8.1747900e-06 5.2318700e-06
     61    151 0.0000000e+00 3.9022900e-05 2.4974600e-05
     61    152 0.0000000e+00 1.5208100e-05 9.7332000e-06
     61    152 1.0000000e+00 7.3753800e-05 4.7202400e-05
     61    152 2.0000000e+00 2.5385000e-05 1.6246400e-05
     61    153 0.0000000e+00 1.6437600e-04 1.0520100e-04
     61    154 0.0000000e+00 1.6178300e-04 1.0354100e-04
     61    154 1.0000000e+00 2.1644400e-05 1.3852400e-05
     61    155 0.0000000e+00 1.2871500e-04 8.2377900e-05
     61    156 0.0000000e+00 6.0975700e-05 3.9024500e-05
     61    157 0.0000000e+00 1.9721600e-05 1.2621800e-05
     61    158 0.0000000e+00 5.4632000e-06 3.4964500e-06
     61    159 0.0000000e+00 7.6544900e-07 4.8988700e-07
     61    160 0.0000000e+00 7.1241800e-08 4.5594700e-08
     61    161 0.0000000e+00 4.6027000e-09 2.9457300e-09
     61    162 0.0000000e+00 1.9911700e-10 1.2743500e-10
     61    163 0.0000000e+00 5.4932200e-12 3.5156600e-12
     61    164 0.0000000e+00 7.3042800e-14 4.6747400e-14
     61    165 0.0000000e+00 0.0000000e+00 0.0000000e+00
     61    166 0.0000000e+00 5.7580000e-18 3.6851200e-18
     62    146 0.0000000e+00 0.0000000e+00 0.0000000e+00
     62    147 0.0000000e+00 4.0423700e-14 2.5871200e-14
     62    148 0.0000000e+00 4.0123500e-12 2.5679000e-12
     62    149 0.0000000e+00 1.7310100e-10 1.1078500e-10
     62    150 0.0000000e+00 4.7527900e-09 3.0417800e-09
     62    151 0.0000000e+00 7.8245900e-08 5.0077300e-08
     62    152 0.0000000e+00 7.7045100e-07 4.9308900e-07
     62    153 0.0000000e+00 3.6921600e-06 2.3629800e-06
     62    154 0.0000000e+00 1.2337200e-05 7.8958300e-06
     62    155 0.0000000e+00 2.5284800e-05 1.6182300e-05
     62    156 0.0000000e+00 3.2579100e-05 2.0850600e-05
     62    157 0.0000000e+00 2.8076500e-05 1.7968900e-05
     62    158 0.0000000e+00 2.0422000e-05 1.3070100e-05
     62    159 0.0000000e+00 8.0147000e-06 5.1294100e-06
     62    160 0.0000000e+00 2.1312500e-06 1.3640000e-06
     62    161 0.0000000e+00 4.1424300e-07 2.6511500e-07
     62    162 0.0000000e+00 5.5932800e-08 3.5797000e-08
     62    163 0.0000000e+00 4.9429000e-09 3.1634500e-09
     62    164 0.0000000e+00 2.1412500e-10 1.3704000e-10
     62    165 0.0000000e+00 7.3843300e-12 4.7259700e-12
     62    166 0.0000000e+00 1.4908100e-13 9.5412200e-14
     62    167 0.0000000e+00 1.0824600e-15 8.6596700e-16
     62    168 0.0000000e+00 0.0000000e+00 0.0000000e+00
     63    149 0.0000000e+00 0.0000000e+00 0.0000000e+00
     63    150 0.0000000e+00 0.0000000e+00 0.0000000e+00
     63    150 1.0000000e+00 0.0000000e+00 0.0000000e+00
     63    151 0.0000000e+00 6.8840300e-12 4.4057800e-12
     63    152 0.0000000e+00 1.1022500e-10 7.0543700e-11
     63    152 1.0000000e+00 1.0806300e-11 6.9160500e-12
     63    152 2.0000000e+00 1.1887000e-10 7.6076600e-11
     63    153 0.0000000e+00 4.2224700e-09 2.7023800e-09
     63    154 0.0000000e+00 2.1898300e-08 1.4014900e-08
     63    154 1.0000000e+00 2.3628300e-08 1.5122100e-08
     63    155 0.0000000e+00 3.0818100e-07 1.9723600e-07
     63    156 0.0000000e+00 1.2207200e-06 7.8125800e-07
     63    157 0.0000000e+00 3.0818100e-06 1.9723600e-06
     63    158 0.0000000e+00 6.0735600e-06 3.8870800e-06
     63    159 0.0000000e+00 6.4037500e-06 4.0984000e-06
     63    160 0.0000000e+00 4.4326000e-06 2.8368600e-06
     63    161 0.0000000e+00 2.2913400e-06 1.4664600e-06
     63    162 0.0000000e+00 8.5750300e-07 5.4880200e-07
     63    163 0.0000000e+00 2.2113000e-07 1.4152300e-07
     63    164 0.0000000e+00 2.9217100e-08 1.8699000e-08
     63    165 0.0000000e+00 3.1718600e-09 2.0299900e-09
     63    166 0.0000000e+00 2.0612100e-10 1.3191700e-10
     63    167 0.0000000e+00 6.9140500e-12 4.4249900e-12
     63    168 0.0000000e+00 1.7310100e-13 1.1078500e-13
     63    169 0.0000000e+00 2.5967100e-15 2.0773700e-15
     63    170 0.0000000e+00 0.0000000e+00 0.0000000e+00
     64    151 0.0000000e+00 0.0000000e+00 0.0000000e+00
     64    152 0.0000000e+00 0.0000000e+00 0.0000000e+00
     64    153 0.0000000e+00 2.0311900e-13 1.2999600e-13
     64    154 0.0000000e+00 7.5344200e-12 4.8220300e-12
     64    155 0.0000000e+00 1.7910500e-10 1.1462700e-10
     64    156 0.0000000e+00 2.3713900e-09 1.5176900e-09
     64    157 0.0000000e+00 1.9511400e-08 1.2487300e-08
     64    158 0.0000000e+00 1.1806900e-07 7.5564300e-08
     64    159 0.0000000e+00 3.7522000e-07 2.4014100e-07
     64    160 0.0000000e+00 7.2542500e-07 4.6427200e-07
     64    161 0.0000000e+00 9.9858500e-07 6.3909500e-07
     64    162 0.0000000e+00 9.7357100e-07 6.2308500e-07
     64    163 0.0000000e+00 6.5538400e-07 4.1944600e-07
     64    164 0.0000000e+00 2.3413700e-07 1.4984800e-07
     64    165 0.0000000e+00 7.1742000e-08 4.5914900e-08
     64    166 0.0000000e+00 1.3808100e-08 8.8371800e-09
     64    167 0.0000000e+00 1.4808700e-09 9.4775500e-10
     64    168 0.0000000e+00 1.1706900e-10 7.4923900e-11
     64    169 0.0000000e+00 5.6633200e-12 3.6245200e-12
     64    170 0.0000000e+00 2.1912800e-13 1.4024200e-13
     64    171 0.0000000e+00 5.4892300e-15 4.3913800e-15
     64    172 0.0000000e+00 1.2405000e-16 9.9240300e-17
     65    154 0.0000000e+00 0.0000000e+00 0.0000000e+00
     65    154 1.0000000e+00 0.0000000e+00 0.0000000e+00
     65    154 2.0000000e+00 0.0000000e+00 0.0000000e+00
     65    155 0.0000000e+00 0.0000000e+00 0.0000000e+00
     65    156 0.0000000e+00 8.2950600e-14 5.3088400e-14
     65    156 1.0000000e+00 8.0927400e-15 5.1793600e-15
     65    156 2.0000000e+00 0.0000000e+00 0.0000000e+00
     65    157 0.0000000e+00 5.7033400e-12 3.6501400e-12
     65    158 0.0000000e+00 1.0318600e-10 6.6038800e-11
     65    158 1.0000000e+00 1.0080700e-11 6.4516500e-12
     65    159 0.0000000e+00 1.1907000e-09 7.6204700e-10
     65    160 0.0000000e+00 7.1842100e-09 4.5978900e-09
     65    161 0.0000000e+00 2.9817500e-08 1.9083200e-08
     65    162 0.0000000e+00 8.3849100e-08 3.7945800e-08
     65    163 0.0000000e+00 1.5409000e-07 9.8617800e-08
     65    164 0.0000000e+00 1.4508500e-07 9.2854400e-08
     65    165 0.0000000e+00 1.1606800e-07 7.4283500e-08
     65    166 0.0000000e+00 5.8934500e-08 3.7718100e-08
     65    167 0.0000000e+00 1.7710400e-08 1.1334600e-08
     65    168 0.0000000e+00 4.0623800e-09 2.5999200e-09
     65    169 0.0000000e+00 5.9134700e-10 3.7846200e-10
     65    170 0.0000000e+00 7.1541900e-11 4.5786800e-11
     65    171 0.0000000e+00 5.6733200e-12 3.6309300e-12
     65    172 0.0000000e+00 3.8722700e-13 2.4782500e-13
     66    157 0.0000000e+00 0.0000000e+00 0.0000000e+00
     66    158 0.0000000e+00 0.0000000e+00 0.0000000e+00
     66    159 0.0000000e+00 1.6809900e-13 1.0758300e-13
     66    160 0.0000000e+00 3.3619700e-12 2.1516600e-12
     66    161 0.0000000e+00 4.5326600e-11 2.9009000e-11
     66    162 0.0000000e+00 4.0523700e-10 2.5935200e-10
     66    163 0.0000000e+00 2.3113500e-09 1.4792700e-09
     66    164 0.0000000e+00 6.4437800e-09 4.1240200e-09
     66    165 0.0000000e+00 1.2831800e-08 8.2123500e-09
     66    165 1.0000000e+00 1.7167300e-09 1.0987000e-09
     66    166 0.0000000e+00 1.9911700e-08 1.2743500e-08
     66    167 0.0000000e+00 1.6009400e-08 1.0246000e-08
     66    168 0.0000000e+00 9.5856200e-09 6.1348000e-09
     66    169 0.0000000e+00 3.7221800e-09 2.3822000e-09
     66    170 0.0000000e+00 1.2607400e-09 8.0687300e-10
     66    171 0.0000000e+00 2.9317200e-10 1.8763000e-10
     66    172 0.0000000e+00 6.1335900e-11 3.9255000e-11
     67    160 0.0000000e+00 0.0000000e+00 0.0000000e+00
     67    160 1.0000000e+00 0.0000000e+00 0.0000000e+00
     67    161 0.0000000e+00 0.0000000e+00 0.0000000e+00
     67    161 1.0000000e+00 0.0000000e+00 0.0000000e+00
     67    162 0.0000000e+00 2.3919600e-14 1.5308600e-14
     67    162 1.0000000e+00 6.5332700e-14 4.1812900e-14
     67    163 0.0000000e+00 1.4738000e-12 9.4323400e-13
     67    163 1.0000000e+00 1.9717600e-13 1.2619200e-13
     67    164 0.0000000e+00 4.0411300e-12 2.5863200e-12
     67    164 1.0000000e+00 1.1037700e-11 7.0641300e-12
     67    165 0.0000000e+00 1.0706300e-10 6.8520200e-11
     67    166 0.0000000e+00 1.1986600e-10 7.6714400e-11
     67    166 1.0000000e+00 3.2739600e-10 2.0953300e-10
     67    167 0.0000000e+00 1.0806300e-09 6.9160500e-10
     67    168 0.0000000e+00 1.7910500e-09 1.1462700e-09
     67    169 0.0000000e+00 1.8410800e-09 1.1782900e-09
     67    170 0.0000000e+00 1.1880000e-09 7.6032000e-10
     67    170 1.0000000e+00 4.3495100e-10 2.7836900e-10
     67    171 0.0000000e+00 9.8857900e-10 6.3269100e-10
     67    172 0.0000000e+00 5.6032800e-10 3.5861000e-10
     68    163 0.0000000e+00 0.0000000e+00 0.0000000e+00
     68    164 0.0000000e+00 0.0000000e+00 0.0000000e+00
     68    165 0.0000000e+00 3.6521400e-14 2.3373700e-14
     68    166 0.0000000e+00 4.9929300e-13 3.1954700e-13
     68    167 0.0000000e+00 3.5097700e-12 2.2462500e-12
     68    167 1.0000000e+00 4.6956100e-13 3.0051900e-13
     68    168 0.0000000e+00 2.0512000e-11 1.3127700e-11
     68    169 0.0000000e+00 6.3437200e-11 4.0599800e-11
     68    170 0.0000000e+00 1.6009400e-10 1.0246000e-10
     68    171 0.0000000e+00 2.6515500e-10 1.6969900e-10
     68    172 0.0000000e+00 3.9523200e-10 2.5294800e-10
     69    166 0.0000000e+00 0.0000000e+00 0.0000000e+00
     69    167 0.0000000e+00 1.0824600e-15 8.6596700e-16
     69    168 0.0000000e+00 1.1206600e-14 7.1722000e-15
     69    169 0.0000000e+00 1.1306600e-13 7.2362400e-14
     69    170 0.0000000e+00 8.9852700e-13 5.7505700e-13
     69    171 0.0000000e+00 4.5826900e-12 2.9329200e-12
     69    172 0.0000000e+00 2.0111800e-11 1.2871500e-11
     70    168 0.0000000e+00 0.0000000e+00 0.0000000e+00
     70    169 0.0000000e+00 0.0000000e+00 0.0000000e+00
     70    170 0.0000000e+00 2.7821900e-16 2.2257500e-16
     70    171 0.0000000e+00 3.9075900e-15 3.1260700e-15
     70    172 0.0000000e+00 5.4832100e-14 3.5092600e-14
     71    172 0.0000000e+00 0.0000000e+00 0.0000000e+00
     71    172 1.0000000e+00 0.0000000e+00 0.0000000e+00


