#  n-Pu240-MT454-E2.53E-08.jendl4.0  independent fission yields
#   0    94   240  94xx  2.5300E-08        1241
    0     1     1     0       2.545150E-05       4.072240E-06
    1     1     2     0       7.778190E-06       1.112280E-06
    2     1     3     0       1.109700E-04       8.877630E-06
    1     2     3     0       0.000000E+00       0.000000E+00
    2     2     4     0       1.822970E-03       1.166700E-04
    4     2     6     0       2.545700E-05       3.767640E-06
    6     2     8     0       4.758980E-07       1.180230E-07
    3     3     6     0       0.000000E+00       0.000000E+00
    4     3     7     0       7.010570E-07       1.325000E-07
    6     3     9     0       4.989430E-07       1.162540E-07
    5     4     9     0       0.000000E+00       0.000000E+00
    6     4    10     0       5.800000E-06       9.686000E-07
   43    23    66     0       5.295920E-19       3.389380E-19
   42    24    66     0       2.508700E-14       1.605570E-14
   43    24    67     0       1.979800E-15       1.583840E-15
   44    24    68     0       0.000000E+00       0.000000E+00
   45    24    69     0       6.252670E-18       4.001710E-18
   46    24    70     0       0.000000E+00       0.000000E+00
   41    25    66     0       1.039480E-11       6.652690E-12
   42    25    67     0       2.678670E-12       1.714350E-12
   43    25    68     0       5.587220E-13       3.575820E-13
   44    25    69     0       9.764520E-14       6.249290E-14
   45    25    70     0       1.190310E-14       9.522470E-15
   46    25    71     0       0.000000E+00       0.000000E+00
   47    25    72     0       2.061390E-17       1.319290E-17
   48    25    73     0       1.728140E-18       1.106010E-18
   40    26    66     0       5.337350E-10       3.415900E-10
   41    26    67     0       3.458280E-10       2.213300E-10
   42    26    68     0       2.638690E-10       1.688760E-10
   43    26    69     0       1.239380E-10       7.932050E-11
   44    26    70     0       4.717650E-11       3.019300E-11
   45    26    71     0       5.627200E-12       3.601410E-12
   46    26    72     0       9.764930E-13       6.249560E-13
   47    26    73     0       5.996850E-14       3.837980E-14
   48    26    74     0       0.000000E+00       0.000000E+00
   49    26    75     0       1.747160E-16       1.118180E-16
   50    26    76     0       0.000000E+00       0.000000E+00
   39    27    66     0       8.145950E-10       5.213410E-10
   40    27    67     0       1.649180E-09       1.055470E-09
   41    27    68     0       2.948530E-09       1.887060E-09
   42    27    69     0       4.737640E-09       3.032090E-09
   43    27    70     0       4.627700E-09       2.961730E-09
   44    27    71     0       2.028990E-09       1.298550E-09
   45    27    72     0       9.275390E-10       5.936250E-10
   46    27    73     0       2.178920E-10       1.394510E-10
   47    27    74     0       2.178920E-11       1.394510E-11
   48    27    75     0       2.728470E-12       1.746220E-12
   49    27    76     0       1.219390E-13       7.804120E-14
   50    27    77     0       6.048500E-15       3.871040E-15
   51    27    78     0       4.198750E-16       2.687200E-16
   38    28    66     0       2.358830E-10       1.509650E-10
   39    28    67     0       1.069470E-09       6.844590E-10
   40    28    68     0       5.787120E-09       3.703760E-09
   41    28    69     0       2.048980E-08       1.311350E-08
   42    28    70     0       6.356840E-08       4.068380E-08
   43    28    71     0       6.656690E-08       4.260280E-08
   44    28    72     0       1.029490E-07       6.588720E-08
   45    28    73     0       6.266880E-08       4.010800E-08
   46    28    74     0       2.318850E-08       1.484060E-08
   47    28    75     0       7.956040E-09       5.091870E-09
   48    28    76     0       1.369320E-09       8.763640E-10
   49    28    77     0       2.098900E-10       1.343290E-10
   50    28    78     0       1.988970E-11       1.272940E-11
   51    28    79     0       1.855960E-13       1.187820E-13
   52    28    80     0       1.049480E-14       6.716660E-15
   53    28    81     0       0.000000E+00       0.000000E+00
   54    28    82     0       0.000000E+00       0.000000E+00
   37    29    66     0       1.839090E-12       1.177010E-12
   38    29    67     0       2.908550E-11       1.861470E-11
   39    29    68     0       1.135640E-10       7.268060E-11
   39    29    68     1       2.662480E-10       1.703980E-10
   40    29    69     0       4.277870E-09       2.737840E-09
   41    29    70     0       7.297050E-09       4.670110E-09
   41    29    70     1       2.200840E-08       1.408540E-08
   42    29    71     0       9.325360E-08       5.968230E-08
   43    29    72     0       3.118450E-07       1.995810E-07
   44    29    73     0       6.126950E-07       3.921250E-07
   45    29    74     0       5.517260E-07       3.531040E-07
   46    29    75     0       6.656690E-07       4.260280E-07
   47    29    76     0       3.018500E-07       1.931840E-07
   48    29    77     0       1.729140E-07       1.106650E-07
   49    29    78     0       4.497760E-08       2.878570E-08
   50    29    79     0       2.898370E-09       1.854960E-09
   51    29    80     0       2.588710E-10       1.656780E-10
   52    29    81     0       2.268870E-11       1.452080E-11
   53    29    82     0       3.988020E-13       2.552330E-13
   54    29    83     0       1.693580E-14       1.083890E-14
   55    29    84     0       0.000000E+00       0.000000E+00
   36    30    66     0       1.894960E-15       1.515970E-15
   37    30    67     0       7.136450E-14       4.567330E-14
   38    30    68     0       3.428290E-12       2.194110E-12
   39    30    69     0       1.873430E-11       1.198990E-11
   39    30    69     1       8.091610E-11       5.178630E-11
   40    30    70     0       2.348830E-09       1.503250E-09
   41    30    71     0       3.316550E-09       2.122590E-09
   41    30    71     1       1.432470E-08       9.167790E-09
   42    30    72     0       1.799110E-07       1.151430E-07
   43    30    73     0       7.766140E-07       4.970330E-07
   44    30    74     0       2.128940E-06       1.362520E-06
   45    30    75     0       5.797120E-06       3.710150E-06
   46    30    76     0       8.605720E-06       5.507660E-06
   47    30    77     0       1.213400E-05       7.765740E-06
   48    30    78     0       1.130440E-05       7.234800E-06
   49    30    79     0       1.929040E-06       1.234590E-06
   50    30    80     0       6.516760E-07       4.170730E-07
   51    30    81     0       1.579210E-07       1.010700E-07
   52    30    82     0       1.079460E-08       6.908560E-09
   53    30    83     0       5.876910E-10       3.761220E-10
   54    30    84     0       1.879070E-11       1.202600E-11
   55    30    85     0       3.411120E-13       2.183120E-13
   56    30    86     0       0.000000E+00       0.000000E+00
   36    31    67     0       0.000000E+00       0.000000E+00
   37    31    68     0       8.391140E-16       6.712910E-16
   38    31    69     0       6.956540E-14       4.452190E-14
   39    31    70     0       4.417800E-12       2.827390E-12
   40    31    71     0       1.209400E-10       7.740150E-11
   41    31    72     0       3.058480E-09       1.384110E-09
   42    31    73     0       4.457780E-08       2.852980E-08
   43    31    74     0       2.551890E-07       1.633210E-07
   43    31    74     1       2.866970E-08       1.834860E-08
   44    31    75     0       2.388810E-06       1.528840E-06
   45    31    76     0       7.766140E-06       4.970330E-06
   46    31    77     0       3.363330E-05       2.152530E-05
   47    31    78     0       7.166430E-05       4.586520E-05
   48    31    79     0       4.081970E-05       2.612460E-05
   49    31    80     0       3.456280E-05       2.212020E-05
   50    31    81     0       3.031490E-05       1.940150E-05
   51    31    82     0       5.537250E-06       3.543840E-06
   52    31    83     0       1.219390E-06       7.804120E-07
   53    31    84     0       1.119440E-07       7.164440E-08
   54    31    85     0       5.327010E-09       3.409280E-09
   55    31    86     0       1.529240E-10       9.787130E-11
   56    31    87     0       1.774230E-12       1.135510E-12
   57    31    88     0       5.844490E-14       3.740480E-14
   58    31    89     0       0.000000E+00       0.000000E+00
   37    32    69     0       0.000000E+00       0.000000E+00
   38    32    70     0       0.000000E+00       0.000000E+00
   39    32    71     0       6.816610E-14       3.084850E-14
   40    32    72     0       6.326850E-12       4.049190E-12
   41    32    73     0       2.003830E-10       1.282450E-10
   41    32    73     1       4.639410E-11       2.969220E-11
   42    32    74     0       5.677180E-09       3.633390E-09
   43    32    75     0       1.589890E-08       1.017530E-08
   43    32    75     1       1.036420E-07       6.633060E-08
   44    32    76     0       1.289360E-06       8.251890E-07
   45    32    77     0       1.107480E-05       7.087840E-06
   45    32    77     1       1.698890E-06       1.087290E-06
   46    32    78     0       8.348850E-05       5.343260E-05
   47    32    79     0       1.382910E-05       8.850630E-06
   47    32    79     1       9.014920E-05       5.769550E-05
   48    32    80     0       2.732140E-04       1.748570E-04
   49    32    81     0       3.675140E-04       2.352090E-04
   49    32    81     1       1.235620E-04       9.884940E-05
   50    32    82     0       3.453480E-04       2.210230E-04
   51    32    83     0       2.058980E-04       1.317740E-04
   52    32    84     0       7.114460E-05       4.553250E-05
   53    32    85     0       1.006500E-05       6.441600E-06
   54    32    86     0       1.179410E-06       7.548240E-07
   55    32    87     0       6.156760E-08       3.940330E-08
   56    32    88     0       2.768560E-09       1.771880E-09
   57    32    89     0       2.137560E-11       1.368030E-11
   58    32    90     0       1.395240E-12       8.929540E-13
   59    32    91     0       0.000000E+00       0.000000E+00
   39    33    72     0       0.000000E+00       0.000000E+00
   40    33    73     0       3.778120E-14       2.418000E-14
   41    33    74     0       2.397810E-12       1.168950E-12
   42    33    75     0       1.909050E-10       1.221790E-10
   43    33    76     0       5.457290E-09       3.492660E-09
   44    33    77     0       1.919050E-07       1.228190E-07
   45    33    78     0       3.098460E-06       1.983010E-06
   46    33    79     0       1.259370E-05       8.059990E-06
   47    33    80     0       7.440300E-05       4.761790E-05
   48    33    81     0       4.624500E-04       2.959680E-04
   49    33    82     0       1.566780E-04       1.002740E-04
   49    33    82     1       4.725490E-04       3.024320E-04
   50    33    83     0       1.243100E-03       7.955850E-04
   51    33    84     0       8.824990E-04       5.647990E-04
   51    33    84     1       1.656000E-04       1.059840E-04
   52    33    85     0       5.602510E-04       3.585610E-04
   53    33    86     0       1.805000E-04       1.155210E-04
   54    33    87     0       3.850080E-05       2.464050E-05
   55    33    88     0       5.037490E-06       3.224000E-06
   56    33    89     0       3.338130E-07       2.136400E-07
   57    33    90     0       1.596140E-08       1.021520E-08
   58    33    91     0       8.554310E-11       5.474760E-11
   59    33    92     0       3.629070E-12       2.322600E-12
   60    33    93     0       4.997750E-13       3.198560E-13
   61    33    94     0       0.000000E+00       0.000000E+00
   62    33    95     0       0.000000E+00       0.000000E+00
   40    34    74     0       0.000000E+00       0.000000E+00
   41    34    75     0       2.318850E-14       1.484060E-14
   42    34    76     0       2.568720E-12       1.643980E-12
   43    34    77     0       3.300750E-11       2.112480E-11
   43    34    77     1       2.151690E-10       1.377080E-10
   44    34    78     0       1.499250E-08       9.595230E-09
   45    34    79     0       1.384780E-07       8.862570E-08
   45    34    79     1       2.124280E-08       1.359540E-08
   46    34    80     0       3.318350E-06       2.123740E-06
   47    34    81     0       6.640050E-06       4.249630E-06
   47    34    81     1       4.328510E-05       2.770250E-05
   48    34    82     0       2.181210E-04       1.395980E-04
   49    34    83     0       8.175450E-04       5.232290E-04
   49    34    83     1       1.892840E-04       1.211420E-04
   50    34    84     0       2.586250E-03       1.655210E-03
   51    34    85     0       3.378740E-03       1.529050E-03
   52    34    86     0       3.701660E-03       2.369060E-03
   53    34    87     0       2.094710E-03       1.340610E-03
   54    34    88     0       1.030000E-03       6.591980E-04
   55    34    89     0       1.973820E-04       1.263240E-04
   56    34    90     0       3.354730E-05       2.147030E-05
   57    34    91     0       2.968430E-06       1.899800E-06
   58    34    92     0       1.719100E-07       1.100230E-07
   59    34    93     0       1.734280E-08       1.109940E-08
   60    34    94     0       8.655690E-11       5.539640E-11
   61    34    95     0       2.803290E-12       1.794110E-12
   62    34    96     0       0.000000E+00       0.000000E+00
   42    35    77     0       0.000000E+00       0.000000E+00
   42    35    77     1       0.000000E+00       0.000000E+00
   43    35    78     0       1.419290E-12       9.083480E-13
   44    35    79     0       1.363540E-11       8.726670E-12
   44    35    79     1       4.463560E-11       2.856680E-11
   45    35    80     0       8.230340E-10       5.267410E-10
   45    35    80     1       2.482320E-09       1.588690E-09
   46    35    81     0       1.849080E-07       1.183410E-07
   47    35    82     0       1.462260E-06       9.358460E-07
   47    35    82     1       6.237030E-07       3.991700E-07
   48    35    83     0       3.531240E-05       2.260000E-05
   49    35    84     0       8.063480E-05       5.160620E-05
   49    35    84     1       1.452330E-04       9.294910E-05
   50    35    85     0       9.830310E-04       6.291400E-04
   51    35    86     0       2.477870E-03       1.121350E-03
   52    35    87     0       4.614000E-03       2.952960E-03
   53    35    88     0       5.415210E-03       3.465740E-03
   54    35    89     0       3.728190E-03       2.386040E-03
   55    35    90     0       1.727650E-03       1.105700E-03
   56    35    91     0       5.866580E-04       3.754610E-04
   57    35    92     0       9.977040E-05       6.385300E-05
   58    35    93     0       1.201660E-05       7.690670E-06
   59    35    94     0       6.426800E-07       4.113150E-07
   60    35    95     0       4.377770E-08       2.801780E-08
   61    35    96     0       5.947040E-10       3.806110E-10
   62    35    97     0       8.064670E-12       5.161390E-12
   63    35    98     0       2.173230E-13       1.390870E-13
   64    35    99     0       0.000000E+00       0.000000E+00
   65    35   100     0       0.000000E+00       0.000000E+00
   43    36    79     0       0.000000E+00       0.000000E+00
   43    36    79     1       0.000000E+00       0.000000E+00
   44    36    80     0       3.468270E-13       2.219700E-13
   45    36    81     0       4.681210E-11       2.995970E-11
   45    36    81     1       7.181090E-12       4.595900E-12
   46    36    82     0       2.338840E-09       1.496860E-09
   47    36    83     0       9.227850E-08       5.905820E-08
   47    36    83     1       2.136500E-08       1.367360E-08
   48    36    84     0       2.748630E-06       1.759120E-06
   49    36    85     0       2.696120E-05       1.725520E-05
   49    36    85     1       6.242250E-06       3.995040E-06
   50    36    86     0       2.993210E-04       1.915660E-04
   51    36    87     0       1.386800E-03       8.875530E-04
   52    36    88     0       5.244580E-03       3.356530E-03
   53    36    89     0       8.488240E-03       5.432470E-03
   54    36    90     0       1.327680E-02       4.248570E-03
   55    36    91     0       1.106910E-02       3.542120E-03
   56    36    92     0       6.970700E-03       4.461250E-03
   57    36    93     0       2.348780E-03       1.503220E-03
   58    36    94     0       5.059080E-04       3.237810E-04
   59    36    95     0       6.740270E-05       4.313770E-05
   60    36    96     0       5.537250E-06       3.543840E-06
   61    36    97     0       2.798530E-07       1.791060E-07
   62    36    98     0       1.029470E-08       6.588580E-09
   63    36    99     0       3.653200E-11       2.338060E-11
   64    36   100     0       2.618700E-12       1.675970E-12
   65    36   101     0       0.000000E+00       0.000000E+00
   66    36   102     0       0.000000E+00       0.000000E+00
   44    37    81     0       0.000000E+00       0.000000E+00
   44    37    81     1       0.000000E+00       0.000000E+00
   45    37    82     0       0.000000E+00       0.000000E+00
   45    37    82     1       0.000000E+00       0.000000E+00
   46    37    83     0       9.905070E-12       6.339250E-12
   47    37    84     0       8.738650E-11       5.592740E-11
   47    37    84     1       6.462700E-10       5.170160E-10
   48    37    85     0       3.448280E-08       2.206900E-08
   49    37    86     0       3.154310E-07       2.018760E-07
   49    37    86     1       5.681290E-07       3.636030E-07
   50    37    87     0       1.618200E-05       1.035640E-05
   51    37    88     0       1.621290E-04       1.037620E-04
   52    37    89     0       9.371040E-04       5.997470E-04
   53    37    90     0       6.784360E-04       4.341990E-04
   53    37    90     1       2.855090E-03       1.827250E-03
   54    37    91     0       9.424760E-03       6.031850E-03
   55    37    92     0       1.404990E-02       4.495980E-03
   56    37    93     0       1.619670E-02       5.182960E-03
   57    37    94     0       9.061010E-03       5.799050E-03
   58    37    95     0       4.467710E-03       2.859340E-03
   59    37    96     0       1.015470E-03       6.499040E-04
   60    37    97     0       1.980310E-04       1.267400E-04
   61    37    98     0       2.050980E-05       1.312630E-05
   62    37    99     0       5.705050E-07       3.651230E-07
   63    37   100     0       5.847090E-08       3.742140E-08
   64    37   101     0       3.009850E-10       1.926300E-10
   65    37   102     0       1.371450E-11       8.777290E-12
   66    37   103     0       1.567820E-12       1.003400E-12
   67    37   104     0       0.000000E+00       0.000000E+00
   68    37   105     0       0.000000E+00       0.000000E+00
   45    38    83     0       0.000000E+00       0.000000E+00
   46    38    84     0       1.739130E-14       1.113050E-14
   47    38    85     0       2.199430E-12       1.407630E-12
   47    38    85     1       5.092270E-13       3.259050E-13
   48    38    86     0       2.858580E-10       1.829490E-10
   49    38    87     0       1.283130E-08       8.212060E-09
   49    38    87     1       2.970800E-09       1.901310E-09
   50    38    88     0       6.346840E-07       4.061980E-07
   51    38    89     0       1.056470E-05       6.761440E-06
   52    38    90     0       1.532440E-04       9.807600E-05
   53    38    91     0       1.045650E-03       6.692160E-04
   54    38    92     0       5.392740E-03       3.451350E-03
   55    38    93     0       1.474320E-02       4.717800E-03
   56    38    94     0       2.712680E-02       8.680560E-03
   57    38    95     0       3.150520E-02       1.008170E-02
   58    38    96     0       2.453250E-02       7.850390E-03
   59    38    97     0       1.207320E-02       3.863410E-03
   60    38    98     0       4.584160E-03       2.933860E-03
   61    38    99     0       8.783820E-04       5.621640E-04
   62    38   100     0       1.344230E-04       8.603080E-05
   63    38   101     0       1.044450E-05       6.684490E-06
   64    38   102     0       6.496630E-07       4.157840E-07
   65    38   103     0       5.440490E-08       3.481920E-08
   66    38   104     0       4.907560E-10       3.140840E-10
   67    38   105     0       7.473080E-12       4.782770E-12
   68    38   106     0       7.030210E-13       4.499340E-13
   69    38   107     0       0.000000E+00       0.000000E+00
   47    39    86     0       0.000000E+00       0.000000E+00
   47    39    86     1       0.000000E+00       0.000000E+00
   48    39    87     0       1.430720E-14       9.156610E-15
   48    39    87     1       0.000000E+00       0.000000E+00
   49    39    88     0       4.837590E-11       3.096060E-11
   50    39    89     0       6.403850E-10       4.098470E-10
   50    39    89     1       2.765920E-09       1.770190E-09
   51    39    90     0       6.109360E-08       3.909990E-08
   51    39    90     1       8.683280E-08       5.557300E-08
   52    39    91     0       7.478680E-07       4.786360E-07
   52    39    91     1       3.230150E-06       2.067300E-06
   53    39    92     0       5.805110E-05       3.715270E-05
   54    39    93     0       5.186590E-04       3.319410E-04
   54    39    93     1       7.956360E-05       5.092060E-05
   55    39    94     0       2.795120E-03       1.788880E-03
   56    39    95     0       1.065320E-02       3.409010E-03
   57    39    96     0       1.927080E-03       1.233330E-03
   57    39    96     1       1.715290E-02       5.488910E-03
   58    39    97     0       5.537080E-03       3.543730E-03
   58    39    97     1       2.391550E-02       1.530590E-02
   59    39    98     0       3.969660E-03       1.270290E-03
   59    39    98     1       2.214650E-02       7.086900E-03
   60    39    99     0       1.660610E-02       5.313960E-03
   61    39   100     0       1.508590E-04       9.655000E-05
   61    39   100     1       7.389580E-03       5.911660E-03
   62    39   101     0       1.833280E-03       1.173300E-03
   63    39   102     0       3.141140E-04       2.010330E-04
   64    39   103     0       3.769680E-05       2.412600E-05
   65    39   104     0       2.498760E-06       1.599200E-06
   66    39   105     0       1.167040E-07       7.469050E-08
   67    39   106     0       8.042470E-09       5.147180E-09
   68    39   107     0       1.353880E-11       8.664810E-12
   69    39   108     0       3.755670E-13       2.403620E-13
   70    39   109     0       0.000000E+00       0.000000E+00
   48    40    88     0       0.000000E+00       0.000000E+00
   49    40    89     0       5.305080E-14       3.395250E-14
   49    40    89     1       0.000000E+00       0.000000E+00
   50    40    90     0       2.878570E-12       1.842280E-12
   50    40    90     1       1.211400E-11       7.752940E-12
   51    40    91     0       1.199400E-09       7.676180E-10
   52    40    92     0       7.356340E-08       4.708060E-08
   53    40    93     0       2.238890E-06       1.432890E-06
   54    40    94     0       4.178920E-05       2.674510E-05
   55    40    95     0       4.263480E-04       2.728620E-04
   56    40    96     0       2.705510E-03       1.731530E-03
   57    40    97     0       9.844120E-03       6.300240E-03
   58    40    98     0       2.750080E-02       8.800240E-03
   59    40    99     0       3.825290E-02       1.224090E-02
   60    40   100     0       4.776000E-02       1.528320E-02
   61    40   101     0       3.107060E-02       9.942600E-03
   62    40   102     0       1.850660E-02       5.922120E-03
   63    40   103     0       5.651640E-03       3.617050E-03
   64    40   104     0       1.367830E-03       8.754110E-04
   65    40   105     0       1.796840E-04       1.149980E-04
   66    40   106     0       1.690360E-05       1.081830E-05
   67    40   107     0       4.698090E-07       3.006780E-07
   68    40   108     0       1.779080E-08       1.138610E-08
   69    40   109     0       0.000000E+00       0.000000E+00
   70    40   110     0       0.000000E+00       0.000000E+00
   71    40   111     0       0.000000E+00       0.000000E+00
   72    40   112     0       0.000000E+00       0.000000E+00
   49    41    90     0       0.000000E+00       0.000000E+00
   50    41    91     0       0.000000E+00       0.000000E+00
   50    41    91     1       0.000000E+00       0.000000E+00
   51    41    92     0       6.026960E-13       3.857250E-13
   51    41    92     1       0.000000E+00       0.000000E+00
   52    41    93     0       1.853690E-10       1.186360E-10
   52    41    93     1       4.291780E-11       2.746740E-11
   53    41    94     0       7.597870E-09       4.862640E-09
   53    41    94     1       5.345690E-09       3.421240E-09
   54    41    95     0       4.317690E-07       2.763320E-07
   54    41    95     1       9.996630E-08       6.397840E-08
   55    41    96     0       9.555250E-06       6.115360E-06
   56    41    97     0       1.042740E-04       6.673530E-05
   56    41    97     1       2.414220E-05       1.545100E-05
   57    41    98     0       6.998410E-04       4.478980E-04
   57    41    98     1       2.149840E-04       1.375900E-04
   58    41    99     0       3.388240E-03       2.168480E-03
   58    41    99     1       7.844700E-04       5.020620E-04
   59    41   100     0       2.315110E-03       1.481670E-03
   59    41   100     1       9.742750E-03       6.235370E-03
   60    41   101     0       2.392460E-02       7.655880E-03
   61    41   102     0       7.981660E-03       5.108280E-03
   61    41   102     1       2.407320E-02       1.540690E-02
   62    41   103     0       3.072880E-02       9.833240E-03
   63    41   104     0       4.371630E-03       2.797840E-03
   63    41   104     1       1.318510E-02       8.438470E-03
   64    41   105     0       7.941710E-03       5.082690E-03
   65    41   106     0       1.982760E-03       1.268970E-03
   66    41   107     0       3.255280E-04       2.083380E-04
   67    41   108     0       2.453780E-05       1.570420E-05
   68    41   109     0       8.435800E-12       5.398910E-12
   69    41   110     0       7.596220E-14       4.861580E-14
   70    41   111     0       4.954860E-16       3.171110E-16
   71    41   112     0       9.687280E-18       6.199860E-18
   72    41   113     0       1.430620E-17       9.155940E-18
   73    41   114     0       8.988290E-13       5.752500E-13
   74    41   115     0       4.105200E-14       2.627320E-14
   50    42    92     0       0.000000E+00       0.000000E+00
   51    42    93     0       0.000000E+00       0.000000E+00
   51    42    93     1       0.000000E+00       0.000000E+00
   52    42    94     0       4.087970E-13       2.616300E-13
   53    42    95     0       5.037490E-11       3.224000E-11
   54    42    96     0       3.728150E-09       2.386010E-09
   55    42    97     0       1.419290E-07       9.083480E-08
   56    42    98     0       3.918050E-06       2.507550E-06
   57    42    99     0       4.703660E-05       3.010340E-05
   58    42   100     0       4.940540E-04       3.161950E-04
   59    42   101     0       2.382090E-03       1.524540E-03
   60    42   102     0       1.055270E-02       3.376850E-03
   61    42   103     0       2.250120E-02       7.200390E-03
   62    42   104     0       3.902730E-02       1.248870E-02
   63    42   105     0       3.907070E-02       1.250260E-02
   64    42   106     0       3.194400E-02       1.022210E-02
   65    42   107     0       1.336660E-02       4.277300E-03
   66    42   108     0       3.852160E-03       2.465380E-03
   67    42   109     0       1.301350E-05       8.328660E-06
   68    42   110     0       7.846100E-07       5.021500E-07
   69    42   111     0       1.479260E-08       9.467290E-09
   70    42   112     0       3.948040E-10       2.526740E-10
   71    42   113     0       4.271080E-10       2.733490E-10
   72    42   114     0       4.257790E-08       2.724980E-08
   73    42   115     0       1.424550E-09       9.117090E-10
   74    42   116     0       2.348830E-12       1.503250E-12
   75    42   117     0       2.550710E-14       1.632460E-14
   52    43    95     0       0.000000E+00       0.000000E+00
   52    43    95     1       0.000000E+00       0.000000E+00
   53    43    96     0       0.000000E+00       0.000000E+00
   53    43    96     1       0.000000E+00       0.000000E+00
   54    43    97     0       3.343780E-12       2.140020E-12
   54    43    97     1       7.741750E-13       4.954720E-13
   55    43    98     0       3.278370E-10       2.098160E-10
   56    43    99     0       1.232810E-08       7.890010E-09
   56    43    99     1       2.854300E-09       1.826750E-09
   57    43   100     0       4.487770E-07       2.872170E-07
   58    43   101     0       8.046000E-06       5.149440E-06
   59    43   102     0       1.830770E-05       1.171690E-05
   59    43   102     1       7.704490E-05       4.930870E-05
   60    43   103     0       7.061990E-04       4.519670E-04
   61    43   104     0       2.923870E-03       1.871270E-03
   62    43   105     0       9.259040E-03       5.925790E-03
   63    43   106     0       1.709410E-02       5.470110E-03
   64    43   107     0       2.288300E-02       7.322570E-03
   65    43   108     0       1.599120E-02       5.117200E-03
   66    43   109     0       6.184120E-03       3.957840E-03
   67    43   110     0       1.543020E-03       9.875350E-04
   68    43   111     0       1.645080E-04       1.052860E-04
   69    43   112     0       1.854080E-05       1.186610E-05
   70    43   113     0       2.408370E-06       1.541360E-06
   71    43   114     0       1.190410E-05       7.618610E-06
   72    43   115     0       9.870590E-07       6.317180E-07
   73    43   116     0       1.399300E-08       8.955540E-09
   74    43   117     0       3.983340E-10       2.549330E-10
   75    43   118     0       6.287580E-13       4.024050E-13
   76    43   119     0       1.800150E-14       1.152100E-14
   77    43   120     0       0.000000E+00       0.000000E+00
   54    44    98     0       0.000000E+00       0.000000E+00
   55    44    99     0       3.588220E-13       2.296460E-13
   56    44   100     0       4.287870E-11       2.744230E-11
   57    44   101     0       2.138940E-09       1.368920E-09
   58    44   102     0       9.995030E-08       6.396820E-08
   59    44   103     0       2.019000E-06       1.292160E-06
   60    44   104     0       3.070470E-05       1.965100E-05
   61    44   105     0       2.490460E-04       1.593900E-04
   62    44   106     0       1.614440E-03       1.033240E-03
   63    44   107     0       5.327850E-03       3.409820E-03
   64    44   108     0       1.249160E-02       3.997310E-03
   65    44   109     0       4.439020E-03       2.840970E-03
   65    44   109     1       1.071120E-02       6.855180E-03
   66    44   110     0       1.270600E-02       4.065910E-03
   67    44   111     0       3.478530E-03       2.226260E-03
   68    44   112     0       1.595790E-03       1.021300E-03
   69    44   113     0       6.419910E-04       4.108740E-04
   70    44   114     0       4.232790E-04       2.708990E-04
   71    44   115     0       7.725260E-05       4.944170E-05
   72    44   116     0       8.895570E-06       5.693170E-06
   73    44   117     0       6.132960E-07       3.925100E-07
   74    44   118     0       2.978460E-08       1.906210E-08
   75    44   119     0       6.246710E-10       3.997900E-10
   76    44   120     0       4.687670E-12       3.000110E-12
   77    44   121     0       3.263930E-14       2.088910E-14
   78    44   122     0       0.000000E+00       0.000000E+00
   79    44   123     0       0.000000E+00       0.000000E+00
   80    44   124     0       0.000000E+00       0.000000E+00
   55    45   100     0       0.000000E+00       0.000000E+00
   55    45   100     1       0.000000E+00       0.000000E+00
   56    45   101     0       0.000000E+00       0.000000E+00
   56    45   101     1       9.495680E-15       6.077230E-15
   57    45   102     0       5.911280E-13       3.783220E-13
   57    45   102     1       1.385890E-12       8.869690E-13
   58    45   103     0       2.061800E-11       1.319550E-11
   58    45   103     1       1.344050E-10       8.601910E-11
   59    45   104     0       1.632630E-09       1.044880E-09
   59    45   104     1       4.924110E-09       3.151430E-09
   60    45   105     0       1.753940E-07       1.122520E-07
   60    45   105     1       2.690580E-08       1.721970E-08
   61    45   106     0       1.087820E-06       6.962040E-07
   61    45   106     1       2.550370E-06       1.632240E-06
   62    45   107     0       4.632700E-05       2.964920E-05
   63    45   108     0       7.404070E-05       4.738600E-05
   63    45   108     1       2.233110E-04       1.429190E-04
   64    45   109     0       1.252580E-04       5.668520E-05
   65    45   110     0       6.573110E-05       4.206780E-05
   65    45   110     1       2.766190E-04       1.770350E-04
   66    45   111     0       3.492860E-04       2.235430E-04
   67    45   112     0       3.813600E-04       2.440710E-04
   68    45   113     0       4.517850E-04       2.891420E-04
   69    45   114     0       4.663880E-04       2.984890E-04
   70    45   115     0       3.730940E-04       2.387800E-04
   71    45   116     0       1.310850E-04       8.389430E-05
   72    45   117     0       4.067980E-05       2.603500E-05
   73    45   118     0       6.756640E-06       4.324250E-06
   74    45   119     0       6.996520E-07       4.477770E-07
   75    45   120     0       1.979020E-08       1.266570E-08
   76    45   121     0       5.097130E-10       3.262170E-10
   77    45   122     0       6.336850E-12       4.055580E-12
   78    45   123     0       5.957040E-14       3.812500E-14
   79    45   124     0       0.000000E+00       0.000000E+00
   80    45   125     0       0.000000E+00       0.000000E+00
   81    45   126     0       0.000000E+00       0.000000E+00
   82    45   127     0       0.000000E+00       0.000000E+00
   83    45   128     0       0.000000E+00       0.000000E+00
   56    46   102     0       0.000000E+00       0.000000E+00
   57    46   103     0       0.000000E+00       0.000000E+00
   58    46   104     0       1.419290E-13       9.083480E-14
   59    46   105     0       1.239380E-11       7.932050E-12
   60    46   106     0       8.905570E-10       5.699560E-10
   61    46   107     0       1.158400E-08       7.413780E-09
   61    46   107     1       2.179940E-08       1.395160E-08
   62    46   108     0       8.865590E-07       5.673980E-07
   63    46   109     0       4.238230E-10       2.712470E-10
   63    46   109     1       7.975690E-10       5.104440E-10
   64    46   110     0       2.138940E-08       1.368920E-08
   65    46   111     0       3.114510E-08       1.993290E-08
   65    46   111     1       5.861020E-08       3.751060E-08
   66    46   112     0       5.367330E-07       3.435090E-07
   67    46   113     0       2.178920E-06       1.394510E-06
   68    46   114     0       9.598230E-05       6.142860E-05
   69    46   115     0       2.410300E-04       1.542590E-04
   70    46   116     0       3.304760E-04       2.115050E-04
   71    46   117     0       2.872770E-04       1.838580E-04
   72    46   118     0       1.979720E-04       1.267020E-04
   73    46   119     0       6.569730E-05       4.204630E-05
   74    46   120     0       9.045500E-06       5.789120E-06
   75    46   121     0       8.265890E-07       5.290170E-07
   76    46   122     0       5.207410E-08       3.332740E-08
   77    46   123     0       1.759120E-09       1.125840E-09
   78    46   124     0       0.000000E+00       0.000000E+00
   79    46   125     0       0.000000E+00       0.000000E+00
   80    46   126     0       0.000000E+00       0.000000E+00
   81    46   127     0       0.000000E+00       0.000000E+00
   82    46   128     0       0.000000E+00       0.000000E+00
   83    46   129     0       0.000000E+00       0.000000E+00
   84    46   130     0       1.229390E-14       7.868090E-15
   85    46   131     0       0.000000E+00       0.000000E+00
   58    47   105     0       0.000000E+00       0.000000E+00
   58    47   105     1       0.000000E+00       0.000000E+00
   59    47   106     0       0.000000E+00       0.000000E+00
   59    47   106     1       0.000000E+00       0.000000E+00
   60    47   107     0       8.251210E-14       5.280770E-14
   60    47   107     1       5.378790E-13       3.442430E-13
   61    47   108     0       1.524140E-11       9.754510E-12
   61    47   108     1       3.573320E-11       2.286930E-11
   62    47   109     0       0.000000E+00       0.000000E+00
   62    47   109     1       0.000000E+00       0.000000E+00
   63    47   110     0       0.000000E+00       0.000000E+00
   63    47   110     1       0.000000E+00       0.000000E+00
   64    47   111     0       0.000000E+00       0.000000E+00
   64    47   111     1       0.000000E+00       0.000000E+00
   65    47   112     0       1.569220E-13       1.004300E-13
   66    47   113     0       4.828160E-13       3.090020E-13
   66    47   113     1       3.147380E-12       2.014320E-12
   67    47   114     0       5.127450E-07       3.281570E-07
   68    47   115     0       8.747050E-07       5.598110E-07
   68    47   115     1       5.702020E-06       3.649300E-06
   69    47   116     0       8.445540E-06       5.405140E-06
   69    47   116     1       1.980040E-05       1.267230E-05
   70    47   117     0       1.290520E-05       8.259340E-06
   70    47   117     1       8.412650E-05       5.384100E-05
   71    47   118     0       3.516840E-05       2.250780E-05
   71    47   118     1       1.480000E-04       9.472030E-05
   72    47   119     0       2.353930E-04       1.506510E-04
   73    47   120     0       4.068500E-05       2.603840E-05
   73    47   120     1       5.782600E-05       3.700860E-05
   74    47   121     0       3.982020E-05       2.548490E-05
   75    47   122     0       8.465790E-06       3.831180E-06
   76    47   123     0       1.359320E-06       8.699670E-07
   77    47   124     0       1.639180E-11       1.049080E-11
   78    47   125     0       1.419290E-12       9.083480E-13
   79    47   126     0       1.589210E-13       1.017090E-13
   80    47   127     0       2.148930E-14       1.375320E-14
   81    47   128     0       0.000000E+00       0.000000E+00
   82    47   129     0       2.410470E-16       1.542700E-16
   83    47   130     0       8.085980E-10       5.175030E-10
   84    47   131     0       1.088730E-11       6.967870E-12
   85    47   132     0       2.869500E-13       1.836480E-13
   86    47   133     0       0.000000E+00       0.000000E+00
   60    48   108     0       0.000000E+00       0.000000E+00
   61    48   109     0       0.000000E+00       0.000000E+00
   62    48   110     0       0.000000E+00       0.000000E+00
   63    48   111     0       0.000000E+00       0.000000E+00
   63    48   111     1       0.000000E+00       0.000000E+00
   64    48   112     0       0.000000E+00       0.000000E+00
   65    48   113     0       0.000000E+00       0.000000E+00
   65    48   113     1       0.000000E+00       0.000000E+00
   66    48   114     0       3.098460E-10       1.983010E-10
   67    48   115     0       3.767870E-09       2.411430E-09
   67    48   115     1       1.233410E-08       7.893840E-09
   68    48   116     0       3.438290E-07       2.200510E-07
   69    48   117     0       9.081700E-07       5.812290E-07
   69    48   117     1       2.972900E-06       1.902660E-06
   70    48   118     0       3.131440E-05       2.004120E-05
   71    48   119     0       3.377780E-05       2.161780E-05
   71    48   119     1       8.150480E-05       5.216310E-05
   72    48   120     0       1.887760E-04       1.208170E-04
   73    48   121     0       6.199430E-05       3.967640E-05
   73    48   121     1       1.495900E-04       9.573790E-05
   74    48   122     0       1.835990E-04       1.175040E-04
   75    48   123     0       9.046500E-05       5.789760E-05
   76    48   124     0       4.217900E-06       2.699460E-06
   77    48   125     0       9.965040E-07       6.377630E-07
   78    48   126     0       4.647690E-07       2.974520E-07
   79    48   127     0       1.879070E-07       1.202600E-07
   80    48   128     0       4.457780E-08       2.852980E-08
   81    48   129     0       7.196420E-09       4.605710E-09
   82    48   130     0       5.337340E-06       3.415900E-06
   83    48   131     0       3.778010E-07       2.417930E-07
   84    48   132     0       1.359290E-08       8.699490E-09
   85    48   133     0       9.855790E-11       6.307700E-11
   86    48   134     0       1.279360E-12       8.187930E-13
   87    48   135     0       0.000000E+00       0.000000E+00
   88    48   136     0       0.000000E+00       0.000000E+00
   61    49   110     0       0.000000E+00       0.000000E+00
   61    49   110     1       0.000000E+00       0.000000E+00
   62    49   111     0       0.000000E+00       0.000000E+00
   62    49   111     1       0.000000E+00       0.000000E+00
   63    49   112     0       0.000000E+00       0.000000E+00
   63    49   112     1       0.000000E+00       0.000000E+00
   64    49   113     0       0.000000E+00       0.000000E+00
   64    49   113     1       0.000000E+00       0.000000E+00
   65    49   114     0       0.000000E+00       0.000000E+00
   65    49   114     1       0.000000E+00       0.000000E+00
   66    49   115     0       8.594800E-13       5.500670E-13
   66    49   115     1       1.989930E-13       1.273560E-13
   67    49   116     0       1.577940E-11       1.009880E-11
   67    49   116     1       4.759530E-11       3.046100E-11
   67    49   116     2       2.238270E-11       1.432490E-11
   68    49   117     0       3.937050E-09       2.519710E-09
   68    49   117     1       9.115350E-10       5.833820E-10
   69    49   118     0       2.501160E-08       1.600740E-08
   69    49   118     1       7.544250E-08       4.828320E-08
   69    49   118     2       3.547840E-08       2.270610E-08
   70    49   119     0       1.873980E-06       1.199340E-06
   70    49   119     1       4.338760E-07       2.776810E-07
   71    49   120     0       4.970040E-06       3.180830E-06
   71    49   120     1       1.107530E-05       5.199000E-06
   72    49   121     0       4.393980E-05       2.812150E-05
   72    49   121     1       1.017330E-05       6.510890E-06
   73    49   122     0       3.216480E-05       2.058540E-05
   73    49   122     1       1.400700E-04       6.792800E-05
   74    49   123     0       1.934110E-04       1.237830E-04
   74    49   123     1       4.478000E-05       2.865920E-05
   75    49   124     0       1.638570E-04       1.048680E-04
   75    49   124     1       1.476580E-04       9.450120E-05
   76    49   125     0       1.920400E-04       1.229060E-04
   76    49   125     1       4.446240E-05       2.845600E-05
   77    49   126     0       1.506350E-04       9.640610E-05
   77    49   126     1       1.357430E-04       8.687550E-05
   78    49   127     0       3.546510E-04       2.269770E-04
   78    49   127     1       8.211140E-05       5.255140E-05
   79    49   128     0       1.637310E-04       1.047880E-04
   79    49   128     1       1.475440E-04       9.442840E-05
   80    49   129     0       1.887610E-04       1.208070E-04
   80    49   129     1       4.370330E-05       2.797010E-05
   81    49   130     0       9.390810E-04       3.005050E-04
   82    49   131     0       1.183540E-04       7.574670E-05
   82    49   131     1       2.740620E-05       1.754000E-05
   82    49   131     2       6.887610E-05       5.510090E-05
   83    49   132     0       2.315850E-05       1.482140E-05
   84    49   133     0       1.539130E-06       9.850470E-07
   85    49   134     0       3.568230E-08       2.283660E-08
   86    49   135     0       1.373880E-10       8.792800E-11
   87    49   136     0       3.138440E-12       2.008600E-12
   88    49   137     0       0.000000E+00       0.000000E+00
   89    49   138     0       0.000000E+00       0.000000E+00
   63    50   113     0       0.000000E+00       0.000000E+00
   63    50   113     1       0.000000E+00       0.000000E+00
   64    50   114     0       0.000000E+00       0.000000E+00
   65    50   115     0       0.000000E+00       0.000000E+00
   66    50   116     0       0.000000E+00       0.000000E+00
   67    50   117     0       1.073530E-13       6.870570E-14
   67    50   117     1       3.514190E-13       2.249080E-13
   68    50   118     0       6.606710E-11       4.228300E-11
   69    50   119     0       9.474630E-10       6.063760E-10
   69    50   119     1       3.101520E-09       1.984970E-09
   70    50   120     0       1.059470E-07       6.780630E-08
   71    50   121     0       1.123570E-06       7.190850E-07
   71    50   121     1       4.656380E-07       2.980090E-07
   72    50   122     0       1.645180E-05       1.052920E-05
   73    50   123     0       6.078590E-05       3.890300E-05
   73    50   123     1       2.519130E-05       1.612250E-05
   74    50   124     0       2.902160E-04       1.857380E-04
   75    50   125     0       2.601530E-04       1.664980E-04
   75    50   125     1       1.078140E-04       6.900120E-05
   76    50   126     0       1.091310E-03       6.984370E-04
   77    50   127     0       2.156300E-03       1.380030E-03
   77    50   127     1       8.936270E-04       5.719220E-04
   78    50   128     0       6.221860E-03       2.815680E-03
   79    50   129     0       3.241240E-03       2.074390E-03
   79    50   129     1       7.821000E-03       5.005440E-03
   80    50   130     0       3.777510E-03       2.417610E-03
   80    50   130     1       8.856300E-03       5.668030E-03
   81    50   131     0       2.808150E-03       1.797220E-03
   81    50   131     1       6.775980E-03       4.336630E-03
   82    50   132     0       4.466600E-03       2.858630E-03
   83    50   133     0       9.382030E-04       6.004500E-04
   84    50   134     0       1.017790E-04       6.513880E-05
   85    50   135     0       4.767490E-06       3.051190E-06
   86    50   136     0       1.449280E-07       9.275390E-08
   87    50   137     0       2.428790E-09       1.554430E-09
   88    50   138     0       2.928540E-11       1.874270E-11
   89    50   139     0       6.655860E-13       4.259750E-13
   90    50   140     0       0.000000E+00       0.000000E+00
   65    51   116     0       0.000000E+00       0.000000E+00
   65    51   116     1       0.000000E+00       0.000000E+00
   66    51   117     0       0.000000E+00       0.000000E+00
   67    51   118     0       0.000000E+00       0.000000E+00
   67    51   118     1       0.000000E+00       0.000000E+00
   68    51   119     0       1.879070E-13       1.202600E-13
   69    51   120     0       7.756410E-12       4.964100E-12
   69    51   120     1       1.102420E-11       7.055520E-12
   70    51   121     0       1.419290E-09       9.083480E-10
   71    51   122     0       2.414150E-08       1.545060E-08
   71    51   122     1       2.733290E-08       1.749310E-08
   72    51   123     0       1.219390E-06       7.804120E-07
   73    51   124     0       1.025490E-07       6.563140E-08
   73    51   124     1       1.845890E-07       1.181360E-07
   73    51   124     2       9.267410E-08       5.931130E-08
   74    51   125     0       1.579210E-06       1.010700E-06
   75    51   126     0       4.145640E-06       2.653210E-06
   75    51   126     1       1.058700E-05       5.050530E-06
   76    51   127     0       9.690180E-05       6.201710E-05
   77    51   128     0       1.590690E-04       1.018040E-04
   77    51   128     1       2.708470E-04       1.733420E-04
   78    51   129     0       8.619220E-04       5.516320E-04
   78    51   129     1       1.127770E-03       9.022180E-04
   79    51   130     0       2.763440E-03       1.768600E-03
   79    51   130     1       4.705320E-03       3.011400E-03
   80    51   131     0       1.861170E-02       5.955770E-03
   81    51   132     0       1.283900E-02       4.108480E-03
   81    51   132     1       9.450930E-03       6.048600E-03
   82    51   133     0       1.822180E-02       5.830980E-03
   83    51   134     0       1.812000E-03       1.159680E-03
   83    51   134     1       4.248200E-03       2.718850E-03
   84    51   135     0       1.272310E-03       8.142770E-04
   85    51   136     0       1.257670E-04       8.049120E-05
   86    51   137     0       9.125460E-06       5.840290E-06
   87    51   138     0       3.368320E-07       2.155730E-07
   88    51   139     0       1.039410E-08       6.652260E-09
   89    51   140     0       5.528010E-11       3.537920E-11
   90    51   141     0       4.271750E-12       2.733920E-12
   91    51   142     0       4.789540E-14       3.065310E-14
   92    51   143     0       0.000000E+00       0.000000E+00
   67    52   119     0       0.000000E+00       0.000000E+00
   67    52   119     1       0.000000E+00       0.000000E+00
   68    52   120     0       0.000000E+00       0.000000E+00
   69    52   121     0       2.217220E-14       1.419020E-14
   69    52   121     1       7.258070E-14       4.645160E-14
   70    52   122     0       1.779110E-11       1.138630E-11
   71    52   123     0       3.466160E-10       2.218340E-10
   71    52   123     1       1.134650E-09       7.261740E-10
   72    52   124     0       6.196920E-13       3.966030E-13
   73    52   125     0       1.655900E-12       1.059770E-12
   73    52   125     1       5.420580E-12       3.469170E-12
   74    52   126     0       2.048980E-10       1.311350E-10
   75    52   127     0       1.502340E-09       9.614990E-10
   75    52   127     1       3.625110E-09       2.320070E-09
   76    52   128     0       9.675190E-08       6.192120E-08
   77    52   129     0       4.706170E-07       3.011950E-07
   77    52   129     1       1.135580E-06       7.267740E-07
   78    52   130     0       7.867090E-04       5.034940E-04
   79    52   131     0       1.445670E-03       9.252300E-04
   79    52   131     1       3.488360E-03       2.232550E-03
   80    52   132     0       2.074680E-02       6.638960E-03
   81    52   133     0       1.261790E-02       4.037720E-03
   81    52   133     1       3.044650E-02       9.742880E-03
   82    52   134     0       5.309050E-02       1.698890E-02
   83    52   135     0       3.159340E-02       1.010990E-02
   84    52   136     0       1.276410E-02       4.084500E-03
   85    52   137     0       2.701290E-03       1.728820E-03
   86    52   138     0       4.067880E-04       2.603440E-04
   87    52   139     0       3.663180E-05       2.344430E-05
   88    52   140     0       2.618640E-06       1.675930E-06
   89    52   141     0       1.482340E-07       9.487000E-08
   90    52   142     0       2.268820E-09       1.452050E-09
   91    52   143     0       1.380990E-11       8.838380E-12
   92    52   144     0       1.351620E-12       8.650320E-13
   93    52   145     0       0.000000E+00       0.000000E+00
   69    53   122     0       0.000000E+00       0.000000E+00
   70    53   123     0       4.727650E-14       3.025690E-14
   71    53   124     0       0.000000E+00       0.000000E+00
   72    53   125     0       0.000000E+00       0.000000E+00
   73    53   126     0       0.000000E+00       0.000000E+00
   74    53   127     0       0.000000E+00       0.000000E+00
   75    53   128     0       0.000000E+00       0.000000E+00
   76    53   129     0       3.198410E-13       2.046980E-13
   77    53   130     0       1.401300E-06       8.968340E-07
   77    53   130     1       5.977030E-07       3.825300E-07
   78    53   131     0       4.961530E-05       3.175380E-05
   79    53   132     0       3.420860E-04       2.189350E-04
   79    53   132     1       2.580650E-04       1.651620E-04
   80    53   133     0       2.994020E-03       1.916160E-03
   80    53   133     1       1.827270E-03       1.169440E-03
   81    53   134     0       9.221730E-03       5.901910E-03
   81    53   134     1       6.788220E-03       3.054700E-03
   82    53   135     0       3.445730E-02       1.102630E-02
   83    53   136     0       1.072210E-02       3.431060E-03
   83    53   136     1       2.513770E-02       8.044050E-03
   84    53   137     0       2.712970E-02       8.681500E-03
   85    53   138     0       1.081200E-02       3.459830E-03
   86    53   139     0       3.657250E-03       2.340650E-03
   87    53   140     0       7.109360E-04       4.550000E-04
   88    53   141     0       1.027110E-04       6.573480E-05
   89    53   142     0       6.786620E-06       4.343440E-06
   90    53   143     0       2.156650E-07       1.380250E-07
   91    53   144     0       1.546230E-08       9.895850E-09
   92    53   145     0       5.040420E-11       3.225870E-11
   93    53   146     0       1.373570E-12       8.790800E-13
   94    53   147     0       5.256210E-13       3.363970E-13
   95    53   148     0       0.000000E+00       0.000000E+00
   71    54   125     0       0.000000E+00       0.000000E+00
   72    54   126     0       0.000000E+00       0.000000E+00
   73    54   127     0       0.000000E+00       0.000000E+00
   73    54   127     1       0.000000E+00       0.000000E+00
   74    54   128     0       0.000000E+00       0.000000E+00
   75    54   129     0       0.000000E+00       0.000000E+00
   75    54   129     1       0.000000E+00       0.000000E+00
   76    54   130     0       5.537250E-10       3.543840E-10
   77    54   131     0       1.221200E-08       7.815700E-09
   77    54   131     1       2.946720E-08       1.885900E-08
   78    54   132     0       2.208900E-06       1.413700E-06
   79    54   133     0       1.639690E-05       1.049400E-05
   79    54   133     1       3.956520E-05       2.532180E-05
   80    54   134     0       2.389620E-04       1.529350E-04
   80    54   134     1       5.602410E-04       3.585540E-04
   81    54   135     0       1.464570E-03       9.373250E-04
   81    54   135     1       3.533960E-03       2.261730E-03
   82    54   136     0       1.921320E-02       8.645950E-03
   83    54   137     0       3.512410E-02       1.123970E-02
   84    54   138     0       4.611700E-02       1.475750E-02
   85    54   139     0       3.725950E-02       1.192310E-02
   86    54   140     0       2.457570E-02       7.864220E-03
   87    54   141     0       9.111800E-03       5.831550E-03
   88    54   142     0       2.233190E-03       1.429240E-03
   89    54   143     0       9.729030E-05       6.226610E-05
   89    54   143     1       2.347590E-04       1.502460E-04
   90    54   144     0       3.249830E-05       2.079900E-05
   91    54   145     0       1.749080E-06       1.119410E-06
   92    54   146     0       6.506620E-08       4.164240E-08
   93    54   147     0       1.823960E-08       1.167330E-08
   94    54   148     0       1.589210E-11       1.017090E-11
   95    54   149     0       5.134660E-13       3.286180E-13
   96    54   150     0       0.000000E+00       0.000000E+00
   73    55   128     0       0.000000E+00       0.000000E+00
   74    55   129     0       0.000000E+00       0.000000E+00
   75    55   130     0       0.000000E+00       0.000000E+00
   76    55   131     0       9.075490E-13       5.808310E-13
   77    55   132     0       1.579210E-10       1.010700E-10
   78    55   133     0       1.859080E-08       1.189810E-08
   79    55   134     0       5.175670E-07       3.312430E-07
   79    55   134     1       3.809860E-07       2.438310E-07
   80    55   135     0       1.590830E-05       1.018130E-05
   80    55   135     1       9.708940E-06       6.213720E-06
   81    55   136     0       1.887300E-04       1.207870E-04
   81    55   136     1       1.108410E-04       7.093840E-05
   82    55   137     0       2.080320E-03       1.331400E-03
   83    55   138     0       2.820380E-03       1.805050E-03
   83    55   138     1       4.008620E-03       2.565520E-03
   84    55   139     0       1.788230E-02       5.722330E-03
   85    55   140     0       2.641670E-02       8.453340E-03
   86    55   141     0       3.100360E-02       9.921140E-03
   87    55   142     0       1.802070E-02       5.766630E-03
   88    55   143     0       9.298050E-03       5.950750E-03
   89    55   144     0       2.447180E-03       1.566200E-03
   90    55   145     0       4.961530E-04       3.175380E-04
   91    55   146     0       5.297360E-05       3.390310E-05
   92    55   147     0       1.263810E-05       8.088380E-06
   93    55   148     0       1.509250E-07       9.659190E-08
   94    55   149     0       8.018570E-09       5.131890E-09
   95    55   150     0       6.536750E-11       4.183520E-11
   96    55   151     0       9.310600E-13       5.958790E-13
   97    55   152     0       1.088720E-14       6.967820E-15
   75    56   131     0       0.000000E+00       0.000000E+00
   76    56   132     0       0.000000E+00       0.000000E+00
   77    56   133     0       2.484690E-14       1.590200E-14
   77    56   133     1       0.000000E+00       0.000000E+00
   78    56   134     0       1.069470E-10       6.844600E-11
   79    56   135     0       3.104260E-09       1.986720E-09
   79    56   135     1       7.490470E-09       4.793900E-09
   80    56   136     0       1.688510E-07       1.080650E-07
   80    56   136     1       3.958680E-07       2.533560E-07
   81    56   137     0       3.476180E-06       2.224760E-06
   81    56   137     1       8.387920E-06       5.368270E-06
   82    56   138     0       1.534040E-04       9.817840E-05
   83    56   139     0       1.058090E-03       6.771800E-04
   84    56   140     0       5.295150E-03       3.388890E-03
   85    56   141     0       1.443390E-02       4.618860E-03
   86    56   142     0       2.623950E-02       8.396660E-03
   87    56   143     0       3.044210E-02       9.741450E-03
   88    56   144     0       2.644910E-02       8.463730E-03
   89    56   145     0       1.302160E-02       4.166910E-03
   90    56   146     0       5.074880E-03       3.247920E-03
   91    56   147     0       9.891250E-04       6.330400E-04
   92    56   148     0       1.520940E-04       9.734040E-05
   93    56   149     0       1.234590E-05       7.901340E-06
   94    56   150     0       7.566240E-07       4.842390E-07
   95    56   151     0       3.230880E-08       2.067760E-08
   96    56   152     0       5.157320E-10       3.300690E-10
   97    56   153     0       3.571120E-12       2.285520E-12
   98    56   154     0       4.877570E-14       3.121650E-14
   76    57   133     0       0.000000E+00       0.000000E+00
   77    57   134     0       0.000000E+00       0.000000E+00
   78    57   135     0       1.109450E-13       7.100470E-14
   79    57   136     0       0.000000E+00       0.000000E+00
   80    57   137     0       1.869070E-09       1.196200E-09
   81    57   138     0       7.326360E-08       4.688870E-08
   82    57   139     0       2.019000E-06       1.292160E-06
   83    57   140     0       2.746630E-05       1.757850E-05
   84    57   141     0       2.730440E-04       1.747480E-04
   85    57   142     0       1.245330E-03       7.970110E-04
   86    57   143     0       4.786530E-03       3.063380E-03
   87    57   144     0       9.742460E-03       6.235180E-03
   88    57   145     0       1.493590E-02       4.779480E-03
   89    57   146     0       4.839400E-03       3.097220E-03
   89    57   146     1       8.716350E-03       5.578470E-03
   90    57   147     0       9.033550E-03       5.781470E-03
   91    57   148     0       3.411090E-03       2.183100E-03
   92    57   149     0       1.033680E-03       6.615530E-04
   93    57   150     0       1.713550E-04       1.096670E-04
   94    57   151     0       2.238660E-05       1.432740E-05
   95    57   152     0       1.319340E-06       8.443800E-07
   96    57   153     0       5.576870E-08       3.569190E-08
   97    57   154     0       1.399300E-09       8.955550E-10
   98    57   155     0       7.027780E-12       4.497780E-12
   99    57   156     0       1.474840E-13       9.438960E-14
  100    57   157     0       3.773110E-15       2.414790E-15
   77    58   135     0       0.000000E+00       0.000000E+00
   78    58   136     0       0.000000E+00       0.000000E+00
   79    58   137     0       1.827670E-15       1.169710E-15
   79    58   137     1       0.000000E+00       0.000000E+00
   80    58   138     0       3.598210E-12       2.302850E-12
   81    58   139     0       8.700700E-11       5.568450E-11
   81    58   139     1       2.099450E-10       1.343650E-10
   82    58   140     0       1.609200E-08       1.029890E-08
   83    58   141     0       4.507760E-07       2.884960E-07
   84    58   142     0       7.886080E-06       5.047090E-06
   85    58   143     0       8.119960E-05       5.196770E-05
   86    58   144     0       6.083170E-04       3.893230E-04
   87    58   145     0       2.283650E-03       1.461540E-03
   88    58   146     0       6.896670E-03       4.413860E-03
   89    58   147     0       1.062330E-02       3.399460E-03
   90    58   148     0       1.252640E-02       4.008430E-03
   91    58   149     0       8.996120E-03       5.757520E-03
   92    58   150     0       5.019510E-03       3.212490E-03
   93    58   151     0       1.670320E-03       1.069010E-03
   94    58   152     0       3.743340E-04       2.395740E-04
   95    58   153     0       4.337840E-05       2.776220E-05
   96    58   154     0       4.127950E-06       2.641890E-06
   97    58   155     0       2.438720E-07       1.560780E-07
   98    58   156     0       6.986370E-09       4.471290E-09
   99    58   157     0       1.309310E-10       8.379590E-11
  100    58   158     0       1.769120E-12       1.132240E-12
  101    58   159     0       2.150350E-14       1.376230E-14
  102    58   160     0       0.000000E+00       0.000000E+00
   79    59   138     0       0.000000E+00       0.000000E+00
   79    59   138     1       0.000000E+00       0.000000E+00
   80    59   139     0       0.000000E+00       0.000000E+00
   81    59   140     0       1.739130E-13       1.113050E-13
   82    59   141     0       1.969020E-11       1.260170E-11
   83    59   142     0       2.964610E-10       1.897350E-10
   83    59   142     1       6.950460E-10       4.448300E-10
   84    59   143     0       4.037990E-08       2.584310E-08
   85    59   144     0       8.815940E-08       5.642200E-08
   85    59   144     1       7.847060E-07       5.022120E-07
   86    59   145     0       1.241380E-05       7.944850E-06
   87    59   146     0       1.015790E-04       6.501090E-05
   88    59   147     0       5.624800E-04       3.599870E-04
   89    59   148     0       3.043660E-04       1.947950E-04
   89    59   148     1       1.280880E-03       8.197610E-04
   90    59   149     0       3.714210E-03       2.377100E-03
   91    59   150     0       4.644090E-03       2.972220E-03
   92    59   151     0       4.871630E-03       3.117840E-03
   93    59   152     0       2.640620E-03       1.690000E-03
   94    59   153     0       1.054390E-03       6.748060E-04
   95    59   154     0       2.532540E-04       1.620820E-04
   96    59   155     0       5.593220E-05       3.579660E-05
   97    59   156     0       4.447790E-06       2.846580E-06
   98    59   157     0       3.288360E-07       2.104550E-07
   99    59   158     0       1.269370E-08       8.123960E-09
  100    59   159     0       3.358120E-10       2.149190E-10
  101    59   160     0       3.708160E-12       2.373220E-12
  102    59   161     0       1.944160E-14       1.244260E-14
  103    59   162     0       6.435280E-17       4.118570E-17
   81    60   141     0       0.000000E+00       0.000000E+00
   82    60   142     0       1.249380E-14       7.996020E-15
   83    60   143     0       1.489260E-12       9.531260E-13
   84    60   144     0       1.329340E-10       8.507770E-11
   85    60   145     0       5.437300E-09       3.479870E-09
   86    60   146     0       1.799110E-07       1.151430E-07
   87    60   147     0       2.848580E-06       1.823090E-06
   88    60   148     0       2.992510E-05       1.915210E-05
   89    60   149     0       1.859870E-04       1.190320E-04
   90    60   150     0       7.939750E-04       5.081440E-04
   91    60   151     0       1.947410E-03       1.246340E-03
   92    60   152     0       3.398510E-03       2.175050E-03
   93    60   153     0       3.045180E-03       1.948910E-03
   94    60   154     0       2.280290E-03       1.459380E-03
   95    60   155     0       1.211190E-03       7.751600E-04
   96    60   156     0       3.389010E-04       2.168970E-04
   97    60   157     0       6.610710E-05       4.230860E-05
   98    60   158     0       9.715170E-06       6.217710E-06
   99    60   159     0       7.186430E-07       4.599310E-07
  100    60   160     0       3.138440E-08       2.008600E-08
  101    60   161     0       6.746450E-10       4.317730E-10
  102    60   162     0       3.048420E-12       1.950990E-12
  103    60   163     0       4.517750E-14       2.891360E-14
  104    60   164     0       0.000000E+00       0.000000E+00
   83    61   144     0       0.000000E+00       0.000000E+00
   84    61   145     0       6.096970E-14       3.902060E-14
   85    61   146     0       6.066980E-12       3.882870E-12
   86    61   147     0       3.958030E-10       2.533140E-10
   87    61   148     0       3.547370E-09       2.270310E-09
   87    61   148     1       8.316730E-09       5.322710E-09
   88    61   149     0       2.958530E-07       1.893460E-07
   89    61   150     0       3.448280E-06       2.206900E-06
   90    61   151     0       3.104460E-05       1.986850E-05
   91    61   152     0       2.123210E-05       1.358850E-05
   91    61   152     1       8.928730E-05       5.714390E-05
   91    61   152     2       3.009050E-05       1.925790E-05
   92    61   153     0       4.202710E-04       2.689730E-04
   93    61   154     0       6.091760E-04       3.898730E-04
   93    61   154     1       9.507370E-05       6.084720E-05
   94    61   155     0       1.166690E-03       7.466820E-04
   95    61   156     0       7.376730E-04       4.721110E-04
   96    61   157     0       4.683870E-04       2.997680E-04
   97    61   158     0       1.692560E-04       1.083240E-04
   98    61   159     0       4.490770E-05       2.874090E-05
   99    61   160     0       5.267380E-06       3.371120E-06
  100    61   161     0       4.217900E-07       2.699460E-07
  101    61   162     0       5.377320E-09       3.441490E-09
  102    61   163     0       3.078470E-10       1.970220E-10
  103    61   164     0       4.297860E-12       2.750630E-12
  104    61   165     0       4.987200E-14       3.191810E-14
  105    61   166     0       2.510810E-16       1.606920E-16
   84    62   146     0       0.000000E+00       0.000000E+00
   85    62   147     0       0.000000E+00       0.000000E+00
   86    62   148     0       4.827600E-13       3.089660E-13
   87    62   149     0       3.608210E-11       2.309250E-11
   88    62   150     0       1.679160E-09       1.074670E-09
   89    62   151     0       4.257880E-08       2.725040E-08
   90    62   152     0       7.666190E-07       4.906360E-07
   91    62   153     0       6.166930E-06       3.946840E-06
   92    62   154     0       3.615200E-05       2.313730E-05
   93    62   155     0       1.480160E-04       9.473050E-05
   94    62   156     0       3.060680E-04       1.958840E-04
   95    62   157     0       4.402510E-04       2.817610E-04
   96    62   158     0       4.958330E-04       3.173330E-04
   97    62   159     0       3.010500E-04       1.926720E-04
   98    62   160     0       1.174420E-04       7.516260E-05
   99    62   161     0       2.295860E-05       1.469350E-05
  100    62   162     0       1.069470E-06       6.844600E-07
  101    62   163     0       1.609200E-07       1.029890E-07
  102    62   164     0       8.465790E-09       5.418100E-09
  103    62   165     0       2.708650E-10       1.733540E-10
  104    62   166     0       1.189380E-11       7.612050E-12
  105    62   167     0       1.579160E-13       1.010670E-13
  106    62   168     0       0.000000E+00       0.000000E+00
   86    63   149     0       0.000000E+00       0.000000E+00
   87    63   150     0       0.000000E+00       0.000000E+00
   87    63   150     1       0.000000E+00       0.000000E+00
   88    63   151     0       1.539230E-12       9.851090E-13
   89    63   152     0       4.093250E-11       2.619680E-11
   89    63   152     1       4.612110E-12       2.951750E-12
   89    63   152     2       3.681450E-11       2.356130E-11
   90    63   153     0       2.628690E-09       1.682360E-09
   91    63   154     0       2.202840E-08       1.409820E-08
   91    63   154     1       1.985070E-08       1.270450E-08
   92    63   155     0       6.536750E-07       4.183520E-07
   93    63   156     0       3.588220E-06       2.296460E-06
   94    63   157     0       1.822090E-05       1.166140E-05
   95    63   158     0       4.961530E-05       3.175380E-05
   96    63   159     0       9.668190E-05       6.187640E-05
   97    63   160     0       8.470790E-05       5.421300E-05
   98    63   161     0       5.058480E-05       3.237430E-05
   99    63   162     0       5.467280E-06       3.499060E-06
  100    63   163     0       2.728640E-06       1.746330E-06
  101    63   164     0       3.558230E-07       2.277270E-07
  102    63   165     0       4.087970E-08       2.616300E-08
  103    63   166     0       4.647690E-09       2.974520E-09
  104    63   167     0       2.328840E-10       1.490460E-10
  105    63   168     0       6.386820E-12       4.087570E-12
  106    63   169     0       1.429200E-13       9.146860E-14
  107    63   170     0       1.480440E-15       1.184350E-15
   87    64   151     0       0.000000E+00       0.000000E+00
   88    64   152     0       0.000000E+00       0.000000E+00
   89    64   153     0       8.255890E-14       5.283770E-14
   90    64   154     0       5.147440E-12       3.294360E-12
   91    64   155     0       2.308850E-10       1.477660E-10
   92    64   156     0       4.977520E-09       3.185620E-09
   93    64   157     0       7.036500E-08       4.503360E-08
   94    64   158     0       7.196420E-07       4.605710E-07
   95    64   159     0       3.658180E-06       2.341240E-06
   96    64   160     0       1.108450E-05       7.094070E-06
   97    64   161     0       1.526240E-05       9.767940E-06
   98    64   162     0       5.217400E-06       3.339140E-06
   99    64   163     0       5.687170E-06       3.639790E-06
  100    64   164     0       2.288860E-06       1.464870E-06
  101    64   165     0       6.056990E-07       3.876470E-07
  102    64   166     0       2.248880E-07       1.439280E-07
  103    64   167     0       2.838590E-08       1.816700E-08
  104    64   168     0       2.828590E-09       1.810300E-09
  105    64   169     0       1.699150E-10       1.087460E-10
  106    64   170     0       5.327350E-12       3.409500E-12
  107    64   171     0       8.675430E-14       5.552280E-14
  108    64   172     0       1.520830E-15       1.216670E-15
   89    65   154     0       0.000000E+00       0.000000E+00
   89    65   154     1       0.000000E+00       0.000000E+00
   89    65   154     2       0.000000E+00       0.000000E+00
   90    65   155     0       0.000000E+00       0.000000E+00
   91    65   156     0       5.782120E-14       3.700560E-14
   91    65   156     1       6.496770E-15       4.157930E-15
   91    65   156     2       0.000000E+00       0.000000E+00
   92    65   157     0       7.396320E-12       4.733640E-12
   93    65   158     0       1.946270E-10       1.245610E-10
   93    65   158     1       2.186570E-11       1.399410E-11
   94    65   159     0       4.297860E-09       2.750630E-09
   95    65   160     0       3.578220E-08       2.290060E-08
   96    65   161     0       1.769120E-07       1.132240E-07
   97    65   162     0       1.553230E-07       7.029110E-08
   98    65   163     0       5.577230E-07       3.569420E-07
   99    65   164     0       5.087470E-07       3.255980E-07
  100    65   165     0       4.117950E-07       2.635490E-07
  101    65   166     0       3.258380E-07       2.085360E-07
  102    65   167     0       1.289360E-07       8.251900E-08
  103    65   168     0       2.998510E-08       1.919050E-08
  104    65   169     0       6.146940E-09       3.934040E-09
  105    65   170     0       4.927550E-10       3.153630E-10
  106    65   171     0       2.948530E-11       1.887060E-11
  107    65   172     0       1.259370E-12       8.059990E-13
   91    66   157     0       0.000000E+00       0.000000E+00
   92    66   158     0       0.000000E+00       0.000000E+00
   93    66   159     0       3.818100E-13       2.443580E-13
   94    66   160     0       1.269370E-11       8.123960E-12
   95    66   161     0       1.739130E-10       1.113050E-10
   96    66   162     0       5.897070E-10       3.774120E-10
   97    66   163     0       5.587220E-09       3.575820E-09
   98    66   164     0       1.809100E-08       1.157820E-08
   99    66   165     0       3.107520E-08       1.988810E-08
   99    66   165     1       4.767010E-09       3.050890E-09
  100    66   166     0       8.955540E-08       5.731550E-08
  101    66   167     0       7.906070E-08       5.059880E-08
  102    66   168     0       5.607210E-08       3.588610E-08
  103    66   169     0       2.528740E-08       1.618400E-08
  104    66   170     0       6.406810E-09       4.100360E-09
  105    66   171     0       9.155450E-10       5.859490E-10
  106    66   172     0       1.349330E-10       8.635700E-11
   93    67   160     0       0.000000E+00       0.000000E+00
   93    67   160     1       0.000000E+00       0.000000E+00
   94    67   161     0       0.000000E+00       0.000000E+00
   94    67   161     1       0.000000E+00       0.000000E+00
   95    67   162     0       1.302990E-14       8.339150E-15
   95    67   162     1       3.054840E-14       1.955100E-14
   96    67   163     0       1.383910E-12       8.857030E-13
   96    67   163     1       2.122950E-13       1.358690E-13
   97    67   164     0       4.219780E-12       2.700660E-12
   97    67   164     1       9.893200E-12       6.331650E-12
   98    67   165     0       1.039480E-10       6.652690E-11
   99    67   166     0       1.972420E-10       1.262350E-10
   99    67   166     1       4.624300E-10       2.959550E-10
  100    67   167     0       2.038990E-09       1.304950E-09
  101    67   168     0       3.478270E-09       2.226090E-09
  102    67   169     0       5.017500E-09       3.211200E-09
  103    67   170     0       1.975840E-09       1.264540E-09
  103    67   170     1       8.427610E-10       5.393670E-10
  104    67   171     0       1.219390E-09       7.804120E-10
  105    67   172     0       3.998010E-10       2.558730E-10
   95    68   163     0       0.000000E+00       0.000000E+00
   96    68   164     0       0.000000E+00       0.000000E+00
   97    68   165     0       2.368820E-14       1.516050E-14
   98    68   166     0       5.597220E-13       3.582220E-13
   99    68   167     0       4.083270E-12       2.613290E-12
   99    68   167     1       6.263840E-13       4.008860E-13
  100    68   168     0       2.968520E-11       1.899850E-11
  101    68   169     0       1.099450E-10       7.036500E-11
  102    68   170     0       2.128940E-10       1.362520E-10
  103    68   171     0       2.188910E-10       1.400900E-10
  104    68   172     0       2.248880E-10       1.439280E-10
   97    69   166     0       0.000000E+00       0.000000E+00
   98    69   167     0       0.000000E+00       0.000000E+00
   99    69   168     0       5.504730E-15       4.403780E-15
  100    69   169     0       7.246400E-14       4.637690E-14
  101    69   170     0       3.778120E-13       2.418000E-13
  102    69   171     0       1.419290E-12       9.083480E-13
  103    69   172     0       3.718150E-12       2.379620E-12
   98    70   168     0       0.000000E+00       0.000000E+00
   99    70   169     0       0.000000E+00       0.000000E+00
  100    70   170     0       0.000000E+00       0.000000E+00
  101    70   171     0       8.585770E-16       6.868620E-16
  102    70   172     0       8.316050E-15       6.652840E-15
  101    71   172     0       0.000000E+00       0.000000E+00
  101    71   172     1       0.000000E+00       0.000000E+00
