   66   1.6700E-09
   67   5.0500E-09
   68   1.4100E-08
   69   3.6400E-08
   70   1.4000E-07
   71   5.2400E-07
   72   2.4300E-07
   73   5.7800E-07
   74   9.4800E-07
   75   2.8400E-06
   76   9.4800E-06
   77   1.8960E-05
   78   1.1521E-04
   79   1.4959E-04
   80   2.9235E-04
   81   6.2121E-04
   82   1.3642E-03
   83   2.0146E-03
   84   3.5128E-03
   85   4.0649E-03
   86   5.9447E-03
   87   7.5283E-03
   88   9.9030E-03
   89   1.2331E-02
   90   1.5358E-02
   91   1.8641E-02
   92   2.3085E-02
   93   2.9781E-02
   94   3.3911E-02
   95   3.9256E-02
   96   4.3888E-02
   97   4.8018E-02
   98   5.0357E-02
   99   5.9618E-02
  100   6.2545E-02
  101   6.2319E-02
  102   6.6553E-02
  103   6.7769E-02
  104   7.1795E-02
  105   6.0743E-02
  106   6.1040E-02
  107   4.8863E-02
  108   3.7696E-02
  109   2.5876E-02
  110   1.3251E-02
  111   5.8551E-03
  112   2.1849E-03
  113   1.5192E-03
  114   7.1086E-04
  115   3.8087E-04
  116   2.7787E-04
  117   2.3626E-04
  118   2.3157E-04
  119   2.3156E-04
  120   2.5623E-04
  121   2.5882E-04
  122   2.5882E-04
  123   2.6704E-04
  124   3.2093E-04
  125   4.6901E-04
  126   8.2238E-04
  127   2.3237E-03
  128   3.7923E-03
  129   8.1995E-03
  130   1.8188E-02
  131   3.1008E-02
  132   4.5643E-02
  133   6.7288E-02
  134   7.9173E-02
  135   7.1708E-02
  136   7.0910E-02
  137   6.6509E-02
  138   6.6051E-02
  139   6.2174E-02
  140   5.7667E-02
  141   4.9058E-02
  142   4.7470E-02
  143   4.5780E-02
  144   4.2274E-02
  145   3.2629E-02
  146   2.7665E-02
  147   2.2849E-02
  148   1.9321E-02
  149   1.4741E-02
  150   1.2094E-02
  151   9.1302E-03
  152   7.1763E-03
  153   5.4058E-03
  154   3.7911E-03
  155   2.4141E-03
  156   1.7212E-03
  157   1.3537E-03
  158   9.2244E-04
  159   4.8030E-04
  160   2.0499E-04
  161   8.4680E-05
  162   1.2700E-07
  163   5.9000E-08
  164   1.9700E-08
  165   6.1500E-09
  166   4.1400E-09
  167   1.0400E-09
  168   9.5000E-08
  169   4.0200E-08
  170   1.6400E-08
  171   2.1900E-09
  172   7.3100E-10
