    1   3.0023E-05
    2   9.1752E-06
    3   1.3090E-04
    4   2.3973E-03
    6   3.3477E-05
    7   1.4021E-06
    8   6.2583E-07
    9   9.9789E-07
   10   9.1000E-06
   66   4.9970E-09
   67   8.9841E-09
   68   2.1967E-08
   69   4.9908E-08
   70   1.5971E-07
   71   2.4990E-07
   72   4.9888E-07
   73   1.1992E-06
   74   2.7942E-06
   75   6.9942E-06
   76   1.2995E-05
   77   2.8977E-05
   78   4.9857E-05
   79   1.8945E-04
   80   3.8708E-04
   81   6.1185E-04
   82   1.0038E-03
   83   1.6967E-03
   84   2.2413E-03
   85   3.8711E-03
   86   4.8911E-03
   87   6.5849E-03
   88   8.5653E-03
   89   1.1342E-02
   90   1.4026E-02
   91   1.7543E-02
   92   2.0912E-02
   93   2.5088E-02
   94   3.2040E-02
   95   3.7584E-02
   96   4.4641E-02
   97   4.6840E-02
   98   5.0609E-02
   99   5.4278E-02
  100   5.3841E-02
  101   5.9273E-02
  102   5.9971E-02
  103   5.9072E-02
  104   5.9755E-02
  105   5.8857E-02
  106   5.6298E-02
  107   5.2476E-02
  108   4.9371E-02
  109   3.7790E-02
  110   2.8200E-02
  111   1.7486E-02
  112   9.2924E-03
  113   4.2160E-03
  114   2.1970E-03
  115   1.0203E-03
  116   9.9866E-04
  117   9.9955E-04
  118   9.4921E-04
  119   8.9925E-04
  120   8.6011E-04
  121   8.4880E-04
  122   1.0912E-03
  123   9.9716E-04
  124   1.1973E-03
  125   1.2989E-03
  126   2.3175E-03
  127   3.4947E-03
  128   5.6818E-03
  129   8.9137E-03
  130   1.7629E-02
  131   3.1965E-02
  132   4.7244E-02
  133   5.6218E-02
  134   6.2208E-02
  135   6.7827E-02
  136   7.2688E-02
  137   7.3004E-02
  138   6.6400E-02
  139   5.9776E-02
  140   5.4863E-02
  141   4.9553E-02
  142   5.2368E-02
  143   5.2129E-02
  144   4.1577E-02
  145   3.4197E-02
  146   2.8969E-02
  147   2.3372E-02
  148   1.8659E-02
  149   1.5576E-02
  150   1.2337E-02
  151   9.6722E-03
  152   7.9770E-03
  153   5.8831E-03
  154   4.1902E-03
  155   3.0911E-03
  156   2.1937E-03
  157   1.4957E-03
  158   9.5724E-04
  159   5.7833E-04
  160   3.4987E-04
  161   1.9942E-04
  162   8.4835E-05
  163   3.2435E-05
  164   1.3956E-05
  165   5.9821E-06
  166   2.9926E-06
  167   9.9687E-07
  168   5.5768E-07
  169   2.3909E-07
  170   1.2972E-07
  171   3.4878E-08
  172   1.7946E-08
