# header:
#   title: "U238+n induced fission product yield"
#   source: "ENDF"
#   creator: "Shin Okumura"
#   date: 2023-07-14
#   format: "YANDF-0.1"
# endf:
#   library: "endfb8.0"
#   author: "T.R. ENGLAND ET AL"
#   year: 1989
# target:
#   Z: 92
#   A: 238
#   nuclide: "U238"
# reaction:
#   type: "(n,f)"
#   Incident energy [MeV]: 1.4000000e+07
# datablock:
#   quantity: "cumulative fission product yield"
#   columns: 4
#   entries: 1283
##   A      Z  ISO           Yield         dYield
##                           %/fission     %/fission
     23     66 0.0000000e+00 2.3799200e-14 1.5231500e-14
     23     67 0.0000000e+00 3.3278600e-15 2.1298300e-15
     23     68 0.0000000e+00 4.2959600e-16 2.7494100e-16
     24     66 0.0000000e+00 1.1800100e-10 7.5520300e-11
     24     67 0.0000000e+00 1.6500100e-11 1.0560000e-11
     24     68 0.0000000e+00 2.1300100e-12 1.3632100e-12
     24     69 0.0000000e+00 7.9263500e-14 5.0728600e-14
     24     70 0.0000000e+00 0.0000000e+00 0.0000000e+00
     25     66 0.0000000e+00 1.9500100e-08 1.2480100e-08
     25     67 0.0000000e+00 6.9900300e-09 4.4736200e-09
     25     68 0.0000000e+00 2.2900100e-09 1.4656100e-09
     25     69 0.0000000e+00 3.9300200e-10 2.5152100e-10
     25     70 0.0000000e+00 5.4700200e-11 3.5008100e-11
     25     71 0.0000000e+00 4.8800200e-12 3.1232100e-12
     25     72 0.0000000e+00 2.3395800e-13 1.4973300e-13
     25     73 0.0000000e+00 2.9648200e-14 1.8974800e-14
     26     66 0.0000000e+00 2.9600100e-07 1.8944100e-07
     26     67 0.0000000e+00 2.4800100e-07 1.5872100e-07
     26     68 0.0000000e+00 1.9400100e-07 1.2416100e-07
     26     69 0.0000000e+00 8.3800400e-08 5.3632200e-08
     26     70 0.0000000e+00 2.9200100e-08 1.8688100e-08
     26     71 0.0000000e+00 6.8300300e-09 4.3712200e-09
     26     72 0.0000000e+00 1.1600000e-09 7.4240300e-10
     26     73 0.0000000e+00 1.4700100e-10 9.4080400e-11
     26     74 0.0000000e+00 1.0300000e-11 6.5920300e-12
     26     75 0.0000000e+00 5.9296300e-13 3.7949600e-13
     26     76 0.0000000e+00 2.2300100e-14 1.4272100e-14
     27     66 0.0000000e+00 7.1200300e-07 2.2784100e-07
     27     67 0.0000000e+00 1.0700000e-06 6.8480300e-07
     27     68 0.0000000e+00 1.6600100e-06 1.0624000e-06
     27     69 0.0000000e+00 1.5900100e-06 1.0176000e-06
     27     70 0.0000000e+00 1.2900100e-06 8.2560400e-07
     27     71 0.0000000e+00 7.4000300e-07 4.7360200e-07
     27     72 0.0000000e+00 3.1000100e-07 1.9840100e-07
     27     73 0.0000000e+00 1.0200000e-07 6.5280300e-08
     27     74 0.0000000e+00 1.8700100e-08 1.1968100e-08
     27     75 0.0000000e+00 2.9400100e-09 1.8816100e-09
     27     76 0.0000000e+00 2.7800100e-10 1.7792100e-10
     27     77 0.0000000e+00 7.3414500e-12 4.6985300e-12
     27     78 0.0000000e+00 9.4188400e-13 6.0280600e-13
     27     79 0.0000000e+00 3.7432900e-13 2.3957100e-13
     28     66 0.0000000e+00 7.8100300e-07 8.5910400e-08
     28     67 0.0000000e+00 1.3800100e-06 4.4160200e-07
     28     68 0.0000000e+00 2.8800100e-06 1.2960100e-06
     28     69 0.0000000e+00 4.4200200e-06 2.8288100e-06
     28     70 0.0000000e+00 6.4900300e-06 4.1536200e-06
     28     71 0.0000000e+00 7.7900300e-06 4.9856200e-06
     28     72 0.0000000e+00 7.2300300e-06 4.6272200e-06
     28     73 0.0000000e+00 5.6800200e-06 3.6352200e-06
     28     74 0.0000000e+00 2.6000100e-06 1.6640100e-06
     28     75 0.0000000e+00 1.0200000e-06 6.5280300e-07
     28     76 0.0000000e+00 2.5000100e-07 1.6000100e-07
     28     77 0.0000000e+00 3.6400200e-08 2.3296100e-08
     28     78 0.0000000e+00 4.6700200e-09 2.9888100e-09
     28     79 0.0000000e+00 1.8559900e-09 1.1878300e-09
     28     80 0.0000000e+00 2.5000100e-11 1.6000100e-11
     28     81 0.0000000e+00 1.6215700e-12 1.0378100e-12
     28     82 0.0000000e+00 1.2800100e-14 8.1920300e-15
     29     66 0.0000000e+00 7.8200300e-07 8.6020400e-08
     29     67 0.0000000e+00 1.3900100e-06 3.1970100e-07
     29     68 0.0000000e+00 2.9400100e-06 9.4080400e-07
     29     68 1.0000000e+00 8.8900400e-08 5.6896200e-08
     29     69 0.0000000e+00 5.0000200e-06 2.2500100e-06
     29     70 0.0000000e+00 3.6100200e-06 2.3104100e-06
     29     70 1.0000000e+00 5.2900200e-06 3.3856100e-06
     29     71 0.0000000e+00 1.5090100e-05 6.7905300e-06
     29     72 0.0000000e+00 2.2980100e-05 1.0341000e-05
     29     73 0.0000000e+00 3.4660100e-05 2.2182500e-05
     29     74 0.0000000e+00 3.3930100e-05 2.1715300e-05
     29     75 0.0000000e+00 2.9890100e-05 1.9129700e-05
     29     76 0.0000000e+00 1.7790100e-05 1.1385600e-05
     29     77 0.0000000e+00 6.6700300e-06 4.2688200e-06
     29     78 0.0000000e+00 2.2600100e-06 1.4464100e-06
     29     79 0.0000000e+00 6.8000300e-07 4.3520200e-07
     29     80 0.0000000e+00 8.9900400e-08 5.7536200e-08
     29     81 0.0000000e+00 8.0400300e-09 5.1456200e-09
     29     82 0.0000000e+00 3.7500200e-10 2.4000100e-10
     29     83 0.0000000e+00 1.6195600e-11 1.0365200e-11
     29     84 0.0000000e+00 1.0649100e-12 6.8154500e-13
     30     66 0.0000000e+00 7.8200300e-07 8.6020400e-08
     30     67 0.0000000e+00 1.3900100e-06 2.2240100e-07
     30     68 0.0000000e+00 2.9900100e-06 4.7840200e-07
     30     69 0.0000000e+00 5.0100200e-06 1.6032100e-06
     30     69 1.0000000e+00 1.0300000e-08 6.5920300e-09
     30     70 0.0000000e+00 9.0100400e-06 1.4416100e-06
     30     71 0.0000000e+00 1.5180100e-05 4.8576200e-06
     30     71 1.0000000e+00 7.2800300e-07 4.6592200e-07
     30     72 0.0000000e+00 2.6970100e-05 4.3152200e-06
     30     73 0.0000000e+00 5.1300200e-05 2.3085100e-05
     30     74 0.0000000e+00 7.4300300e-05 3.3435100e-05
     30     75 0.0000000e+00 1.1189000e-04 7.1609900e-05
     30     76 0.0000000e+00 1.3202100e-04 8.4493200e-05
     30     77 0.0000000e+00 1.1084000e-04 7.0937900e-05
     30     78 0.0000000e+00 9.0110400e-05 5.7670600e-05
     30     79 0.0000000e+00 6.8460300e-05 4.3814600e-05
     30     80 0.0000000e+00 2.4080100e-05 1.5411300e-05
     30     81 0.0000000e+00 5.8700300e-06 3.7568200e-06
     30     82 0.0000000e+00 7.7700300e-07 4.9728200e-07
     30     83 0.0000000e+00 8.0300300e-08 5.1392200e-08
     30     84 0.0000000e+00 5.2800200e-09 3.3792100e-09
     30     85 0.0000000e+00 1.2323100e-10 7.8868100e-11
     30     86 0.0000000e+00 4.5200200e-12 2.8928100e-12
     31     66 0.0000000e+00 0.0000000e+00 0.0000000e+00
     31     67 0.0000000e+00 0.0000000e+00 0.0000000e+00
     31     68 0.0000000e+00 5.1100200e-13 3.2704100e-13
     31     69 0.0000000e+00 5.0100200e-06 8.0160300e-07
     31     70 0.0000000e+00 4.4800200e-10 2.8672100e-10
     31     71 0.0000000e+00 1.5920100e-05 2.5472100e-06
     31     72 1.0000000e+00 4.4550200e-08 2.8512100e-08
     31     72 0.0000000e+00 2.7060100e-05 1.7318500e-05
     31     73 0.0000000e+00 5.2300200e-05 1.2029100e-05
     31     74 1.0000000e+00 5.8570200e-05 3.7485000e-05
     31     74 0.0000000e+00 6.5347800e-05 4.1822600e-05
     31     75 0.0000000e+00 1.3788100e-04 6.2046300e-05
     31     76 0.0000000e+00 2.1369100e-04 6.8381100e-05
     31     77 0.0000000e+00 2.8152100e-04 1.8017400e-04
     31     78 0.0000000e+00 4.2397200e-04 2.7134200e-04
     31     79 0.0000000e+00 6.7608300e-04 4.3269300e-04
     31     80 0.0000000e+00 5.6193200e-04 3.5963700e-04
     31     81 0.0000000e+00 3.4418100e-04 2.2027600e-04
     31     82 0.0000000e+00 1.2244100e-04 7.8361900e-05
     31     83 0.0000000e+00 3.4110100e-05 2.1830500e-05
     31     84 0.0000000e+00 6.3100300e-06 4.0384200e-06
     31     85 0.0000000e+00 6.1100300e-07 3.9104200e-07
     31     86 0.0000000e+00 4.3200200e-08 2.7648100e-08
     31     87 0.0000000e+00 6.6153700e-10 4.2338400e-10
     31     88 0.0000000e+00 6.4540200e-11 4.1305700e-11
     31     89 0.0000000e+00 1.1918000e-11 7.6275100e-12
     32     66 0.0000000e+00 0.0000000e+00 0.0000000e+00
     32     67 0.0000000e+00 0.0000000e+00 0.0000000e+00
     32     68 0.0000000e+00 0.0000000e+00 0.0000000e+00
     32     69 0.0000000e+00 0.0000000e+00 0.0000000e+00
     32     70 0.0000000e+00 4.4800200e-10 2.8672100e-10
     32     71 0.0000000e+00 6.4400300e-12 4.1216200e-12
     32     71 1.0000000e+00 3.2200100e-12 2.0608100e-12
     32     72 0.0000000e+00 2.7060100e-05 2.9766100e-06
     32     73 0.0000000e+00 5.2300200e-05 5.7530200e-06
     32     73 1.0000000e+00 5.2300200e-05 8.3680400e-06
     32     74 0.0000000e+00 8.0060300e-05 1.2809700e-05
     32     75 0.0000000e+00 1.3869100e-04 4.4381000e-05
     32     75 1.0000000e+00 6.2600300e-06 2.8170100e-06
     32     76 0.0000000e+00 2.1986100e-04 3.5177700e-05
     32     77 0.0000000e+00 1.1499000e-04 5.1745700e-05
     32     77 1.0000000e+00 2.4990100e-04 1.1245500e-04
     32     78 0.0000000e+00 5.6528200e-04 2.5437700e-04
     32     79 1.0000000e+00 3.3035300e-04 2.1142600e-04
     32     79 0.0000000e+00 9.5340700e-04 6.1018000e-04
     32     80 0.0000000e+00 1.8105800e-03 8.1476000e-04
     32     81 0.0000000e+00 2.1590700e-03 1.3818000e-03
     32     82 0.0000000e+00 1.7689800e-03 1.1321500e-03
     32     83 0.0000000e+00 1.1910600e-03 7.6227500e-04
     32     84 0.0000000e+00 5.8920300e-04 3.7709000e-04
     32     85 0.0000000e+00 1.5179100e-04 9.7146000e-05
     32     86 0.0000000e+00 2.9920100e-05 1.9148900e-05
     32     87 0.0000000e+00 3.2800100e-06 2.0992100e-06
     32     88 0.0000000e+00 3.2000100e-07 2.0480100e-07
     32     89 0.0000000e+00 5.9091400e-08 3.7818500e-08
     32     90 0.0000000e+00 2.8221100e-10 1.8061500e-10
     32     91 0.0000000e+00 4.8073800e-11 3.0767200e-11
     33     69 0.0000000e+00 0.0000000e+00 0.0000000e+00
     33     71 0.0000000e+00 0.0000000e+00 0.0000000e+00
     33     72 0.0000000e+00 2.5600100e-14 1.6384100e-14
     33     73 0.0000000e+00 1.9200100e-12 1.2288100e-12
     33     74 0.0000000e+00 7.4500300e-11 4.7680200e-11
     33     74 1.0000000e+00 6.1100300e-11 3.9104200e-11
     33     75 0.0000000e+00 1.3869100e-04 2.2190500e-05
     33     76 0.0000000e+00 4.0600200e-08 2.5984100e-08
     33     77 0.0000000e+00 3.1293100e-04 3.4422400e-05
     33     78 0.0000000e+00 5.7130200e-04 1.8281700e-04
     33     79 0.0000000e+00 1.3322600e-03 5.9951500e-04
     33     80 0.0000000e+00 2.1211700e-03 6.7877400e-04
     33     81 0.0000000e+00 3.2606400e-03 1.0434100e-03
     33     82 0.0000000e+00 2.9604500e-03 1.3322000e-03
     33     82 1.0000000e+00 1.1924700e-03 7.6317800e-04
     33     83 0.0000000e+00 5.1086300e-03 2.2988800e-03
     33     84 1.0000000e+00 2.4381100e-03 1.5603900e-03
     33     84 0.0000000e+00 3.0216100e-03 1.9338300e-03
     33     85 0.0000000e+00 3.2848400e-03 2.1023000e-03
     33     86 0.0000000e+00 1.6678300e-03 1.0674100e-03
     33     87 0.0000000e+00 4.8040200e-04 3.0745700e-04
     33     88 0.0000000e+00 1.2573100e-04 8.0467500e-05
     33     89 0.0000000e+00 2.1650100e-05 1.3856100e-05
     33     90 0.0000000e+00 1.3992500e-06 8.9552100e-07
     33     91 0.0000000e+00 2.3835800e-07 1.5254900e-07
     33     92 0.0000000e+00 1.9987300e-09 1.2791900e-09
     33     93 0.0000000e+00 7.2702500e-11 4.6529600e-11
     33     94 0.0000000e+00 8.2692200e-12 5.2923000e-12
     34     72 0.0000000e+00 0.0000000e+00 0.0000000e+00
     34     73 0.0000000e+00 0.0000000e+00 0.0000000e+00
     34     73 1.0000000e+00 0.0000000e+00 0.0000000e+00
     34     74 0.0000000e+00 2.4400100e-11 1.5616100e-11
     34     75 0.0000000e+00 3.9300200e-13 2.5152100e-13
     34     76 0.0000000e+00 4.0600200e-08 2.5984100e-08
     34     77 0.0000000e+00 3.1293100e-04 2.5034500e-05
     34     77 1.0000000e+00 9.3900400e-07 1.0329000e-07
     34     78 0.0000000e+00 5.7133200e-04 9.1413200e-05
     34     79 0.0000000e+00 1.3328400e-03 4.2650700e-04
     34     79 1.0000000e+00 1.3323000e-03 5.9953300e-04
     34     80 0.0000000e+00 2.1288000e-03 3.4060800e-04
     34     81 0.0000000e+00 3.3296300e-03 5.3274100e-04
     34     81 1.0000000e+00 6.3470300e-05 4.0621000e-05
     34     82 0.0000000e+00 4.5295500e-03 7.2472800e-04
     34     83 0.0000000e+00 3.1821800e-03 5.0914900e-04
     34     83 1.0000000e+00 3.4355200e-03 1.0993700e-03
     34     84 0.0000000e+00 1.0800900e-02 1.1881000e-03
     34     85 0.0000000e+00 5.0048100e-03 3.2030800e-03
     34     85 1.0000000e+00 3.4363000e-03 2.1992300e-03
     34     86 0.0000000e+00 1.0193200e-02 4.5869600e-03
     34     87 0.0000000e+00 6.3339100e-03 2.8502600e-03
     34     88 0.0000000e+00 4.1570400e-03 2.6605000e-03
     34     89 0.0000000e+00 1.8794900e-03 1.2028700e-03
     34     90 0.0000000e+00 5.1266200e-04 3.2810400e-04
     34     91 0.0000000e+00 8.7330400e-05 5.5891400e-05
     34     92 0.0000000e+00 9.9100400e-06 6.3424300e-06
     34     93 0.0000000e+00 3.6047100e-07 2.3070200e-07
     34     94 0.0000000e+00 4.1000200e-08 2.6240100e-08
     34     95 0.0000000e+00 4.0084600e-10 2.5654200e-10
     34     96 0.0000000e+00 3.0900100e-11 1.9776100e-11
     35     75 0.0000000e+00 0.0000000e+00 0.0000000e+00
     35     77 0.0000000e+00 6.9700300e-14 4.4608200e-14
     35     77 1.0000000e+00 5.9900300e-14 3.8336200e-14
     35     78 0.0000000e+00 5.7300200e-12 3.6672200e-12
     35     79 0.0000000e+00 1.3328400e-03 2.1325400e-04
     35     79 1.0000000e+00 3.5800200e-10 2.2912100e-10
     35     80 0.0000000e+00 1.5100100e-08 9.6640400e-09
     35     80 1.0000000e+00 1.2900100e-08 8.2560400e-09
     35     81 0.0000000e+00 3.3300000e-03 3.6630000e-04
     35     82 0.0000000e+00 1.7100100e-06 1.0944000e-06
     35     82 1.0000000e+00 9.9400400e-07 6.3616300e-07
     35     83 0.0000000e+00 6.6749700e-03 5.3399700e-04
     35     84 0.0000000e+00 1.0896100e-02 6.5376700e-04
     35     84 1.0000000e+00 3.3761100e-04 2.1607100e-04
     35     85 0.0000000e+00 1.0023300e-02 4.0093100e-04
     35     86 0.0000000e+00 1.2568800e-02 2.8908200e-03
     35     86 1.0000000e+00 2.4559100e-03 1.5717800e-03
     35     87 0.0000000e+00 1.5480200e-02 9.2881400e-04
     35     88 0.0000000e+00 1.4865000e-02 1.6351500e-03
     35     89 0.0000000e+00 1.4993500e-02 3.4485100e-03
     35     90 0.0000000e+00 1.0442500e-02 2.4017700e-03
     35     91 0.0000000e+00 4.5227800e-03 2.8945800e-03
     35     92 0.0000000e+00 1.3451000e-03 8.6086100e-04
     35     93 0.0000000e+00 1.3207100e-04 8.4525200e-05
     35     94 0.0000000e+00 4.1930200e-05 2.6835300e-05
     35     95 0.0000000e+00 1.9874600e-06 1.2719800e-06
     35     96 0.0000000e+00 2.5200100e-07 1.6128100e-07
     35     97 0.0000000e+00 3.0212900e-09 1.9336200e-09
     35     98 0.0000000e+00 2.4807600e-10 1.5876900e-10
     35     99 0.0000000e+00 7.9173200e-11 5.0670800e-11
     36     77 0.0000000e+00 0.0000000e+00 0.0000000e+00
     36     78 0.0000000e+00 0.0000000e+00 0.0000000e+00
     36     79 1.0000000e+00 1.0700000e-14 6.8480300e-15
     36     79 0.0000000e+00 2.1400100e-14 1.3696100e-14
     36     80 0.0000000e+00 1.5100100e-08 9.6640400e-09
     36     81 0.0000000e+00 1.5000100e-10 9.6000400e-11
     36     81 1.0000000e+00 1.0500000e-11 6.7200300e-12
     36     82 0.0000000e+00 1.7400100e-06 1.1136000e-06
     36     83 0.0000000e+00 6.6751500e-03 1.8690400e-04
     36     83 1.0000000e+00 6.6749900e-03 4.0049900e-04
     36     84 0.0000000e+00 1.1237500e-02 3.1465000e-04
     36     85 0.0000000e+00 2.0357300e-03 4.0714600e-05
     36     85 1.0000000e+00 1.0027300e-02 2.0054500e-04
     36     86 0.0000000e+00 1.5710200e-02 4.3988500e-04
     36     87 0.0000000e+00 1.6845200e-02 3.3690400e-04
     36     88 0.0000000e+00 2.1605500e-02 4.3211000e-04
     36     89 0.0000000e+00 2.8092300e-02 5.6184600e-04
     36     90 0.0000000e+00 2.7463500e-02 1.6478100e-03
     36     91 0.0000000e+00 2.5205700e-02 1.0082300e-03
     36     92 0.0000000e+00 1.6584800e-02 4.6437400e-04
     36     93 0.0000000e+00 7.3047900e-03 5.8438300e-04
     36     94 0.0000000e+00 3.3780900e-03 2.1619800e-03
     36     95 0.0000000e+00 7.2817300e-04 4.6603100e-04
     36     96 0.0000000e+00 1.4952100e-04 9.5693200e-05
     36     97 0.0000000e+00 1.4980100e-05 9.5872400e-06
     36     98 0.0000000e+00 1.2300100e-06 7.8720300e-07
     36     99 0.0000000e+00 3.9255400e-07 2.5123500e-07
     36    100 0.0000000e+00 2.4100100e-09 1.5424100e-09
     36    101 0.0000000e+00 1.2402400e-10 7.9375500e-11
     36    102 0.0000000e+00 1.3806200e-11 8.8359400e-12
     37     79 0.0000000e+00 0.0000000e+00 0.0000000e+00
     37     81 0.0000000e+00 0.0000000e+00 0.0000000e+00
     37     83 0.0000000e+00 4.0600200e-11 2.5984100e-11
     37     84 0.0000000e+00 2.5000100e-09 1.6000100e-09
     37     85 0.0000000e+00 1.0059700e-02 1.4083600e-04
     37     86 1.0000000e+00 6.4500300e-08 4.1280200e-08
     37     86 0.0000000e+00 1.2900100e-07 8.2560400e-08
     37     87 0.0000000e+00 1.6864200e-02 3.3728300e-04
     37     88 0.0000000e+00 2.1755700e-02 4.3511400e-04
     37     89 0.0000000e+00 2.9203100e-02 8.1768600e-04
     37     90 0.0000000e+00 2.5099500e-02 1.5059700e-03
     37     90 1.0000000e+00 6.8829200e-03 4.4050700e-03
     37     91 0.0000000e+00 3.7974800e-02 4.1772300e-03
     37     92 0.0000000e+00 3.5672600e-02 5.7076200e-03
     37     93 0.0000000e+00 3.3957900e-02 7.8103100e-03
     37     94 0.0000000e+00 2.7565100e-02 6.3399700e-03
     37     95 0.0000000e+00 1.5109400e-02 3.4751600e-03
     37     96 0.0000000e+00 7.2316300e-03 3.2542300e-03
     37     97 0.0000000e+00 1.9329500e-03 1.2370900e-03
     37     98 0.0000000e+00 4.1488200e-04 2.6552400e-04
     37     99 0.0000000e+00 1.4382500e-04 9.2048100e-05
     37    100 0.0000000e+00 5.8300200e-06 3.7312200e-06
     37    101 0.0000000e+00 6.1493300e-07 3.9355700e-07
     37    102 0.0000000e+00 6.8453200e-08 4.3810100e-08
     37    103 0.0000000e+00 3.2932200e-10 2.1076600e-10
     37    104 0.0000000e+00 2.8639700e-11 1.8329400e-11
     38     83 0.0000000e+00 0.0000000e+00 0.0000000e+00
     38     84 0.0000000e+00 7.5300300e-11 4.8192200e-11
     38     85 1.0000000e+00 4.4450200e-12 2.8448100e-12
     38     85 0.0000000e+00 8.3255200e-12 5.3283300e-12
     38     86 0.0000000e+00 1.3000100e-07 8.3200400e-08
     38     87 0.0000000e+00 1.6864200e-02 3.3728300e-04
     38     87 1.0000000e+00 2.2200100e-09 1.4208100e-09
     38     88 0.0000000e+00 2.1756100e-02 4.3512200e-04
     38     89 0.0000000e+00 2.9212300e-02 8.1794300e-04
     38     90 0.0000000e+00 3.1895600e-02 1.2758200e-03
     38     91 0.0000000e+00 3.8673000e-02 1.0828400e-03
     38     92 0.0000000e+00 3.8761800e-02 1.0853300e-03
     38     93 0.0000000e+00 4.4984100e-02 2.6990400e-03
     38     94 0.0000000e+00 4.5289900e-02 4.9818900e-03
     38     95 0.0000000e+00 4.2819700e-02 6.8511500e-03
     38     96 0.0000000e+00 3.8708600e-02 8.9029800e-03
     38     97 0.0000000e+00 2.3159100e-02 5.3265900e-03
     38     98 0.0000000e+00 1.1864700e-02 2.7288700e-03
     38     99 0.0000000e+00 4.4641500e-03 2.8570600e-03
     38    100 0.0000000e+00 1.0684000e-03 6.8377900e-04
     38    101 0.0000000e+00 2.2530100e-04 1.4419300e-04
     38    102 0.0000000e+00 2.5080100e-05 1.6051300e-05
     38    103 0.0000000e+00 1.6328300e-06 1.0450100e-06
     38    104 0.0000000e+00 1.4200100e-07 9.0880400e-08
     38    105 0.0000000e+00 5.9673100e-10 3.8190800e-10
     38    106 0.0000000e+00 1.5452100e-10 9.8893400e-11
     38    107 0.0000000e+00 3.4904700e-11 2.2339000e-11
     39     85 0.0000000e+00 0.0000000e+00 0.0000000e+00
     39     87 0.0000000e+00 1.5500100e-12 9.9200400e-13
     39     88 0.0000000e+00 9.4300400e-11 6.0352300e-11
     39     89 0.0000000e+00 2.9212300e-02 5.8424500e-04
     39     89 1.0000000e+00 2.9300100e-06 8.2040300e-08
     39     90 1.0000000e+00 7.5000300e-08 4.8000200e-08
     39     90 0.0000000e+00 3.1895800e-02 2.0413300e-02
     39     91 1.0000000e+00 2.2431900e-02 1.4356400e-02
     39     91 0.0000000e+00 3.8676100e-02 2.4752700e-02
     39     92 0.0000000e+00 3.8793700e-02 7.7587400e-04
     39     93 1.0000000e+00 1.5717700e-02 1.0059300e-02
     39     93 0.0000000e+00 4.5290400e-02 2.8985900e-02
     39     94 0.0000000e+00 4.6937500e-02 2.8162500e-03
     39     95 0.0000000e+00 4.8797400e-02 1.9519000e-03
     39     96 0.0000000e+00 5.4889800e-02 8.7823700e-03
     39     96 1.0000000e+00 1.5210300e-02 3.4983800e-03
     39     97 1.0000000e+00 0.0000000e+00 0.0000000e+00
     39     97 0.0000000e+00 4.9268200e-02 5.4195000e-03
     39     98 0.0000000e+00 2.7841500e-02 4.4546400e-03
     39     98 1.0000000e+00 1.5979700e-02 3.6753400e-03
     39     99 0.0000000e+00 3.4203500e-02 7.8668000e-03
     39    100 0.0000000e+00 1.7756300e-02 4.0839600e-03
     39    101 0.0000000e+00 9.0182500e-03 4.0582100e-03
     39    102 0.0000000e+00 2.4631700e-03 1.5764300e-03
     39    103 0.0000000e+00 5.9824300e-04 3.8287500e-04
     39    104 0.0000000e+00 9.1280400e-05 5.8419400e-05
     39    105 0.0000000e+00 2.9586900e-06 1.8935600e-06
     39    106 0.0000000e+00 7.6614100e-07 4.9033100e-07
     39    107 0.0000000e+00 1.7306300e-07 1.1076100e-07
     39    108 0.0000000e+00 6.9179000e-10 4.4274600e-10
     39    109 0.0000000e+00 5.1607900e-11 3.3029100e-11
     39    110 0.0000000e+00 3.3480200e-12 2.1427400e-12
     40     87 0.0000000e+00 0.0000000e+00 0.0000000e+00
     40     88 0.0000000e+00 0.0000000e+00 0.0000000e+00
     40     89 0.0000000e+00 2.3900100e-13 1.5296100e-13
     40     90 1.0000000e+00 9.2500400e-12 5.9200300e-12
     40     90 0.0000000e+00 3.1895800e-02 2.0413300e-02
     40     91 0.0000000e+00 3.8676100e-02 7.7352300e-04
     40     92 0.0000000e+00 3.8793700e-02 7.7587400e-04
     40     93 0.0000000e+00 4.5291300e-02 1.2681600e-03
     40     94 0.0000000e+00 4.6950200e-02 2.8170100e-03
     40     95 0.0000000e+00 4.8918200e-02 9.7836400e-04
     40     96 0.0000000e+00 5.5753900e-02 6.1329300e-03
     40     97 0.0000000e+00 5.2760900e-02 7.3865200e-04
     40     98 0.0000000e+00 5.4339400e-02 8.6943000e-03
     40     99 0.0000000e+00 5.5363300e-02 8.8581200e-03
     40    100 0.0000000e+00 4.4949000e-02 7.1918300e-03
     40    101 0.0000000e+00 4.2354300e-02 9.7414900e-03
     40    102 0.0000000e+00 2.3849500e-02 5.4853800e-03
     40    103 0.0000000e+00 1.3082800e-02 3.0090500e-03
     40    104 0.0000000e+00 4.7450900e-03 3.0368600e-03
     40    105 0.0000000e+00 1.0840100e-03 6.9376900e-04
     40    106 0.0000000e+00 2.8070100e-04 1.7964900e-04
     40    107 0.0000000e+00 6.3407500e-05 4.0580800e-05
     40    108 0.0000000e+00 3.4300100e-06 2.1952100e-06
     40    109 0.0000000e+00 2.5588100e-07 1.6376400e-07
     40    110 0.0000000e+00 1.6600100e-08 1.0624000e-08
     40    111 0.0000000e+00 1.4186000e-10 9.0790300e-11
     40    112 0.0000000e+00 3.1625300e-11 2.0240200e-11
     40    113 0.0000000e+00 1.0694800e-11 6.8446800e-12
     41     89 0.0000000e+00 0.0000000e+00 0.0000000e+00
     41     90 0.0000000e+00 0.0000000e+00 0.0000000e+00
     41     91 0.0000000e+00 2.8800100e-14 1.8432100e-14
     41     92 0.0000000e+00 2.3100100e-12 1.4784100e-12
     41     93 0.0000000e+00 4.5291300e-02 1.2681600e-03
     41     93 1.0000000e+00 4.3026800e-02 1.2047500e-03
     41     94 0.0000000e+00 7.2300300e-09 4.6272200e-09
     41     94 1.0000000e+00 1.8800100e-09 1.2032100e-09
     41     95 0.0000000e+00 4.8918400e-02 9.7836800e-04
     41     95 1.0000000e+00 4.8920200e-04 9.7840400e-06
     41     96 0.0000000e+00 1.0800000e-06 6.9120300e-07
     41     97 0.0000000e+00 5.2800400e-02 7.3920500e-04
     41     97 1.0000000e+00 4.9599600e-02 6.9439400e-04
     41     98 0.0000000e+00 5.4596500e-02 8.7354500e-03
     41     98 1.0000000e+00 4.5380200e-05 2.9043300e-05
     41     99 0.0000000e+00 3.8888600e-02 4.2777500e-03
     41     99 1.0000000e+00 1.8154100e-02 2.9046500e-03
     41    100 0.0000000e+00 2.4948600e-02 5.7381700e-03
     41    100 1.0000000e+00 2.4948600e-02 5.7381700e-03
     41    101 0.0000000e+00 5.6373600e-02 4.5098900e-03
     41    102 1.0000000e+00 1.0132100e-02 6.4845500e-03
     41    102 0.0000000e+00 3.3981600e-02 2.1748200e-02
     41    103 0.0000000e+00 3.9702200e-02 9.1315000e-03
     41    104 1.0000000e+00 1.1288800e-02 7.2248000e-03
     41    104 0.0000000e+00 1.6037000e-02 1.0263700e-02
     41    105 0.0000000e+00 1.3923400e-02 3.2023800e-03
     41    106 0.0000000e+00 6.5729800e-03 2.9578400e-03
     41    107 0.0000000e+00 1.9680900e-03 1.2595800e-03
     41    108 0.0000000e+00 4.4282200e-04 2.8340600e-04
     41    109 0.0000000e+00 9.3750400e-05 6.0000300e-05
     41    110 0.0000000e+00 1.3790100e-05 8.8256400e-06
     41    111 0.0000000e+00 7.0336500e-07 4.5015400e-07
     41    112 0.0000000e+00 1.5680400e-07 1.0035400e-07
     41    113 0.0000000e+00 5.3026700e-08 3.3937100e-08
     41    114 0.0000000e+00 1.2141600e-10 7.7706400e-11
     41    115 0.0000000e+00 2.2295700e-11 1.4269300e-11
     41    116 0.0000000e+00 5.4052400e-13 3.4593600e-13
     42     90 0.0000000e+00 0.0000000e+00 0.0000000e+00
     42     91 0.0000000e+00 0.0000000e+00 0.0000000e+00
     42     92 0.0000000e+00 0.0000000e+00 0.0000000e+00
     42     93 1.0000000e+00 0.0000000e+00 0.0000000e+00
     42     93 0.0000000e+00 0.0000000e+00 0.0000000e+00
     42     94 0.0000000e+00 7.2300300e-09 4.6272200e-09
     42     95 0.0000000e+00 4.8918400e-02 9.7836800e-04
     42     96 0.0000000e+00 1.0800000e-06 6.9120300e-07
     42     97 0.0000000e+00 5.2800400e-02 7.3920600e-04
     42     98 0.0000000e+00 5.4642700e-02 6.0106900e-03
     42     99 0.0000000e+00 5.7054000e-02 7.9875700e-04
     42    100 0.0000000e+00 4.9981300e-02 5.4979400e-03
     42    101 0.0000000e+00 5.6976000e-02 2.2790400e-03
     42    102 0.0000000e+00 4.6198200e-02 5.0818000e-03
     42    103 0.0000000e+00 4.6014000e-02 3.6811200e-03
     42    104 0.0000000e+00 3.9582800e-02 3.1666200e-03
     42    105 0.0000000e+00 2.9888600e-02 4.7821700e-03
     42    106 0.0000000e+00 2.0836200e-02 4.7923300e-03
     42    107 0.0000000e+00 1.1517400e-02 5.1828100e-03
     42    108 0.0000000e+00 5.4148400e-03 3.4655000e-03
     42    109 0.0000000e+00 2.5788300e-03 1.6504500e-03
     42    110 0.0000000e+00 9.1371400e-04 5.8477700e-04
     42    111 0.0000000e+00 2.5770100e-04 1.6492900e-04
     42    112 0.0000000e+00 5.7450200e-05 3.6768200e-05
     42    113 0.0000000e+00 1.9428100e-05 1.2434000e-05
     42    114 0.0000000e+00 6.0200300e-07 3.8528200e-07
     42    115 0.0000000e+00 1.1054600e-07 7.0749400e-08
     42    116 0.0000000e+00 2.6800100e-09 1.7152100e-09
     42    117 0.0000000e+00 4.2728600e-11 2.7346300e-11
     42    118 0.0000000e+00 1.1510600e-11 7.3668000e-12
     43     93 0.0000000e+00 0.0000000e+00 0.0000000e+00
     43     95 0.0000000e+00 0.0000000e+00 0.0000000e+00
     43     95 1.0000000e+00 0.0000000e+00 0.0000000e+00
     43     97 1.0000000e+00 1.2350100e-12 7.9040300e-13
     43     97 0.0000000e+00 2.4700100e-12 1.5808100e-12
     43     98 0.0000000e+00 1.3900100e-10 8.8960400e-11
     43     99 0.0000000e+00 5.7054100e-02 5.7054100e-04
     43     99 1.0000000e+00 5.0207600e-02 7.0290600e-04
     43    100 0.0000000e+00 1.1300000e-07 7.2320300e-08
     43    101 0.0000000e+00 5.6978200e-02 1.5953900e-03
     43    102 0.0000000e+00 2.3197100e-03 2.5516800e-04
     43    102 1.0000000e+00 4.6207500e-02 5.0828300e-03
     43    103 0.0000000e+00 4.6158000e-02 1.8463200e-03
     43    104 0.0000000e+00 4.0257900e-02 1.6103200e-03
     43    105 0.0000000e+00 3.2130800e-02 1.9278500e-03
     43    106 0.0000000e+00 2.4456700e-02 1.4674000e-03
     43    107 0.0000000e+00 1.6656900e-02 3.8310800e-03
     43    108 0.0000000e+00 1.1417600e-02 5.1379100e-03
     43    109 0.0000000e+00 9.1787300e-03 4.1304300e-03
     43    110 0.0000000e+00 6.3884000e-03 2.8747800e-03
     43    111 0.0000000e+00 3.8561600e-03 2.4679400e-03
     43    112 0.0000000e+00 1.9494700e-03 1.2476600e-03
     43    113 0.0000000e+00 6.0302300e-04 3.8593400e-04
     43    114 0.0000000e+00 1.2528100e-04 8.0179500e-05
     43    115 0.0000000e+00 4.0502200e-05 2.5921400e-05
     43    116 0.0000000e+00 3.4600100e-06 2.2144100e-06
     43    117 0.0000000e+00 2.1185600e-07 1.3558800e-07
     43    118 0.0000000e+00 5.7071700e-08 3.6525900e-08
     43    119 0.0000000e+00 5.2438900e-10 3.3560900e-10
     43    120 0.0000000e+00 5.8287900e-11 3.7304200e-11
     43    121 0.0000000e+00 8.3178200e-12 5.3234100e-12
     44     95 0.0000000e+00 0.0000000e+00 0.0000000e+00
     44     96 0.0000000e+00 0.0000000e+00 0.0000000e+00
     44     97 0.0000000e+00 0.0000000e+00 0.0000000e+00
     44     98 0.0000000e+00 1.3900100e-10 8.8960400e-11
     44     99 0.0000000e+00 5.7054100e-02 5.7054100e-04
     44    100 0.0000000e+00 1.1300000e-07 7.2320300e-08
     44    101 0.0000000e+00 5.6978200e-02 1.5953900e-03
     44    102 0.0000000e+00 4.6216900e-02 3.6973500e-03
     44    103 0.0000000e+00 4.6158300e-02 9.2316500e-04
     44    104 0.0000000e+00 4.0261000e-02 1.6104400e-03
     44    105 0.0000000e+00 3.2159000e-02 9.0045100e-04
     44    106 0.0000000e+00 2.4545900e-02 6.8728600e-04
     44    107 0.0000000e+00 1.6942400e-02 1.8636600e-03
     44    108 0.0000000e+00 1.2215200e-02 3.9088600e-03
     44    109 1.0000000e+00 9.8043900e-04 6.2748100e-04
     44    109 0.0000000e+00 1.0190800e-02 6.5220900e-03
     44    110 0.0000000e+00 1.0014900e-02 3.2047800e-03
     44    111 0.0000000e+00 9.0556900e-03 2.8978200e-03
     44    112 0.0000000e+00 8.0654000e-03 2.5809300e-03
     44    113 0.0000000e+00 5.1071200e-03 3.2685600e-03
     44    114 0.0000000e+00 2.3288500e-03 1.4904600e-03
     44    115 0.0000000e+00 1.2571400e-03 8.0456700e-04
     44    116 0.0000000e+00 3.4789100e-04 2.2265100e-04
     44    117 0.0000000e+00 7.7620300e-05 4.9677000e-05
     44    118 0.0000000e+00 2.0910100e-05 1.3382500e-05
     44    119 0.0000000e+00 2.6000100e-06 1.6640100e-06
     44    120 0.0000000e+00 2.8900100e-07 1.8496100e-07
     44    121 0.0000000e+00 4.1241200e-08 2.6394300e-08
     44    122 0.0000000e+00 1.0900000e-09 6.9760300e-10
     44    123 0.0000000e+00 3.6707300e-11 2.3492600e-11
     44    124 0.0000000e+00 9.4200400e-13 6.0288300e-13
     45     99 0.0000000e+00 0.0000000e+00 0.0000000e+00
     45    101 0.0000000e+00 0.0000000e+00 0.0000000e+00
     45    101 1.0000000e+00 0.0000000e+00 0.0000000e+00
     45    102 0.0000000e+00 3.2800100e-13 2.0992100e-13
     45    102 1.0000000e+00 3.2800100e-13 2.0992100e-13
     45    103 0.0000000e+00 4.6158300e-02 9.2316500e-04
     45    103 1.0000000e+00 4.5696700e-02 9.1393400e-04
     45    104 0.0000000e+00 1.0800000e-09 6.9120300e-10
     45    104 1.0000000e+00 9.1800400e-10 5.8752300e-10
     45    105 0.0000000e+00 3.2159000e-02 6.4317900e-04
     45    105 1.0000000e+00 8.6829200e-03 2.4312200e-04
     45    106 0.0000000e+00 2.4546000e-02 6.8728800e-04
     45    106 1.0000000e+00 8.6600400e-08 5.5424200e-08
     45    107 0.0000000e+00 1.6943800e-02 1.0166300e-03
     45    108 0.0000000e+00 1.2219900e-02 2.8105800e-03
     45    108 1.0000000e+00 4.7400200e-06 3.0336100e-06
     45    109 0.0000000e+00 1.1228200e-02 7.1860200e-03
     45    109 1.0000000e+00 5.1238600e-03 3.2792700e-03
     45    110 0.0000000e+00 1.0143900e-02 2.3331000e-03
     45    110 1.0000000e+00 1.2896100e-04 8.2534800e-05
     45    111 0.0000000e+00 9.9096500e-03 2.2792200e-03
     45    112 0.0000000e+00 1.0246400e-02 1.1271000e-03
     45    113 0.0000000e+00 8.8222100e-03 2.8231100e-03
     45    114 0.0000000e+00 6.3570300e-03 2.8606600e-03
     45    115 0.0000000e+00 6.2411400e-03 3.9943300e-03
     45    116 0.0000000e+00 3.4396200e-03 2.2013600e-03
     45    117 0.0000000e+00 1.6974700e-03 1.0863800e-03
     45    118 0.0000000e+00 1.0374800e-03 6.6399000e-04
     45    119 0.0000000e+00 3.0371100e-04 1.9437500e-04
     45    120 0.0000000e+00 8.1530300e-05 5.2179400e-05
     45    121 0.0000000e+00 1.5110100e-05 9.6704400e-06
     45    122 0.0000000e+00 1.9900100e-06 1.2736100e-06
     45    123 0.0000000e+00 1.8200100e-07 1.1648000e-07
     45    124 0.0000000e+00 1.2100100e-08 7.7440300e-09
     45    125 0.0000000e+00 2.6421200e-10 1.6909500e-10
     45    126 0.0000000e+00 2.1984000e-11 1.4069800e-11
     45    127 0.0000000e+00 4.4314000e-12 2.8361000e-12
     46     99 0.0000000e+00 0.0000000e+00 0.0000000e+00
     46    101 0.0000000e+00 0.0000000e+00 0.0000000e+00
     46    102 0.0000000e+00 5.2500200e-14 3.3600100e-14
     46    103 0.0000000e+00 0.0000000e+00 0.0000000e+00
     46    104 0.0000000e+00 1.0700000e-09 6.8480300e-10
     46    105 0.0000000e+00 3.2159000e-02 4.5022600e-04
     46    106 0.0000000e+00 2.4546100e-02 6.8729100e-04
     46    107 0.0000000e+00 1.6943800e-02 1.0166300e-03
     46    107 1.0000000e+00 3.8000200e-10 2.4320100e-10
     46    108 0.0000000e+00 1.2224700e-02 1.9559500e-03
     46    109 0.0000000e+00 1.1228300e-02 7.1861100e-03
     46    109 1.0000000e+00 1.0700000e-07 6.8480300e-08
     46    110 0.0000000e+00 1.0274400e-02 1.1301900e-03
     46    111 0.0000000e+00 9.9073400e-03 1.5851700e-03
     46    111 1.0000000e+00 5.2750200e-05 1.6880100e-05
     46    112 0.0000000e+00 1.0326700e-02 6.1960400e-04
     46    113 0.0000000e+00 9.1409600e-03 1.4625500e-03
     46    114 0.0000000e+00 7.1731700e-03 2.2954100e-03
     46    115 0.0000000e+00 8.4713800e-03 2.7108400e-03
     46    116 0.0000000e+00 6.4398200e-03 2.8979200e-03
     46    117 0.0000000e+00 5.2095200e-03 2.3442800e-03
     46    118 0.0000000e+00 5.7528200e-03 2.5887700e-03
     46    119 0.0000000e+00 3.4087100e-03 2.1815800e-03
     46    120 0.0000000e+00 1.9918100e-03 1.2747600e-03
     46    121 0.0000000e+00 8.6632400e-04 5.5444700e-04
     46    122 0.0000000e+00 2.7618100e-04 1.7675600e-04
     46    123 0.0000000e+00 6.4600300e-05 4.1344200e-05
     46    124 0.0000000e+00 1.1120000e-05 7.1168300e-06
     46    125 0.0000000e+00 1.3100100e-06 8.3840400e-07
     46    126 0.0000000e+00 1.0900000e-07 6.9760300e-08
     46    127 0.0000000e+00 2.1971600e-08 1.4061800e-08
     46    128 0.0000000e+00 3.4200100e-10 2.1888100e-10
     46    129 0.0000000e+00 3.7163200e-11 2.3784500e-11
     46    130 0.0000000e+00 1.3400100e-12 8.5760400e-13
     47    103 0.0000000e+00 0.0000000e+00 0.0000000e+00
     47    105 0.0000000e+00 0.0000000e+00 0.0000000e+00
     47    105 1.0000000e+00 0.0000000e+00 0.0000000e+00
     47    106 0.0000000e+00 0.0000000e+00 0.0000000e+00
     47    106 1.0000000e+00 0.0000000e+00 0.0000000e+00
     47    107 0.0000000e+00 1.6943800e-02 1.0166300e-03
     47    107 1.0000000e+00 1.1100000e-14 7.1040300e-15
     47    108 1.0000000e+00 2.9750100e-13 1.9040100e-13
     47    108 0.0000000e+00 3.2338400e-13 2.0696600e-13
     47    109 1.0000000e+00 1.1222900e-02 7.1826600e-03
     47    109 0.0000000e+00 1.1228300e-02 7.1861200e-03
     47    110 0.0000000e+00 1.3900100e-10 8.8960400e-11
     47    110 1.0000000e+00 5.9600300e-10 3.8144200e-10
     47    111 0.0000000e+00 9.8929500e-03 2.7700300e-04
     47    111 1.0000000e+00 9.8494500e-03 7.8795600e-04
     47    112 0.0000000e+00 1.0327000e-02 4.1307900e-04
     47    113 0.0000000e+00 8.2270600e-03 4.9362300e-04
     47    113 1.0000000e+00 9.1634400e-04 4.1235500e-04
     47    114 0.0000000e+00 7.1888600e-03 1.6534400e-03
     47    115 0.0000000e+00 6.2334700e-03 6.8568100e-04
     47    115 1.0000000e+00 2.3366400e-03 1.0514900e-03
     47    116 0.0000000e+00 3.3767100e-03 1.5195200e-03
     47    116 1.0000000e+00 3.3767100e-03 1.5195200e-03
     47    117 0.0000000e+00 3.0141500e-03 1.3563700e-03
     47    117 1.0000000e+00 3.0141500e-03 9.6452900e-04
     47    118 0.0000000e+00 5.9720700e-03 1.9110600e-03
     47    118 1.0000000e+00 4.0904600e-03 1.8407100e-03
     47    119 0.0000000e+00 6.8428200e-03 3.0792700e-03
     47    120 1.0000000e+00 2.2728600e-03 1.4546300e-03
     47    120 0.0000000e+00 5.1056300e-03 3.2676000e-03
     47    121 0.0000000e+00 5.3865200e-03 3.4473700e-03
     47    122 1.0000000e+00 1.6636800e-03 1.0647500e-03
     47    122 0.0000000e+00 1.9398600e-03 1.2415100e-03
     47    123 0.0000000e+00 1.9448100e-03 1.2446800e-03
     47    124 0.0000000e+00 8.1188300e-04 5.1960500e-04
     47    125 0.0000000e+00 2.4570100e-04 1.5724900e-04
     47    126 0.0000000e+00 5.2540200e-05 3.3625700e-05
     47    127 0.0000000e+00 8.0500300e-06 5.1520200e-06
     47    128 0.0000000e+00 1.1100000e-06 7.1040300e-07
     47    129 0.0000000e+00 1.8426200e-07 1.1792700e-07
     47    130 0.0000000e+00 2.0700100e-08 1.3248100e-08
     47    131 0.0000000e+00 5.0623700e-10 3.2399200e-10
     47    132 0.0000000e+00 3.1261700e-11 2.0007500e-11
     48    105 0.0000000e+00 0.0000000e+00 0.0000000e+00
     48    106 0.0000000e+00 0.0000000e+00 0.0000000e+00
     48    107 0.0000000e+00 0.0000000e+00 0.0000000e+00
     48    108 0.0000000e+00 5.8100200e-13 3.7184200e-13
     48    109 0.0000000e+00 0.0000000e+00 0.0000000e+00
     48    110 0.0000000e+00 7.2700300e-10 4.6528200e-10
     48    111 0.0000000e+00 9.9224900e-03 2.7783000e-04
     48    111 1.0000000e+00 1.1100000e-12 7.1040300e-13
     48    112 0.0000000e+00 1.0327000e-02 2.8915500e-04
     48    113 0.0000000e+00 9.0365600e-03 5.4219400e-04
     48    113 1.0000000e+00 1.0695000e-04 6.4170300e-06
     48    114 0.0000000e+00 7.1888800e-03 7.9077700e-04
     48    115 0.0000000e+00 7.8611400e-03 3.1444600e-04
     48    115 1.0000000e+00 7.0933300e-04 4.2560000e-05
     48    116 0.0000000e+00 6.7563700e-03 7.4320100e-04
     48    117 0.0000000e+00 4.5238400e-03 3.6190700e-04
     48    117 1.0000000e+00 1.5231500e-03 1.2185200e-04
     48    118 0.0000000e+00 8.3096100e-03 1.3295400e-03
     48    119 0.0000000e+00 3.6275300e-03 1.6323900e-03
     48    119 1.0000000e+00 3.6275300e-03 1.6323900e-03
     48    120 0.0000000e+00 7.7430400e-03 3.4843700e-03
     48    121 1.0000000e+00 1.3892400e-03 8.8911400e-04
     48    121 0.0000000e+00 6.7823800e-03 4.3407300e-03
     48    122 0.0000000e+00 7.8905700e-03 2.5249800e-03
     48    123 0.0000000e+00 7.3926900e-03 3.3267100e-03
     48    124 0.0000000e+00 6.1474900e-03 2.7663700e-03
     48    125 0.0000000e+00 4.1754700e-03 2.6723000e-03
     48    126 0.0000000e+00 2.0988500e-03 1.3432600e-03
     48    127 0.0000000e+00 7.9072300e-04 5.0606300e-04
     48    128 0.0000000e+00 2.6756100e-04 1.7123900e-04
     48    129 0.0000000e+00 6.7510300e-05 4.3206600e-05
     48    130 0.0000000e+00 2.2820100e-05 1.4604900e-05
     48    131 0.0000000e+00 2.5100100e-06 1.6064100e-06
     48    132 0.0000000e+00 1.5500100e-07 9.9200400e-08
     48    133 0.0000000e+00 2.3436200e-09 1.4999100e-09
     48    134 0.0000000e+00 1.0800000e-10 6.9120300e-11
     48    135 0.0000000e+00 1.6371400e-11 1.0477700e-11
     48    136 0.0000000e+00 1.2600100e-14 8.0640300e-15
     49    107 0.0000000e+00 0.0000000e+00 0.0000000e+00
     49    109 0.0000000e+00 0.0000000e+00 0.0000000e+00
     49    111 0.0000000e+00 0.0000000e+00 0.0000000e+00
     49    112 0.0000000e+00 0.0000000e+00 0.0000000e+00
     49    112 1.0000000e+00 0.0000000e+00 0.0000000e+00
     49    113 0.0000000e+00 9.1434000e-03 5.4860400e-04
     49    113 1.0000000e+00 0.0000000e+00 0.0000000e+00
     49    114 0.0000000e+00 2.5900100e-12 1.6576100e-12
     49    114 1.0000000e+00 2.2700100e-12 1.4528100e-12
     49    115 0.0000000e+00 8.2796200e-03 3.3118500e-04
     49    115 1.0000000e+00 7.8612100e-03 3.1444900e-04
     49    116 2.0000000e+00 7.0667000e-10 4.5226900e-10
     49    116 0.0000000e+00 7.0667000e-10 4.5226900e-10
     49    116 1.0000000e+00 1.4133400e-09 9.0453700e-10
     49    117 0.0000000e+00 3.8331300e-03 2.2998800e-04
     49    117 1.0000000e+00 4.1771700e-03 3.3417300e-04
     49    118 2.0000000e+00 4.1450200e-08 2.6528100e-08
     49    118 0.0000000e+00 8.3100800e-03 1.3296100e-03
     49    118 1.0000000e+00 8.2278600e-08 5.2658300e-08
     49    119 0.0000000e+00 3.8129200e-03 1.7158100e-03
     49    119 1.0000000e+00 3.6280200e-03 1.6326100e-03
     49    120 2.0000000e+00 0.0000000e+00 0.0000000e+00
     49    120 0.0000000e+00 3.8870600e-03 1.7491800e-03
     49    120 1.0000000e+00 3.8870600e-03 1.7491800e-03
     49    121 0.0000000e+00 1.6151700e-03 1.0337100e-03
     49    121 1.0000000e+00 6.8002200e-03 4.3521400e-03
     49    122 2.0000000e+00 0.0000000e+00 0.0000000e+00
     49    122 0.0000000e+00 8.1926500e-03 1.8843100e-03
     49    122 1.0000000e+00 3.0208100e-04 1.9333200e-04
     49    123 0.0000000e+00 7.2664900e-03 3.2699200e-03
     49    123 1.0000000e+00 1.8948800e-03 6.0636100e-04
     49    124 1.0000000e+00 1.9495900e-03 1.2477400e-03
     49    124 0.0000000e+00 8.0970900e-03 5.1821400e-03
     49    125 0.0000000e+00 6.1818300e-03 2.7818200e-03
     49    125 1.0000000e+00 4.5419600e-03 2.9068500e-03
     49    126 1.0000000e+00 5.9761600e-03 3.8247400e-03
     49    126 0.0000000e+00 3.8773100e-03 2.4814800e-03
     49    127 0.0000000e+00 3.8280900e-03 2.4499800e-03
     49    127 1.0000000e+00 3.8280900e-03 2.4499800e-03
     49    128 1.0000000e+00 2.7149100e-03 1.7375400e-03
     49    128 0.0000000e+00 2.9821500e-03 1.9085800e-03
     49    129 0.0000000e+00 1.5198300e-03 9.7268900e-04
     49    129 1.0000000e+00 1.4523200e-03 9.2948200e-04
     49    130 2.0000000e+00 0.0000000e+00 0.0000000e+00
     49    130 1.0000000e+00 0.0000000e+00 0.0000000e+00
     49    130 0.0000000e+00 1.9797900e-03 1.2670600e-03
     49    131 1.0000000e+00 0.0000000e+00 0.0000000e+00
     49    131 0.0000000e+00 5.9296300e-04 3.7949600e-04
     49    132 0.0000000e+00 1.0222000e-04 6.5421100e-05
     49    133 0.0000000e+00 1.1620000e-05 7.4368300e-06
     49    134 0.0000000e+00 6.5500300e-07 4.1920200e-07
     49    135 0.0000000e+00 8.1172200e-08 5.1950200e-08
     49    136 0.0000000e+00 6.4800300e-10 4.1472200e-10
     49    137 0.0000000e+00 2.6017800e-11 1.6651400e-11
     50    111 0.0000000e+00 0.0000000e+00 0.0000000e+00
     50    112 0.0000000e+00 0.0000000e+00 0.0000000e+00
     50    113 1.0000000e+00 0.0000000e+00 0.0000000e+00
     50    113 0.0000000e+00 0.0000000e+00 0.0000000e+00
     50    114 0.0000000e+00 2.5400100e-12 1.6256100e-12
     50    115 0.0000000e+00 8.5704800e-03 2.3997300e-04
     50    116 0.0000000e+00 2.1200100e-09 9.5400400e-10
     50    117 1.0000000e+00 1.2266000e-05 7.8502400e-06
     50    117 0.0000000e+00 6.0470300e-03 3.8701000e-03
     50    118 0.0000000e+00 8.3101600e-03 9.1411700e-04
     50    119 0.0000000e+00 7.2595400e-03 7.9855000e-04
     50    119 1.0000000e+00 1.9065100e-04 8.5792900e-05
     50    120 0.0000000e+00 7.7741700e-03 8.5515900e-04
     50    121 0.0000000e+00 8.2936100e-03 5.3079100e-03
     50    121 1.0000000e+00 1.8321200e-04 1.1725500e-04
     50    122 0.0000000e+00 8.5025600e-03 9.3528100e-04
     50    123 0.0000000e+00 4.6490200e-05 2.9753700e-05
     50    123 1.0000000e+00 9.1715700e-03 2.1094600e-03
     50    124 0.0000000e+00 1.0348000e-02 1.1382700e-03
     50    125 0.0000000e+00 6.3608700e-03 3.8165200e-04
     50    125 1.0000000e+00 5.5811800e-03 1.2836700e-03
     50    126 0.0000000e+00 1.3151200e-02 2.1041900e-03
     50    127 0.0000000e+00 1.1187700e-02 2.5731800e-03
     50    127 1.0000000e+00 3.0747300e-03 1.3836300e-03
     50    128 1.0000000e+00 5.6507900e-03 3.6165100e-03
     50    128 0.0000000e+00 1.7039500e-02 1.0905300e-02
     50    129 0.0000000e+00 1.2802900e-02 5.7612900e-03
     50    129 1.0000000e+00 2.1779500e-03 1.3938900e-03
     50    130 1.0000000e+00 8.2240200e-03 5.2633700e-03
     50    130 0.0000000e+00 9.0458600e-03 5.7893500e-03
     50    131 1.0000000e+00 5.9028800e-03 3.7778400e-03
     50    131 0.0000000e+00 6.4322000e-03 4.1166100e-03
     50    132 0.0000000e+00 5.4380000e-03 2.4471000e-03
     50    133 0.0000000e+00 1.7432600e-03 1.1156800e-03
     50    134 0.0000000e+00 2.9276100e-04 1.8736700e-04
     50    135 0.0000000e+00 2.9740100e-05 1.9033700e-05
     50    136 0.0000000e+00 2.3300100e-06 1.4912100e-06
     50    137 0.0000000e+00 1.2900100e-07 8.2560400e-08
     50    138 0.0000000e+00 1.9200100e-08 1.2288100e-08
     50    139 0.0000000e+00 1.6477900e-10 1.0545900e-10
     50    140 0.0000000e+00 2.6010400e-11 1.6646700e-11
     51    113 0.0000000e+00 0.0000000e+00 0.0000000e+00
     51    115 0.0000000e+00 0.0000000e+00 0.0000000e+00
     51    117 0.0000000e+00 0.0000000e+00 0.0000000e+00
     51    118 0.0000000e+00 0.0000000e+00 0.0000000e+00
     51    118 1.0000000e+00 0.0000000e+00 0.0000000e+00
     51    119 0.0000000e+00 2.2800100e-13 1.4592100e-13
     51    120 0.0000000e+00 2.5700100e-12 1.6448100e-12
     51    120 1.0000000e+00 7.3300300e-12 4.6912200e-12
     51    121 0.0000000e+00 8.3346500e-03 3.3338600e-04
     51    122 0.0000000e+00 7.9100300e-09 5.0624200e-09
     51    122 1.0000000e+00 5.5400200e-09 3.5456200e-09
     51    123 0.0000000e+00 9.2182200e-03 1.0140000e-03
     51    124 2.0000000e+00 0.0000000e+00 0.0000000e+00
     51    124 0.0000000e+00 2.0300100e-06 1.2992100e-06
     51    124 1.0000000e+00 1.0200000e-06 6.5280300e-07
     51    125 0.0000000e+00 1.1963300e-02 7.1779700e-04
     51    126 2.0000000e+00 8.8289100e-03 5.6505000e-03
     51    126 0.0000000e+00 1.9114600e-03 3.0583300e-04
     51    126 1.0000000e+00 1.3186400e-02 2.1098200e-03
     51    127 0.0000000e+00 1.4928300e-02 4.1799300e-04
     51    128 0.0000000e+00 2.0047500e-03 1.2830400e-03
     51    128 1.0000000e+00 1.8062500e-02 1.1560000e-02
     51    129 0.0000000e+00 2.0540700e-02 1.6432600e-03
     51    130 0.0000000e+00 1.5650100e-02 1.0016100e-02
     51    130 1.0000000e+00 1.4647900e-02 9.3746700e-03
     51    131 0.0000000e+00 3.7233400e-02 2.9786700e-03
     51    132 0.0000000e+00 1.3056600e-02 3.0030200e-03
     51    132 1.0000000e+00 1.8888100e-02 4.3442600e-03
     51    133 0.0000000e+00 2.4318600e-02 5.5932900e-03
     51    134 1.0000000e+00 5.2993200e-03 3.3915600e-03
     51    134 0.0000000e+00 5.5385100e-03 3.5446500e-03
     51    135 0.0000000e+00 2.9941700e-03 1.9162700e-03
     51    136 0.0000000e+00 6.2387300e-04 3.9927900e-04
     51    137 0.0000000e+00 9.1930400e-05 5.8835500e-05
     51    138 0.0000000e+00 3.5750200e-05 2.2880100e-05
     51    139 0.0000000e+00 8.1700300e-07 5.2288200e-07
     51    140 0.0000000e+00 1.2896400e-07 8.2536900e-08
     51    141 0.0000000e+00 4.4065200e-10 2.8201700e-10
     51    142 0.0000000e+00 4.9615300e-11 3.1753800e-11
     52    115 0.0000000e+00 0.0000000e+00 0.0000000e+00
     52    117 0.0000000e+00 0.0000000e+00 0.0000000e+00
     52    118 0.0000000e+00 0.0000000e+00 0.0000000e+00
     52    119 0.0000000e+00 0.0000000e+00 0.0000000e+00
     52    120 0.0000000e+00 0.0000000e+00 0.0000000e+00
     52    121 1.0000000e+00 0.0000000e+00 0.0000000e+00
     52    121 0.0000000e+00 0.0000000e+00 0.0000000e+00
     52    122 0.0000000e+00 7.6700300e-09 3.4515100e-09
     52    123 0.0000000e+00 2.8900100e-11 1.8496100e-11
     52    123 1.0000000e+00 2.4900100e-11 1.5936100e-11
     52    124 0.0000000e+00 2.0400100e-06 1.3056100e-06
     52    125 0.0000000e+00 1.1963300e-02 4.7853200e-04
     52    125 1.0000000e+00 2.6917600e-03 1.6150600e-04
     52    126 0.0000000e+00 1.3252100e-02 2.1203300e-03
     52    127 0.0000000e+00 1.4877000e-02 4.1655600e-04
     52    127 1.0000000e+00 2.3935700e-03 6.7020000e-05
     52    128 0.0000000e+00 1.9470000e-02 1.5576000e-03
     52    129 0.0000000e+00 1.9463000e-02 1.1677800e-03
     52    129 1.0000000e+00 3.6008500e-03 2.8806800e-04
     52    130 0.0000000e+00 3.1483100e-02 5.0373000e-03
     52    131 0.0000000e+00 3.6361900e-02 1.4544800e-03
     52    131 1.0000000e+00 4.2036100e-03 2.5221600e-04
     52    132 0.0000000e+00 4.6522000e-02 6.5130800e-04
     52    133 0.0000000e+00 2.4318000e-02 5.5931500e-03
     52    133 1.0000000e+00 3.5636200e-02 8.1963200e-03
     52    134 0.0000000e+00 4.8597000e-02 1.3607200e-03
     52    135 0.0000000e+00 2.9190800e-02 6.7138900e-03
     52    136 0.0000000e+00 1.4387400e-02 3.3091000e-03
     52    137 0.0000000e+00 5.2475500e-03 2.3614000e-03
     52    138 0.0000000e+00 5.0965600e-03 3.2618000e-03
     52    139 0.0000000e+00 2.9755100e-04 1.9043300e-04
     52    140 0.0000000e+00 4.7250200e-05 3.0240100e-05
     52    141 0.0000000e+00 2.1848300e-06 1.3982900e-06
     52    142 0.0000000e+00 2.4600100e-07 1.5744100e-07
     52    143 0.0000000e+00 1.0685200e-09 6.8385500e-10
     52    144 0.0000000e+00 2.0534700e-10 1.3142200e-10
     52    145 0.0000000e+00 2.3577300e-11 1.5089400e-11
     53    121 0.0000000e+00 0.0000000e+00 0.0000000e+00
     53    123 0.0000000e+00 0.0000000e+00 0.0000000e+00
     53    125 0.0000000e+00 2.7900100e-12 1.7856100e-12
     53    126 0.0000000e+00 7.9300300e-11 5.0752200e-11
     53    127 0.0000000e+00 1.4934500e-02 8.9606700e-04
     53    128 0.0000000e+00 9.4800400e-08 6.0672300e-08
     53    129 0.0000000e+00 2.0774700e-02 1.2464800e-03
     53    130 0.0000000e+00 9.2900400e-06 5.9456300e-06
     53    130 1.0000000e+00 1.7200100e-06 1.1008000e-06
     53    131 0.0000000e+00 3.9924600e-02 7.9849100e-04
     53    132 1.0000000e+00 9.2762400e-04 5.9367900e-04
     53    132 0.0000000e+00 4.8254800e-02 3.0883100e-02
     53    133 1.0000000e+00 2.3387100e-03 1.4967700e-03
     53    133 0.0000000e+00 5.9999000e-02 3.8399300e-02
     53    134 0.0000000e+00 6.3726200e-02 7.0098800e-03
     53    134 1.0000000e+00 9.3428100e-03 5.9794000e-03
     53    135 0.0000000e+00 5.5043500e-02 1.1008700e-03
     53    136 0.0000000e+00 3.0085600e-02 4.8136900e-03
     53    136 1.0000000e+00 1.5936700e-02 3.6654500e-03
     53    137 0.0000000e+00 3.1213800e-02 2.4971000e-03
     53    138 0.0000000e+00 2.7433600e-02 3.0176900e-03
     53    139 0.0000000e+00 9.1453600e-03 5.8530300e-03
     53    140 0.0000000e+00 3.5407400e-03 2.2660700e-03
     53    141 0.0000000e+00 8.0048300e-04 5.1230900e-04
     53    142 0.0000000e+00 1.2192100e-04 3.9014600e-05
     53    143 0.0000000e+00 5.2979200e-06 3.3906700e-06
     53    144 0.0000000e+00 1.0181500e-06 6.5161400e-07
     53    145 0.0000000e+00 1.1690000e-07 7.4816000e-08
     53    146 0.0000000e+00 6.9380700e-10 4.4403700e-10
     53    147 0.0000000e+00 5.7417500e-11 3.6747200e-11
     54    124 0.0000000e+00 0.0000000e+00 0.0000000e+00
     54    125 1.0000000e+00 0.0000000e+00 0.0000000e+00
     54    125 0.0000000e+00 0.0000000e+00 0.0000000e+00
     54    126 0.0000000e+00 3.4900100e-11 2.2336100e-11
     54    127 1.0000000e+00 1.0800000e-13 6.9120300e-14
     54    127 0.0000000e+00 2.1600100e-13 1.3824100e-13
     54    128 0.0000000e+00 8.8800400e-08 5.6832200e-08
     54    129 1.0000000e+00 1.3650100e-10 8.7360400e-11
     54    129 0.0000000e+00 2.0774700e-02 1.3295800e-02
     54    130 0.0000000e+00 9.5500400e-06 6.1120300e-06
     54    131 0.0000000e+00 3.9924600e-02 5.5894400e-04
     54    131 1.0000000e+00 5.5895200e-04 1.5650700e-05
     54    132 0.0000000e+00 4.8381400e-02 4.8381400e-04
     54    133 0.0000000e+00 6.0172200e-02 3.8510200e-02
     54    133 1.0000000e+00 1.8721200e-03 1.1981600e-03
     54    134 0.0000000e+00 6.4530700e-02 1.2906100e-03
     54    134 1.0000000e+00 6.9333300e-04 4.4373300e-04
     54    135 0.0000000e+00 5.8392800e-02 1.1678600e-03
     54    135 1.0000000e+00 1.0111600e-02 2.3256700e-03
     54    136 0.0000000e+00 5.6243700e-02 1.1248700e-03
     54    137 0.0000000e+00 4.7249000e-02 1.3229700e-03
     54    138 0.0000000e+00 4.5308600e-02 9.0617100e-04
     54    139 0.0000000e+00 3.3917100e-02 2.0350200e-03
     54    140 0.0000000e+00 2.7368400e-02 1.0947300e-03
     54    141 0.0000000e+00 1.3591400e-02 5.4365500e-04
     54    142 0.0000000e+00 4.9266500e-03 1.9706600e-04
     54    143 1.0000000e+00 9.6788500e-04 6.1944700e-04
     54    143 0.0000000e+00 9.7318300e-04 6.2283700e-04
     54    144 0.0000000e+00 3.7303200e-04 2.3874000e-04
     54    145 0.0000000e+00 4.2830200e-05 2.7411300e-05
     54    146 0.0000000e+00 3.4400100e-06 2.2016100e-06
     54    147 0.0000000e+00 2.8468600e-07 1.8219900e-07
     54    148 0.0000000e+00 5.3000200e-09 3.3920100e-09
     54    149 0.0000000e+00 7.5091600e-11 4.8058600e-11
     54    150 0.0000000e+00 1.5100100e-12 9.6640400e-13
     55    127 0.0000000e+00 0.0000000e+00 0.0000000e+00
     55    129 0.0000000e+00 0.0000000e+00 0.0000000e+00
     55    131 0.0000000e+00 2.5300100e-11 1.6192100e-11
     55    132 0.0000000e+00 1.5100100e-09 9.6640400e-10
     55    133 0.0000000e+00 6.0172300e-02 8.4241200e-04
     55    134 1.0000000e+00 1.0250000e-06 6.5600300e-07
     55    134 0.0000000e+00 2.0500100e-06 1.3120100e-06
     55    135 1.0000000e+00 1.3360100e-05 8.5504400e-06
     55    135 0.0000000e+00 5.8419500e-02 3.7388500e-02
     55    136 1.0000000e+00 1.0621000e-04 6.7974700e-05
     55    136 0.0000000e+00 2.1242100e-04 1.3594900e-04
     55    137 0.0000000e+00 5.1460400e-02 1.4408900e-03
     55    138 0.0000000e+00 4.8358500e-02 1.9343400e-03
     55    138 1.0000000e+00 1.7428300e-03 1.1154100e-03
     55    139 0.0000000e+00 4.7781800e-02 5.2560000e-03
     55    140 0.0000000e+00 4.4676900e-02 7.1483000e-03
     55    141 0.0000000e+00 3.8533800e-02 6.1654200e-03
     55    142 0.0000000e+00 2.8780900e-02 6.6196000e-03
     55    143 0.0000000e+00 1.9724000e-02 4.5365200e-03
     55    144 0.0000000e+00 9.3397000e-03 4.2028600e-03
     55    145 0.0000000e+00 2.7722800e-03 1.7742600e-03
     55    146 0.0000000e+00 5.8531200e-04 3.7460000e-04
     55    147 0.0000000e+00 1.0430400e-04 6.6754600e-05
     55    148 0.0000000e+00 7.4100300e-06 4.7424200e-06
     55    149 0.0000000e+00 3.7231700e-07 2.3828300e-07
     55    150 0.0000000e+00 1.7400100e-08 1.1136000e-08
     55    151 0.0000000e+00 9.7232100e-11 6.2228500e-11
     55    152 0.0000000e+00 8.8742800e-12 5.6795400e-12
     56    129 0.0000000e+00 0.0000000e+00 0.0000000e+00
     56    131 0.0000000e+00 0.0000000e+00 0.0000000e+00
     56    132 0.0000000e+00 3.3200100e-11 2.1248100e-11
     56    133 0.0000000e+00 5.8000200e-12 3.7120200e-12
     56    134 0.0000000e+00 2.0500100e-06 1.3120100e-06
     56    135 1.0000000e+00 9.6500400e-09 6.1760300e-09
     56    135 0.0000000e+00 5.8419600e-02 3.7388500e-02
     56    136 1.0000000e+00 2.4012100e-05 1.5367800e-05
     56    136 0.0000000e+00 2.1287100e-04 1.3623700e-04
     56    137 0.0000000e+00 5.1466000e-02 1.0293200e-03
     56    137 1.0000000e+00 4.8686100e-02 1.3632100e-03
     56    138 0.0000000e+00 4.8836100e-02 1.3674100e-03
     56    139 0.0000000e+00 5.0496600e-02 1.4139000e-03
     56    140 0.0000000e+00 4.6070300e-02 6.4498400e-04
     56    141 0.0000000e+00 4.3735600e-02 3.4988400e-03
     56    142 0.0000000e+00 4.0151300e-02 2.4090800e-03
     56    143 0.0000000e+00 3.7189300e-02 4.0908300e-03
     56    144 0.0000000e+00 3.1185900e-02 7.1727600e-03
     56    145 0.0000000e+00 1.8682500e-02 4.2969800e-03
     56    146 0.0000000e+00 9.0230600e-03 4.0603800e-03
     56    147 0.0000000e+00 3.2374600e-03 2.0719800e-03
     56    148 0.0000000e+00 8.0262300e-04 5.1367900e-04
     56    149 0.0000000e+00 1.3641100e-04 8.7302800e-05
     56    150 0.0000000e+00 1.4460100e-05 9.2544400e-06
     56    151 0.0000000e+00 4.8209300e-07 3.0854000e-07
     56    152 0.0000000e+00 4.4000200e-08 2.8160100e-08
     56    153 0.0000000e+00 3.6505600e-10 2.3363600e-10
     56    154 0.0000000e+00 2.7200100e-11 1.7408100e-11
     56    155 0.0000000e+00 1.5743900e-12 1.0076100e-12
     57    133 0.0000000e+00 0.0000000e+00 0.0000000e+00
     57    135 0.0000000e+00 9.8900400e-13 6.3296300e-13
     57    137 0.0000000e+00 2.2100100e-09 1.4144100e-09
     57    138 0.0000000e+00 4.3400200e-08 2.7776100e-08
     57    139 0.0000000e+00 5.0497500e-02 1.0099500e-03
     57    140 0.0000000e+00 4.6111500e-02 6.4556100e-04
     57    141 0.0000000e+00 4.3815400e-02 1.7526200e-03
     57    142 0.0000000e+00 4.0613700e-02 1.1371800e-03
     57    143 0.0000000e+00 3.9068400e-02 1.5627400e-03
     57    144 0.0000000e+00 3.7071400e-02 2.2242900e-03
     57    145 0.0000000e+00 2.9303100e-02 3.2233400e-03
     57    146 1.0000000e+00 6.5617400e-03 4.1995100e-03
     57    146 0.0000000e+00 1.5584800e-02 9.9742600e-03
     57    147 0.0000000e+00 1.5511400e-02 3.5676300e-03
     57    148 0.0000000e+00 8.4531300e-03 3.8039100e-03
     57    149 0.0000000e+00 3.5016000e-03 2.2410300e-03
     57    150 0.0000000e+00 9.5657400e-04 6.1220700e-04
     57    151 0.0000000e+00 1.7663100e-04 1.1304400e-04
     57    152 0.0000000e+00 2.1810100e-05 1.3958500e-05
     57    153 0.0000000e+00 1.8100100e-06 1.1584000e-06
     57    154 0.0000000e+00 1.0000000e-07 6.4000300e-08
     57    155 0.0000000e+00 7.8060700e-09 4.9958900e-09
     57    156 0.0000000e+00 4.7598400e-11 3.0463000e-11
     57    157 0.0000000e+00 2.7631300e-12 1.7684000e-12
     57    158 0.0000000e+00 7.8456700e-14 5.0212300e-14
     58    135 0.0000000e+00 0.0000000e+00 0.0000000e+00
     58    137 0.0000000e+00 6.1400300e-14 3.9296200e-14
     58    138 0.0000000e+00 1.3000100e-08 8.3200400e-09
     58    139 0.0000000e+00 1.7200100e-10 1.1008000e-10
     58    139 1.0000000e+00 1.4100100e-10 9.0240400e-11
     58    140 0.0000000e+00 4.6111500e-02 6.4556100e-04
     58    141 0.0000000e+00 4.3815500e-02 8.7631000e-04
     58    142 0.0000000e+00 4.0615400e-02 1.1372300e-03
     58    143 0.0000000e+00 3.9086600e-02 7.8173200e-04
     58    144 0.0000000e+00 3.7227900e-02 1.0423800e-03
     58    145 0.0000000e+00 3.0033900e-02 2.4027100e-03
     58    146 0.0000000e+00 2.4333300e-02 1.4600000e-03
     58    147 0.0000000e+00 2.0688900e-02 1.6551100e-03
     58    148 0.0000000e+00 1.6408400e-02 5.2506800e-03
     58    149 0.0000000e+00 1.2051600e-02 3.8565000e-03
     58    150 0.0000000e+00 6.6936900e-03 3.0121600e-03
     58    151 0.0000000e+00 2.8860500e-03 1.8470700e-03
     58    152 0.0000000e+00 8.9218400e-04 5.7099800e-04
     58    153 0.0000000e+00 1.9176100e-04 1.2272700e-04
     58    154 0.0000000e+00 2.7620100e-05 1.7676900e-05
     58    155 0.0000000e+00 2.8600100e-06 1.8304100e-06
     58    156 0.0000000e+00 2.3600100e-07 1.5104100e-07
     58    157 0.0000000e+00 1.3700100e-08 8.7680400e-09
     58    158 0.0000000e+00 3.8900200e-10 2.4896100e-10
     58    159 0.0000000e+00 5.0220400e-12 3.2141000e-12
     58    160 0.0000000e+00 1.4300100e-13 9.1520400e-14
     59    139 0.0000000e+00 0.0000000e+00 0.0000000e+00
     59    140 0.0000000e+00 1.8400100e-13 1.1776100e-13
     59    141 0.0000000e+00 4.3815500e-02 8.7631000e-04
     59    142 1.0000000e+00 2.2950100e-10 1.4688100e-10
     59    142 0.0000000e+00 4.5900200e-10 2.9376100e-10
     59    143 0.0000000e+00 3.9086600e-02 7.8173200e-04
     59    144 0.0000000e+00 3.7228200e-02 1.0423900e-03
     59    144 1.0000000e+00 1.8645100e-04 5.2206200e-06
     59    145 0.0000000e+00 3.0038200e-02 1.2015300e-03
     59    146 0.0000000e+00 2.4369000e-02 1.4621400e-03
     59    147 0.0000000e+00 2.0910700e-02 8.3642800e-04
     59    148 1.0000000e+00 4.4392200e-04 2.8411000e-04
     59    148 0.0000000e+00 1.6852300e-02 1.0785500e-02
     59    149 0.0000000e+00 1.4518600e-02 1.5970500e-03
     59    150 0.0000000e+00 1.0538400e-02 3.3723000e-03
     59    151 0.0000000e+00 7.2335700e-03 1.6637200e-03
     59    152 0.0000000e+00 4.2665200e-03 2.7305700e-03
     59    153 0.0000000e+00 1.9772900e-03 1.2654600e-03
     59    154 0.0000000e+00 6.5945300e-04 4.2205000e-04
     59    155 0.0000000e+00 1.6394100e-04 1.0492200e-04
     59    156 0.0000000e+00 3.4490100e-05 2.2073700e-05
     59    157 0.0000000e+00 5.1300200e-06 3.2832100e-06
     59    158 0.0000000e+00 3.8700200e-07 2.4768100e-07
     59    159 0.0000000e+00 2.4900100e-08 1.5936100e-08
     59    160 0.0000000e+00 1.0200000e-09 6.5280300e-10
     59    161 0.0000000e+00 7.7650000e-12 4.9696000e-12
     59    162 0.0000000e+00 5.1027100e-13 3.2657400e-13
     59    163 0.0000000e+00 1.9200700e-14 1.2288500e-14
     60    140 0.0000000e+00 0.0000000e+00 0.0000000e+00
     60    141 0.0000000e+00 0.0000000e+00 0.0000000e+00
     60    142 0.0000000e+00 4.5900200e-10 2.9376100e-10
     60    143 0.0000000e+00 3.9086600e-02 7.8173200e-04
     60    144 0.0000000e+00 3.7228300e-02 1.0423900e-03
     60    145 0.0000000e+00 3.0038200e-02 1.2015300e-03
     60    146 0.0000000e+00 2.4369000e-02 1.4621400e-03
     60    147 0.0000000e+00 2.0911500e-02 4.1823000e-04
     60    148 0.0000000e+00 1.7305200e-02 2.7688200e-03
     60    149 0.0000000e+00 1.4581400e-02 8.7488300e-04
     60    150 0.0000000e+00 1.0808900e-02 1.7294200e-03
     60    151 0.0000000e+00 8.0019800e-03 6.4015900e-04
     60    152 0.0000000e+00 5.7238700e-03 2.5757400e-03
     60    153 0.0000000e+00 3.7191400e-03 1.1901200e-03
     60    154 0.0000000e+00 2.1302000e-03 9.5859000e-04
     60    155 0.0000000e+00 1.0193400e-03 6.5238000e-04
     60    156 0.0000000e+00 4.7004200e-04 3.0082700e-04
     60    157 0.0000000e+00 1.6175100e-04 1.0352000e-04
     60    158 0.0000000e+00 3.0420100e-05 1.9468900e-05
     60    159 0.0000000e+00 4.9200200e-06 3.1488100e-06
     60    160 0.0000000e+00 5.3400200e-07 3.4176100e-07
     60    161 0.0000000e+00 3.8500200e-08 2.4640100e-08
     60    162 0.0000000e+00 2.5300100e-09 1.6192100e-09
     60    163 0.0000000e+00 9.5200400e-11 6.0928300e-11
     60    164 0.0000000e+00 2.8000100e-12 1.7920100e-12
     60    165 0.0000000e+00 4.6993300e-14 3.0075700e-14
     60    166 0.0000000e+00 3.9304600e-15 2.5154900e-15
     61    141 0.0000000e+00 0.0000000e+00 0.0000000e+00
     61    143 0.0000000e+00 0.0000000e+00 0.0000000e+00
     61    144 0.0000000e+00 0.0000000e+00 0.0000000e+00
     61    145 0.0000000e+00 6.1500300e-14 3.9360200e-14
     61    146 0.0000000e+00 3.9900200e-12 2.5536100e-12
     61    147 0.0000000e+00 2.0911500e-02 4.1823000e-04
     61    148 0.0000000e+00 1.5200100e-09 9.7280400e-10
     61    148 1.0000000e+00 5.7300200e-09 3.6672200e-09
     61    149 0.0000000e+00 1.4581500e-02 8.7489200e-04
     61    150 0.0000000e+00 2.5200100e-07 1.6128100e-07
     61    151 0.0000000e+00 8.0147200e-03 3.2058900e-04
     61    152 2.0000000e+00 2.1280100e-05 1.3619300e-05
     61    152 0.0000000e+00 5.7451500e-03 1.8384500e-03
     61    152 1.0000000e+00 2.1280100e-05 1.3619300e-05
     61    153 0.0000000e+00 3.9172800e-03 6.2676400e-04
     61    154 0.0000000e+00 2.3209100e-03 7.4269100e-04
     61    154 1.0000000e+00 1.9071100e-04 1.2205500e-04
     61    155 0.0000000e+00 1.5217300e-03 9.7390500e-04
     61    156 0.0000000e+00 1.0562400e-03 2.4293600e-04
     61    157 0.0000000e+00 6.3706300e-04 4.0772000e-04
     61    158 0.0000000e+00 2.4474100e-04 1.5663400e-04
     61    159 0.0000000e+00 8.7400400e-05 5.5936200e-05
     61    160 0.0000000e+00 2.2910100e-05 1.4662500e-05
     61    161 0.0000000e+00 4.0700200e-06 2.6048100e-06
     61    162 0.0000000e+00 6.7900300e-07 4.3456200e-07
     61    163 0.0000000e+00 6.6000300e-08 4.2240200e-08
     61    164 0.0000000e+00 4.9500200e-09 3.1680100e-09
     61    165 0.0000000e+00 2.3300100e-10 1.4912100e-10
     61    166 0.0000000e+00 1.9487900e-11 1.2472200e-11
     61    167 0.0000000e+00 9.8423800e-14 6.2991300e-14
     61    168 0.0000000e+00 4.1346100e-15 2.6461500e-15
     61    169 0.0000000e+00 4.5910400e-16 2.9382700e-16
     62    143 0.0000000e+00 0.0000000e+00 0.0000000e+00
     62    143 1.0000000e+00 0.0000000e+00 0.0000000e+00
     62    144 0.0000000e+00 0.0000000e+00 0.0000000e+00
     62    145 0.0000000e+00 0.0000000e+00 0.0000000e+00
     62    146 0.0000000e+00 1.4000100e-12 8.9600400e-13
     62    147 0.0000000e+00 2.0911500e-02 4.1823000e-04
     62    148 0.0000000e+00 6.9800300e-09 4.4672200e-09
     62    149 0.0000000e+00 1.4581500e-02 8.7489200e-04
     62    150 0.0000000e+00 2.5200100e-07 1.6128100e-07
     62    151 0.0000000e+00 8.0147400e-03 3.2059000e-04
     62    152 0.0000000e+00 5.7879500e-03 9.2607300e-04
     62    153 0.0000000e+00 3.9192300e-03 3.1353800e-04
     62    154 0.0000000e+00 2.5212200e-03 4.0339500e-04
     62    155 0.0000000e+00 1.5524200e-03 6.9858700e-04
     62    156 0.0000000e+00 1.1427100e-03 6.8562900e-05
     62    157 0.0000000e+00 7.9806300e-04 2.5538000e-04
     62    158 0.0000000e+00 4.1197200e-04 1.8538700e-04
     62    159 0.0000000e+00 2.3172100e-04 1.0427400e-04
     62    160 0.0000000e+00 1.1362000e-04 7.2717100e-05
     62    161 0.0000000e+00 4.2000200e-05 2.6880100e-05
     62    162 0.0000000e+00 1.5850100e-05 1.0144000e-05
     62    163 0.0000000e+00 3.6900200e-06 2.3616100e-06
     62    164 0.0000000e+00 6.7100300e-07 4.2944200e-07
     62    165 0.0000000e+00 8.0400300e-08 5.1456200e-08
     62    166 0.0000000e+00 7.1400300e-09 4.5696200e-09
     62    167 0.0000000e+00 4.8800200e-10 3.1232100e-10
     62    168 0.0000000e+00 2.0500100e-11 1.3120100e-11
     62    169 0.0000000e+00 2.2763200e-12 1.4568400e-12
     62    170 0.0000000e+00 1.3700100e-14 8.7680400e-15
     62    171 0.0000000e+00 5.0644600e-16 3.2412500e-16
     63    147 0.0000000e+00 0.0000000e+00 0.0000000e+00
     63    149 0.0000000e+00 0.0000000e+00 0.0000000e+00
     63    151 0.0000000e+00 8.0147400e-03 3.2059000e-04
     63    152 2.0000000e+00 2.1333400e-11 1.3653400e-11
     63    152 0.0000000e+00 3.2000100e-11 2.0480100e-11
     63    152 1.0000000e+00 3.2000100e-11 2.0480100e-11
     63    153 0.0000000e+00 3.9192300e-03 2.3515400e-04
     63    154 1.0000000e+00 9.7500400e-09 6.2400300e-09
     63    154 0.0000000e+00 1.9500100e-08 1.2480100e-08
     63    155 0.0000000e+00 1.5525800e-03 4.9682500e-04
     63    156 0.0000000e+00 1.1436800e-03 3.2023200e-05
     63    157 0.0000000e+00 8.0347300e-04 1.2855600e-04
     63    158 0.0000000e+00 4.2582200e-04 1.3626300e-04
     63    159 0.0000000e+00 2.5967100e-04 5.9724400e-05
     63    160 0.0000000e+00 1.5456100e-04 4.9459400e-05
     63    161 0.0000000e+00 8.0440300e-05 1.8501300e-05
     63    162 0.0000000e+00 5.0390200e-05 3.2249700e-05
     63    163 0.0000000e+00 2.2490100e-05 1.4393700e-05
     63    164 0.0000000e+00 8.5700400e-06 5.4848200e-06
     63    165 0.0000000e+00 2.3700100e-06 1.5168100e-06
     63    166 0.0000000e+00 5.0900200e-07 3.2576100e-07
     63    167 0.0000000e+00 8.5100400e-08 5.4464200e-08
     63    168 0.0000000e+00 9.1600400e-09 5.8624200e-09
     63    169 0.0000000e+00 8.3400400e-10 5.3376200e-10
     63    170 0.0000000e+00 4.0900200e-11 2.6176100e-11
     63    171 0.0000000e+00 2.5110400e-12 1.6070700e-12
     63    172 0.0000000e+00 1.6296400e-14 1.0429700e-14
     64    147 0.0000000e+00 0.0000000e+00 0.0000000e+00
     64    149 0.0000000e+00 0.0000000e+00 0.0000000e+00
     64    151 0.0000000e+00 0.0000000e+00 0.0000000e+00
     64    152 0.0000000e+00 3.3600100e-11 2.1504100e-11
     64    153 0.0000000e+00 7.5500300e-14 4.8320200e-14
     64    154 0.0000000e+00 1.9500100e-08 1.2480100e-08
     64    155 0.0000000e+00 1.5525800e-03 2.4841200e-04
     64    156 0.0000000e+00 1.1436800e-03 3.2023200e-05
     64    157 0.0000000e+00 8.0349300e-04 8.8384300e-05
     64    158 0.0000000e+00 4.2592200e-04 6.8147500e-05
     64    159 0.0000000e+00 2.6018100e-04 2.8619900e-05
     64    160 0.0000000e+00 1.5645100e-04 2.5032100e-05
     64    161 0.0000000e+00 8.4650400e-05 6.7720300e-06
     64    162 0.0000000e+00 5.9150300e-05 2.6617600e-05
     64    163 0.0000000e+00 3.3290100e-05 1.4980600e-05
     64    164 0.0000000e+00 1.8530100e-05 8.3385400e-06
     64    165 0.0000000e+00 8.8500400e-06 5.6640200e-06
     64    166 0.0000000e+00 3.7800200e-06 2.4192100e-06
     64    167 0.0000000e+00 1.3500100e-06 8.6400400e-07
     64    168 0.0000000e+00 3.4100100e-07 2.1824100e-07
     64    169 0.0000000e+00 7.6100300e-08 4.8704200e-08
     64    170 0.0000000e+00 9.1700400e-09 5.8688200e-09
     64    171 0.0000000e+00 9.2000400e-10 5.8880300e-10
     64    172 0.0000000e+00 8.0800300e-11 5.1712200e-11
     65    151 0.0000000e+00 0.0000000e+00 0.0000000e+00
     65    153 0.0000000e+00 0.0000000e+00 0.0000000e+00
     65    155 0.0000000e+00 0.0000000e+00 0.0000000e+00
     65    156 0.0000000e+00 7.5100300e-14 4.8064200e-14
     65    156 1.0000000e+00 0.0000000e+00 0.0000000e+00
     65    157 0.0000000e+00 3.1300100e-12 2.0032100e-12
     65    158 0.0000000e+00 5.6000200e-11 3.5840200e-11
     65    158 1.0000000e+00 3.3600100e-12 2.1504100e-12
     65    159 0.0000000e+00 2.6018100e-04 2.8619900e-05
     65    160 0.0000000e+00 2.1100100e-07 1.3504100e-07
     65    161 0.0000000e+00 8.4690400e-05 3.3876100e-06
     65    162 0.0000000e+00 5.8070200e-05 1.8582500e-05
     65    162 1.0000000e+00 1.2900100e-06 5.8050200e-07
     65    163 0.0000000e+00 3.3930100e-05 1.0857600e-05
     65    164 0.0000000e+00 1.9910100e-05 6.3712300e-06
     65    165 0.0000000e+00 1.0910000e-05 4.9095200e-06
     65    166 0.0000000e+00 6.1200300e-06 1.4076100e-06
     65    167 0.0000000e+00 3.3400100e-06 2.1376100e-06
     65    168 0.0000000e+00 1.5200100e-06 9.7280390e-07
     65    169 0.0000000e+00 6.9200300e-07 4.4288200e-07
     65    170 0.0000000e+00 1.8200100e-07 1.1648000e-07
     65    171 0.0000000e+00 4.3500200e-08 2.7840100e-08
     65    172 0.0000000e+00 9.2100400e-09 5.8944300e-09
     66    155 0.0000000e+00 0.0000000e+00 0.0000000e+00
     66    156 0.0000000e+00 0.0000000e+00 0.0000000e+00
     66    157 0.0000000e+00 0.0000000e+00 0.0000000e+00
     66    158 0.0000000e+00 8.9600400e-12 5.7344200e-12
     66    159 0.0000000e+00 7.7500300e-14 4.9600200e-14
     66    160 0.0000000e+00 2.1100100e-07 9.4950400e-08
     66    161 0.0000000e+00 8.4690400e-05 3.3876100e-06
     66    162 0.0000000e+00 5.9370300e-05 9.4992400e-06
     66    163 0.0000000e+00 3.3930100e-05 5.4288200e-06
     66    164 0.0000000e+00 1.9920100e-05 3.1872100e-06
     66    165 0.0000000e+00 1.0840000e-05 2.4932100e-06
     66    165 1.0000000e+00 5.4600200e-06 2.4570100e-06
     66    166 0.0000000e+00 6.2900300e-06 6.9190300e-07
     66    167 0.0000000e+00 3.6800200e-06 1.6560100e-06
     66    168 0.0000000e+00 1.9800100e-06 8.9100400e-07
     66    169 0.0000000e+00 1.2400100e-06 3.9680200e-07
     66    170 0.0000000e+00 5.2000200e-07 3.3280100e-07
     66    171 0.0000000e+00 2.3200100e-07 1.4848100e-07
     66    172 0.0000000e+00 1.0100000e-07 6.4640300e-08
     67    159 0.0000000e+00 0.0000000e+00 0.0000000e+00
     67    159 1.0000000e+00 0.0000000e+00 0.0000000e+00
     67    161 0.0000000e+00 0.0000000e+00 0.0000000e+00
     67    161 1.0000000e+00 0.0000000e+00 0.0000000e+00
     67    162 0.0000000e+00 4.3000200e-14 2.7520100e-14
     67    162 1.0000000e+00 5.0600200e-14 3.2384100e-14
     67    163 0.0000000e+00 1.2700100e-12 8.1280300e-13
     67    163 1.0000000e+00 8.8600400e-14 5.6704200e-14
     67    164 0.0000000e+00 1.7100100e-11 1.0944000e-11
     67    164 1.0000000e+00 1.4000100e-11 8.9600400e-12
     67    165 0.0000000e+00 1.0970000e-05 1.7552100e-06
     67    166 0.0000000e+00 6.3000300e-06 6.9300300e-07
     67    166 1.0000000e+00 9.4200400e-10 6.0288300e-10
     67    167 0.0000000e+00 3.6900200e-06 1.1808100e-06
     67    168 0.0000000e+00 2.0000100e-06 6.4000300e-07
     67    169 0.0000000e+00 1.2900100e-06 2.0640100e-07
     67    170 0.0000000e+00 5.5700200e-07 1.7824100e-07
     67    170 1.0000000e+00 3.6600200e-08 2.3424100e-08
     67    171 0.0000000e+00 3.2500100e-07 1.4625100e-07
     67    172 0.0000000e+00 2.0100100e-07 9.0450400e-08
     68    161 0.0000000e+00 0.0000000e+00 0.0000000e+00
     68    162 0.0000000e+00 0.0000000e+00 0.0000000e+00
     68    163 0.0000000e+00 0.0000000e+00 0.0000000e+00
     68    164 0.0000000e+00 9.0500400e-12 5.7920200e-12
     68    165 0.0000000e+00 3.1100100e-14 1.9904100e-14
     68    166 0.0000000e+00 6.3000300e-06 5.0400200e-07
     68    167 0.0000000e+00 3.6900200e-06 5.9040300e-07
     68    167 1.0000000e+00 3.6900200e-07 1.6605100e-07
     68    168 0.0000000e+00 2.0000100e-06 3.2000100e-07
     68    169 0.0000000e+00 1.2900100e-06 1.0320000e-07
     68    170 0.0000000e+00 5.9500300e-07 9.5200400e-08
     68    171 0.0000000e+00 3.3000100e-07 1.4850100e-07
     68    172 0.0000000e+00 2.1200100e-07 6.7840300e-08
     69    165 0.0000000e+00 0.0000000e+00 0.0000000e+00
     69    166 0.0000000e+00 0.0000000e+00 0.0000000e+00
     69    167 0.0000000e+00 0.0000000e+00 0.0000000e+00
     69    168 0.0000000e+00 1.5100100e-14 9.6640400e-15
     69    169 0.0000000e+00 1.2900100e-06 1.0320000e-07
     69    170 0.0000000e+00 2.5100100e-12 1.6064100e-12
     69    171 0.0000000e+00 3.3000100e-07 1.0560000e-07
     69    172 0.0000000e+00 2.1300100e-07 4.8990200e-08
     70    166 0.0000000e+00 0.0000000e+00 0.0000000e+00
     70    167 0.0000000e+00 0.0000000e+00 0.0000000e+00
     70    168 0.0000000e+00 0.0000000e+00 0.0000000e+00
     70    169 0.0000000e+00 0.0000000e+00 0.0000000e+00
     70    169 1.0000000e+00 0.0000000e+00 0.0000000e+00
     70    170 0.0000000e+00 2.5100100e-12 1.6064100e-12
     70    171 0.0000000e+00 3.3000100e-07 5.2800200e-08
     70    172 0.0000000e+00 2.1300100e-07 3.4080100e-08
     71    169 0.0000000e+00 0.0000000e+00 0.0000000e+00
     71    169 1.0000000e+00 0.0000000e+00 0.0000000e+00
     71    171 0.0000000e+00 0.0000000e+00 0.0000000e+00
     71    171 1.0000000e+00 0.0000000e+00 0.0000000e+00
     71    172 0.0000000e+00 0.0000000e+00 0.0000000e+00
     71    172 1.0000000e+00 0.0000000e+00 0.0000000e+00
     72    171 0.0000000e+00 0.0000000e+00 0.0000000e+00
     72    172 0.0000000e+00 0.0000000e+00 0.0000000e+00


