   66   7.8218E-07
   67   1.3867E-06
   68   2.9836E-06
   69   5.0104E-06
   70   9.0127E-06
   71   1.5916E-05
   72   2.7060E-05
   73   5.2300E-05
   74   8.0063E-05
   75   1.3870E-04
   76   2.1990E-04
   77   3.1293E-04
   78   5.6994E-04
   79   1.3296E-03
   80   2.0925E-03
   81   3.3451E-03
   82   4.5377E-03
   83   6.6639E-03
   84   9.6079E-03
   85   1.1581E-02
   86   1.5238E-02
   87   1.6512E-02
   88   2.0483E-02
   89   2.8840E-02
   90   3.3671E-02
   91   3.8932E-02
   92   3.8739E-02
   93   4.2966E-02
   94   4.8557E-02
   95   4.9263E-02
   96   5.6225E-02
   97   5.3224E-02
   98   5.4065E-02
   99   5.7601E-02
  100   5.0131E-02
  101   5.6978E-02
  102   4.6211E-02
  103   4.6144E-02
  104   3.9958E-02
  105   3.2420E-02
  106   2.4608E-02
  107   1.6944E-02
  108   1.2213E-02
  109   1.1200E-02
  110   1.0314E-02
  111   9.9225E-03
  112   1.0327E-02
  113   9.1434E-03
  114   7.1889E-03
  115   8.5705E-03
  116   6.7564E-03
  117   6.0470E-03
  118   8.3102E-03
  119   7.2595E-03
  120   7.7742E-03
  121   8.3280E-03
  122   8.4986E-03
  123   9.2288E-03
  124   1.0350E-02
  125   1.1963E-02
  126   1.3227E-02
  127   1.4960E-02
  128   1.9429E-02
  129   2.0798E-02
  130   3.1502E-02
  131   3.9930E-02
  132   4.8387E-02
  133   6.0123E-02
  134   6.4051E-02
  135   5.8610E-02
  136   5.4468E-02
  137   5.1978E-02
  138   4.9737E-02
  139   5.1090E-02
  140   4.6246E-02
  141   4.3945E-02
  142   4.0305E-02
  143   3.9152E-02
  144   3.7161E-02
  145   3.0337E-02
  146   2.4447E-02
  147   2.0912E-02
  148   1.7267E-02
  149   1.4614E-02
  150   1.0815E-02
  151   8.0147E-03
  152   5.7879E-03
  153   3.9192E-03
  154   2.5212E-03
  155   1.5526E-03
  156   1.1437E-03
  157   8.0349E-04
  158   4.2593E-04
  159   2.6018E-04
  160   1.5665E-04
  161   8.4690E-05
  162   5.9366E-05
  163   3.3933E-05
  164   1.9919E-05
  165   1.0975E-05
  166   6.2973E-06
  167   3.6947E-06
  168   2.0047E-06
  169   1.2927E-06
  170   5.9490E-07
  171   3.3024E-07
  172   2.1264E-07
