   66   3.7100E-08
   67   2.1500E-07
   68   2.8000E-07
   69   3.5800E-07
   70   4.4100E-07
   71   4.9500E-07
   72   6.0500E-07
   73   2.0600E-06
   74   2.7700E-06
   75   4.6200E-06
   76   8.0000E-06
   77   3.3010E-05
   78   1.1222E-04
   79   3.2673E-04
   80   4.2741E-04
   81   8.6209E-04
   82   2.1377E-03
   83   3.9586E-03
   84   8.2558E-03
   85   7.4306E-03
   86   1.2965E-02
   87   1.6255E-02
   88   2.0280E-02
   89   2.7611E-02
   90   3.2469E-02
   91   4.0395E-02
   92   4.3125E-02
   93   4.9133E-02
   94   4.6101E-02
   95   5.1405E-02
   96   6.0174E-02
   97   5.5625E-02
   98   5.9450E-02
   99   6.1683E-02
  100   6.6974E-02
  101   6.2090E-02
  102   6.4474E-02
  103   6.2753E-02
  104   5.0360E-02
  105   4.0513E-02
  106   2.4897E-02
  107   1.4459E-02
  108   6.0142E-03
  109   2.5214E-03
  110   1.4085E-03
  111   7.1214E-04
  112   5.5901E-04
  113   4.6111E-04
  114   3.9257E-04
  115   3.7548E-04
  116   3.9314E-04
  117   3.7732E-04
  118   4.3176E-04
  119   3.9720E-04
  120   3.8713E-04
  121   3.6927E-04
  122   4.1073E-04
  123   4.4534E-04
  124   4.6448E-04
  125   4.8524E-04
  126   5.4089E-04
  127   1.3625E-03
  128   2.8609E-03
  129   1.0113E-02
  130   1.9137E-02
  131   3.2908E-02
  132   5.1475E-02
  133   6.7610E-02
  134   7.6094E-02
  135   6.9676E-02
  136   6.9789E-02
  137   6.0526E-02
  138   5.7625E-02
  139   5.6702E-02
  140   5.8153E-02
  141   5.3365E-02
  142   4.5858E-02
  143   4.6221E-02
  144   4.5480E-02
  145   3.8090E-02
  146   3.4457E-02
  147   2.5927E-02
  148   2.1125E-02
  149   1.6253E-02
  150   1.2735E-02
  151   7.9940E-03
  152   5.3023E-03
  153   4.1479E-03
  154   2.1628E-03
  155   1.4152E-03
  156   7.6034E-04
  157   4.1375E-04
  158   1.8487E-04
  159   8.6191E-05
  160   3.5440E-05
  161   1.2150E-05
  162   3.4000E-06
  163   2.0400E-06
  164   1.2500E-06
  165   7.6600E-07
  166   5.6700E-07
  167   4.3500E-07
  168   2.8400E-07
  169   1.7000E-07
  170   1.0200E-07
  171   5.7200E-08
  172   1.0700E-07
