    1   1.6591E-05
    2   5.0704E-06
    3   7.2339E-05
    4   1.2867E-03
    6   1.7968E-05
    7   7.5948E-07
    8   3.3590E-07
    9   5.4052E-07
   10   4.8000E-06
   66   3.0246E-10
   67   7.1955E-10
   68   2.7055E-09
   69   1.1463E-08
   70   3.6484E-08
   71   1.5621E-07
   72   7.1943E-07
   73   2.6025E-06
   74   1.0421E-05
   75   3.3862E-05
   76   1.1984E-04
   77   4.2094E-04
   78   2.5595E-03
   79   4.2303E-03
   80   1.6350E-02
   81   2.1062E-02
   82   3.4608E-02
   83   5.1991E-02
   84   9.2223E-02
   85   9.3531E-02
   86   8.1952E-02
   87   7.1979E-02
   88   8.1806E-02
   89   9.2071E-02
   90   8.4010E-02
   91   6.6221E-02
   92   5.9481E-02
   93   4.8347E-02
   94   4.1485E-02
   95   2.6817E-02
   96   1.3831E-02
   97   7.3213E-03
   98   2.7138E-03
   99   1.5252E-03
  100   3.8460E-04
  101   1.3094E-04
  102   6.5572E-05
  103   5.9897E-05
  104   1.0039E-04
  105   8.1818E-05
  106   1.2029E-04
  107   1.0822E-04
  108   1.1742E-04
  109   1.2902E-04
  110   1.6930E-04
  111   2.1670E-04
  112   2.0855E-04
  113   1.7019E-04
  114   2.1505E-04
  115   1.9850E-04
  116   1.9637E-04
  117   2.2768E-04
  118   1.6946E-04
  119   1.5727E-04
  120   1.4951E-04
  121   1.3323E-04
  122   1.4917E-04
  123   1.2905E-04
  124   1.1115E-04
  125   5.6484E-05
  126   1.9094E-04
  127   3.8955E-04
  128   5.1983E-04
  129   1.2512E-03
  130   4.1891E-03
  131   6.0515E-03
  132   1.2051E-02
  133   2.9684E-02
  134   5.9660E-02
  135   5.8028E-02
  136   5.8454E-02
  137   7.2967E-02
  138   7.9006E-02
  139   8.5202E-02
  140   7.9469E-02
  141   7.4695E-02
  142   7.2924E-02
  143   8.3251E-02
  144   9.7693E-02
  145   5.0269E-02
  146   3.3829E-02
  147   2.1163E-02
  148   1.0222E-02
  149   5.8900E-03
  150   1.7863E-03
  151   3.8034E-04
  152   9.7650E-05
  153   2.0601E-05
  154   4.8366E-06
  155   9.8562E-07
  156   2.6005E-07
  157   7.1632E-08
  158   1.7945E-08
  159   5.2827E-09
  160   1.3437E-09
  161   3.5770E-10
  162   8.8721E-11
  163   2.6921E-11
  164   8.9549E-12
  165   2.6864E-12
  166   7.1860E-13
  167   1.8029E-13
  168   8.2226E-14
  169   2.2437E-14
  170   2.1164E-14
  171   2.0668E-14
  172   1.7074E-14
