    1   2.7464E-05
    2   8.3931E-06
    3   1.1974E-04
    4   1.9952E-03
    6   2.9902E-05
    7   8.7979E-07
    8   9.4017E-07
    9   5.4398E-07
   10   5.2154E-07
   66   2.2080E-09
   67   4.5789E-09
   68   1.6085E-08
   69   5.8974E-08
   70   1.9879E-07
   71   3.6656E-07
   72   1.2192E-06
   73   2.6183E-06
   74   6.3683E-06
   75   1.3702E-05
   76   2.9277E-05
   77   7.2287E-05
   78   1.8768E-04
   79   4.3628E-04
   80   9.3934E-04
   81   1.8343E-03
   82   3.2068E-03
   83   2.9690E-03
   84   5.3584E-03
   85   5.2100E-03
   86   7.8131E-03
   87   1.0202E-02
   88   1.3515E-02
   89   1.6953E-02
   90   2.0753E-02
   91   2.4810E-02
   92   3.0323E-02
   93   3.7941E-02
   94   4.3057E-02
   95   4.8079E-02
   96   4.8939E-02
   97   5.4179E-02
   98   5.8134E-02
   99   6.1980E-02
  100   6.7684E-02
  101   6.0132E-02
  102   6.1218E-02
  103   6.9896E-02
  104   6.1004E-02
  105   5.6328E-02
  106   4.3424E-02
  107   3.3270E-02
  108   2.1625E-02
  109   1.4764E-02
  110   6.4469E-03
  111   2.9569E-03
  112   1.2839E-03
  113   8.1599E-04
  114   6.0205E-04
  115   4.2609E-04
  116   5.0665E-04
  117   4.4359E-04
  118   3.2457E-04
  119   3.2223E-04
  120   3.0563E-04
  121   3.7776E-04
  122   4.4615E-04
  123   4.4085E-04
  124   4.1558E-04
  125   1.1157E-03
  126   2.0229E-03
  127   5.0577E-03
  128   7.3335E-03
  129   1.3708E-02
  130   2.3451E-02
  131   3.8535E-02
  132   5.4025E-02
  133   7.0119E-02
  134   7.6766E-02
  135   7.6374E-02
  136   6.8976E-02
  137   6.5307E-02
  138   6.0815E-02
  139   5.6272E-02
  140   9.0979E-02
  141   5.2419E-02
  142   4.9331E-02
  143   7.2779E-02
  144   3.7380E-02
  145   2.9776E-02
  146   2.4562E-02
  147   2.8721E-02
  148   1.6409E-02
  149   1.2152E-02
  150   9.6537E-03
  151   8.7066E-03
  152   5.7586E-03
  153   2.8867E-03
  154   2.5956E-03
  155   1.6559E-03
  156   1.2392E-03
  157   7.8931E-04
  158   4.1406E-04
  159   2.0637E-04
  160   9.6686E-05
  161   4.8372E-05
  162   2.2292E-05
  163   9.1528E-06
  164   3.2974E-06
  165   1.3389E-06
  166   6.6547E-07
  167   1.5188E-07
  168   4.2866E-08
  169   1.4688E-08
  170   3.1772E-09
  171   1.5688E-09
  172   4.9361E-10
