   66   3.0037E-09
   67   5.0069E-09
   68   3.0016E-08
   69   5.7054E-08
   70   3.0614E-07
   71   5.3565E-07
   72   1.0913E-06
   73   2.1394E-06
   74   5.3312E-06
   75   9.5568E-06
   76   1.9128E-05
   77   4.6193E-05
   78   8.1680E-05
   79   1.8445E-04
   80   3.0222E-04
   81   4.8042E-04
   82   7.5740E-04
   83   1.2981E-03
   84   1.8377E-03
   85   2.5626E-03
   86   3.2995E-03
   87   4.1710E-03
   88   5.2125E-03
   89   4.6135E-03
   90   5.9227E-03
   91   8.2926E-03
   92   8.8584E-03
   93   1.0646E-02
   94   1.2083E-02
   95   1.5078E-02
   96   1.6825E-02
   97   2.0881E-02
   98   2.3052E-02
   99   2.8117E-02
  100   3.2382E-02
  101   3.6853E-02
  102   4.2131E-02
  103   4.9261E-02
  104   5.0829E-02
  105   5.4417E-02
  106   5.6180E-02
  107   5.6972E-02
  108   5.7232E-02
  109   5.5767E-02
  110   5.4163E-02
  111   5.4993E-02
  112   4.9245E-02
  113   4.1646E-02
  114   3.6235E-02
  115   2.9858E-02
  116   2.1995E-02
  117   1.8305E-02
  118   1.0212E-02
  119   6.0939E-03
  120   3.8523E-03
  121   2.0636E-03
  122   1.8024E-03
  123   1.6819E-03
  124   1.3740E-03
  125   2.0708E-03
  126   4.4598E-03
  127   5.8887E-03
  128   7.8344E-03
  129   1.6298E-02
  130   1.9738E-02
  131   3.1675E-02
  132   4.1588E-02
  133   5.2483E-02
  134   5.3864E-02
  135   5.4201E-02
  136   5.5854E-02
  137   5.7642E-02
  138   5.4007E-02
  139   6.1185E-02
  140   5.3224E-02
  141   5.4315E-02
  142   4.3866E-02
  143   4.7078E-02
  144   4.3170E-02
  145   3.5390E-02
  146   3.3508E-02
  147   2.8559E-02
  148   2.2545E-02
  149   2.0541E-02
  150   1.7547E-02
  151   1.6044E-02
  152   1.2556E-02
  153   1.2100E-02
  154   8.9266E-03
  155   6.1597E-03
  156   6.7673E-03
  157   4.2122E-03
  158   3.8096E-03
  159   3.6400E-03
  160   2.3291E-03
  161   1.9308E-03
  162   1.1065E-03
  163   6.6849E-04
  164   4.3464E-04
  165   2.8025E-04
  166   1.6688E-04
  167   7.3912E-05
  168   4.1820E-05
  169   1.6869E-05
  170   8.6257E-06
  171   4.8077E-06
  172   3.6282E-06
