   66   2.9994E-09
   67   5.0090E-09
   68   2.9994E-08
   69   5.7089E-08
   70   3.0194E-07
   71   5.3589E-07
   72   1.0898E-06
   73   2.1396E-06
   74   5.3290E-06
   75   9.5581E-06
   76   1.8636E-05
   77   4.6191E-05
   78   8.1704E-05
   79   1.8450E-04
   80   3.0173E-04
   81   4.8021E-04
   82   7.2202E-04
   83   1.2984E-03
   84   1.8960E-03
   85   2.5065E-03
   86   3.3392E-03
   87   4.2209E-03
   88   5.2106E-03
   89   4.5528E-03
   90   5.8876E-03
   91   8.2797E-03
   92   8.9096E-03
   93   1.0781E-02
   94   1.1967E-02
   95   1.5058E-02
   96   1.6761E-02
   97   2.0852E-02
   98   2.3180E-02
   99   2.8002E-02
  100   3.2348E-02
  101   3.6853E-02
  102   4.2134E-02
  103   4.9263E-02
  104   5.0916E-02
  105   5.4335E-02
  106   5.6169E-02
  107   5.6972E-02
  108   5.7245E-02
  109   5.5782E-02
  110   5.4118E-02
  111   5.4993E-02
  112   4.9245E-02
  113   4.1646E-02
  114   3.6234E-02
  115   2.9858E-02
  116   2.1932E-02
  117   1.8305E-02
  118   1.0212E-02
  119   6.0939E-03
  120   3.8523E-03
  121   2.0638E-03
  122   1.8013E-03
  123   1.6818E-03
  124   1.3226E-03
  125   2.0708E-03
  126   4.4600E-03
  127   5.8881E-03
  128   7.8185E-03
  129   1.6297E-02
  130   1.9444E-02
  131   3.1675E-02
  132   4.1588E-02
  133   5.2485E-02
  134   5.3696E-02
  135   5.4192E-02
  136   5.2382E-02
  137   5.6992E-02
  138   5.3982E-02
  139   6.1079E-02
  140   5.3230E-02
  141   5.4306E-02
  142   4.3925E-02
  143   4.7034E-02
  144   4.3169E-02
  145   3.5367E-02
  146   3.3506E-02
  147   2.8559E-02
  148   2.2543E-02
  149   2.0535E-02
  150   1.7363E-02
  151   1.6044E-02
  152   1.2556E-02
  153   1.2100E-02
  154   8.9134E-03
  155   6.1597E-03
  156   6.7673E-03
  157   4.2122E-03
  158   3.8095E-03
  159   3.6400E-03
  160   2.3099E-03
  161   1.9308E-03
  162   1.1066E-03
  163   6.6848E-04
  164   4.3447E-04
  165   2.8025E-04
  166   1.6689E-04
  167   7.3926E-05
  168   4.1812E-05
  169   1.6867E-05
  170   8.6183E-06
  171   4.8091E-06
  172   3.6293E-06
