#  n-U234-MT454-E0014.000.endfb8.1.txt  independent fission yields
#   0    92   234  92xx  1.4000E+01        1240
   43    23    66     0       1.217180E-13       7.789930E-14
   44    23    67     0       2.357510E-14       1.508810E-14
   42    24    66     0       3.708780E-10       2.373620E-10
   43    24    67     0       6.627640E-11       4.241690E-11
   44    24    68     0       4.970000E-12       3.180800E-12
   45    24    69     0       3.119630E-13       1.996560E-13
   46    24    70     0       1.170000E-14       7.488000E-15
   41    25    66     0       6.450000E-08       4.128000E-08
   42    25    67     0       2.820000E-08       1.804800E-08
   43    25    68     0       5.220000E-09       3.340800E-09
   44    25    69     0       6.896880E-10       4.414000E-10
   45    25    70     0       7.680000E-11       4.915200E-11
   46    25    71     0       5.580000E-12       3.571200E-12
   47    25    72     0       4.396270E-13       2.813610E-13
   40    26    66     0       1.160000E-06       7.424000E-07
   41    26    67     0       1.180000E-06       7.552000E-07
   42    26    68     0       5.200000E-07       3.328000E-07
   43    26    69     0       1.660000E-07       1.062400E-07
   44    26    70     0       4.550000E-08       2.912000E-08
   45    26    71     0       8.200000E-09       5.248000E-09
   46    26    72     0       1.339560E-09       8.573190E-10
   47    26    73     0       1.120000E-10       7.168000E-11
   48    26    74     0       7.060000E-12       4.518400E-12
   49    26    75     0       6.781800E-13       4.340350E-13
   50    26    76     0       0.000000E+00       0.000000E+00
   39    27    66     0       2.510000E-06       1.606400E-06
   40    27    67     0       5.620000E-06       3.596800E-06
   41    27    68     0       5.550000E-06       3.552000E-06
   42    27    69     0       4.070000E-06       2.604800E-06
   43    27    70     0       2.610000E-06       1.670400E-06
   44    27    71     0       1.130000E-06       7.232000E-07
   45    27    72     0       4.490000E-07       2.873600E-07
   46    27    73     0       9.240000E-08       5.913600E-08
   47    27    74     0       1.450000E-08       9.280000E-09
   48    27    75     0       1.499320E-09       9.595660E-10
   49    27    76     0       1.230000E-10       7.872000E-11
   50    27    77     0       6.649380E-12       4.255600E-12
   51    27    78     0       5.807010E-13       3.716490E-13
   38    28    66     0       7.040000E-07       4.505600E-07
   39    28    67     0       3.440000E-06       2.201600E-06
   40    28    68     0       7.370000E-06       4.716800E-06
   41    28    69     0       1.177000E-05       7.532800E-06
   42    28    70     0       1.670000E-05       1.068800E-05
   43    28    71     0       1.631000E-05       1.043840E-05
   44    28    72     0       1.503000E-05       9.619200E-06
   45    28    73     0       7.310000E-06       4.678400E-06
   46    28    74     0       2.770000E-06       1.772800E-06
   47    28    75     0       7.190000E-07       4.601600E-07
   48    28    76     0       1.460000E-07       9.344000E-08
   49    28    77     0       1.869340E-08       1.196370E-08
   50    28    78     0       1.769420E-09       1.132430E-09
   51    28    79     0       8.273800E-11       5.295230E-11
   52    28    80     0       2.870000E-12       1.836800E-12
   54    28    82     0       0.000000E+00       0.000000E+00
   37    29    66     0       2.290000E-08       1.465600E-08
   38    29    67     0       2.580000E-07       1.651200E-07
   39    29    68     0       2.250000E-07       1.440000E-07
   39    29    68     1       1.020000E-06       6.528000E-07
   40    29    69     0       4.400000E-06       2.816000E-06
   41    29    70     0       2.040000E-06       1.305600E-06
   41    29    70     1       1.156000E-05       7.398400E-06
   42    29    71     0       2.881000E-05       1.843840E-05
   43    29    72     0       5.805000E-05       3.715200E-05
   44    29    73     0       6.295000E-05       4.028800E-05
   45    29    74     0       5.444000E-05       3.484160E-05
   46    29    75     0       3.369000E-05       2.156160E-05
   47    29    76     0       1.633000E-05       1.045120E-05
   48    29    77     0       5.200000E-06       3.328000E-06
   49    29    78     0       1.240000E-06       7.936000E-07
   50    29    79     0       1.829170E-07       1.170670E-07
   51    29    80     0       1.410000E-08       9.024000E-09
   52    29    81     0       9.000000E-10       5.760000E-10
   53    29    82     0       3.500000E-11       2.240000E-11
   36    30    66     0       7.470000E-11       4.780800E-11
   37    30    67     0       2.050000E-09       1.312000E-09
   38    30    68     0       2.370000E-08       1.516800E-08
   39    30    69     0       2.150000E-08       1.376000E-08
   39    30    69     1       1.740000E-07       1.113600E-07
   40    30    70     0       1.380000E-06       8.832000E-07
   41    30    71     0       7.210000E-07       4.614400E-07
   41    30    71     1       5.830000E-06       3.731200E-06
   42    30    72     0       2.896000E-05       1.853440E-05
   43    30    73     0       6.815000E-05       4.361600E-05
   44    30    74     0       1.280700E-04       8.196480E-05
   45    30    75     0       1.780900E-04       1.139780E-04
   46    30    76     0       1.940700E-04       1.242050E-04
   47    30    77     0       1.455100E-04       9.312640E-05
   48    30    78     0       8.341000E-05       5.338240E-05
   49    30    79     0       3.100000E-05       1.984000E-05
   50    30    80     0       6.300000E-06       4.032000E-06
   51    30    81     0       1.120000E-06       7.168000E-07
   52    30    82     0       1.230000E-07       7.872000E-08
   53    30    83     0       6.450000E-09       4.128000E-09
   54    30    84     0       1.830000E-10       1.171200E-10
   55    30    85     0       1.654760E-11       1.059050E-11
   56    30    86     0       5.200000E-14       3.328000E-14
   35    31    66     0       2.230000E-14       1.427200E-14
   36    31    67     0       1.530000E-12       9.792000E-13
   37    31    68     0       4.380000E-11       2.803200E-11
   38    31    69     0       8.870000E-10       5.676800E-10
   39    31    70     0       1.520000E-08       9.728000E-09
   40    31    71     0       1.710000E-07       1.094400E-07
   41    31    72     1       8.750000E-07       5.600000E-07
   41    31    72     0       8.750000E-07       5.600000E-07
   42    31    73     0       9.350000E-06       5.984000E-06
   43    31    74     1       1.949500E-05       1.247680E-05
   43    31    74     0       1.949500E-05       1.247680E-05
   44    31    75     0       1.207200E-04       7.726080E-05
   45    31    76     0       2.851800E-04       1.825150E-04
   46    31    77     0       4.760900E-04       3.046980E-04
   47    31    78     0       6.184100E-04       3.957820E-04
   48    31    79     0       5.451500E-04       3.488960E-04
   49    31    80     0       2.757600E-04       1.764860E-04
   50    31    81     0       1.308500E-04       8.374400E-05
   51    31    82     0       3.919000E-05       2.508160E-05
   52    31    83     0       5.860000E-06       3.750400E-06
   53    31    84     0       4.790000E-07       3.065600E-07
   54    31    85     0       3.658350E-08       2.341340E-08
   55    31    86     0       1.080000E-09       6.912000E-10
   56    31    87     0       5.689310E-11       3.641160E-11
   34    32    66     0       0.000000E+00       0.000000E+00
   35    32    67     0       0.000000E+00       0.000000E+00
   36    32    68     0       0.000000E+00       0.000000E+00
   37    32    69     0       3.710000E-13       2.374400E-13
   38    32    70     0       1.580000E-11       1.011200E-11
   39    32    71     0       2.200000E-10       1.408000E-10
   39    32    71     1       2.200000E-10       1.408000E-10
   40    32    72     0       1.100000E-08       7.040000E-09
   41    32    73     0       1.260000E-07       8.064000E-08
   41    32    73     1       1.550000E-08       9.920000E-09
   42    32    74     0       1.390000E-06       8.896000E-07
   43    32    75     0       8.090000E-07       5.177600E-07
   43    32    75     1       9.310000E-06       5.958400E-06
   44    32    76     0       5.373000E-05       3.438720E-05
   45    32    77     0       1.874800E-04       1.199870E-04
   45    32    77     1       1.411000E-05       9.030400E-06
   46    32    78     0       5.806600E-04       3.716220E-04
   47    32    79     1       5.784100E-04       3.701820E-04
   47    32    79     0       5.784100E-04       3.701820E-04
   48    32    80     0       1.364370E-03       8.731970E-04
   49    32    81     0       1.621030E-03       1.037460E-03
   50    32    82     0       1.252030E-03       8.012990E-04
   51    32    83     0       5.087200E-04       3.255810E-04
   52    32    84     0       1.156300E-04       7.400320E-05
   53    32    85     0       2.438000E-05       1.560320E-05
   54    32    86     0       1.970000E-06       1.260800E-06
   55    32    87     0       1.599430E-07       1.023640E-07
   56    32    88     0       6.590000E-09       4.217600E-09
   57    32    89     0       3.119630E-10       1.996560E-10
   36    33    69     0       0.000000E+00       0.000000E+00
   38    33    71     0       1.030000E-13       6.592000E-14
   39    33    72     0       6.460000E-12       4.134400E-12
   40    33    73     0       2.060000E-10       1.318400E-10
   41    33    74     0       8.950000E-10       5.728000E-10
   41    33    74     1       4.080000E-09       2.611200E-09
   42    33    75     0       9.010000E-08       5.766400E-08
   43    33    76     0       1.140000E-06       7.296000E-07
   44    33    77     0       1.023000E-05       6.547200E-06
   45    33    78     0       6.863000E-05       4.392320E-05
   46    33    79     0       3.176000E-04       2.032640E-04
   47    33    80     0       8.727900E-04       5.585860E-04
   48    33    81     0       2.484840E-03       1.590300E-03
   49    33    82     0       2.321640E-03       1.485850E-03
   49    33    82     1       2.321810E-03       1.485960E-03
   50    33    83     0       4.768560E-03       3.051880E-03
   51    33    84     1       1.414680E-03       9.053950E-04
   51    33    84     0       1.414680E-03       9.053950E-04
   52    33    85     0       1.570620E-03       1.005200E-03
   53    33    86     0       3.337900E-04       2.136260E-04
   54    33    87     0       7.305000E-05       4.675200E-05
   55    33    88     0       8.390000E-06       5.369600E-06
   56    33    89     0       6.896880E-07       4.414000E-07
   57    33    90     0       9.219040E-09       5.900190E-09
   58    33    91     0       8.853990E-10       5.666550E-10
   59    33    92     0       5.118040E-11       3.275550E-11
   38    34    72     0       0.000000E+00       0.000000E+00
   39    34    73     0       2.390000E-14       1.529600E-14
   39    34    73     1       0.000000E+00       0.000000E+00
   40    34    74     0       1.630000E-12       1.043200E-12
   41    34    75     0       7.570000E-11       4.844800E-11
   42    34    76     0       2.380000E-09       1.523200E-09
   43    34    77     0       4.270000E-09       2.732800E-09
   43    34    77     1       4.910000E-08       3.142400E-08
   44    34    78     0       8.830000E-07       5.651200E-07
   45    34    79     0       9.400000E-06       6.016000E-06
   45    34    79     1       7.080000E-07       4.531200E-07
   46    34    80     0       6.854000E-05       4.386560E-05
   47    34    81     0       3.907000E-05       2.500480E-05
   47    34    81     1       4.492700E-04       2.875330E-04
   48    34    82     0       2.223950E-03       1.423330E-03
   49    34    83     0       4.986300E-03       3.191230E-03
   49    34    83     1       6.163100E-04       3.944380E-04
   50    34    84     0       7.998520E-03       5.119050E-03
   51    34    85     0       5.580470E-03       3.571500E-03
   51    34    85     1       5.566280E-03       3.562420E-03
   52    34    86     0       5.860810E-03       3.750920E-03
   53    34    87     0       3.272700E-03       2.094530E-03
   54    34    88     0       1.005450E-03       6.434880E-04
   55    34    89     0       2.156800E-04       1.380350E-04
   56    34    90     0       2.809080E-05       1.797810E-05
   57    34    91     0       2.489110E-06       1.593030E-06
   58    34    92     0       1.559490E-07       9.980720E-08
   59    34    93     0       3.956050E-09       2.531870E-09
   60    34    94     0       2.210000E-10       1.414400E-10
   62    34    96     0       7.110000E-14       4.550400E-14
   40    35    75     0       0.000000E+00       0.000000E+00
   42    35    77     0       3.610000E-12       2.310400E-12
   42    35    77     1       2.220000E-11       1.420800E-11
   43    35    78     0       1.090000E-09       6.976000E-10
   44    35    79     0       4.510000E-09       2.886400E-09
   44    35    79     1       2.770000E-08       1.772800E-08
   45    35    80     0       8.540000E-08       5.465600E-08
   45    35    80     1       4.840000E-07       3.097600E-07
   46    35    81     0       1.085000E-05       6.944000E-06
   47    35    82     0       1.055500E-04       6.755200E-05
   47    35    82     1       2.317000E-05       1.482880E-05
   48    35    83     0       8.368900E-04       5.356100E-04
   49    35    84     0       6.736100E-04       4.311100E-04
   49    35    84     1       2.388250E-03       1.528480E-03
   50    35    85     0       1.006020E-02       3.219260E-03
   51    35    86     0       6.229640E-03       3.986970E-03
   51    35    86     1       6.227900E-03       3.985860E-03
   52    35    87     0       1.658650E-02       5.307690E-03
   53    35    88     0       1.274510E-02       4.078440E-03
   54    35    89     0       6.743830E-03       4.316050E-03
   55    35    90     0       2.275610E-03       1.456390E-03
   56    35    91     0       5.218500E-04       3.339840E-04
   57    35    92     0       8.399000E-05       5.375360E-05
   58    35    93     0       8.746040E-06       5.597470E-06
   59    35    94     0       7.730000E-07       4.947200E-07
   60    35    95     0       1.184800E-08       7.582710E-09
   61    35    96     0       1.670000E-09       1.068800E-09
   62    35    97     0       7.858360E-11       5.029350E-11
   41    36    77     0       0.000000E+00       0.000000E+00
   42    36    78     0       1.200000E-13       7.680000E-14
   43    36    79     1       4.690000E-12       3.001600E-12
   43    36    79     0       4.690000E-12       3.001600E-12
   44    36    80     0       4.450000E-10       2.848000E-10
   45    36    81     0       2.200000E-08       1.408000E-08
   45    36    81     1       1.660000E-09       1.062400E-09
   46    36    82     0       7.720000E-07       4.940800E-07
   47    36    83     0       1.233000E-05       7.891200E-06
   47    36    83     1       1.520000E-06       9.728000E-07
   48    36    84     0       1.360800E-04       8.709120E-05
   49    36    85     0       1.014130E-03       6.490430E-04
   49    36    85     1       1.253500E-04       8.022400E-05
   50    36    86     0       3.419880E-03       2.188720E-03
   51    36    87     0       1.071410E-02       3.428510E-03
   52    36    88     0       1.972000E-02       6.310400E-03
   53    36    89     0       2.433060E-02       7.785790E-03
   54    36    90     0       1.998220E-02       6.394310E-03
   55    36    91     0       1.117530E-02       3.576100E-03
   56    36    92     0       4.407970E-03       2.821100E-03
   57    36    93     0       1.150660E-03       7.364220E-04
   58    36    94     0       2.473500E-04       1.583040E-04
   59    36    95     0       3.330820E-05       2.131720E-05
   60    36    96     0       3.430000E-06       2.195200E-06
   61    36    97     0       2.209210E-07       1.413900E-07
   62    36    98     0       1.090000E-08       6.976000E-09
   63    36    99     0       4.599140E-10       2.943450E-10
   64    36   100     0       6.510000E-12       4.166400E-12
   42    37    79     0       0.000000E+00       0.000000E+00
   44    37    81     0       4.680000E-12       2.995200E-12
   46    37    83     0       2.220000E-08       1.420800E-08
   47    37    84     0       6.170000E-07       3.948800E-07
   48    37    85     0       1.401000E-05       8.966400E-06
   49    37    86     1       5.444500E-05       3.484480E-05
   49    37    86     0       5.444500E-05       3.484480E-05
   50    37    87     0       8.663700E-04       5.544770E-04
   51    37    88     0       3.992230E-03       2.555030E-03
   52    37    89     0       1.147560E-02       3.672200E-03
   53    37    90     0       2.432130E-03       1.556560E-03
   53    37    90     1       1.967890E-02       6.297260E-03
   54    37    91     0       2.856830E-02       9.141860E-03
   55    37    92     0       2.588690E-02       8.283820E-03
   56    37    93     0       1.591090E-02       5.091480E-03
   57    37    94     0       7.909210E-03       5.061890E-03
   58    37    95     0       2.577090E-03       1.649340E-03
   59    37    96     0       6.541800E-04       4.186750E-04
   60    37    97     0       1.056000E-04       6.758400E-05
   61    37    98     0       1.286000E-05       8.230400E-06
   62    37    99     0       1.016780E-06       6.507390E-07
   63    37   100     0       4.960000E-08       3.174400E-08
   64    37   101     0       1.280090E-09       8.192610E-10
   65    37   102     0       9.448700E-11       6.047170E-11
   45    38    83     0       3.200000E-12       2.048000E-12
   46    38    84     0       2.580000E-10       1.651200E-10
   47    38    85     1       8.250000E-09       5.280000E-09
   47    38    85     0       8.250000E-09       5.280000E-09
   48    38    86     0       3.470000E-07       2.220800E-07
   49    38    87     0       6.560000E-06       4.198400E-06
   49    38    87     1       8.100000E-07       5.184000E-07
   50    38    88     0       9.085000E-05       5.814400E-05
   51    38    89     0       6.503700E-04       4.162370E-04
   52    38    90     0       3.099210E-03       1.983490E-03
   53    38    91     0       9.447840E-03       6.046620E-03
   54    38    92     0       1.940870E-02       6.210780E-03
   55    38    93     0       2.680440E-02       8.577400E-03
   56    38    94     0       2.925200E-02       9.360640E-03
   57    38    95     0       2.168470E-02       6.939100E-03
   58    38    96     0       1.283070E-02       4.105830E-03
   59    38    97     0       4.948830E-03       3.167250E-03
   60    38    98     0       1.437540E-03       9.200260E-04
   61    38    99     0       2.637630E-04       1.688080E-04
   62    38   100     0       3.386000E-05       2.167040E-05
   63    38   101     0       3.598720E-06       2.303180E-06
   64    38   102     0       2.879060E-07       1.842600E-07
   65    38   103     0       5.805220E-09       3.715340E-09
   66    38   104     0       2.010000E-09       1.286400E-09
   67    38   105     0       3.272790E-10       2.094590E-10
   68    38   106     0       4.550470E-11       2.912300E-11
   46    39    85     0       1.730000E-12       1.107200E-12
   48    39    87     0       5.900000E-09       3.776000E-09
   49    39    88     0       2.030000E-07       1.299200E-07
   50    39    89     0       4.190000E-07       2.681600E-07
   50    39    89     1       3.390000E-06       2.169600E-06
   51    39    90     1       2.395000E-05       1.532800E-05
   51    39    90     0       2.395000E-05       1.532800E-05
   52    39    91     1       1.838150E-04       1.176420E-04
   52    39    91     0       1.838150E-04       1.176420E-04
   53    39    92     0       1.814160E-03       1.161060E-03
   54    39    93     1       2.915630E-03       1.866000E-03
   54    39    93     0       2.915630E-03       1.866000E-03
   55    39    94     0       1.403370E-02       4.490780E-03
   56    39    95     0       2.302700E-02       7.368640E-03
   57    39    96     0       1.812240E-03       1.159830E-03
   57    39    96     1       2.839570E-02       6.531020E-03
   58    39    97     1       1.308240E-02       8.372710E-03
   58    39    97     0       1.308240E-02       8.372710E-03
   59    39    98     0       8.541540E-03       5.466590E-03
   59    39    98     1       8.541370E-03       5.466480E-03
   60    39    99     0       7.406300E-03       4.740030E-03
   61    39   100     0       2.231400E-03       1.428100E-03
   62    39   101     0       5.574100E-04       3.567420E-04
   63    39   102     0       1.061100E-04       6.791040E-05
   64    39   103     0       1.283420E-05       8.213880E-06
   65    39   104     0       3.020000E-06       1.932800E-06
   66    39   105     0       7.235500E-07       4.630720E-07
   67    39   106     0       9.281840E-08       5.940380E-08
   68    39   107     0       5.698260E-10       3.646890E-10
   69    39   108     0       1.040010E-10       6.656080E-11
   70    39   109     0       2.219270E-11       1.420330E-11
   47    40    87     0       4.190000E-13       2.681600E-13
   48    40    88     0       4.110000E-11       2.630400E-11
   49    40    89     0       2.080000E-09       1.331200E-09
   50    40    90     1       3.575000E-08       2.288000E-08
   50    40    90     0       3.575000E-08       2.288000E-08
   51    40    91     0       1.450000E-06       9.280000E-07
   52    40    92     0       1.813000E-05       1.160320E-05
   53    40    93     0       1.464400E-04       9.372160E-05
   54    40    94     0       8.124900E-04       5.199940E-04
   55    40    95     0       3.092690E-03       1.979320E-03
   56    40    96     0       9.194700E-03       5.884610E-03
   57    40    97     0       1.772830E-02       5.673050E-03
   58    40    98     0       2.508250E-02       8.026410E-03
   59    40    99     0       2.422820E-02       7.753030E-03
   60    40   100     0       1.619590E-02       5.182690E-03
   61    40   101     0       8.980910E-03       5.747780E-03
   62    40   102     0       3.881680E-03       2.484280E-03
   63    40   103     0       1.063950E-03       6.809280E-04
   64    40   104     0       4.260300E-04       2.726590E-04
   65    40   105     0       1.876960E-04       1.201260E-04
   66    40   106     0       2.609710E-05       1.670220E-05
   67    40   107     0       1.601950E-06       1.025250E-06
   68    40   108     0       3.168960E-07       2.028130E-07
   69    40   109     0       6.239010E-08       3.992960E-08
   70    40   110     0       1.060000E-09       6.784000E-10
   71    40   111     0       8.577150E-11       5.489370E-11
   48    41    89     0       9.990000E-14       6.393600E-14
   49    41    90     0       9.570000E-12       6.124800E-12
   50    41    91     0       5.240000E-10       3.353600E-10
   51    41    92     0       1.720000E-08       1.100800E-08
   52    41    93     0       3.200000E-07       2.048000E-07
   52    41    93     1       3.960000E-08       2.534400E-08
   53    41    94     0       3.610000E-06       2.310400E-06
   53    41    94     1       1.270000E-06       8.128000E-07
   54    41    95     0       4.066000E-05       2.602240E-05
   54    41    95     1       5.030000E-06       3.219200E-06
   55    41    96     0       7.638000E-05       4.888320E-05
   56    41    97     0       1.322810E-03       8.465980E-04
   56    41    97     1       1.634900E-04       1.046340E-04
   57    41    98     0       4.019670E-03       2.572590E-03
   57    41    98     1       7.094200E-04       4.540290E-04
   58    41    99     0       8.208900E-04       5.253700E-04
   58    41    99     1       9.439910E-03       6.041540E-03
   59    41   100     0       7.450400E-03       4.768260E-03
   59    41   100     1       7.450400E-03       4.768260E-03
   60    41   101     0       1.756590E-02       5.621080E-03
   61    41   102     1       8.149280E-03       5.215540E-03
   61    41   102     0       8.149280E-03       5.215540E-03
   62    41   103     0       9.558120E-03       6.117200E-03
   63    41   104     1       3.144820E-03       2.012690E-03
   63    41   104     0       3.144820E-03       2.012690E-03
   64    41   105     0       4.412560E-03       2.824040E-03
   65    41   106     0       1.343890E-03       8.600900E-04
   66    41   107     0       3.267970E-04       2.091500E-04
   67    41   108     0       8.810000E-05       5.638400E-05
   68    41   109     0       1.272760E-05       8.145660E-06
   69    41   110     0       1.720000E-06       1.100800E-06
   70    41   111     0       1.896240E-07       1.213590E-07
   71    41   112     0       2.549180E-09       1.631470E-09
   72    41   113     0       2.561610E-10       1.639430E-10
   73    41   114     0       1.768350E-11       1.131740E-11
   48    42    90     0       0.000000E+00       0.000000E+00
   49    42    91     0       1.660000E-14       1.062400E-14
   50    42    92     0       1.450000E-12       9.280000E-13
   51    42    93     1       4.010000E-11       2.566400E-11
   51    42    93     0       4.010000E-11       2.566400E-11
   52    42    94     0       2.720000E-09       1.740800E-09
   53    42    95     0       6.500000E-08       4.160000E-08
   54    42    96     0       1.170000E-06       7.488000E-07
   55    42    97     0       1.324000E-05       8.473600E-06
   56    42    98     0       1.004700E-04       6.430080E-05
   57    42    99     0       5.205800E-04       3.331710E-04
   58    42   100     0       1.724050E-03       1.103390E-03
   59    42   101     0       4.435680E-03       2.838840E-03
   60    42   102     0       8.825640E-03       5.648410E-03
   61    42   103     0       1.077810E-02       3.449000E-03
   62    42   104     0       1.131950E-02       3.622240E-03
   63    42   105     0       1.223500E-02       3.915190E-03
   64    42   106     0       7.728460E-03       4.946210E-03
   65    42   107     0       4.164490E-03       2.665270E-03
   66    42   108     0       2.464200E-03       1.577090E-03
   67    42   109     0       8.237000E-04       5.271680E-04
   68    42   110     0       2.604300E-04       1.666750E-04
   69    42   111     0       4.919030E-05       3.148180E-05
   70    42   112     0       7.767450E-06       4.971170E-06
   71    42   113     0       7.201440E-07       4.608920E-07
   72    42   114     0       5.388230E-08       3.448470E-08
   73    42   115     0       6.851820E-10       4.385160E-10
   74    42   116     0       9.540000E-11       6.105600E-11
   75    42   117     0       2.223320E-11       1.422920E-11
   50    43    93     0       0.000000E+00       0.000000E+00
   52    43    95     0       7.380000E-12       4.723200E-12
   52    43    95     1       9.120000E-13       5.836800E-13
   54    43    97     1       5.550000E-09       3.552000E-09
   54    43    97     0       5.550000E-09       3.552000E-09
   55    43    98     0       2.090000E-07       1.337600E-07
   56    43    99     0       2.420000E-06       1.548800E-06
   56    43    99     1       2.990000E-07       1.913600E-07
   57    43   100     0       2.169000E-05       1.388160E-05
   58    43   101     0       1.291400E-04       8.264960E-05
   59    43   102     0       2.912100E-04       1.863740E-04
   59    43   102     1       2.912100E-04       1.863740E-04
   60    43   103     0       1.543130E-03       9.876030E-04
   61    43   104     0       2.633070E-03       1.685160E-03
   62    43   105     0       4.394970E-03       2.812780E-03
   63    43   106     0       5.683790E-03       3.637630E-03
   64    43   107     0       6.505700E-03       4.163650E-03
   65    43   108     0       8.062430E-03       5.159960E-03
   66    43   109     0       5.852890E-03       3.745850E-03
   67    43   110     0       4.105360E-03       2.627430E-03
   68    43   111     0       1.766370E-03       1.130480E-03
   69    43   112     0       6.591200E-04       4.218370E-04
   70    43   113     0       1.469100E-04       9.402210E-05
   71    43   114     0       2.637000E-05       1.687680E-05
   72    43   115     0       1.514800E-06       9.694730E-07
   73    43   116     0       2.820000E-07       1.804800E-07
   74    43   117     0       4.915320E-08       3.145800E-08
   75    43   118     0       4.724350E-10       3.023580E-10
   76    43   119     0       4.338100E-11       2.776380E-11
   51    44    95     0       0.000000E+00       0.000000E+00
   52    44    96     0       0.000000E+00       0.000000E+00
   53    44    97     0       8.300000E-13       5.312000E-13
   54    44    98     0       3.930000E-11       2.515200E-11
   55    44    99     0       1.310000E-09       8.384000E-10
   56    44   100     0       2.610000E-08       1.670400E-08
   57    44   101     0       3.740000E-07       2.393600E-07
   58    44   102     0       4.020000E-06       2.572800E-06
   59    44   103     0       2.440000E-05       1.561600E-05
   60    44   104     0       7.009000E-05       4.485760E-05
   61    44   105     0       1.868800E-04       1.196030E-04
   62    44   106     0       5.192800E-04       3.323390E-04
   63    44   107     0       1.305380E-03       8.354430E-04
   64    44   108     0       3.413780E-03       2.184820E-03
   65    44   109     1       0.000000E+00       0.000000E+00
   65    44   109     0       5.273680E-03       3.375155E-03
   66    44   110     0       7.867050E-03       5.034910E-03
   67    44   111     0       7.263610E-03       4.648710E-03
   68    44   112     0       6.049580E-03       3.871730E-03
   69    44   113     0       3.028110E-03       1.937990E-03
   70    44   114     0       1.264250E-03       8.091200E-04
   71    44   115     0       3.929550E-04       2.514910E-04
   72    44   116     0       7.654000E-05       4.898560E-05
   73    44   117     0       1.275080E-05       8.160530E-06
   74    44   118     0       1.439530E-06       9.212980E-07
   75    44   119     0       1.219570E-07       7.805220E-08
   76    44   120     0       6.840000E-09       4.377600E-09
   77    44   121     0       3.427070E-10       2.193320E-10
   78    44   122     0       1.010000E-11       6.464000E-12
   80    44   124     0       0.000000E+00       0.000000E+00
   54    45    99     0       5.580000E-14       3.571200E-14
   56    45   101     0       1.090000E-11       6.976000E-12
   56    45   101     1       8.810000E-11       5.638400E-11
   57    45   102     0       1.300000E-09       8.320000E-10
   57    45   102     1       1.300000E-09       8.320000E-10
   58    45   103     0       2.980000E-09       1.907200E-09
   58    45   103     1       3.430000E-08       2.195200E-08
   59    45   104     0       2.770000E-08       1.772800E-08
   59    45   104     1       1.570000E-07       1.004800E-07
   60    45   105     0       7.520000E-07       4.812800E-07
   60    45   105     1       5.660000E-08       3.622400E-08
   61    45   106     0       2.540000E-06       1.625600E-06
   61    45   106     1       2.540000E-06       1.625600E-06
   62    45   107     0       2.968000E-05       1.899520E-05
   63    45   108     0       8.660000E-05       5.542400E-05
   63    45   108     1       8.660000E-05       5.542400E-05
   64    45   109     0       5.975600E-04       3.824384E-04
   64    45   109     1       0.000000E+00       0.000000E+00
   65    45   110     0       9.728000E-04       6.225920E-04
   65    45   110     1       9.728000E-04       6.225920E-04
   66    45   111     0       3.853640E-03       2.466330E-03
   67    45   112     0       6.962070E-03       3.132930E-03
   68    45   113     0       7.422000E-03       4.750080E-03
   69    45   114     0       6.825380E-03       4.368240E-03
   70    45   115     0       4.687660E-03       3.000100E-03
   71    45   116     0       2.093700E-03       1.339970E-03
   72    45   117     0       8.057400E-04       5.156740E-04
   73    45   118     0       2.177300E-04       1.393470E-04
   74    45   119     0       4.384000E-05       2.805760E-05
   75    45   120     0       6.080000E-06       3.891200E-06
   76    45   121     0       7.576570E-07       4.849010E-07
   77    45   122     0       5.340000E-08       3.417600E-08
   78    45   123     0       3.160000E-09       2.022400E-09
   79    45   124     0       1.160000E-10       7.424000E-11
   80    45   125     0       8.071710E-12       5.165890E-12
   53    46    99     0       0.000000E+00       0.000000E+00
   55    46   101     0       0.000000E+00       0.000000E+00
   56    46   102     0       1.480000E-13       9.472000E-14
   57    46   103     0       5.110000E-12       3.270400E-12
   58    46   104     0       4.430000E-11       2.835200E-11
   59    46   105     0       3.220000E-10       2.060800E-10
   60    46   106     0       4.690000E-09       3.001600E-09
   61    46   107     0       1.390000E-08       8.896000E-09
   61    46   107     1       5.240000E-08       3.353600E-08
   62    46   108     0       9.040000E-07       5.785600E-07
   63    46   109     0       1.540000E-06       9.856000E-07
   63    46   109     1       5.800000E-06       3.712000E-06
   64    46   110     0       5.539000E-05       3.544960E-05
   65    46   111     0       5.225000E-05       3.344000E-05
   65    46   111     1       1.965600E-04       1.257980E-04
   66    46   112     0       1.018110E-03       6.515900E-04
   67    46   113     0       2.356420E-03       1.508110E-03
   68    46   114     0       4.721940E-03       3.022040E-03
   69    46   115     0       6.875820E-03       4.400520E-03
   70    46   116     0       6.710070E-03       4.294440E-03
   71    46   117     0       5.605090E-03       3.587260E-03
   72    46   118     0       3.432190E-03       2.196600E-03
   73    46   119     0       1.568000E-03       1.003520E-03
   74    46   120     0       5.153900E-04       3.298500E-04
   75    46   121     0       1.515500E-04       9.699200E-05
   76    46   122     0       2.554000E-05       1.634560E-05
   77    46   123     0       3.660000E-06       2.342400E-06
   78    46   124     0       3.420000E-07       2.188800E-07
   79    46   125     0       2.269190E-08       1.452280E-08
   80    46   126     0       1.230000E-09       7.872000E-10
   81    46   127     0       1.469390E-10       9.404100E-11
   82    46   128     0       1.270000E-11       8.128000E-12
   84    46   130     0       0.000000E+00       0.000000E+00
   56    47   103     0       0.000000E+00       0.000000E+00
   58    47   105     0       0.000000E+00       0.000000E+00
   58    47   105     1       1.040000E-14       6.656000E-15
   59    47   106     0       6.950000E-14       4.448000E-14
   59    47   106     1       3.160000E-13       2.022400E-13
   60    47   107     0       1.070000E-12       6.848000E-13
   60    47   107     1       1.230000E-11       7.872000E-12
   61    47   108     1       2.185000E-10       1.398400E-10
   61    47   108     0       2.185000E-10       1.398400E-10
   62    47   109     1       4.320000E-09       2.764800E-09
   62    47   109     0       4.320000E-09       2.764800E-09
   63    47   110     0       2.820000E-08       1.804800E-08
   63    47   110     1       1.290000E-07       8.256000E-08
   64    47   111     0       1.340000E-07       8.576000E-08
   64    47   111     1       1.540000E-06       9.856000E-07
   65    47   112     0       1.647000E-05       1.054080E-05
   66    47   113     0       7.010000E-06       4.486400E-06
   66    47   113     1       8.063000E-05       5.160320E-05
   67    47   114     0       4.043500E-04       2.587840E-04
   68    47   115     0       6.488900E-04       4.152900E-04
   68    47   115     1       6.488900E-04       4.152900E-04
   69    47   116     0       1.391760E-03       8.907260E-04
   69    47   116     1       1.391760E-03       8.907260E-04
   70    47   117     0       2.475600E-03       1.584380E-03
   70    47   117     1       2.475600E-03       1.584380E-03
   71    47   118     0       3.288530E-03       2.104660E-03
   71    47   118     1       3.288530E-03       2.104660E-03
   72    47   119     0       6.447880E-03       4.126640E-03
   73    47   120     1       2.365180E-03       1.513720E-03
   73    47   120     0       2.365180E-03       1.513720E-03
   74    47   121     0       3.108550E-03       1.989470E-03
   75    47   122     1       5.985250E-04       3.830560E-04
   75    47   122     0       5.985250E-04       3.830560E-04
   76    47   123     0       3.993900E-04       2.556100E-04
   77    47   124     0       9.274000E-05       5.935360E-05
   78    47   125     0       1.553000E-05       9.939200E-06
   79    47   126     0       2.150000E-06       1.376000E-06
   80    47   127     0       3.248530E-07       2.079060E-07
   81    47   128     0       7.580000E-08       4.851200E-08
   82    47   129     0       2.108600E-09       1.349500E-09
   83    47   130     0       1.340000E-10       8.576000E-11
   57    48   105     0       0.000000E+00       0.000000E+00
   58    48   106     0       0.000000E+00       0.000000E+00
   59    48   107     0       0.000000E+00       0.000000E+00
   60    48   108     0       1.860000E-14       1.190400E-14
   61    48   109     0       9.060000E-13       5.798400E-13
   62    48   110     0       4.050000E-11       2.592000E-11
   63    48   111     0       1.480000E-10       9.472000E-11
   63    48   111     1       9.090000E-10       5.817600E-10
   64    48   112     0       2.580000E-08       1.651200E-08
   65    48   113     0       4.610000E-08       2.950400E-08
   65    48   113     1       2.830000E-07       1.811200E-07
   66    48   114     0       3.690000E-06       2.361600E-06
   67    48   115     0       3.860000E-06       2.470400E-06
   67    48   115     1       2.371000E-05       1.517440E-05
   68    48   116     0       1.381400E-04       8.840960E-05
   69    48   117     0       7.684000E-05       4.917760E-05
   69    48   117     1       4.720200E-04       3.020930E-04
   70    48   118     0       1.626580E-03       1.041010E-03
   71    48   119     0       1.710430E-03       1.094680E-03
   71    48   119     1       1.710430E-03       1.094680E-03
   72    48   120     0       5.443880E-03       3.484080E-03
   73    48   121     1       3.809300E-03       2.437950E-03
   73    48   121     0       3.809300E-03       2.437950E-03
   74    48   122     0       6.327520E-03       4.049610E-03
   75    48   123     0       4.644680E-03       2.972600E-03
   76    48   124     0       2.537030E-03       1.623700E-03
   77    48   125     0       1.023670E-03       6.551490E-04
   78    48   126     0       3.480100E-04       2.227260E-04
   79    48   127     0       1.039100E-04       6.650240E-05
   80    48   128     0       4.081000E-05       2.611840E-05
   81    48   129     0       5.927890E-06       3.793850E-06
   82    48   130     0       4.790000E-07       3.065600E-07
   83    48   131     0       2.210000E-08       1.414400E-08
   84    48   132     0       8.810000E-10       5.638400E-10
   85    48   133     0       4.028390E-11       2.578170E-11
   86    48   134     0       1.620000E-13       1.036800E-13
   88    48   136     0       0.000000E+00       0.000000E+00
   58    49   107     0       0.000000E+00       0.000000E+00
   60    49   109     0       0.000000E+00       0.000000E+00
   62    49   111     0       5.880000E-14       3.763200E-14
   63    49   112     0       3.980000E-13       2.547200E-13
   63    49   112     1       3.220000E-12       2.060800E-12
   64    49   113     0       1.010000E-10       6.464000E-11
   64    49   113     1       1.250000E-11       8.000000E-12
   65    49   114     0       4.760000E-10       3.046400E-10
   65    49   114     1       2.700000E-09       1.728000E-09
   66    49   115     0       5.110000E-08       3.270400E-08
   66    49   115     1       6.310000E-09       4.038400E-09
   67    49   116     2       2.346670E-07       1.501870E-07
   67    49   116     0       2.346670E-07       1.501870E-07
   67    49   116     1       2.346670E-07       1.501870E-07
   68    49   117     0       5.870000E-06       3.756800E-06
   68    49   117     1       7.250000E-07       4.640000E-07
   69    49   118     2       3.475000E-06       2.224000E-06
   69    49   118     0       3.936000E-05       2.519040E-05
   69    49   118     1       3.475000E-06       2.224000E-06
   70    49   119     0       1.965800E-04       1.258110E-04
   70    49   119     1       2.430000E-05       1.555200E-05
   71    49   120     2       2.653670E-04       1.698350E-04
   71    49   120     0       2.653670E-04       1.698350E-04
   71    49   120     1       2.653670E-04       1.698350E-04
   72    49   121     0       2.151500E-03       1.376960E-03
   72    49   121     1       2.659200E-04       1.701890E-04
   73    49   122     2       1.072400E-03       6.863360E-04
   73    49   122     0       2.144770E-03       1.372650E-03
   73    49   122     1       1.072400E-03       6.863360E-04
   74    49   123     0       5.951850E-03       3.809180E-03
   74    49   123     1       7.356200E-04       4.707970E-04
   75    49   124     1       4.065430E-03       2.601880E-03
   75    49   124     0       4.065430E-03       2.601880E-03
   76    49   125     0       3.714990E-03       2.377590E-03
   76    49   125     1       3.714990E-03       2.377590E-03
   77    49   126     1       2.928900E-03       1.874500E-03
   77    49   126     0       2.928900E-03       1.874500E-03
   78    49   127     0       1.661470E-03       1.063340E-03
   78    49   127     1       1.661470E-03       1.063340E-03
   79    49   128     1       1.070960E-03       6.854180E-04
   79    49   128     0       1.070960E-03       6.854180E-04
   80    49   129     0       3.806000E-04       2.435840E-04
   80    49   129     1       3.806000E-04       2.435840E-04
   81    49   130     2       5.234000E-05       3.349760E-05
   81    49   130     1       5.234000E-05       3.349760E-05
   81    49   130     0       5.234000E-05       3.349760E-05
   82    49   131     1       9.795000E-06       6.268800E-06
   82    49   131     0       9.795000E-06       6.268800E-06
   83    49   132     0       2.150000E-06       1.376000E-06
   84    49   133     0       8.905970E-08       5.699820E-08
   85    49   134     0       3.200000E-09       2.048000E-09
   86    49   135     0       1.059630E-10       6.781660E-11
   87    49   136     0       1.110000E-12       7.104000E-13
   61    50   111     0       0.000000E+00       0.000000E+00
   62    50   112     0       0.000000E+00       0.000000E+00
   63    50   113     1       0.000000E+00       0.000000E+00
   63    50   113     0       0.000000E+00       0.000000E+00
   64    50   114     0       2.430000E-13       1.555200E-13
   65    50   115     0       1.080000E-11       6.912000E-12
   66    50   116     0       3.320000E-10       2.124800E-10
   67    50   117     1       3.785000E-09       2.422400E-09
   67    50   117     0       3.785000E-09       2.422400E-09
   68    50   118     0       1.310000E-07       8.384000E-08
   69    50   119     0       2.080000E-07       1.331200E-07
   69    50   119     1       1.280000E-06       8.192000E-07
   70    50   120     0       1.288000E-05       8.243200E-06
   71    50   121     0       1.620000E-05       1.036800E-05
   71    50   121     1       7.378000E-05       4.721920E-05
   72    50   122     0       3.594700E-04       2.300610E-04
   73    50   123     0       1.011640E-03       6.474500E-04
   73    50   123     1       2.220700E-04       1.421250E-04
   74    50   124     0       3.372890E-03       2.158650E-03
   75    50   125     0       5.605380E-03       3.587440E-03
   75    50   125     1       1.230450E-03       7.874880E-04
   76    50   126     0       1.188950E-02       3.804660E-03
   77    50   127     0       1.009730E-02       3.231130E-03
   77    50   127     1       2.216470E-03       1.418540E-03
   78    50   128     1       6.288540E-03       4.024670E-03
   78    50   128     0       6.288540E-03       4.024670E-03
   79    50   129     0       8.447800E-03       5.406590E-03
   79    50   129     1       1.853580E-03       1.186290E-03
   80    50   130     1       2.567440E-03       1.643160E-03
   80    50   130     0       2.567440E-03       1.643160E-03
   81    50   131     1       8.306150E-04       5.315940E-04
   81    50   131     0       8.306150E-04       5.315940E-04
   82    50   132     0       4.829300E-04       3.090750E-04
   83    50   133     0       5.666000E-05       3.626240E-05
   84    50   134     0       5.560000E-06       3.558400E-06
   85    50   135     0       2.978940E-07       1.906520E-07
   86    50   136     0       1.480000E-08       9.472000E-09
   87    50   137     0       3.110000E-10       1.990400E-10
   88    50   138     0       6.500000E-12       4.160000E-12
   62    51   113     0       0.000000E+00       0.000000E+00
   64    51   115     0       0.000000E+00       0.000000E+00
   66    51   117     0       7.750000E-13       4.960000E-13
   67    51   118     0       8.790000E-12       5.625600E-12
   67    51   118     1       2.500000E-11       1.600000E-11
   68    51   119     0       9.380000E-10       6.003200E-10
   69    51   120     0       5.240000E-09       3.353600E-09
   69    51   120     1       1.490000E-08       9.536000E-09
   70    51   121     0       3.380000E-07       2.163200E-07
   71    51   122     0       9.600000E-07       6.144000E-07
   71    51   122     1       2.240000E-06       1.433600E-06
   72    51   123     0       2.562000E-05       1.639680E-05
   73    51   124     2       5.579330E-05       3.570770E-05
   73    51   124     0       5.579330E-05       3.570770E-05
   73    51   124     1       5.579330E-05       3.570770E-05
   74    51   125     0       7.909200E-04       5.061890E-04
   75    51   126     2       6.755800E-04       4.323710E-04
   75    51   126     0       1.804870E-03       1.155120E-03
   75    51   126     1       6.755800E-04       4.323710E-04
   76    51   127     0       5.897230E-03       3.774230E-03
   77    51   128     0       5.382170E-03       3.444590E-03
   77    51   128     1       4.060100E-03       2.598460E-03
   78    51   129     0       1.711000E-02       5.475210E-03
   79    51   130     0       1.107420E-02       3.543730E-03
   79    51   130     1       8.354180E-03       5.346680E-03
   80    51   131     0       1.524760E-02       4.879230E-03
   81    51   132     0       4.314310E-03       2.761160E-03
   81    51   132     1       6.748020E-03       4.318730E-03
   82    51   133     0       3.486990E-03       2.231670E-03
   83    51   134     1       4.509150E-04       2.885860E-04
   83    51   134     0       4.509150E-04       2.885860E-04
   84    51   135     0       1.325900E-04       8.485760E-05
   85    51   136     0       1.753000E-05       1.121920E-05
   86    51   137     0       9.900000E-07       6.336000E-07
   87    51   138     0       5.450000E-08       3.488000E-08
   88    51   139     0       2.150000E-09       1.376000E-09
   89    51   140     0       7.020910E-11       4.493380E-11
   63    52   115     0       0.000000E+00       0.000000E+00
   65    52   117     0       0.000000E+00       0.000000E+00
   66    52   118     0       0.000000E+00       0.000000E+00
   67    52   119     0       5.220000E-14       3.340800E-14
   68    52   120     0       2.830000E-12       1.811200E-12
   69    52   121     1       5.850000E-11       3.744000E-11
   69    52   121     0       5.850000E-11       3.744000E-11
   70    52   122     0       2.690000E-09       1.721600E-09
   71    52   123     0       7.290000E-09       4.665600E-09
   71    52   123     1       4.480000E-08       2.867200E-08
   72    52   124     0       8.530000E-07       5.459200E-07
   73    52   125     0       1.390000E-06       8.896000E-07
   73    52   125     1       8.560000E-06       5.478400E-06
   74    52   126     0       9.568000E-05       6.123520E-05
   75    52   127     0       6.144000E-05       3.932160E-05
   75    52   127     1       2.798800E-04       1.791230E-04
   76    52   128     0       8.814700E-04       5.641410E-04
   77    52   129     0       6.580700E-04       4.211650E-04
   77    52   129     1       2.997880E-03       1.918640E-03
   78    52   130     0       9.497150E-03       6.078180E-03
   79    52   131     0       3.158550E-03       2.021470E-03
   79    52   131     1       1.438890E-02       4.604460E-03
   80    52   132     0       3.005360E-02       6.912340E-03
   81    52   133     0       4.274910E-03       2.735940E-03
   81    52   133     1       1.947460E-02       6.231880E-03
   82    52   134     0       1.517220E-02       4.855110E-03
   83    52   135     0       5.805650E-03       3.715620E-03
   84    52   136     0       1.960140E-03       1.254490E-03
   85    52   137     0       2.882200E-04       1.844610E-04
   86    52   138     0       4.100000E-05       2.624000E-05
   87    52   139     0       4.120000E-06       2.636800E-06
   88    52   140     0       2.139300E-07       1.369150E-07
   89    52   141     0       4.683960E-09       2.997740E-09
   90    52   142     0       3.500000E-10       2.240000E-10
   91    52   143     0       5.507920E-11       3.525070E-11
   68    53   121     0       0.000000E+00       0.000000E+00
   70    53   123     0       9.560000E-12       6.118400E-12
   72    53   125     0       1.200000E-08       7.680000E-09
   73    53   126     0       2.910000E-07       1.862400E-07
   74    53   127     0       2.050000E-06       1.312000E-06
   75    53   128     0       8.810000E-06       5.638400E-06
   76    53   129     0       8.893000E-05       5.691520E-05
   77    53   130     0       4.607200E-04       2.948610E-04
   77    53   130     1       1.011300E-04       6.472320E-05
   78    53   131     0       2.566090E-03       1.642300E-03
   79    53   132     1       5.286690E-03       3.383480E-03
   79    53   132     0       5.286690E-03       3.383480E-03
   80    53   133     1       1.027820E-02       6.578020E-03
   80    53   133     0       1.027820E-02       6.578020E-03
   81    53   134     0       1.206310E-02       3.860190E-03
   81    53   134     1       1.886840E-02       6.037900E-03
   82    53   135     0       2.882010E-02       9.222430E-03
   83    53   136     0       1.164700E-02       3.727050E-03
   83    53   136     1       1.164320E-02       3.725810E-03
   84    53   137     0       8.428420E-03       5.394190E-03
   85    53   138     0       2.960380E-03       1.894640E-03
   86    53   139     0       7.337700E-04       4.696130E-04
   87    53   140     0       9.546000E-05       6.109440E-05
   88    53   141     0       1.035530E-05       6.627400E-06
   89    53   142     0       1.030000E-06       6.592000E-07
   90    53   143     0       1.217690E-07       7.793240E-08
   91    53   144     0       8.890960E-10       5.690210E-10
   92    53   145     0       6.080450E-11       3.891490E-11
   70    54   124     0       0.000000E+00       0.000000E+00
   71    54   125     1       6.450000E-13       4.128000E-13
   71    54   125     0       6.450000E-13       4.128000E-13
   72    54   126     0       8.070000E-11       5.164800E-11
   73    54   127     1       5.700000E-10       3.648000E-10
   73    54   127     0       5.700000E-10       3.648000E-10
   74    54   128     0       8.350000E-09       5.344000E-09
   75    54   129     1       1.065000E-07       6.816000E-08
   75    54   129     0       1.065000E-07       6.816000E-08
   76    54   130     0       3.450000E-06       2.208000E-06
   77    54   131     0       7.470000E-06       4.780800E-06
   77    54   131     1       3.404000E-05       2.178560E-05
   78    54   132     0       4.397200E-04       2.814210E-04
   79    54   133     0       4.014800E-04       2.569470E-04
   79    54   133     1       1.828980E-03       1.170550E-03
   80    54   134     0       1.465710E-03       9.380540E-04
   80    54   134     1       6.677120E-03       4.273360E-03
   81    54   135     0       3.308460E-03       2.117410E-03
   81    54   135     1       1.507160E-02       4.822920E-03
   82    54   136     0       3.422990E-02       1.540350E-02
   83    54   137     0       2.870580E-02       9.185850E-03
   84    54   138     0       2.337480E-02       7.479950E-03
   85    54   139     0       1.348040E-02       4.313720E-03
   86    54   140     0       4.180320E-03       2.675400E-03
   87    54   141     0       1.131330E-03       7.240510E-04
   88    54   142     0       2.803900E-04       1.794500E-04
   89    54   143     1       1.579410E-05       1.010820E-05
   89    54   143     0       1.579410E-05       1.010820E-05
   90    54   144     0       2.709110E-06       1.733830E-06
   91    54   145     0       1.709390E-07       1.094010E-07
   92    54   146     0       7.020000E-09       4.492800E-09
   93    54   147     0       1.797940E-10       1.150680E-10
   94    54   148     0       3.220000E-12       2.060800E-12
   96    54   150     0       0.000000E+00       0.000000E+00
   72    55   127     0       5.630000E-14       3.603200E-14
   74    55   129     0       4.640000E-11       2.969600E-11
   76    55   131     0       6.500000E-08       4.160000E-08
   77    55   132     0       1.860000E-06       1.190400E-06
   78    55   133     0       2.619000E-05       1.676160E-05
   79    55   134     1       1.239650E-04       7.933760E-05
   79    55   134     0       1.239650E-04       7.933760E-05
   80    55   135     1       7.216950E-04       4.618850E-04
   80    55   135     0       7.216950E-04       4.618850E-04
   81    55   136     1       2.393550E-03       1.531880E-03
   81    55   136     0       2.393550E-03       1.531880E-03
   82    55   137     0       1.267120E-02       4.054790E-03
   83    55   138     0       1.167460E-02       3.735890E-03
   83    55   138     1       1.167570E-02       2.685410E-03
   84    55   139     0       2.982190E-02       9.543000E-03
   85    55   140     0       2.075340E-02       6.641080E-03
   86    55   141     0       1.315690E-02       4.210200E-03
   87    55   142     0       7.669950E-03       4.908770E-03
   88    55   143     0       2.090000E-03       1.337600E-03
   89    55   144     0       4.388000E-04       2.808320E-04
   90    55   145     0       6.910000E-05       4.422400E-05
   91    55   146     0       7.200000E-06       4.608000E-06
   92    55   147     0       3.974880E-07       2.543920E-07
   93    55   148     0       2.170000E-08       1.388800E-08
   94    55   149     0       3.225130E-10       2.064080E-10
   95    55   150     0       1.400000E-11       8.960000E-12
   73    56   129     0       0.000000E+00       0.000000E+00
   75    56   131     0       9.130000E-12       5.843200E-12
   76    56   132     0       7.230000E-10       4.627200E-10
   77    56   133     0       2.930000E-08       1.875200E-08
   78    56   134     0       7.540000E-07       4.825600E-07
   79    56   135     1       5.995000E-06       3.836800E-06
   79    56   135     0       5.995000E-06       3.836800E-06
   80    56   136     1       6.450000E-05       4.128000E-05
   80    56   136     0       6.450000E-05       4.128000E-05
   81    56   137     0       1.210300E-04       7.745920E-05
   81    56   137     1       5.513500E-04       3.528640E-04
   82    56   138     0       2.942650E-03       1.883300E-03
   83    56   139     0       8.531030E-03       5.459860E-03
   84    56   140     0       1.323170E-02       4.234140E-03
   85    56   141     0       1.894310E-02       6.061800E-03
   86    56   142     0       2.457390E-02       7.863650E-03
   87    56   143     0       1.516580E-02       4.853050E-03
   88    56   144     0       7.382960E-03       4.725090E-03
   89    56   145     0       2.765180E-03       1.769720E-03
   90    56   146     0       7.005900E-04       4.483780E-04
   91    56   147     0       1.031120E-04       6.599190E-05
   92    56   148     0       1.316000E-05       8.422400E-06
   93    56   149     0       9.066770E-07       5.802740E-07
   94    56   150     0       5.400000E-08       3.456000E-08
   95    56   151     0       8.499860E-10       5.439910E-10
   96    56   152     0       5.690000E-11       3.641600E-11
   97    56   153     0       2.676550E-12       1.712990E-12
   98    56   154     0       0.000000E+00       0.000000E+00
   76    57   133     0       2.930000E-12       1.875200E-12
   78    57   135     0       9.380000E-09       6.003200E-09
   80    57   137     0       3.680000E-06       2.355200E-06
   81    57   138     0       4.057000E-05       2.596480E-05
   82    57   139     0       2.840500E-04       1.817920E-04
   83    57   140     0       1.039200E-03       6.650880E-04
   84    57   141     0       3.494480E-03       2.236470E-03
   85    57   142     0       1.019690E-02       3.263000E-03
   86    57   143     0       1.395570E-02       4.465820E-03
   87    57   144     0       1.504970E-02       4.815900E-03
   88    57   145     0       1.262380E-02       4.039630E-03
   89    57   146     1       3.657270E-03       2.340650E-03
   89    57   146     0       3.657270E-03       2.340650E-03
   90    57   147     0       2.533820E-03       1.621640E-03
   91    57   148     0       7.737100E-04       4.951740E-04
   92    57   149     0       1.278100E-04       8.179840E-05
   93    57   150     0       1.897000E-05       1.214080E-05
   94    57   151     0       1.879150E-06       1.202660E-06
   95    57   152     0       1.260000E-07       8.064000E-08
   96    57   153     0       5.917320E-09       3.787090E-09
   97    57   154     0       1.320000E-10       8.448000E-11
   98    57   155     0       3.374470E-12       2.159660E-12
   77    58   135     0       6.500000E-13       4.160000E-13
   79    58   137     0       1.860000E-09       1.190400E-09
   80    58   138     0       5.370000E-08       3.436800E-08
   81    58   139     0       1.710000E-07       1.094400E-07
   81    58   139     1       7.780000E-07       4.979200E-07
   82    58   140     0       8.630000E-06       5.523200E-06
   83    58   141     0       7.258000E-05       4.645120E-05
   84    58   142     0       5.060700E-04       3.238850E-04
   85    58   143     0       1.614680E-03       1.033400E-03
   86    58   144     0       3.961590E-03       2.535420E-03
   87    58   145     0       7.418200E-03       4.747650E-03
   88    58   146     0       9.511540E-03       6.087390E-03
   89    58   147     0       7.323220E-03       4.686860E-03
   90    58   148     0       5.050320E-03       3.232200E-03
   91    58   149     0       1.887110E-03       1.207750E-03
   92    58   150     0       6.636000E-04       4.247040E-04
   93    58   151     0       1.555800E-04       9.957120E-05
   94    58   152     0       2.576000E-05       1.648640E-05
   95    58   153     0       3.110000E-06       1.990400E-06
   96    58   154     0       1.760000E-07       1.126400E-07
   97    58   155     0       9.486630E-09       6.071440E-09
   98    58   156     0       3.850000E-10       2.464000E-10
   99    58   157     0       9.340000E-12       5.977600E-12
  100    58   158     0       1.480000E-13       9.472000E-14
  102    58   160     0       0.000000E+00       0.000000E+00
   80    59   139     0       2.900000E-10       1.856000E-10
   81    59   140     0       6.750000E-09       4.320000E-09
   82    59   141     0       1.480000E-07       9.472000E-08
   83    59   142     1       1.290000E-06       8.256000E-07
   83    59   142     0       1.290000E-06       8.256000E-07
   84    59   143     0       2.031000E-05       1.299840E-05
   85    59   144     0       7.240000E-06       4.633600E-06
   85    59   144     1       1.134000E-04       7.257600E-05
   86    59   145     0       5.340900E-04       3.418180E-04
   87    59   146     0       1.579210E-03       1.010690E-03
   88    59   147     0       2.740830E-03       1.754130E-03
   89    59   148     1       2.098590E-03       1.343100E-03
   89    59   148     0       2.098590E-03       1.343100E-03
   90    59   149     0       3.401080E-03       2.176690E-03
   91    59   150     0       2.672530E-03       1.710420E-03
   92    59   151     0       1.397700E-03       8.945280E-04
   93    59   152     0       5.401900E-04       3.457220E-04
   94    59   153     0       1.597400E-04       1.022340E-04
   95    59   154     0       2.207000E-05       1.412480E-05
   96    59   155     0       3.040000E-06       1.945600E-06
   97    59   156     0       3.110000E-07       1.990400E-07
   98    59   157     0       1.970000E-08       1.260800E-08
   99    59   158     0       8.040000E-10       5.145600E-10
  100    59   159     0       2.030000E-11       1.299200E-11
  101    59   160     0       3.570000E-13       2.284800E-13
   80    60   140     0       4.680000E-13       2.995200E-13
   81    60   141     0       2.710000E-11       1.734400E-11
   82    60   142     0       1.220000E-09       7.808000E-10
   83    60   143     0       2.450000E-08       1.568000E-08
   84    60   144     0       3.670000E-07       2.348800E-07
   85    60   145     0       4.040000E-06       2.585600E-06
   86    60   146     0       2.928000E-05       1.873920E-05
   87    60   147     0       1.218100E-04       7.795840E-05
   88    60   148     0       4.363000E-04       2.792320E-04
   89    60   149     0       7.901000E-04       5.056640E-04
   90    60   150     0       1.389170E-03       8.890690E-04
   91    60   151     0       1.576120E-03       1.008720E-03
   92    60   152     0       1.351530E-03       8.649790E-04
   93    60   153     0       9.186400E-04       5.879300E-04
   94    60   154     0       2.922400E-04       1.870340E-04
   95    60   155     0       9.712000E-05       6.215680E-05
   96    60   156     0       2.405000E-05       1.539200E-05
   97    60   157     0       3.850000E-06       2.464000E-06
   98    60   158     0       3.940000E-07       2.521600E-07
   99    60   159     0       2.590000E-08       1.657600E-08
  100    60   160     0       1.190000E-09       7.616000E-10
  101    60   161     0       3.720000E-11       2.380800E-11
  102    60   162     0       7.250000E-13       4.640000E-13
  103    60   163     0       0.000000E+00       0.000000E+00
  104    60   164     0       0.000000E+00       0.000000E+00
   80    61   141     0       0.000000E+00       0.000000E+00
   82    61   143     0       2.630000E-12       1.683200E-12
   83    61   144     0       1.020000E-10       6.528000E-11
   84    61   145     0       2.870000E-09       1.836800E-09
   85    61   146     0       5.290000E-08       3.385600E-08
   86    61   147     0       5.520000E-07       3.532800E-07
   87    61   148     0       8.810000E-07       5.638400E-07
   87    61   148     1       4.010000E-06       2.566400E-06
   88    61   149     0       2.103000E-05       1.345920E-05
   89    61   150     0       8.776000E-05       5.616640E-05
   90    61   151     0       2.256500E-04       1.444160E-04
   91    61   152     2       1.459270E-04       9.339310E-05
   91    61   152     0       1.459270E-04       9.339310E-05
   91    61   152     1       1.459270E-04       9.339310E-05
   92    61   153     0       6.756000E-04       4.323840E-04
   93    61   154     0       2.377800E-04       1.521790E-04
   93    61   154     1       2.377800E-04       1.521790E-04
   94    61   155     0       3.598900E-04       2.303300E-04
   95    61   156     0       2.026000E-04       1.296640E-04
   96    61   157     0       7.720000E-05       4.940800E-05
   97    61   158     0       1.887000E-05       1.207680E-05
   98    61   159     0       3.100000E-06       1.984000E-06
   99    61   160     0       3.640000E-07       2.329600E-07
  100    61   161     0       3.000000E-08       1.920000E-08
  101    61   162     0       1.570000E-09       1.004800E-09
  102    61   163     0       5.470000E-11       3.500800E-11
  103    61   164     0       1.240000E-12       7.936000E-13
  104    61   165     0       1.850000E-14       1.184000E-14
   81    62   143     0       0.000000E+00       0.000000E+00
   81    62   143     1       0.000000E+00       0.000000E+00
   82    62   144     0       0.000000E+00       0.000000E+00
   83    62   145     0       1.810000E-13       1.158400E-13
   84    62   146     0       8.600000E-12       5.504000E-12
   85    62   147     0       2.310000E-10       1.478400E-10
   86    62   148     0       5.230000E-09       3.347200E-09
   87    62   149     0       5.550000E-08       3.552000E-08
   88    62   150     0       5.780000E-07       3.699200E-07
   89    62   151     0       3.570000E-06       2.284800E-06
   90    62   152     0       1.666000E-05       1.066240E-05
   91    62   153     0       6.172000E-05       3.950080E-05
   92    62   154     0       9.951000E-05       6.368640E-05
   93    62   155     0       1.723600E-04       1.103100E-04
   94    62   156     0       2.149300E-04       1.375550E-04
   95    62   157     0       1.853800E-04       1.186430E-04
   96    62   158     0       1.018700E-04       6.519680E-05
   97    62   159     0       3.929000E-05       2.514560E-05
   98    62   160     0       1.112000E-05       7.116800E-06
   99    62   161     0       2.320000E-06       1.484800E-06
  100    62   162     0       3.130000E-07       2.003200E-07
  101    62   163     0       2.870000E-08       1.836800E-08
  102    62   164     0       1.730000E-09       1.107200E-09
  103    62   165     0       6.990000E-11       4.473600E-11
  104    62   166     0       1.530000E-12       9.792000E-13
  105    62   167     0       4.980000E-14       3.187200E-14
  106    62   168     0       0.000000E+00       0.000000E+00
  108    62   170     0       0.000000E+00       0.000000E+00
   84    63   147     0       0.000000E+00       0.000000E+00
   86    63   149     0       1.330000E-11       8.512000E-12
   88    63   151     0       5.450000E-09       3.488000E-09
   89    63   152     2       2.133330E-08       1.365330E-08
   89    63   152     0       2.133330E-08       1.365330E-08
   89    63   152     1       2.133330E-08       1.365330E-08
   90    63   153     0       6.030000E-07       3.859200E-07
   91    63   154     1       1.185000E-06       7.584000E-07
   91    63   154     0       1.185000E-06       7.584000E-07
   92    63   155     0       9.980000E-06       6.387200E-06
   93    63   156     0       2.887000E-05       1.847680E-05
   94    63   157     0       5.761000E-05       3.687040E-05
   95    63   158     0       7.047000E-05       4.510080E-05
   96    63   159     0       6.137000E-05       3.927680E-05
   97    63   160     0       3.953000E-05       2.529920E-05
   98    63   161     0       1.957000E-05       1.252480E-05
   99    63   162     0       6.430000E-06       4.115200E-06
  100    63   163     0       1.480000E-06       9.472000E-07
  101    63   164     0       2.270000E-07       1.452800E-07
  102    63   165     0       2.400000E-08       1.536000E-08
  103    63   166     0       1.360000E-09       8.704000E-10
  104    63   167     0       1.100000E-10       7.040000E-11
  105    63   168     0       4.160000E-12       2.662400E-12
  106    63   169     0       1.380000E-13       8.832000E-14
  107    63   170     0       0.000000E+00       0.000000E+00
  108    63   171     0       8.925110E-17       5.712070E-17
   83    64   147     0       0.000000E+00       0.000000E+00
   85    64   149     0       0.000000E+00       0.000000E+00
   87    64   151     0       7.480000E-13       4.787200E-13
   88    64   152     0       2.260000E-11       1.446400E-11
   89    64   153     0       5.580000E-10       3.571200E-10
   90    64   154     0       5.550000E-09       3.552000E-09
   91    64   155     0       5.990000E-08       3.833600E-08
   92    64   156     0       4.260000E-07       2.726400E-07
   93    64   157     0       2.100000E-06       1.344000E-06
   94    64   158     0       6.030000E-06       3.859200E-06
   95    64   159     0       1.231000E-05       7.878400E-06
   96    64   160     0       1.817000E-05       1.162880E-05
   97    64   161     0       2.076000E-05       1.328640E-05
   98    64   162     0       1.575000E-05       1.008000E-05
   99    64   163     0       8.480000E-06       5.427200E-06
  100    64   164     0       3.150000E-06       2.016000E-06
  101    64   165     0       8.200000E-07       5.248000E-07
  102    64   166     0       1.150000E-07       7.360000E-08
  103    64   167     0       2.250000E-08       1.440000E-08
  104    64   168     0       2.130000E-09       1.363200E-09
  105    64   169     0       1.760000E-10       1.126400E-10
  106    64   170     0       7.610000E-12       4.870400E-12
  107    64   171     0       2.509110E-13       1.605830E-13
  108    64   172     0       0.000000E+00       0.000000E+00
   86    65   151     0       0.000000E+00       0.000000E+00
   88    65   153     0       4.590000E-14       2.937600E-14
   90    65   155     0       3.340000E-11       2.137600E-11
   91    65   156     0       5.700000E-10       3.648000E-10
   91    65   156     1       3.640000E-11       2.329600E-11
   92    65   157     0       7.700000E-09       4.928000E-09
   93    65   158     0       5.170000E-08       3.308800E-08
   93    65   158     1       3.300000E-09       2.112000E-09
   94    65   159     0       2.800000E-07       1.792000E-07
   95    65   160     0       1.010000E-06       6.464000E-07
   96    65   161     0       2.790000E-06       1.785600E-06
   97    65   162     0       2.500000E-06       1.600000E-06
   97    65   162     1       2.500000E-06       1.600000E-06
   98    65   163     0       6.240000E-06       3.993600E-06
   99    65   164     0       5.330000E-06       3.411200E-06
  100    65   165     0       3.240000E-06       2.073600E-06
  101    65   166     0       1.060000E-06       6.784000E-07
  102    65   167     0       4.730000E-07       3.027200E-07
  103    65   168     0       1.070000E-07       6.848000E-08
  104    65   169     0       2.100000E-08       1.344000E-08
  105    65   170     0       2.220000E-09       1.420800E-09
  106    65   171     0       1.800000E-10       1.152000E-10
  107    65   172     0       1.580000E-11       1.011200E-11
   89    66   155     0       0.000000E+00       0.000000E+00
   90    66   156     0       7.730000E-14       4.947200E-14
   91    66   157     0       2.590000E-12       1.657600E-12
   92    66   158     0       4.740000E-11       3.033600E-11
   93    66   159     0       6.260000E-10       4.006400E-10
   94    66   160     0       5.770000E-09       3.692800E-09
   95    66   161     0       4.120000E-08       2.636800E-08
   96    66   162     0       1.860000E-07       1.190400E-07
   97    66   163     0       5.700000E-07       3.648000E-07
   98    66   164     0       1.160000E-06       7.424000E-07
   99    66   165     0       1.530000E-06       9.792000E-07
   99    66   165     1       1.150000E-07       7.360000E-08
  100    66   166     0       1.220000E-06       7.808000E-07
  101    66   167     0       1.180000E-06       7.552000E-07
  102    66   168     0       6.030000E-07       3.859200E-07
  103    66   169     0       2.670000E-07       1.708800E-07
  104    66   170     0       6.480000E-08       4.147200E-08
  105    66   171     0       1.240000E-08       7.936000E-09
  106    66   172     0       2.630000E-09       1.683200E-09
   92    67   159     0       1.180000E-13       7.552000E-14
   92    67   159     1       0.000000E+00       0.000000E+00
   94    67   161     0       5.450000E-11       3.488000E-11
   94    67   161     1       4.100000E-12       2.624000E-12
   95    67   162     0       1.260000E-10       8.064000E-11
   95    67   162     1       5.730000E-10       3.667200E-10
   96    67   163     0       5.180000E-09       3.315200E-09
   96    67   163     1       3.900000E-10       2.496000E-10
   97    67   164     0       5.210000E-09       3.334400E-09
   97    67   164     1       2.370000E-08       1.516800E-08
   98    67   165     0       1.020000E-07       6.528000E-08
   99    67   166     0       3.200000E-08       2.048000E-08
   99    67   166     1       1.460000E-07       9.344000E-08
  100    67   167     0       3.830000E-07       2.451200E-07
  101    67   168     0       4.350000E-07       2.784000E-07
  102    67   169     0       4.170000E-07       2.668800E-07
  103    67   170     0       1.100000E-07       7.040000E-08
  103    67   170     1       1.100000E-07       7.040000E-08
  104    67   171     0       9.390000E-08       6.009600E-08
  105    67   172     0       4.520000E-08       2.892800E-08
   93    68   161     0       0.000000E+00       0.000000E+00
   94    68   162     0       2.410000E-13       1.542400E-13
   95    68   163     0       5.150000E-12       3.296000E-12
   96    68   164     0       7.110000E-11       4.550400E-11
   97    68   165     0       6.560000E-10       4.198400E-10
   98    68   166     0       2.880000E-09       1.843200E-09
   99    68   167     0       1.360000E-08       8.704000E-09
   99    68   167     1       1.020000E-09       6.528000E-10
  100    68   168     0       3.890000E-08       2.489600E-08
  101    68   169     0       8.370000E-08       5.356800E-08
  102    68   170     0       9.750000E-08       6.240000E-08
  103    68   171     0       9.000000E-08       5.760000E-08
  104    68   172     0       9.410000E-08       6.022400E-08
   96    69   165     0       3.940000E-13       2.521600E-13
   97    69   166     0       4.500000E-12       2.880000E-12
   98    69   167     0       5.610000E-11       3.590400E-11
   99    69   168     0       3.710000E-10       2.374400E-10
  100    69   169     0       1.900000E-09       1.216000E-09
  101    69   170     0       5.170000E-09       3.308800E-09
  102    69   171     0       1.090000E-08       6.976000E-09
  103    69   172     0       2.530000E-08       1.619200E-08
   96    70   166     0       0.000000E+00       0.000000E+00
   97    70   167     0       1.980000E-14       1.267200E-14
   98    70   168     0       3.350000E-13       2.144000E-13
   99    70   169     0       3.950000E-12       2.528000E-12
   99    70   169     1       2.980000E-13       1.907200E-13
  100    70   170     0       2.830000E-11       1.811200E-11
  101    70   171     0       1.430000E-10       9.152000E-11
  102    70   172     0       7.870000E-10       5.036800E-10
   98    71   169     0       0.000000E+00       0.000000E+00
   98    71   169     1       0.000000E+00       0.000000E+00
  100    71   171     0       9.040000E-14       5.785600E-14
  100    71   171     1       9.040000E-14       5.785600E-14
  101    71   172     0       1.230000E-12       7.872000E-13
  101    71   172     1       1.230000E-12       7.872000E-13
   99    72   171     0       0.000000E+00       0.000000E+00
  100    72   172     0       0.000000E+00       0.000000E+00
