1    5.1203000e-05
2    1.5648100e-05
3    0.0000000e+00
4    3.6669400e-03
6    0.0000000e+00
7    1.3436900e-06
8    9.5727900e-07
9    0.0000000e+00
10    1.1700000e-05
66    2.4699600e-10
67    4.0799400e-12
68    9.6698500e-11
69    1.0899900e-12
70    3.1499500e-11
71    6.4799000e-10
72    9.4598500e-12
73    2.1799700e-10
74    2.3099600e-12
75    7.1698900e-11
76    1.5399700e-09
77    1.4032900e-11
78    5.0699200e-10
79    3.7714000e-12
80    1.5899700e-10
81    0.0000000e+00
82    2.8172000e-11
83    1.7999800e-13
84    9.7798500e-12
85    7.4446700e-11
86    0.0000000e+00
87    9.8966200e-11
88    4.0799400e-13
89    0.0000000e+00
90    2.2244300e-14
91    0.0000000e+00
92    0.0000000e+00
93    2.3952400e-13
94    4.8899300e-11
95    2.4157700e-14
96    0.0000000e+00
97    1.1937800e-10
98    2.8499600e-12
99    2.4599600e-10
100    0.0000000e+00
101    4.9125200e-11
102    1.8899700e-13
103    2.0899700e-11
104    1.3599800e-09
105    4.5950300e-12
106    2.7338500e-10
107    1.4452700e-08
108    8.3798700e-11
109    3.4599400e-09
110    0.0000000e+00
111    0.0000000e+00
112    1.5165900e-08
113    7.3173600e-11
114    3.1299600e-09
115    6.9498900e-08
116    3.6316900e-10
117    1.1399800e-08
118    7.1730300e-08
119    4.5329500e-10
120    5.7299100e-09
121    0.0000000e+00
122    0.0000000e+00
123    0.0000000e+00
124    2.9834600e-11
125    0.0000000e+00
126    0.0000000e+00
127    0.0000000e+00
128    0.0000000e+00
129    0.0000000e+00
130    0.0000000e+00
131    1.2199800e-14
132    3.2499500e-12
133    0.0000000e+00
134    0.0000000e+00
135    0.0000000e+00
136    0.0000000e+00
137    0.0000000e+00
138    0.0000000e+00
139    3.8299400e-11
140    1.7499700e-09
141    5.1508600e-13
142    3.1499500e-10
143    1.1299800e-08
144    3.0099500e-11
145    1.3699800e-09
146    3.3499500e-12
147    1.6299800e-10
148    4.3899300e-09
149    1.3699800e-11
150    1.4104600e-10
151    9.5898500e-13
152    4.3799300e-11
153    1.5599700e-09
154    0.0000000e+00
155    1.6699800e-10
156    2.4423400e-09
157    2.2999600e-11
158    6.6399000e-10
159    1.7399700e-08
160    3.9188000e-11
161    2.9498900e-10
162    2.4464600e-08
163    2.5399600e-10
164    4.4399400e-09
165    5.1999200e-08
166    4.8099200e-10
167    6.2099100e-09
168    3.9399400e-11
169    6.3679000e-10
170    7.0498900e-09
171    4.7199300e-08
172    1.1980600e-10
