   66   9.3824E-11
   67   1.8745E-10
   68   3.7563E-10
   69   7.5143E-10
   70   1.4093E-09
   71   2.3454E-09
   72   1.4543E-09
   73   9.6861E-09
   74   1.8808E-08
   75   3.2823E-08
   76   6.5776E-08
   77   1.3570E-07
   78   2.4226E-07
   79   4.8384E-07
   80   9.3152E-07
   81   2.3535E-06
   82   4.2511E-06
   83   8.7115E-06
   84   1.4297E-05
   85   3.6202E-05
   86   6.7829E-05
   87   1.3415E-04
   88   2.6641E-04
   89   4.8881E-04
   90   1.1531E-03
   91   2.7655E-03
   92   3.5436E-03
   93   4.4555E-03
   94   5.7937E-03
   95   7.1554E-03
   96   7.5508E-03
   97   9.8091E-03
   98   1.3211E-02
   99   2.3174E-02
  100   2.4285E-02
  101   2.4871E-02
  102   2.7139E-02
  103   3.1278E-02
  104   3.3822E-02
  105   4.2639E-02
  106   4.0258E-02
  107   3.8772E-02
  108   3.6826E-02
  109   3.7187E-02
  110   3.8816E-02
  111   4.1925E-02
  112   4.3423E-02
  113   3.8908E-02
  114   4.9435E-02
  115   5.5727E-02
  116   5.4803E-02
  117   5.0872E-02
  118   4.4588E-02
  119   3.9132E-02
  120   3.3926E-02
  121   2.6958E-02
  122   2.2958E-02
  123   1.9386E-02
  124   1.3393E-02
  125   9.0333E-03
  126   8.4462E-03
  127   9.4525E-03
  128   1.2849E-02
  129   1.9612E-02
  130   2.4605E-02
  131   3.7949E-02
  132   4.7997E-02
  133   5.0531E-02
  134   5.3044E-02
  135   5.5021E-02
  136   4.9359E-02
  137   4.8323E-02
  138   4.5064E-02
  139   4.2057E-02
  140   4.0019E-02
  141   4.5886E-02
  142   4.5709E-02
  143   4.8393E-02
  144   3.8899E-02
  145   3.5727E-02
  146   3.2661E-02
  147   2.9674E-02
  148   2.6566E-02
  149   2.2668E-02
  150   1.9802E-02
  151   1.7002E-02
  152   1.6246E-02
  153   1.5920E-02
  154   1.2801E-02
  155   9.8462E-03
  156   7.9626E-03
  157   7.5431E-03
  158   6.8477E-03
  159   4.8912E-03
  160   3.9150E-03
  161   2.9347E-03
  162   1.9565E-03
  163   9.7823E-04
  164   4.7933E-04
  165   1.9691E-04
  166   8.8030E-05
  167   3.9129E-05
  168   1.9569E-05
  169   9.7781E-06
  170   4.8927E-06
  171   1.9613E-06
  172   9.7904E-07
