# header:
#   title: "U238 spontaneous fission product yield"
#   source: "ENDF"
#   creator: "Shin Okumura"
#   date: 2023-07-14
#   format: "YANDF-0.1"
# endf:
#   library: "jendl5.0"
#   author: "K.Tsubakihara"
#   year: 2020
# target:
#   Z: 92
#   A: 238
#   nuclide: "U238"
# reaction:
#   type: "(n,f)"
#   Incident energy [MeV]:  0.000000e+00
# datablock:
#   quantity: "cumulative fission product yield"
#   columns: 4
#   entries: 1299
##   A      Z  ISO           Yield         dYield
##                           %/fission     %/fission
      1      1 0.0000000e+00 1.7879600e-05 2.8607300e-06
      1      2 0.0000000e+00 5.4641500e-06 7.8137400e-07
      1      3 0.0000000e+00 7.7956300e-05 6.2365000e-06
      2      3 0.0000000e+00 7.7956300e-05 6.2365000e-06
      2      4 0.0000000e+00 1.1995590e-03 7.6739480e-05
      2      6 0.0000000e+00 1.6744200e-05 2.4781470e-06
      2      8 0.0000000e+00 3.1301900e-07 7.7628770e-08
      3      6 0.0000000e+00 1.7490610e-05 2.5060910e-06
      3      7 0.0000000e+00 4.4417000e-07 1.8595880e-07
      3      8 0.0000000e+00 2.7688950e-07 6.5654990e-08
      3      9 0.0000000e+00 1.6480100e-08 3.8398670e-09
      4      7 0.0000000e+00 3.7093100e-07 1.8546550e-07
      4      8 0.0000000e+00 5.0872990e-07 1.2963190e-07
      4      9 0.0000000e+00 2.7214860e-07 1.3200930e-07
      4     10 0.0000000e+00 2.6399100e-07 4.4086500e-08
     23     66 0.0000000e+00 0.0000000e+00 0.0000000e+00
     24     66 0.0000000e+00 6.4142700e-17 5.1314200e-17
     24     67 0.0000000e+00 1.0767700e-17 8.6141700e-18
     24     68 0.0000000e+00 6.8555300e-19 5.4844100e-19
     24     69 0.0000000e+00 0.0000000e+00 0.0000000e+00
     24     70 0.0000000e+00 0.0000000e+00 0.0000000e+00
     25     66 0.0000000e+00 2.5616100e-14 1.6341100e-14
     25     67 0.0000000e+00 1.7352700e-14 1.1099700e-14
     25     68 0.0000000e+00 4.2621000e-15 3.4092300e-15
     25     69 0.0000000e+00 4.1955400e-16 3.3564300e-16
     25     70 0.0000000e+00 6.0364800e-17 4.8291900e-17
     25     71 0.0000000e+00 0.0000000e+00 0.0000000e+00
     25     72 0.0000000e+00 0.0000000e+00 0.0000000e+00
     25     73 0.0000000e+00 0.0000000e+00 0.0000000e+00
     26     66 0.0000000e+00 4.9507600e-13 2.2117200e-13
     26     67 0.0000000e+00 7.7601300e-13 4.5275300e-13
     26     68 0.0000000e+00 9.2739900e-13 5.8374200e-13
     26     69 0.0000000e+00 3.7826900e-13 2.4186400e-13
     26     70 0.0000000e+00 2.2329300e-13 1.4288800e-13
     26     71 0.0000000e+00 5.3545000e-14 3.4268700e-14
     26     72 0.0000000e+00 5.4160800e-15 4.3328600e-15
     26     73 0.0000000e+00 3.7380400e-16 2.9904300e-16
     26     74 0.0000000e+00 0.0000000e+00 0.0000000e+00
     26     75 0.0000000e+00 2.7515900e-19 1.7610100e-19
     26     76 0.0000000e+00 0.0000000e+00 0.0000000e+00
     27     66 0.0000000e+00 7.9962800e-13 2.1080500e-13
     27     67 0.0000000e+00 2.2931100e-12 6.4406800e-13
     27     68 0.0000000e+00 3.3234400e-12 1.7714700e-12
     27     68 1.0000000e+00 2.6018400e-12 9.8593800e-13
     27     69 0.0000000e+00 1.0589400e-11 5.5365200e-12
     27     70 0.0000000e+00 6.5755900e-12 4.0532700e-12
     27     70 1.0000000e+00 8.4093800e-12 4.1873300e-12
     27     71 0.0000000e+00 1.5702700e-11 9.9898200e-12
     27     72 0.0000000e+00 6.5174600e-12 4.1675400e-12
     27     73 0.0000000e+00 2.2899500e-12 1.4653200e-12
     27     74 0.0000000e+00 4.7934000e-13 3.0677800e-13
     27     75 0.0000000e+00 3.5886000e-14 2.2966900e-14
     27     76 0.0000000e+00 3.2682500e-15 2.6146000e-15
     27     77 0.0000000e+00 2.8865000e-16 1.8473700e-16
     27     78 0.0000000e+00 2.5412700e-18 1.6264100e-18
     28     66 0.0000000e+00 8.1289200e-13 2.1075200e-13
     28     67 0.0000000e+00 2.6055600e-12 6.4747000e-13
     28     68 0.0000000e+00 7.9615000e-12 1.8885900e-12
     28     69 0.0000000e+00 1.1240100e-11 5.4153900e-12
     28     69 1.0000000e+00 1.3288900e-11 5.4135200e-12
     28     70 0.0000000e+00 7.5964100e-11 2.1653100e-11
     28     71 0.0000000e+00 1.6929500e-10 6.7298300e-11
     28     72 0.0000000e+00 3.3212000e-10 1.8305200e-10
     28     73 0.0000000e+00 3.5358200e-10 2.2165100e-10
     28     74 0.0000000e+00 3.2249600e-10 2.0592400e-10
     28     75 0.0000000e+00 9.8008600e-11 6.2703800e-11
     28     76 0.0000000e+00 3.8788400e-11 2.4822400e-11
     28     77 0.0000000e+00 9.8145700e-12 6.2811400e-12
     28     78 0.0000000e+00 6.3797200e-13 4.0830200e-13
     28     79 0.0000000e+00 9.7093400e-15 6.2139400e-15
     28     80 0.0000000e+00 0.0000000e+00 0.0000000e+00
     28     81 0.0000000e+00 5.3292900e-18 3.4107600e-18
     28     82 0.0000000e+00 0.0000000e+00 0.0000000e+00
     29     66 0.0000000e+00 8.1290200e-13 2.1075200e-13
     29     67 0.0000000e+00 2.6060100e-12 6.4746900e-13
     29     68 0.0000000e+00 7.9815300e-12 1.8885900e-12
     29     68 1.0000000e+00 1.3174700e-14 8.4318100e-15
     29     69 0.0000000e+00 2.5268200e-11 6.0304100e-12
     29     70 0.0000000e+00 1.0545700e-11 2.6465400e-12
     29     70 1.0000000e+00 5.3668100e-12 3.4252900e-12
     29     70 2.0000000e+00 7.5277800e-11 2.1457400e-11
     29     71 0.0000000e+00 2.4121000e-10 6.3879100e-11
     29     72 0.0000000e+00 7.6857000e-10 2.0928000e-10
     29     73 0.0000000e+00 2.0828810e-09 5.4593100e-10
     29     74 0.0000000e+00 4.3431310e-09 2.0793890e-09
     29     75 0.0000000e+00 6.2176060e-09 3.7620020e-09
     29     76 0.0000000e+00 5.7930550e-09 3.6731820e-09
     29     76 1.0000000e+00 8.1653400e-10 4.0825100e-10
     29     77 0.0000000e+00 6.3847230e-09 4.0795930e-09
     29     78 0.0000000e+00 1.7658920e-09 1.1297400e-09
     29     79 0.0000000e+00 2.8048200e-10 1.7950200e-10
     29     80 0.0000000e+00 3.3530900e-11 2.1459800e-11
     29     81 0.0000000e+00 2.7306000e-12 1.7475900e-12
     29     82 0.0000000e+00 5.7378200e-14 3.6722100e-14
     29     83 0.0000000e+00 6.1673500e-15 3.9471000e-15
     29     84 0.0000000e+00 3.7004600e-17 2.3683000e-17
     30     66 0.0000000e+00 8.1290200e-13 2.1075200e-13
     30     67 0.0000000e+00 2.6060100e-12 6.4746900e-13
     30     68 0.0000000e+00 7.9833800e-12 1.8885900e-12
     30     69 0.0000000e+00 2.5269400e-11 6.0304100e-12
     30     69 1.0000000e+00 9.9988000e-16 7.9990500e-16
     30     70 0.0000000e+00 8.3545000e-11 2.1569500e-11
     30     71 0.0000000e+00 1.9449400e-10 5.1403300e-11
     30     71 1.0000000e+00 4.8132800e-11 1.2704200e-11
     30     72 0.0000000e+00 8.1373900e-10 2.0872900e-10
     30     73 0.0000000e+00 2.3892000e-09 5.2620000e-10
     30     73 1.0000000e+00 1.6598400e-10 8.2819800e-11
     30     74 0.0000000e+00 8.2102960e-09 2.0880340e-09
     30     75 0.0000000e+00 2.2499610e-08 6.4513630e-09
     30     76 0.0000000e+00 6.4500910e-08 2.2393900e-08
     30     77 0.0000000e+00 1.0743270e-07 5.1282420e-08
     30     77 1.0000000e+00 3.4198840e-08 1.5106180e-08
     30     78 0.0000000e+00 1.8243680e-07 1.1199770e-07
     30     79 0.0000000e+00 1.4048270e-07 8.9692020e-08
     30     80 0.0000000e+00 7.5316690e-08 4.8189480e-08
     30     81 0.0000000e+00 2.4676370e-08 1.5792520e-08
     30     82 0.0000000e+00 3.2192880e-09 2.0602990e-09
     30     83 0.0000000e+00 6.2219900e-10 3.9820600e-10
     30     84 0.0000000e+00 2.3868000e-11 1.5275500e-11
     30     85 0.0000000e+00 8.3957600e-14 5.3732700e-14
     30     86 0.0000000e+00 0.0000000e+00 0.0000000e+00
     31     67 0.0000000e+00 0.0000000e+00 0.0000000e+00
     31     68 0.0000000e+00 0.0000000e+00 0.0000000e+00
     31     69 0.0000000e+00 2.5269400e-11 6.0304100e-12
     31     70 0.0000000e+00 5.4343100e-18 4.3474500e-18
     31     71 0.0000000e+00 2.4262800e-10 6.4017300e-11
     31     72 0.0000000e+00 8.1383900e-10 2.0873300e-10
     31     72 1.0000000e+00 2.8268600e-11 7.2741600e-12
     31     73 0.0000000e+00 2.5600910e-09 5.2237000e-10
     31     74 0.0000000e+00 8.3198770e-09 2.1964020e-09
     31     74 1.0000000e+00 5.5295500e-09 1.4005970e-09
     31     75 0.0000000e+00 2.4749720e-08 6.3998950e-09
     31     76 0.0000000e+00 8.2504780e-08 2.1484990e-08
     31     77 0.0000000e+00 2.4924080e-07 5.0501470e-08
     31     78 0.0000000e+00 6.9829090e-07 2.1367130e-07
     31     79 0.0000000e+00 2.0775700e-06 7.6011150e-07
     31     80 0.0000000e+00 2.5764200e-06 1.4897480e-06
     31     81 0.0000000e+00 4.7120200e-06 2.9624350e-06
     31     82 0.0000000e+00 2.4299580e-06 1.5537530e-06
     31     83 0.0000000e+00 1.3393310e-06 8.5701110e-07
     31     84 0.0000000e+00 2.2654220e-07 1.4498280e-07
     31     85 0.0000000e+00 5.3995520e-09 3.4556780e-09
     31     86 0.0000000e+00 1.8624310e-09 1.1919620e-09
     31     87 0.0000000e+00 8.6439800e-11 5.5321500e-11
     31     88 0.0000000e+00 6.0154200e-16 3.8498700e-16
     31     89 0.0000000e+00 2.0275200e-18 1.2976100e-18
     32     69 0.0000000e+00 0.0000000e+00 0.0000000e+00
     32     70 0.0000000e+00 5.4120300e-18 4.3296200e-18
     32     71 0.0000000e+00 0.0000000e+00 0.0000000e+00
     32     71 1.0000000e+00 0.0000000e+00 0.0000000e+00
     32     72 0.0000000e+00 8.1383900e-10 2.0873300e-10
     32     73 0.0000000e+00 2.5600920e-09 5.2237100e-10
     32     73 1.0000000e+00 2.5219280e-09 5.1458300e-10
     32     74 0.0000000e+00 8.3200120e-09 2.1964020e-09
     32     75 0.0000000e+00 2.4760100e-08 6.4017410e-09
     32     75 1.0000000e+00 1.8362420e-09 4.7961500e-10
     32     76 0.0000000e+00 8.2848430e-08 2.1484580e-08
     32     77 0.0000000e+00 5.2098490e-08 1.0107780e-08
     32     77 1.0000000e+00 2.5027390e-07 5.0499410e-08
     32     78 0.0000000e+00 8.1387320e-07 2.1022300e-07
     32     79 0.0000000e+00 2.6766710e-06 6.8323280e-07
     32     79 1.0000000e+00 6.8359260e-07 3.5066750e-07
     32     80 0.0000000e+00 7.9230270e-06 2.0938940e-06
     32     81 0.0000000e+00 2.3243790e-05 9.6381910e-06
     32     81 1.0000000e+00 6.4312130e-06 3.5731310e-06
     32     82 0.0000000e+00 7.0118780e-05 3.1282940e-05
     32     83 0.0000000e+00 7.7849000e-05 4.5919980e-05
     32     84 0.0000000e+00 7.1766510e-05 4.5605090e-05
     32     85 0.0000000e+00 7.6313250e-06 4.8823920e-06
     32     86 0.0000000e+00 1.1251980e-05 7.2009370e-06
     32     87 0.0000000e+00 1.5600400e-06 9.9842030e-07
     32     88 0.0000000e+00 1.1476850e-09 7.3452200e-10
     32     89 0.0000000e+00 5.6455000e-12 3.6131100e-12
     32     90 0.0000000e+00 9.7776300e-12 6.2576900e-12
     32     91 0.0000000e+00 4.1747800e-14 2.6718600e-14
     33     72 0.0000000e+00 0.0000000e+00 0.0000000e+00
     33     73 0.0000000e+00 0.0000000e+00 0.0000000e+00
     33     74 0.0000000e+00 0.0000000e+00 0.0000000e+00
     33     75 0.0000000e+00 2.4760650e-08 6.4018840e-09
     33     76 0.0000000e+00 1.2019800e-13 7.6927000e-14
     33     77 0.0000000e+00 2.5482810e-07 5.0622400e-08
     33     78 0.0000000e+00 8.1451950e-07 2.1022290e-07
     33     79 0.0000000e+00 3.3662720e-06 6.7411870e-07
     33     80 0.0000000e+00 8.2262050e-06 2.0914400e-06
     33     81 0.0000000e+00 3.6297740e-05 9.6630190e-06
     33     82 0.0000000e+00 9.7874540e-05 3.1143400e-05
     33     82 1.0000000e+00 2.2782770e-05 1.4180670e-05
     33     83 0.0000000e+00 2.7362440e-04 2.5323170e-05
     33     84 0.0000000e+00 6.0524970e-04 1.9736940e-04
     33     85 0.0000000e+00 3.0780500e-04 1.7964330e-04
     33     86 0.0000000e+00 1.2069850e-03 5.8918300e-04
     33     87 0.0000000e+00 6.5697830e-04 4.1886200e-04
     33     88 0.0000000e+00 2.4667480e-06 1.5779770e-06
     33     89 0.0000000e+00 3.1050230e-07 1.9871410e-07
     33     90 0.0000000e+00 5.7336650e-07 3.6695150e-07
     33     91 0.0000000e+00 1.3453220e-08 8.6100550e-09
     33     92 0.0000000e+00 1.6429400e-10 1.0514800e-10
     33     93 0.0000000e+00 6.3327400e-12 4.0529600e-12
     33     94 0.0000000e+00 1.8567400e-14 1.1883100e-14
     33     95 0.0000000e+00 0.0000000e+00 0.0000000e+00
     34     74 0.0000000e+00 0.0000000e+00 0.0000000e+00
     34     75 0.0000000e+00 0.0000000e+00 0.0000000e+00
     34     76 0.0000000e+00 1.2019800e-13 7.6927000e-14
     34     77 0.0000000e+00 2.5482810e-07 5.0624890e-08
     34     77 1.0000000e+00 8.4440400e-10 1.7279200e-10
     34     78 0.0000000e+00 8.1451960e-07 2.1022290e-07
     34     79 0.0000000e+00 3.3644530e-06 6.7375150e-07
     34     79 1.0000000e+00 3.2863080e-06 6.5810470e-07
     34     80 0.0000000e+00 8.2269860e-06 2.0914400e-06
     34     81 0.0000000e+00 3.6359530e-05 9.6762330e-06
     34     81 1.0000000e+00 1.3345240e-06 4.2599540e-07
     34     82 0.0000000e+00 1.2304580e-04 3.0576640e-05
     34     83 0.0000000e+00 1.3289680e-04 1.1572360e-05
     34     83 1.0000000e+00 1.6373580e-04 1.4688290e-05
     34     84 0.0000000e+00 1.0992400e-03 8.4344920e-05
     34     85 0.0000000e+00 1.0562130e-03 1.7290900e-04
     34     86 0.0000000e+00 7.5919410e-03 8.4526580e-04
     34     87 0.0000000e+00 9.2940570e-03 3.7223680e-03
     34     88 0.0000000e+00 2.7028130e-03 1.6529040e-03
     34     89 0.0000000e+00 3.7959940e-04 2.4263770e-04
     34     90 0.0000000e+00 8.1957910e-04 5.2396550e-04
     34     91 0.0000000e+00 7.6833070e-05 4.9171300e-05
     34     92 0.0000000e+00 4.9699030e-06 3.1807020e-06
     34     93 0.0000000e+00 3.9092490e-07 2.5019130e-07
     34     94 0.0000000e+00 7.0566720e-09 4.5162630e-09
     34     95 0.0000000e+00 1.5106600e-11 9.6682600e-12
     34     96 0.0000000e+00 2.0367000e-13 1.3034900e-13
     35     77 0.0000000e+00 0.0000000e+00 0.0000000e+00
     35     77 1.0000000e+00 0.0000000e+00 0.0000000e+00
     35     78 0.0000000e+00 0.0000000e+00 0.0000000e+00
     35     79 0.0000000e+00 1.8403320e-09 4.0822900e-10
     35     79 1.0000000e+00 0.0000000e+00 0.0000000e+00
     35     80 0.0000000e+00 2.7742800e-14 1.4048100e-14
     35     80 1.0000000e+00 2.0834900e-14 1.3334300e-14
     35     81 0.0000000e+00 3.6360230e-05 9.6764170e-06
     35     82 0.0000000e+00 2.0427400e-09 9.2445400e-10
     35     82 1.0000000e+00 1.0419370e-09 6.6684100e-10
     35     83 0.0000000e+00 2.9671630e-04 2.2959740e-05
     35     84 0.0000000e+00 1.1013000e-03 8.4335410e-05
     35     84 1.0000000e+00 2.4704460e-06 1.5810760e-06
     35     85 0.0000000e+00 1.1021130e-03 1.7139510e-04
     35     86 0.0000000e+00 9.0760320e-03 5.8489100e-04
     35     87 0.0000000e+00 1.5136520e-02 2.9939670e-03
     35     88 0.0000000e+00 9.3371320e-03 2.4245270e-03
     35     89 0.0000000e+00 1.3537150e-02 3.7546440e-03
     35     90 0.0000000e+00 2.3279900e-02 6.2701130e-03
     35     91 0.0000000e+00 9.6230170e-03 3.0039440e-03
     35     92 0.0000000e+00 2.1384710e-03 1.3614080e-03
     35     93 0.0000000e+00 5.3122350e-04 3.3966950e-04
     35     94 0.0000000e+00 4.2821450e-05 2.7404140e-05
     35     95 0.0000000e+00 8.9859060e-07 5.7508880e-07
     35     96 0.0000000e+00 3.7984280e-08 2.4309920e-08
     35     97 0.0000000e+00 1.8220930e-09 1.1661370e-09
     35     98 0.0000000e+00 8.4389700e-12 5.4009600e-12
     35     99 0.0000000e+00 3.1443700e-14 2.0123900e-14
     35    100 0.0000000e+00 5.6943900e-17 3.6444200e-17
     36     79 0.0000000e+00 0.0000000e+00 0.0000000e+00
     36     79 1.0000000e+00 0.0000000e+00 0.0000000e+00
     36     80 0.0000000e+00 2.5440200e-14 1.2882200e-14
     36     81 0.0000000e+00 0.0000000e+00 0.0000000e+00
     36     81 1.0000000e+00 0.0000000e+00 0.0000000e+00
     36     82 0.0000000e+00 2.0677950e-09 9.3580600e-10
     36     83 0.0000000e+00 2.9671630e-04 2.2959750e-05
     36     83 1.0000000e+00 2.9619700e-04 2.2919560e-05
     36     84 0.0000000e+00 1.1037730e-03 8.4321720e-05
     36     85 0.0000000e+00 2.3515450e-04 3.6608980e-05
     36     85 1.0000000e+00 1.1003490e-03 1.7111640e-04
     36     86 0.0000000e+00 9.4754790e-03 5.7917290e-04
     36     87 0.0000000e+00 1.5559130e-02 2.9115200e-03
     36     88 0.0000000e+00 2.5450600e-02 1.4752270e-03
     36     89 0.0000000e+00 3.8437230e-02 2.4105770e-03
     36     90 0.0000000e+00 5.3726030e-02 2.2628800e-03
     36     91 0.0000000e+00 4.8136630e-02 5.3558900e-03
     36     92 0.0000000e+00 3.7459060e-02 6.0520540e-03
     36     93 0.0000000e+00 2.0207460e-02 5.5692190e-03
     36     94 0.0000000e+00 8.1657270e-03 4.9060410e-03
     36     95 0.0000000e+00 1.0163090e-03 6.4964780e-04
     36     96 0.0000000e+00 1.7547180e-04 1.1228050e-04
     36     97 0.0000000e+00 1.9424780e-05 1.2431760e-05
     36     98 0.0000000e+00 5.7472540e-07 3.6782050e-07
     36     99 0.0000000e+00 9.0637010e-09 5.8007650e-09
     36    100 0.0000000e+00 9.4713100e-11 6.0616800e-11
     36    101 0.0000000e+00 1.9852100e-13 1.2705400e-13
     36    102 0.0000000e+00 8.4913500e-16 5.4344900e-16
     37     81 0.0000000e+00 0.0000000e+00 0.0000000e+00
     37     81 1.0000000e+00 0.0000000e+00 0.0000000e+00
     37     82 0.0000000e+00 0.0000000e+00 0.0000000e+00
     37     82 1.0000000e+00 0.0000000e+00 0.0000000e+00
     37     83 0.0000000e+00 0.0000000e+00 0.0000000e+00
     37     84 0.0000000e+00 2.3160600e-14 1.4822900e-14
     37     84 1.0000000e+00 0.0000000e+00 0.0000000e+00
     37     85 0.0000000e+00 1.1022290e-03 1.7144720e-04
     37     86 0.0000000e+00 2.9883220e-09 1.3552830e-09
     37     86 1.0000000e+00 1.3958750e-09 8.9335800e-10
     37     87 0.0000000e+00 1.5559280e-02 2.9115200e-03
     37     88 0.0000000e+00 2.5539780e-02 1.4742920e-03
     37     89 0.0000000e+00 4.0072110e-02 2.2177830e-03
     37     90 0.0000000e+00 4.7476920e-02 1.9520370e-03
     37     90 1.0000000e+00 8.1862640e-03 7.2606020e-04
     37     91 0.0000000e+00 5.6703180e-02 2.2926430e-03
     37     92 0.0000000e+00 5.7829430e-02 3.2638970e-03
     37     93 0.0000000e+00 5.4207050e-02 3.1216290e-03
     37     94 0.0000000e+00 5.1435090e-02 6.4148490e-03
     37     95 0.0000000e+00 2.9755110e-02 7.4501440e-03
     37     96 0.0000000e+00 1.3258590e-02 4.0700480e-03
     37     97 0.0000000e+00 4.9397040e-03 3.1045030e-03
     37     98 0.0000000e+00 4.2331840e-04 2.7053140e-04
     37     98 1.0000000e+00 1.9933180e-04 9.9662760e-05
     37     99 0.0000000e+00 5.4075380e-05 3.4603040e-05
     37    100 0.0000000e+00 2.2879230e-06 1.4642140e-06
     37    101 0.0000000e+00 4.3235390e-08 2.7670540e-08
     37    102 0.0000000e+00 6.9576800e-10 4.4529000e-10
     37    103 0.0000000e+00 8.9330100e-12 5.7171200e-12
     37    104 0.0000000e+00 1.1790800e-14 7.5460800e-15
     37    105 0.0000000e+00 6.0791600e-19 3.8906700e-19
     38     83 0.0000000e+00 0.0000000e+00 0.0000000e+00
     38     83 1.0000000e+00 0.0000000e+00 0.0000000e+00
     38     84 0.0000000e+00 9.0326400e-16 5.7809100e-16
     38     85 0.0000000e+00 0.0000000e+00 0.0000000e+00
     38     85 1.0000000e+00 0.0000000e+00 0.0000000e+00
     38     86 0.0000000e+00 2.9881830e-09 1.3552120e-09
     38     87 0.0000000e+00 2.5091800e-12 1.3390200e-12
     38     87 1.0000000e+00 4.7199200e-13 3.0207500e-13
     38     88 0.0000000e+00 2.5540060e-02 1.4742920e-03
     38     89 0.0000000e+00 4.0076200e-02 2.2177820e-03
     38     90 0.0000000e+00 5.5453350e-02 2.1202040e-03
     38     91 0.0000000e+00 5.6766700e-02 2.2923380e-03
     38     92 0.0000000e+00 5.9310520e-02 3.2405920e-03
     38     93 0.0000000e+00 6.1653470e-02 2.3813950e-03
     38     94 0.0000000e+00 6.5006020e-02 3.5782300e-03
     38     95 0.0000000e+00 6.4254960e-02 3.8048550e-03
     38     96 0.0000000e+00 6.0787880e-02 4.9757610e-03
     38     97 0.0000000e+00 4.5835770e-02 8.0716490e-03
     38     98 0.0000000e+00 2.6316530e-02 6.6070140e-03
     38     99 0.0000000e+00 7.9346390e-03 4.7212110e-03
     38    100 0.0000000e+00 1.7149770e-03 1.0917330e-03
     38    101 0.0000000e+00 1.7079820e-04 1.0928760e-04
     38    102 0.0000000e+00 1.3551130e-05 8.6723140e-06
     38    103 0.0000000e+00 5.7189970e-07 3.6601020e-07
     38    104 0.0000000e+00 5.5965490e-09 3.5817860e-09
     38    105 0.0000000e+00 2.0952100e-12 1.3409300e-12
     38    106 0.0000000e+00 0.0000000e+00 0.0000000e+00
     38    107 0.0000000e+00 0.0000000e+00 0.0000000e+00
     39     86 0.0000000e+00 0.0000000e+00 0.0000000e+00
     39     86 1.0000000e+00 0.0000000e+00 0.0000000e+00
     39     87 0.0000000e+00 0.0000000e+00 0.0000000e+00
     39     87 1.0000000e+00 0.0000000e+00 0.0000000e+00
     39     88 0.0000000e+00 0.0000000e+00 0.0000000e+00
     39     88 1.0000000e+00 0.0000000e+00 0.0000000e+00
     39     88 2.0000000e+00 0.0000000e+00 0.0000000e+00
     39     89 0.0000000e+00 4.0076200e-02 2.2177820e-03
     39     89 1.0000000e+00 3.8635340e-06 2.1386440e-07
     39     90 0.0000000e+00 5.5453350e-02 2.1202040e-03
     39     90 1.0000000e+00 3.1599900e-11 2.0223900e-11
     39     91 0.0000000e+00 5.6766710e-02 2.2995920e-03
     39     91 1.0000000e+00 3.3387760e-02 1.3512550e-03
     39     92 0.0000000e+00 5.9310840e-02 3.2405920e-03
     39     93 0.0000000e+00 6.1661490e-02 2.7605130e-03
     39     93 1.0000000e+00 2.0427660e-02 1.0843880e-03
     39     94 0.0000000e+00 6.5187290e-02 3.5766160e-03
     39     95 0.0000000e+00 6.6192580e-02 3.6273810e-03
     39     96 0.0000000e+00 6.1409190e-02 4.9634600e-03
     39     96 1.0000000e+00 5.6410730e-03 3.5125510e-03
     39     97 0.0000000e+00 4.3930130e-02 6.7609100e-03
     39     97 1.0000000e+00 2.1019630e-02 6.3923310e-03
     39     97 2.0000000e+00 0.0000000e+00 0.0000000e+00
     39     98 0.0000000e+00 2.6960060e-02 6.5929800e-03
     39     98 1.0000000e+00 3.3883420e-02 7.0942140e-03
     39     99 0.0000000e+00 4.9621560e-02 4.0228960e-03
     39    100 0.0000000e+00 2.6540950e-02 6.3057130e-03
     39    100 1.0000000e+00 2.5406610e-03 2.0081680e-03
     39    101 0.0000000e+00 1.4735330e-02 4.4368430e-03
     39    102 0.0000000e+00 2.6217800e-03 1.6682210e-03
     39    102 1.0000000e+00 1.1702010e-03 5.7795870e-04
     39    103 0.0000000e+00 6.8414960e-04 4.3709430e-04
     39    104 0.0000000e+00 3.4532660e-05 2.2097260e-05
     39    105 0.0000000e+00 1.2302910e-07 7.8736810e-08
     39    106 0.0000000e+00 6.1618900e-13 3.9436200e-13
     39    107 0.0000000e+00 4.6822100e-15 2.9966100e-15
     39    108 0.0000000e+00 4.7524600e-17 3.0415700e-17
     39    109 0.0000000e+00 1.1660600e-19 7.4627800e-20
     40     88 0.0000000e+00 0.0000000e+00 0.0000000e+00
     40     89 0.0000000e+00 0.0000000e+00 0.0000000e+00
     40     89 1.0000000e+00 0.0000000e+00 0.0000000e+00
     40     90 0.0000000e+00 5.5453350e-02 2.1202040e-03
     40     90 1.0000000e+00 5.6880000e-16 3.6947700e-16
     40     91 0.0000000e+00 5.6766710e-02 2.2995920e-03
     40     92 0.0000000e+00 5.9310840e-02 3.2405920e-03
     40     93 0.0000000e+00 6.1661490e-02 2.7605130e-03
     40     94 0.0000000e+00 6.5187360e-02 3.5766160e-03
     40     95 0.0000000e+00 6.6195250e-02 3.6273810e-03
     40     96 0.0000000e+00 6.7119290e-02 3.6894260e-03
     40     97 0.0000000e+00 6.6381870e-02 3.6655280e-03
     40     98 0.0000000e+00 6.3842380e-02 3.8654590e-03
     40     99 0.0000000e+00 6.0554930e-02 1.6716250e-03
     40    100 0.0000000e+00 5.8674870e-02 3.3809400e-03
     40    101 0.0000000e+00 5.8778760e-02 4.6359050e-03
     40    102 0.0000000e+00 4.5330930e-02 7.7095880e-03
     40    103 0.0000000e+00 2.0445990e-02 4.9207200e-03
     40    104 0.0000000e+00 6.0599160e-03 3.6694660e-03
     40    105 0.0000000e+00 1.3460530e-04 8.6075840e-05
     40    106 0.0000000e+00 1.1268400e-06 7.2117650e-07
     40    107 0.0000000e+00 4.3927550e-08 2.8113650e-08
     40    108 0.0000000e+00 2.3252930e-09 1.4881840e-09
     40    109 0.0000000e+00 2.1881100e-11 1.4004000e-11
     40    110 0.0000000e+00 1.3238440e-09 8.4725900e-10
     40    111 0.0000000e+00 1.0420500e-12 6.6691000e-13
     40    112 0.0000000e+00 6.7665300e-16 4.3306200e-16
     41     90 0.0000000e+00 0.0000000e+00 0.0000000e+00
     41     90 1.0000000e+00 0.0000000e+00 0.0000000e+00
     41     91 0.0000000e+00 0.0000000e+00 0.0000000e+00
     41     91 1.0000000e+00 0.0000000e+00 0.0000000e+00
     41     92 0.0000000e+00 0.0000000e+00 0.0000000e+00
     41     92 1.0000000e+00 0.0000000e+00 0.0000000e+00
     41     93 0.0000000e+00 0.0000000e+00 0.0000000e+00
     41     93 1.0000000e+00 0.0000000e+00 0.0000000e+00
     41     94 0.0000000e+00 4.0154300e-13 1.8452500e-13
     41     94 1.0000000e+00 1.6618100e-13 1.0635500e-13
     41     95 0.0000000e+00 6.6155200e-02 3.6252990e-03
     41     95 1.0000000e+00 7.1505360e-04 4.0865140e-05
     41     96 0.0000000e+00 2.8729170e-09 1.8386620e-09
     41     97 0.0000000e+00 6.6382050e-02 3.6655900e-03
     41     97 1.0000000e+00 6.3093550e-02 3.4839530e-03
     41     98 0.0000000e+00 6.3846960e-02 3.8654570e-03
     41     98 1.0000000e+00 2.5418630e-06 1.6268010e-06
     41     99 0.0000000e+00 3.9434740e-02 1.1044480e-03
     41     99 1.0000000e+00 2.2074140e-02 6.4646410e-04
     41    100 0.0000000e+00 5.9396040e-02 3.3530410e-03
     41    100 1.0000000e+00 3.7225720e-04 2.3819630e-04
     41    101 0.0000000e+00 6.5293460e-02 2.4967250e-03
     41    102 0.0000000e+00 1.4487620e-02 7.5186450e-03
     41    102 1.0000000e+00 4.6842720e-02 7.6916840e-03
     41    103 0.0000000e+00 4.4202210e-02 1.9282840e-03
     41    104 0.0000000e+00 2.0697260e-02 6.1800920e-03
     41    104 1.0000000e+00 9.9329200e-03 5.5188160e-03
     41    105 0.0000000e+00 3.7308640e-03 1.7688420e-03
     41    106 0.0000000e+00 7.5592890e-04 4.5820560e-04
     41    107 0.0000000e+00 1.7796020e-04 1.1300250e-04
     41    108 0.0000000e+00 3.3796610e-05 2.1611730e-05
     41    109 0.0000000e+00 1.5709320e-06 1.0053230e-06
     41    110 0.0000000e+00 1.2491230e-06 7.9855010e-07
     41    111 0.0000000e+00 1.5186320e-08 9.7185700e-09
     41    112 0.0000000e+00 7.2423400e-11 4.6350500e-11
     41    113 0.0000000e+00 3.9527800e-13 2.5297800e-13
     41    114 0.0000000e+00 4.0043500e-16 2.5627800e-16
     41    115 0.0000000e+00 3.4494100e-19 2.2076300e-19
     42     92 0.0000000e+00 0.0000000e+00 0.0000000e+00
     42     93 0.0000000e+00 0.0000000e+00 0.0000000e+00
     42     93 1.0000000e+00 0.0000000e+00 0.0000000e+00
     42     94 0.0000000e+00 8.3090300e-16 5.4104400e-16
     42     95 0.0000000e+00 6.6195250e-02 3.6275070e-03
     42     96 0.0000000e+00 2.8729230e-09 1.8386620e-09
     42     97 0.0000000e+00 6.6382050e-02 3.6655900e-03
     42     98 0.0000000e+00 6.3849500e-02 3.8654570e-03
     42     99 0.0000000e+00 6.0684920e-02 1.7247220e-03
     42    100 0.0000000e+00 5.9769930e-02 3.3455520e-03
     42    101 0.0000000e+00 6.5323020e-02 2.4966560e-03
     42    102 0.0000000e+00 6.1645630e-02 2.3634140e-03
     42    103 0.0000000e+00 4.5502230e-02 1.7572200e-03
     42    104 0.0000000e+00 3.7382230e-02 1.4659980e-03
     42    105 0.0000000e+00 7.7208600e-03 8.4273450e-04
     42    106 0.0000000e+00 2.6645990e-03 5.6007220e-04
     42    107 0.0000000e+00 1.3213030e-03 3.8260620e-04
     42    108 0.0000000e+00 7.2792420e-04 2.2816730e-04
     42    109 0.0000000e+00 8.7659020e-05 2.8649320e-05
     42    110 0.0000000e+00 4.4972880e-05 2.3826190e-05
     42    111 0.0000000e+00 5.1654140e-06 3.2865280e-06
     42    112 0.0000000e+00 2.2871670e-07 1.4633070e-07
     42    113 0.0000000e+00 6.7107690e-09 4.2946410e-09
     42    114 0.0000000e+00 5.9688400e-11 3.8200300e-11
     42    115 0.0000000e+00 2.8698700e-13 1.8367200e-13
     42    116 0.0000000e+00 0.0000000e+00 0.0000000e+00
     42    117 0.0000000e+00 1.6466000e-17 1.0538200e-17
     43     95 0.0000000e+00 0.0000000e+00 0.0000000e+00
     43     95 1.0000000e+00 0.0000000e+00 0.0000000e+00
     43     96 0.0000000e+00 0.0000000e+00 0.0000000e+00
     43     96 1.0000000e+00 0.0000000e+00 0.0000000e+00
     43     97 0.0000000e+00 0.0000000e+00 0.0000000e+00
     43     97 1.0000000e+00 0.0000000e+00 0.0000000e+00
     43     98 0.0000000e+00 0.0000000e+00 0.0000000e+00
     43     99 0.0000000e+00 6.0682940e-02 1.7247790e-03
     43     99 1.0000000e+00 5.3455610e-02 1.5192720e-03
     43    100 0.0000000e+00 4.0080200e-11 2.5651100e-11
     43    101 0.0000000e+00 6.5323030e-02 2.4966560e-03
     43    102 0.0000000e+00 6.1645710e-02 2.3634140e-03
     43    102 1.0000000e+00 2.1564020e-08 1.3800940e-08
     43    103 0.0000000e+00 4.5504060e-02 1.7572200e-03
     43    104 0.0000000e+00 3.7427330e-02 1.4657180e-03
     43    105 0.0000000e+00 7.9195930e-03 8.3421400e-04
     43    106 0.0000000e+00 2.6866440e-03 5.5995840e-04
     43    107 0.0000000e+00 1.3806660e-03 3.8170680e-04
     43    108 0.0000000e+00 8.1329270e-04 2.2504610e-04
     43    109 0.0000000e+00 1.1779400e-04 2.4457080e-05
     43    110 0.0000000e+00 9.4030920e-05 2.5054510e-05
     43    111 0.0000000e+00 5.7457460e-05 2.0891440e-05
     43    112 0.0000000e+00 1.3460330e-05 8.1956700e-06
     43    113 0.0000000e+00 2.6386010e-06 1.6792470e-06
     43    114 0.0000000e+00 1.4315050e-07 9.1577090e-08
     43    115 0.0000000e+00 5.0092710e-09 3.2057640e-09
     43    116 0.0000000e+00 2.0384200e-10 1.3045900e-10
     43    117 0.0000000e+00 4.8679700e-12 3.1155000e-12
     43    118 0.0000000e+00 4.2710900e-14 2.7335000e-14
     43    119 0.0000000e+00 6.7093600e-16 4.2940200e-16
     43    120 0.0000000e+00 1.5886700e-18 1.0167500e-18
     44     98 0.0000000e+00 0.0000000e+00 0.0000000e+00
     44     99 0.0000000e+00 1.9778570e-06 1.1761630e-07
     44    100 0.0000000e+00 4.0079500e-11 2.5650700e-11
     44    101 0.0000000e+00 6.5323030e-02 2.4966560e-03
     44    102 0.0000000e+00 6.1645730e-02 2.3634140e-03
     44    103 0.0000000e+00 4.5504060e-02 1.7572200e-03
     44    103 1.0000000e+00 0.0000000e+00 0.0000000e+00
     44    104 0.0000000e+00 3.7427340e-02 1.4657180e-03
     44    105 0.0000000e+00 7.9198520e-03 8.3421400e-04
     44    106 0.0000000e+00 2.6866450e-03 5.5995840e-04
     44    107 0.0000000e+00 1.3806690e-03 3.8170680e-04
     44    108 0.0000000e+00 8.1340920e-04 2.2504620e-04
     44    109 0.0000000e+00 1.1776430e-04 2.4437650e-05
     44    110 0.0000000e+00 9.8220790e-05 2.5012130e-05
     44    111 0.0000000e+00 8.4552270e-05 1.7469560e-05
     44    112 0.0000000e+00 5.3658050e-05 1.5504570e-05
     44    113 0.0000000e+00 1.9958120e-05 5.7015010e-06
     44    113 1.0000000e+00 2.5921360e-05 1.0220180e-05
     44    114 0.0000000e+00 1.1342860e-05 6.5990420e-06
     44    115 0.0000000e+00 1.9444780e-06 1.2383190e-06
     44    116 0.0000000e+00 3.5592330e-07 2.2763950e-07
     44    117 0.0000000e+00 3.0695840e-08 1.9642150e-08
     44    118 0.0000000e+00 1.4673010e-09 9.3904500e-10
     44    119 0.0000000e+00 7.3694600e-11 4.7164100e-11
     44    120 0.0000000e+00 1.0283300e-12 6.5812700e-13
     44    121 0.0000000e+00 5.7821500e-15 3.7005600e-15
     44    122 0.0000000e+00 0.0000000e+00 0.0000000e+00
     44    123 0.0000000e+00 9.1318700e-19 5.8444300e-19
     44    124 0.0000000e+00 0.0000000e+00 0.0000000e+00
     45    100 0.0000000e+00 0.0000000e+00 0.0000000e+00
     45    100 1.0000000e+00 0.0000000e+00 0.0000000e+00
     45    101 0.0000000e+00 0.0000000e+00 0.0000000e+00
     45    101 1.0000000e+00 0.0000000e+00 0.0000000e+00
     45    102 0.0000000e+00 0.0000000e+00 0.0000000e+00
     45    102 1.0000000e+00 0.0000000e+00 0.0000000e+00
     45    103 0.0000000e+00 4.5504060e-02 1.7572260e-03
     45    103 1.0000000e+00 4.4967130e-02 1.7364860e-03
     45    104 0.0000000e+00 2.3248200e-14 1.1769900e-14
     45    104 1.0000000e+00 1.7476500e-14 1.1184900e-14
     45    105 0.0000000e+00 7.9198520e-03 8.3477800e-04
     45    105 1.0000000e+00 2.2486460e-03 2.3734260e-04
     45    106 0.0000000e+00 2.6866450e-03 5.5995840e-04
     45    106 1.0000000e+00 0.0000000e+00 0.0000000e+00
     45    107 0.0000000e+00 1.3806690e-03 3.8170680e-04
     45    108 0.0000000e+00 8.1340920e-04 2.2504620e-04
     45    108 1.0000000e+00 0.0000000e+00 0.0000000e+00
     45    109 0.0000000e+00 1.1776430e-04 2.4437650e-05
     45    110 0.0000000e+00 2.1185140e-09 1.3558460e-09
     45    110 1.0000000e+00 9.8225060e-05 2.5012130e-05
     45    111 0.0000000e+00 8.5164030e-05 1.7467050e-05
     45    112 0.0000000e+00 5.7147330e-05 1.5447880e-05
     45    112 1.0000000e+00 1.2887870e-06 6.4427120e-07
     45    113 0.0000000e+00 5.0576350e-05 9.7490520e-06
     45    114 0.0000000e+00 1.8815290e-05 7.6079190e-06
     45    114 1.0000000e+00 1.8142630e-05 7.8849420e-06
     45    115 0.0000000e+00 2.4633240e-05 8.5881150e-06
     45    116 0.0000000e+00 5.3600490e-06 3.1527180e-06
     45    116 1.0000000e+00 6.5495440e-06 3.2131390e-06
     45    117 0.0000000e+00 4.4748600e-06 2.7736890e-06
     45    118 0.0000000e+00 8.3483760e-07 5.3304320e-07
     45    119 0.0000000e+00 1.7863670e-07 1.1427850e-07
     45    120 0.0000000e+00 1.0376260e-08 6.6401450e-09
     45    121 0.0000000e+00 3.4436600e-10 2.2039000e-10
     45    122 0.0000000e+00 1.0053000e-11 6.4339300e-12
     45    123 0.0000000e+00 6.1551200e-13 3.9392700e-13
     45    124 0.0000000e+00 0.0000000e+00 0.0000000e+00
     45    125 0.0000000e+00 1.2344400e-17 7.9004100e-18
     45    126 0.0000000e+00 0.0000000e+00 0.0000000e+00
     45    127 0.0000000e+00 0.0000000e+00 0.0000000e+00
     45    128 0.0000000e+00 0.0000000e+00 0.0000000e+00
     46    102 0.0000000e+00 0.0000000e+00 0.0000000e+00
     46    103 0.0000000e+00 0.0000000e+00 0.0000000e+00
     46    104 0.0000000e+00 2.3166300e-14 1.1730700e-14
     46    105 0.0000000e+00 7.9198520e-03 8.3477800e-04
     46    106 0.0000000e+00 2.6866450e-03 5.5995840e-04
     46    107 0.0000000e+00 1.3806690e-03 3.8170680e-04
     46    107 1.0000000e+00 0.0000000e+00 0.0000000e+00
     46    108 0.0000000e+00 8.1340920e-04 2.2504620e-04
     46    109 0.0000000e+00 1.1776430e-04 2.4437650e-05
     46    109 1.0000000e+00 0.0000000e+00 0.0000000e+00
     46    110 0.0000000e+00 9.8227180e-05 2.5012130e-05
     46    111 0.0000000e+00 8.5164340e-05 1.7467050e-05
     46    111 1.0000000e+00 2.4553800e-10 1.5714500e-10
     46    112 0.0000000e+00 5.8462400e-05 1.5443080e-05
     46    113 0.0000000e+00 5.1029670e-05 9.7484140e-06
     46    113 1.0000000e+00 3.1783830e-07 1.5891460e-07
     46    114 0.0000000e+00 4.1116660e-05 9.1699700e-06
     46    115 0.0000000e+00 4.5932790e-06 1.2095460e-06
     46    115 1.0000000e+00 3.6330570e-05 7.7244520e-06
     46    116 0.0000000e+00 3.4072560e-05 7.1801700e-06
     46    117 0.0000000e+00 2.6656400e-05 6.2057410e-06
     46    117 1.0000000e+00 1.7549790e-05 6.3145490e-06
     46    118 0.0000000e+00 1.8221300e-05 7.4998140e-06
     46    119 0.0000000e+00 1.0541350e-05 6.1958000e-06
     46    120 0.0000000e+00 3.2027680e-06 2.0258800e-06
     46    121 0.0000000e+00 4.4870070e-07 2.8691730e-07
     46    122 0.0000000e+00 6.0307220e-08 3.8590120e-08
     46    123 0.0000000e+00 8.7307060e-09 5.5872580e-09
     46    124 0.0000000e+00 3.0263400e-10 1.9368600e-10
     46    125 0.0000000e+00 4.5477500e-12 2.9105600e-12
     46    126 0.0000000e+00 0.0000000e+00 0.0000000e+00
     46    127 0.0000000e+00 0.0000000e+00 0.0000000e+00
     46    128 0.0000000e+00 0.0000000e+00 0.0000000e+00
     46    129 0.0000000e+00 0.0000000e+00 0.0000000e+00
     46    130 0.0000000e+00 0.0000000e+00 0.0000000e+00
     46    131 0.0000000e+00 0.0000000e+00 0.0000000e+00
     47    105 0.0000000e+00 0.0000000e+00 0.0000000e+00
     47    105 1.0000000e+00 0.0000000e+00 0.0000000e+00
     47    106 0.0000000e+00 0.0000000e+00 0.0000000e+00
     47    106 1.0000000e+00 0.0000000e+00 0.0000000e+00
     47    107 0.0000000e+00 0.0000000e+00 0.0000000e+00
     47    107 1.0000000e+00 0.0000000e+00 0.0000000e+00
     47    108 0.0000000e+00 0.0000000e+00 0.0000000e+00
     47    108 1.0000000e+00 0.0000000e+00 0.0000000e+00
     47    109 0.0000000e+00 1.1776430e-04 2.4437650e-05
     47    109 1.0000000e+00 1.1770380e-04 2.4425100e-05
     47    110 0.0000000e+00 0.0000000e+00 0.0000000e+00
     47    110 1.0000000e+00 0.0000000e+00 0.0000000e+00
     47    111 0.0000000e+00 8.4572440e-05 1.7345830e-05
     47    111 1.0000000e+00 8.4566590e-05 1.7344440e-05
     47    112 0.0000000e+00 5.8462400e-05 1.5443080e-05
     47    113 0.0000000e+00 3.3438600e-05 6.5546320e-06
     47    113 1.0000000e+00 4.8864980e-05 9.3348300e-06
     47    114 0.0000000e+00 4.1133980e-05 9.1699700e-06
     47    114 1.0000000e+00 1.4297700e-08 7.1488490e-09
     47    115 0.0000000e+00 1.0373200e-05 2.0220420e-06
     47    115 1.0000000e+00 3.5432290e-05 7.3045320e-06
     47    116 0.0000000e+00 3.4850500e-05 7.1693980e-06
     47    116 1.0000000e+00 8.7960200e-07 5.6263670e-07
     47    116 2.0000000e+00 0.0000000e+00 0.0000000e+00
     47    117 0.0000000e+00 2.8624000e-05 6.1457290e-06
     47    117 1.0000000e+00 4.2468250e-06 2.6543610e-06
     47    118 0.0000000e+00 2.7966170e-05 5.9746800e-06
     47    118 1.0000000e+00 5.6205300e-06 1.9249380e-06
     47    119 0.0000000e+00 2.3089200e-05 8.8590930e-06
     47    119 1.0000000e+00 1.1789190e-05 6.2190080e-06
     47    120 0.0000000e+00 1.8731110e-05 6.8262240e-06
     47    120 1.0000000e+00 1.0086960e-05 5.8824450e-06
     47    121 0.0000000e+00 1.5150140e-05 8.2230270e-06
     47    122 0.0000000e+00 4.6252170e-06 2.0582720e-06
     47    122 1.0000000e+00 1.6335630e-06 8.1631490e-07
     47    123 0.0000000e+00 2.8210930e-06 1.7932270e-06
     47    124 0.0000000e+00 4.1473070e-07 2.6525100e-07
     47    125 0.0000000e+00 3.5852680e-08 2.2943140e-08
     47    126 0.0000000e+00 3.1236000e-12 1.9991000e-12
     47    127 0.0000000e+00 3.1928400e-13 2.0434200e-13
     47    128 0.0000000e+00 3.4404100e-14 2.2018700e-14
     47    129 0.0000000e+00 1.1161100e-15 7.1431100e-16
     47    130 0.0000000e+00 0.0000000e+00 0.0000000e+00
     47    131 0.0000000e+00 7.6862900e-18 4.9192200e-18
     47    132 0.0000000e+00 1.1947700e-12 7.6465400e-13
     47    133 0.0000000e+00 7.9764100e-15 5.1049300e-15
     48    108 0.0000000e+00 0.0000000e+00 0.0000000e+00
     48    109 0.0000000e+00 0.0000000e+00 0.0000000e+00
     48    110 0.0000000e+00 0.0000000e+00 0.0000000e+00
     48    111 0.0000000e+00 8.5164410e-05 1.7467980e-05
     48    111 1.0000000e+00 0.0000000e+00 0.0000000e+00
     48    112 0.0000000e+00 5.8462400e-05 1.5443080e-05
     48    113 0.0000000e+00 5.0450170e-05 1.0069000e-05
     48    113 1.0000000e+00 5.8063650e-07 1.1395810e-07
     48    114 0.0000000e+00 4.1133980e-05 9.1699700e-06
     48    115 0.0000000e+00 3.7767190e-05 7.5935390e-06
     48    115 1.0000000e+00 5.9778290e-07 1.5989530e-07
     48    116 0.0000000e+00 3.5673600e-05 7.1606660e-06
     48    117 0.0000000e+00 2.6919520e-05 5.0329290e-06
     48    117 1.0000000e+00 5.7742550e-06 1.2079560e-06
     48    118 0.0000000e+00 3.1920790e-05 6.4218390e-06
     48    119 0.0000000e+00 2.9970540e-05 6.1741220e-06
     48    119 1.0000000e+00 7.9755110e-06 2.6667160e-06
     48    120 0.0000000e+00 3.7846770e-05 7.2473520e-06
     48    121 0.0000000e+00 3.0593690e-05 9.2092940e-06
     48    121 1.0000000e+00 6.6075780e-06 3.2135570e-06
     48    122 0.0000000e+00 3.7210530e-05 1.1276490e-05
     48    123 0.0000000e+00 1.0754700e-05 5.3830340e-06
     48    123 1.0000000e+00 1.9533420e-05 8.3530540e-06
     48    124 0.0000000e+00 1.8934190e-05 1.0258280e-05
     48    125 0.0000000e+00 7.0848270e-07 4.3360180e-07
     48    125 1.0000000e+00 5.7515860e-06 2.8575470e-06
     48    126 0.0000000e+00 5.1376660e-07 3.2879330e-07
     48    127 0.0000000e+00 1.9117180e-07 1.2234950e-07
     48    128 0.0000000e+00 6.9298130e-08 4.4350800e-08
     48    129 0.0000000e+00 9.3501790e-09 5.9841130e-09
     48    130 0.0000000e+00 6.6748860e-09 4.2719260e-09
     48    131 0.0000000e+00 1.2329000e-09 7.8905300e-10
     48    132 0.0000000e+00 1.2226300e-07 7.8247210e-08
     48    133 0.0000000e+00 2.6670750e-09 1.7069260e-09
     48    134 0.0000000e+00 4.4231500e-11 2.8308100e-11
     48    135 0.0000000e+00 2.0878800e-13 1.3362400e-13
     48    136 0.0000000e+00 0.0000000e+00 0.0000000e+00
     49    110 0.0000000e+00 0.0000000e+00 0.0000000e+00
     49    110 1.0000000e+00 0.0000000e+00 0.0000000e+00
     49    111 0.0000000e+00 0.0000000e+00 0.0000000e+00
     49    111 1.0000000e+00 0.0000000e+00 0.0000000e+00
     49    112 0.0000000e+00 0.0000000e+00 0.0000000e+00
     49    112 1.0000000e+00 0.0000000e+00 0.0000000e+00
     49    113 0.0000000e+00 5.7982360e-07 1.1379850e-07
     49    113 1.0000000e+00 0.0000000e+00 0.0000000e+00
     49    114 0.0000000e+00 0.0000000e+00 0.0000000e+00
     49    114 1.0000000e+00 0.0000000e+00 0.0000000e+00
     49    114 2.0000000e+00 0.0000000e+00 0.0000000e+00
     49    115 0.0000000e+00 3.6476610e-05 7.3391840e-06
     49    115 1.0000000e+00 3.7767220e-05 7.5935470e-06
     49    116 0.0000000e+00 2.8888900e-14 1.8488900e-14
     49    116 1.0000000e+00 2.6133500e-13 1.6725400e-13
     49    116 2.0000000e+00 0.0000000e+00 0.0000000e+00
     49    117 0.0000000e+00 1.9463010e-05 3.6943190e-06
     49    117 1.0000000e+00 2.5010920e-05 4.6769850e-06
     49    118 0.0000000e+00 3.1920880e-05 6.4218390e-06
     49    118 1.0000000e+00 6.1111400e-10 3.9111300e-10
     49    118 2.0000000e+00 0.0000000e+00 0.0000000e+00
     49    119 0.0000000e+00 1.2082130e-05 3.1360620e-06
     49    119 1.0000000e+00 2.7068530e-05 5.5756160e-06
     49    120 0.0000000e+00 3.7970170e-05 7.2471890e-06
     49    120 1.0000000e+00 7.2340450e-08 3.3958310e-08
     49    120 2.0000000e+00 0.0000000e+00 0.0000000e+00
     49    121 0.0000000e+00 1.8376990e-05 4.3480890e-06
     49    121 1.0000000e+00 2.0790700e-05 6.2124600e-06
     49    122 0.0000000e+00 3.8123100e-05 1.1271040e-05
     49    122 1.0000000e+00 5.4681600e-06 2.6358240e-06
     49    122 2.0000000e+00 0.0000000e+00 0.0000000e+00
     49    123 0.0000000e+00 3.5833860e-05 9.4984870e-06
     49    123 1.0000000e+00 8.7625200e-06 3.7417280e-06
     49    124 0.0000000e+00 3.2982530e-05 1.1566510e-05
     49    124 1.0000000e+00 1.3949790e-05 8.2675130e-06
     49    125 0.0000000e+00 3.5995020e-05 1.2643980e-05
     49    125 1.0000000e+00 1.0269930e-05 6.1339940e-06
     49    126 0.0000000e+00 2.5697850e-05 1.4229610e-05
     49    126 1.0000000e+00 1.6953020e-05 1.0292830e-05
     49    127 0.0000000e+00 3.5669220e-05 2.0907340e-05
     49    127 1.0000000e+00 2.6098680e-05 1.6010050e-05
     49    127 2.0000000e+00 0.0000000e+00 0.0000000e+00
     49    128 0.0000000e+00 3.0913300e-05 1.9227560e-05
     49    128 1.0000000e+00 2.1936990e-05 1.3799550e-05
     49    129 0.0000000e+00 3.2654540e-05 2.0485190e-05
     49    129 1.0000000e+00 2.6854660e-06 1.7184850e-06
     49    129 2.0000000e+00 0.0000000e+00 0.0000000e+00
     49    130 0.0000000e+00 4.3589290e-05 1.3945990e-05
     49    130 1.0000000e+00 2.9417560e-05 1.4702560e-05
     49    130 2.0000000e+00 0.0000000e+00 0.0000000e+00
     49    131 0.0000000e+00 5.0529950e-05 3.2285940e-05
     49    131 1.0000000e+00 2.7070490e-05 1.7324240e-05
     49    131 2.0000000e+00 0.0000000e+00 0.0000000e+00
     49    132 0.0000000e+00 2.0894600e-04 1.3367910e-04
     49    133 0.0000000e+00 2.1887380e-05 1.4006260e-05
     49    134 0.0000000e+00 1.1339340e-06 7.2568940e-07
     49    135 0.0000000e+00 2.9582470e-08 1.8932750e-08
     49    136 0.0000000e+00 3.8914300e-10 2.4905200e-10
     49    137 0.0000000e+00 6.1137100e-12 3.9127800e-12
     49    138 0.0000000e+00 8.3002400e-18 5.3121500e-18
     50    113 0.0000000e+00 0.0000000e+00 0.0000000e+00
     50    113 1.0000000e+00 0.0000000e+00 0.0000000e+00
     50    114 0.0000000e+00 0.0000000e+00 0.0000000e+00
     50    115 0.0000000e+00 1.8883610e-06 4.0645220e-07
     50    116 0.0000000e+00 2.9021700e-13 1.6827200e-13
     50    117 0.0000000e+00 3.2693790e-05 6.1635990e-06
     50    117 1.0000000e+00 6.6367950e-08 1.2623920e-08
     50    118 0.0000000e+00 3.1921490e-05 6.4218390e-06
     50    119 0.0000000e+00 3.7959650e-05 7.7408460e-06
     50    119 1.0000000e+00 8.9663250e-07 2.3283350e-07
     50    120 0.0000000e+00 3.8042630e-05 7.2471580e-06
     50    121 0.0000000e+00 3.8453820e-05 9.4333380e-06
     50    121 1.0000000e+00 2.0925440e-06 4.9739560e-07
     50    122 0.0000000e+00 4.3660010e-05 1.1154120e-05
     50    123 0.0000000e+00 1.4302680e-06 3.5279270e-07
     50    123 1.0000000e+00 4.3500460e-05 9.7386110e-06
     50    124 0.0000000e+00 4.9925620e-05 1.1779740e-05
     50    125 0.0000000e+00 1.7222900e-05 6.1623030e-06
     50    125 1.0000000e+00 4.2573600e-05 1.0291500e-05
     50    126 0.0000000e+00 6.9871030e-05 1.6954440e-05
     50    127 0.0000000e+00 6.4862080e-05 2.7599390e-05
     50    127 1.0000000e+00 7.4617780e-05 2.3756370e-05
     50    128 0.0000000e+00 1.9775900e-04 4.1452860e-05
     50    128 1.0000000e+00 1.0748230e-04 3.3101670e-05
     50    129 0.0000000e+00 1.4571810e-04 5.2477010e-05
     50    129 1.0000000e+00 1.1017130e-04 5.1466780e-05
     50    130 0.0000000e+00 7.8880760e-04 3.6203750e-04
     50    130 1.0000000e+00 5.2247130e-04 2.7916200e-04
     50    131 0.0000000e+00 2.1138810e-03 8.4022500e-04
     50    131 1.0000000e+00 1.4622800e-03 7.5612460e-04
     50    132 0.0000000e+00 1.3107570e-02 3.6927110e-03
     50    133 0.0000000e+00 5.0143200e-03 3.1072560e-03
     50    134 0.0000000e+00 1.0137820e-03 6.4782880e-04
     50    135 0.0000000e+00 1.0495310e-04 6.7150240e-05
     50    136 0.0000000e+00 8.0404430e-06 5.1456280e-06
     50    137 0.0000000e+00 4.3297460e-07 2.7709970e-07
     50    138 0.0000000e+00 2.3854000e-11 1.5266600e-11
     50    139 0.0000000e+00 6.2654100e-12 4.0098600e-12
     50    140 0.0000000e+00 1.8986800e-13 1.2151600e-13
     51    116 0.0000000e+00 0.0000000e+00 0.0000000e+00
     51    116 1.0000000e+00 0.0000000e+00 0.0000000e+00
     51    117 0.0000000e+00 0.0000000e+00 0.0000000e+00
     51    118 0.0000000e+00 0.0000000e+00 0.0000000e+00
     51    118 1.0000000e+00 0.0000000e+00 0.0000000e+00
     51    119 0.0000000e+00 0.0000000e+00 0.0000000e+00
     51    120 0.0000000e+00 0.0000000e+00 0.0000000e+00
     51    120 1.0000000e+00 0.0000000e+00 0.0000000e+00
     51    121 0.0000000e+00 3.8922550e-05 9.5300130e-06
     51    122 0.0000000e+00 1.1963200e-11 5.4481000e-12
     51    122 1.0000000e+00 5.3084200e-12 3.3973900e-12
     51    122 2.0000000e+00 0.0000000e+00 0.0000000e+00
     51    123 0.0000000e+00 4.4930910e-05 1.0023740e-05
     51    124 0.0000000e+00 5.6024230e-09 2.5927560e-09
     51    124 1.0000000e+00 4.4633420e-09 2.8565450e-09
     51    124 2.0000000e+00 0.0000000e+00 0.0000000e+00
     51    125 0.0000000e+00 5.9956860e-05 1.1626750e-05
     51    126 0.0000000e+00 1.9063350e-08 1.0553890e-08
     51    126 1.0000000e+00 1.9617820e-08 9.3566940e-09
     51    126 2.0000000e+00 0.0000000e+00 0.0000000e+00
     51    127 0.0000000e+00 1.3989300e-04 2.6795200e-05
     51    128 0.0000000e+00 8.1567600e-06 1.8716800e-06
     51    128 1.0000000e+00 1.9837450e-04 4.1453160e-05
     51    129 0.0000000e+00 2.5465560e-04 2.7492140e-05
     51    129 1.0000000e+00 1.2488730e-05 5.1386880e-06
     51    130 0.0000000e+00 5.1322870e-04 2.4278620e-04
     51    130 1.0000000e+00 9.0827060e-04 3.4755140e-04
     51    131 0.0000000e+00 4.4948460e-03 1.7852710e-04
     51    132 0.0000000e+00 1.8849430e-02 3.9467410e-03
     51    132 1.0000000e+00 1.2648270e-02 4.0656930e-03
     51    133 0.0000000e+00 4.2374900e-02 5.6088940e-03
     51    134 0.0000000e+00 2.7285650e-03 1.3084240e-03
     51    134 1.0000000e+00 1.7660520e-02 4.1883020e-03
     51    135 0.0000000e+00 9.4710280e-03 5.3286010e-03
     51    136 0.0000000e+00 2.5490060e-03 1.6169600e-03
     51    137 0.0000000e+00 5.8395100e-04 3.7348660e-04
     51    138 0.0000000e+00 9.0943360e-07 5.8202110e-07
     51    139 0.0000000e+00 4.9888470e-07 3.1928300e-07
     51    140 0.0000000e+00 3.7820530e-08 2.4205050e-08
     51    141 0.0000000e+00 1.9660210e-09 1.2582530e-09
     51    142 0.0000000e+00 8.5525600e-12 5.4736700e-12
     51    143 0.0000000e+00 2.9212900e-14 1.8696300e-14
     52    119 0.0000000e+00 0.0000000e+00 0.0000000e+00
     52    119 1.0000000e+00 0.0000000e+00 0.0000000e+00
     52    120 0.0000000e+00 0.0000000e+00 0.0000000e+00
     52    121 0.0000000e+00 0.0000000e+00 0.0000000e+00
     52    121 1.0000000e+00 0.0000000e+00 0.0000000e+00
     52    122 0.0000000e+00 1.1674900e-11 5.3168100e-12
     52    123 0.0000000e+00 0.0000000e+00 0.0000000e+00
     52    123 1.0000000e+00 0.0000000e+00 0.0000000e+00
     52    124 0.0000000e+00 6.7187380e-09 3.2313660e-09
     52    125 0.0000000e+00 5.9956910e-05 1.1635250e-05
     52    125 1.0000000e+00 1.3846010e-05 2.6921220e-06
     52    126 0.0000000e+00 3.5934720e-08 1.4108990e-08
     52    127 0.0000000e+00 1.3944050e-04 2.6720580e-05
     52    127 1.0000000e+00 1.8856170e-05 3.6332690e-06
     52    128 0.0000000e+00 1.9938980e-04 4.1497600e-05
     52    129 0.0000000e+00 2.4642880e-04 2.6350060e-05
     52    129 1.0000000e+00 5.1817250e-05 6.4848900e-06
     52    130 0.0000000e+00 1.4215190e-03 3.5292240e-04
     52    131 0.0000000e+00 4.2727170e-03 1.6975090e-04
     52    131 1.0000000e+00 3.0054090e-04 1.2503540e-05
     52    132 0.0000000e+00 3.3309340e-02 6.6104530e-04
     52    133 0.0000000e+00 4.1818450e-02 3.5231520e-03
     52    133 1.0000000e+00 1.6797250e-02 3.9971890e-03
     52    134 0.0000000e+00 4.7662810e-02 8.5722970e-04
     52    135 0.0000000e+00 4.3522420e-02 4.4568490e-03
     52    136 0.0000000e+00 3.5766040e-02 6.4855340e-03
     52    137 0.0000000e+00 2.2250630e-02 6.0225200e-03
     52    138 0.0000000e+00 1.0289900e-03 6.5734170e-04
     52    139 0.0000000e+00 7.5350900e-04 4.8194100e-04
     52    140 0.0000000e+00 1.7065670e-04 1.0919920e-04
     52    141 0.0000000e+00 2.0938290e-05 1.3400250e-05
     52    142 0.0000000e+00 5.5969140e-07 3.5820050e-07
     52    143 0.0000000e+00 8.8499720e-09 5.6639970e-09
     52    144 0.0000000e+00 2.6199800e-10 1.6767900e-10
     52    145 0.0000000e+00 3.3283800e-13 2.1301600e-13
     53    122 0.0000000e+00 0.0000000e+00 0.0000000e+00
     53    123 0.0000000e+00 0.0000000e+00 0.0000000e+00
     53    124 0.0000000e+00 0.0000000e+00 0.0000000e+00
     53    125 0.0000000e+00 0.0000000e+00 0.0000000e+00
     53    126 0.0000000e+00 0.0000000e+00 0.0000000e+00
     53    127 0.0000000e+00 1.3989300e-04 2.6807740e-05
     53    128 0.0000000e+00 0.0000000e+00 0.0000000e+00
     53    129 0.0000000e+00 2.6527140e-04 2.8360120e-05
     53    130 0.0000000e+00 0.0000000e+00 0.0000000e+00
     53    130 1.0000000e+00 0.0000000e+00 0.0000000e+00
     53    131 0.0000000e+00 4.4954180e-03 1.7866380e-04
     53    132 0.0000000e+00 3.3313530e-02 6.6104230e-04
     53    132 1.0000000e+00 2.0398490e-06 1.3055060e-06
     53    133 0.0000000e+00 5.6072980e-02 1.1372780e-03
     53    133 1.0000000e+00 1.7051970e-03 3.9163810e-04
     53    134 0.0000000e+00 4.8803810e-02 6.7799520e-04
     53    134 1.0000000e+00 4.8668640e-04 3.1135030e-04
     53    135 0.0000000e+00 5.1770710e-02 1.0559660e-03
     53    136 0.0000000e+00 4.7028660e-02 3.7818440e-03
     53    136 1.0000000e+00 5.9110910e-03 3.6242980e-03
     53    137 0.0000000e+00 5.7128220e-02 3.1067340e-03
     53    138 0.0000000e+00 2.5666020e-02 6.6563680e-03
     53    139 0.0000000e+00 2.8095010e-02 7.4123780e-03
     53    140 0.0000000e+00 1.4206940e-02 4.3356510e-03
     53    141 0.0000000e+00 5.4244530e-03 3.3951980e-03
     53    142 0.0000000e+00 6.3030790e-04 4.0294600e-04
     53    143 0.0000000e+00 5.7254790e-05 3.6638070e-05
     53    144 0.0000000e+00 3.8470250e-06 2.4619530e-06
     53    145 0.0000000e+00 5.0271860e-08 3.2173830e-08
     53    146 0.0000000e+00 8.0862100e-10 5.1751800e-10
     53    147 0.0000000e+00 7.3788800e-14 4.7224800e-14
     53    148 0.0000000e+00 5.9842000e-15 3.8298700e-15
     54    125 0.0000000e+00 0.0000000e+00 0.0000000e+00
     54    125 1.0000000e+00 0.0000000e+00 0.0000000e+00
     54    126 0.0000000e+00 0.0000000e+00 0.0000000e+00
     54    127 0.0000000e+00 0.0000000e+00 0.0000000e+00
     54    127 1.0000000e+00 0.0000000e+00 0.0000000e+00
     54    128 0.0000000e+00 0.0000000e+00 0.0000000e+00
     54    129 0.0000000e+00 0.0000000e+00 0.0000000e+00
     54    129 1.0000000e+00 0.0000000e+00 0.0000000e+00
     54    130 0.0000000e+00 0.0000000e+00 0.0000000e+00
     54    131 0.0000000e+00 4.4954180e-03 1.7867700e-04
     54    131 1.0000000e+00 4.9304310e-05 1.9989060e-06
     54    132 0.0000000e+00 3.3313810e-02 6.6104230e-04
     54    132 1.0000000e+00 0.0000000e+00 0.0000000e+00
     54    133 0.0000000e+00 5.6073100e-02 1.1386320e-03
     54    133 1.0000000e+00 1.6291380e-03 3.5130840e-05
     54    134 0.0000000e+00 4.8817410e-02 6.7797250e-04
     54    134 1.0000000e+00 1.2224130e-05 8.6134690e-06
     54    135 0.0000000e+00 5.1805750e-02 1.0553360e-03
     54    135 1.0000000e+00 8.5894800e-03 1.7629030e-04
     54    136 0.0000000e+00 5.7802440e-02 1.1365110e-03
     54    137 0.0000000e+00 5.7069670e-02 2.2170820e-03
     54    138 0.0000000e+00 6.2704450e-02 3.6180390e-03
     54    139 0.0000000e+00 6.5893880e-02 4.0322790e-03
     54    140 0.0000000e+00 6.2009390e-02 5.6239410e-03
     54    141 0.0000000e+00 4.9009640e-02 7.0859410e-03
     54    142 0.0000000e+00 2.6053720e-02 6.5484540e-03
     54    143 0.0000000e+00 9.1447940e-03 5.4606750e-03
     54    144 0.0000000e+00 2.2707880e-03 1.4421930e-03
     54    145 0.0000000e+00 1.6615960e-04 1.0632960e-04
     54    146 0.0000000e+00 1.2865450e-05 8.2335570e-06
     54    147 0.0000000e+00 3.5260670e-08 2.2566800e-08
     54    148 0.0000000e+00 3.3741140e-09 2.1594300e-09
     54    149 0.0000000e+00 4.7833000e-11 3.0612900e-11
     54    150 0.0000000e+00 1.0208900e-13 6.5336800e-14
     55    128 0.0000000e+00 0.0000000e+00 0.0000000e+00
     55    129 0.0000000e+00 0.0000000e+00 0.0000000e+00
     55    130 0.0000000e+00 0.0000000e+00 0.0000000e+00
     55    130 1.0000000e+00 0.0000000e+00 0.0000000e+00
     55    131 0.0000000e+00 0.0000000e+00 0.0000000e+00
     55    132 0.0000000e+00 0.0000000e+00 0.0000000e+00
     55    133 0.0000000e+00 5.6073100e-02 1.1386320e-03
     55    134 0.0000000e+00 1.0259900e-10 4.6583500e-11
     55    134 1.0000000e+00 4.7138200e-11 3.0168300e-11
     55    135 0.0000000e+00 5.1831530e-02 1.0559280e-03
     55    135 1.0000000e+00 3.6765290e-09 2.3529740e-09
     55    136 0.0000000e+00 2.6670210e-07 1.2811320e-07
     55    136 1.0000000e+00 8.5886070e-08 5.4967030e-08
     55    137 0.0000000e+00 5.7077470e-02 2.2170770e-03
     55    138 0.0000000e+00 6.4429410e-02 3.5207340e-03
     55    138 1.0000000e+00 1.2093160e-03 7.7263350e-04
     55    139 0.0000000e+00 6.8487980e-02 3.7332400e-03
     55    140 0.0000000e+00 6.8492580e-02 4.2692630e-03
     55    141 0.0000000e+00 6.8204390e-02 5.1225990e-03
     55    142 0.0000000e+00 5.9187890e-02 3.8939010e-03
     55    143 0.0000000e+00 5.7868590e-02 5.7621080e-03
     55    144 0.0000000e+00 3.1487830e-02 6.9892660e-03
     55    145 0.0000000e+00 1.3963260e-02 4.2474870e-03
     55    146 0.0000000e+00 3.2724220e-03 2.0682930e-03
     55    147 0.0000000e+00 2.2337810e-04 1.4292880e-04
     55    148 0.0000000e+00 2.3280890e-05 1.4897810e-05
     55    149 0.0000000e+00 1.0389580e-06 6.6490620e-07
     55    150 0.0000000e+00 1.1637950e-08 7.4482390e-09
     55    151 0.0000000e+00 1.4548100e-10 9.3108500e-11
     55    152 0.0000000e+00 1.2749600e-13 8.1597200e-14
     56    131 0.0000000e+00 0.0000000e+00 0.0000000e+00
     56    131 1.0000000e+00 0.0000000e+00 0.0000000e+00
     56    132 0.0000000e+00 0.0000000e+00 0.0000000e+00
     56    133 0.0000000e+00 0.0000000e+00 0.0000000e+00
     56    133 1.0000000e+00 0.0000000e+00 0.0000000e+00
     56    134 0.0000000e+00 1.0259900e-10 4.6583300e-11
     56    135 0.0000000e+00 7.8899700e-14 3.8645000e-14
     56    135 1.0000000e+00 5.5782100e-14 3.5700600e-14
     56    136 0.0000000e+00 2.6670620e-07 1.2813480e-07
     56    136 1.0000000e+00 4.1550420e-08 1.9992750e-08
     56    137 0.0000000e+00 5.7077470e-02 2.2170830e-03
     56    137 1.0000000e+00 5.4052050e-02 2.0995600e-03
     56    138 0.0000000e+00 6.4663510e-02 3.5201760e-03
     56    139 0.0000000e+00 6.8492600e-02 3.7332390e-03
     56    140 0.0000000e+00 6.8548920e-02 4.2680570e-03
     56    141 0.0000000e+00 6.8578880e-02 5.1167480e-03
     56    142 0.0000000e+00 6.2947530e-02 3.4991240e-03
     56    143 0.0000000e+00 7.1671400e-02 4.0508980e-03
     56    144 0.0000000e+00 6.1278650e-02 4.0784460e-03
     56    145 0.0000000e+00 5.3470520e-02 5.0387600e-03
     56    146 0.0000000e+00 3.8585870e-02 7.1667000e-03
     56    147 0.0000000e+00 1.8938100e-02 3.8141210e-03
     56    148 0.0000000e+00 4.8727540e-03 2.9193340e-03
     56    149 0.0000000e+00 5.9610870e-04 3.7988820e-04
     56    150 0.0000000e+00 3.6530620e-05 2.3373430e-05
     56    151 0.0000000e+00 9.9822820e-07 6.3877080e-07
     56    152 0.0000000e+00 7.0504840e-09 4.5122450e-09
     56    153 0.0000000e+00 6.0152900e-11 3.8497900e-11
     56    154 0.0000000e+00 3.2666700e-13 2.0906600e-13
     57    133 0.0000000e+00 0.0000000e+00 0.0000000e+00
     57    134 0.0000000e+00 0.0000000e+00 0.0000000e+00
     57    135 0.0000000e+00 0.0000000e+00 0.0000000e+00
     57    136 0.0000000e+00 0.0000000e+00 0.0000000e+00
     57    136 1.0000000e+00 0.0000000e+00 0.0000000e+00
     57    137 0.0000000e+00 0.0000000e+00 0.0000000e+00
     57    138 0.0000000e+00 1.4212200e-10 9.0957800e-11
     57    139 0.0000000e+00 6.8492600e-02 3.7332390e-03
     57    140 0.0000000e+00 6.8548930e-02 4.2680570e-03
     57    141 0.0000000e+00 6.8579040e-02 5.1167480e-03
     57    142 0.0000000e+00 6.2953640e-02 3.4991220e-03
     57    143 0.0000000e+00 7.1825490e-02 4.0498740e-03
     57    144 0.0000000e+00 6.2270950e-02 4.0374420e-03
     57    145 0.0000000e+00 5.9992340e-02 3.3681070e-03
     57    146 0.0000000e+00 4.4438090e-02 6.8728990e-03
     57    146 1.0000000e+00 7.7799790e-03 4.6565360e-03
     57    147 0.0000000e+00 4.2329320e-02 3.1189640e-03
     57    148 0.0000000e+00 2.4579850e-02 4.4779710e-03
     57    149 0.0000000e+00 1.1418150e-02 2.4982770e-03
     57    150 0.0000000e+00 2.2965860e-03 1.3914130e-03
     57    151 0.0000000e+00 1.9006940e-04 1.1999020e-04
     57    152 0.0000000e+00 6.6365370e-06 4.2423750e-06
     57    153 0.0000000e+00 2.8484270e-07 1.8226060e-07
     57    154 0.0000000e+00 6.0783930e-09 3.8899590e-09
     57    155 0.0000000e+00 5.8368300e-11 3.7355800e-11
     57    156 0.0000000e+00 7.3768800e-13 4.7212000e-13
     57    157 0.0000000e+00 6.7665500e-15 4.3306100e-15
     58    135 0.0000000e+00 0.0000000e+00 0.0000000e+00
     58    135 1.0000000e+00 0.0000000e+00 0.0000000e+00
     58    136 0.0000000e+00 0.0000000e+00 0.0000000e+00
     58    137 0.0000000e+00 0.0000000e+00 0.0000000e+00
     58    137 1.0000000e+00 0.0000000e+00 0.0000000e+00
     58    138 0.0000000e+00 0.0000000e+00 0.0000000e+00
     58    138 1.0000000e+00 0.0000000e+00 0.0000000e+00
     58    139 0.0000000e+00 0.0000000e+00 0.0000000e+00
     58    139 1.0000000e+00 0.0000000e+00 0.0000000e+00
     58    140 0.0000000e+00 6.8548930e-02 4.2680570e-03
     58    141 0.0000000e+00 6.8579040e-02 5.1167480e-03
     58    142 0.0000000e+00 6.2953640e-02 3.4991220e-03
     58    143 0.0000000e+00 7.1825540e-02 4.0498740e-03
     58    144 0.0000000e+00 6.2272660e-02 4.0374420e-03
     58    145 0.0000000e+00 6.0029590e-02 3.3680310e-03
     58    146 0.0000000e+00 5.2566920e-02 5.9184260e-03
     58    147 0.0000000e+00 4.4009370e-02 2.9761340e-03
     58    148 0.0000000e+00 3.0399500e-02 3.8886950e-03
     58    149 0.0000000e+00 2.1530120e-02 1.2986800e-03
     58    150 0.0000000e+00 9.0916410e-03 2.0618190e-03
     58    151 0.0000000e+00 3.7638940e-04 1.6700730e-04
     58    151 1.0000000e+00 1.1077130e-03 4.4151430e-04
     58    152 0.0000000e+00 2.2927270e-04 1.2071840e-04
     58    153 0.0000000e+00 3.3484820e-05 2.0861510e-05
     58    154 0.0000000e+00 3.3820110e-06 2.1578580e-06
     58    155 0.0000000e+00 1.3583140e-07 8.6893510e-08
     58    156 0.0000000e+00 6.3805660e-09 4.0830880e-09
     58    157 0.0000000e+00 1.8506100e-10 1.1843600e-10
     58    158 0.0000000e+00 1.1345200e-12 7.2610000e-13
     58    159 0.0000000e+00 9.5456600e-16 6.1092200e-16
     58    160 0.0000000e+00 0.0000000e+00 0.0000000e+00
     59    138 0.0000000e+00 0.0000000e+00 0.0000000e+00
     59    138 1.0000000e+00 0.0000000e+00 0.0000000e+00
     59    139 0.0000000e+00 0.0000000e+00 0.0000000e+00
     59    140 0.0000000e+00 0.0000000e+00 0.0000000e+00
     59    141 0.0000000e+00 6.8579040e-02 5.1167480e-03
     59    142 0.0000000e+00 0.0000000e+00 0.0000000e+00
     59    142 1.0000000e+00 0.0000000e+00 0.0000000e+00
     59    143 0.0000000e+00 7.1825540e-02 4.0498740e-03
     59    144 0.0000000e+00 6.2272240e-02 4.0374850e-03
     59    144 1.0000000e+00 6.0802690e-04 4.1001950e-05
     59    145 0.0000000e+00 6.0029590e-02 3.3680310e-03
     59    146 0.0000000e+00 5.2567060e-02 5.9184260e-03
     59    147 0.0000000e+00 4.4012590e-02 2.9761330e-03
     59    148 0.0000000e+00 3.0435570e-02 3.8886600e-03
     59    148 1.0000000e+00 4.1522580e-06 2.6574520e-06
     59    149 0.0000000e+00 2.2032250e-02 1.2641060e-03
     59    150 0.0000000e+00 9.9391790e-03 2.0171660e-03
     59    151 0.0000000e+00 1.9880000e-03 4.5848870e-04
     59    152 0.0000000e+00 4.8081030e-04 1.2836750e-04
     59    153 0.0000000e+00 1.6983310e-04 5.3492680e-05
     59    154 0.0000000e+00 4.5509240e-05 2.1005330e-05
     59    155 0.0000000e+00 8.3053940e-06 4.9623700e-06
     59    156 0.0000000e+00 1.0247250e-06 6.4762360e-07
     59    157 0.0000000e+00 1.1493610e-07 7.3401190e-08
     59    158 0.0000000e+00 2.9472040e-09 1.8854710e-09
     59    159 0.0000000e+00 2.2110900e-11 1.4150300e-11
     59    160 0.0000000e+00 2.9978500e-13 1.9186300e-13
     59    161 0.0000000e+00 2.3413300e-15 1.4984600e-15
     59    162 0.0000000e+00 1.3831800e-17 8.8523700e-18
     60    141 0.0000000e+00 0.0000000e+00 0.0000000e+00
     60    141 1.0000000e+00 0.0000000e+00 0.0000000e+00
     60    142 0.0000000e+00 0.0000000e+00 0.0000000e+00
     60    143 0.0000000e+00 7.1825540e-02 4.0498740e-03
     60    144 0.0000000e+00 6.2272670e-02 4.0375120e-03
     60    145 0.0000000e+00 6.0029590e-02 3.3680310e-03
     60    146 0.0000000e+00 5.2567060e-02 5.9184260e-03
     60    147 0.0000000e+00 4.4012590e-02 2.9761330e-03
     60    148 0.0000000e+00 3.0438240e-02 3.8886600e-03
     60    149 0.0000000e+00 2.2033090e-02 1.2641060e-03
     60    150 0.0000000e+00 9.9438750e-03 2.0171650e-03
     60    151 0.0000000e+00 1.9969720e-03 4.5848710e-04
     60    152 0.0000000e+00 4.9920320e-04 1.2821130e-04
     60    153 0.0000000e+00 1.9944890e-04 5.2409640e-05
     60    154 0.0000000e+00 7.8959840e-05 2.0530270e-05
     60    155 0.0000000e+00 2.7552000e-05 7.8547370e-06
     60    156 0.0000000e+00 8.0030590e-06 2.7302500e-06
     60    157 0.0000000e+00 2.1779750e-06 1.0438080e-06
     60    158 0.0000000e+00 2.5483530e-07 1.5401530e-07
     60    159 0.0000000e+00 1.0091550e-08 6.4332690e-09
     60    160 0.0000000e+00 5.4238300e-10 3.4690600e-10
     60    161 0.0000000e+00 1.6015500e-11 1.0248700e-11
     60    162 0.0000000e+00 4.4596400e-13 2.8540900e-13
     60    163 0.0000000e+00 3.5019200e-15 2.8015300e-15
     60    164 0.0000000e+00 1.2484500e-17 9.9875900e-18
     61    144 0.0000000e+00 0.0000000e+00 0.0000000e+00
     61    145 0.0000000e+00 0.0000000e+00 0.0000000e+00
     61    146 0.0000000e+00 0.0000000e+00 0.0000000e+00
     61    147 0.0000000e+00 4.4012590e-02 2.9761330e-03
     61    148 0.0000000e+00 7.4879200e-15 4.3848200e-15
     61    148 1.0000000e+00 1.5981600e-14 1.0228300e-14
     61    149 0.0000000e+00 2.2033090e-02 1.2641060e-03
     61    150 0.0000000e+00 4.9106400e-10 3.1428100e-10
     61    151 0.0000000e+00 1.9969770e-03 4.5848710e-04
     61    152 0.0000000e+00 4.9921520e-04 1.2821130e-04
     61    152 1.0000000e+00 1.9622310e-08 1.2558250e-08
     61    152 2.0000000e+00 0.0000000e+00 0.0000000e+00
     61    153 0.0000000e+00 1.9969060e-04 5.2409560e-05
     61    154 0.0000000e+00 7.9177500e-05 2.0530140e-05
     61    154 1.0000000e+00 7.0457080e-07 4.5089970e-07
     61    155 0.0000000e+00 2.9947530e-05 7.8066660e-06
     61    156 0.0000000e+00 9.9581390e-06 2.6376350e-06
     61    157 0.0000000e+00 3.9301820e-06 1.0285670e-06
     61    158 0.0000000e+00 8.8923390e-07 2.6153480e-07
     61    159 0.0000000e+00 1.3138900e-07 5.4682260e-08
     61    160 0.0000000e+00 1.8510360e-08 1.0440450e-08
     61    161 0.0000000e+00 2.3208730e-09 1.4529300e-09
     61    162 0.0000000e+00 2.2057800e-10 1.4075600e-10
     61    163 0.0000000e+00 7.1662400e-12 4.5840300e-12
     61    164 0.0000000e+00 1.2475100e-13 7.9832500e-14
     61    165 0.0000000e+00 1.9290900e-15 1.5432700e-15
     61    166 0.0000000e+00 3.1945000e-17 2.0444900e-17
     62    146 0.0000000e+00 0.0000000e+00 0.0000000e+00
     62    147 0.0000000e+00 4.4012590e-02 2.9761330e-03
     62    148 0.0000000e+00 2.2798300e-14 1.1121500e-14
     62    149 0.0000000e+00 2.2033090e-02 1.2641060e-03
     62    150 0.0000000e+00 4.9106400e-10 3.1428100e-10
     62    151 0.0000000e+00 1.9969770e-03 4.5848710e-04
     62    152 0.0000000e+00 4.9923490e-04 1.2821130e-04
     62    153 0.0000000e+00 1.9969070e-04 5.2409560e-05
     62    153 1.0000000e+00 2.8568600e-11 1.4284300e-11
     62    154 0.0000000e+00 7.9883000e-05 2.0528690e-05
     62    155 0.0000000e+00 2.9957500e-05 7.8066650e-06
     62    156 0.0000000e+00 9.9860320e-06 2.6376120e-06
     62    157 0.0000000e+00 3.9997430e-06 1.0282820e-06
     62    158 0.0000000e+00 9.9777330e-07 2.5875820e-07
     62    159 0.0000000e+00 1.9839160e-07 5.1777110e-08
     62    160 0.0000000e+00 4.8180870e-08 1.2985780e-08
     62    161 0.0000000e+00 1.2727360e-08 4.0417090e-09
     62    162 0.0000000e+00 3.8394850e-09 1.6455980e-09
     62    163 0.0000000e+00 3.4659800e-10 1.9934600e-10
     62    164 0.0000000e+00 3.2583700e-11 2.0609900e-11
     62    165 0.0000000e+00 1.7340100e-12 1.1083400e-12
     62    166 0.0000000e+00 1.1343600e-13 7.2579500e-14
     62    167 0.0000000e+00 3.3631700e-15 2.6905300e-15
     62    168 0.0000000e+00 4.8337000e-17 3.8669600e-17
     63    149 0.0000000e+00 0.0000000e+00 0.0000000e+00
     63    150 0.0000000e+00 0.0000000e+00 0.0000000e+00
     63    150 1.0000000e+00 0.0000000e+00 0.0000000e+00
     63    151 0.0000000e+00 1.9969770e-03 4.5848710e-04
     63    152 0.0000000e+00 0.0000000e+00 0.0000000e+00
     63    152 1.0000000e+00 0.0000000e+00 0.0000000e+00
     63    152 2.0000000e+00 0.0000000e+00 0.0000000e+00
     63    153 0.0000000e+00 1.9969070e-04 5.2409560e-05
     63    154 0.0000000e+00 1.6254000e-14 7.5040400e-15
     63    154 1.0000000e+00 9.7673300e-15 6.2510900e-15
     63    155 0.0000000e+00 2.9957500e-05 7.8066650e-06
     63    156 0.0000000e+00 9.9860400e-06 2.6376120e-06
     63    157 0.0000000e+00 3.9998220e-06 1.0282820e-06
     63    158 0.0000000e+00 9.9827390e-07 2.5875810e-07
     63    159 0.0000000e+00 1.9983060e-07 5.1774470e-08
     63    160 0.0000000e+00 4.9915820e-08 1.2970690e-08
     63    161 0.0000000e+00 1.4998500e-08 3.9550820e-09
     63    162 0.0000000e+00 5.9269080e-09 1.5570730e-09
     63    163 0.0000000e+00 9.4824400e-10 2.5955100e-10
     63    164 0.0000000e+00 2.2734400e-10 8.1295900e-11
     63    165 0.0000000e+00 4.5914200e-11 2.3112500e-11
     63    166 0.0000000e+00 8.0740300e-12 4.9646300e-12
     63    167 0.0000000e+00 8.1250600e-13 5.1560400e-13
     63    168 0.0000000e+00 4.7998500e-14 3.0685900e-14
     63    169 0.0000000e+00 2.7469100e-15 2.1975200e-15
     63    170 0.0000000e+00 7.2991200e-17 5.8393000e-17
     64    151 0.0000000e+00 0.0000000e+00 0.0000000e+00
     64    152 0.0000000e+00 0.0000000e+00 0.0000000e+00
     64    153 0.0000000e+00 0.0000000e+00 0.0000000e+00
     64    154 0.0000000e+00 1.6251000e-14 7.5026900e-15
     64    155 0.0000000e+00 2.9957500e-05 7.8066650e-06
     64    155 1.0000000e+00 0.0000000e+00 0.0000000e+00
     64    156 0.0000000e+00 9.9860400e-06 2.6376120e-06
     64    157 0.0000000e+00 3.9998220e-06 1.0282820e-06
     64    158 0.0000000e+00 9.9827400e-07 2.5875810e-07
     64    159 0.0000000e+00 1.9983130e-07 5.1774470e-08
     64    160 0.0000000e+00 4.9919300e-08 1.2970690e-08
     64    161 0.0000000e+00 1.5014690e-08 3.9550770e-09
     64    162 0.0000000e+00 5.9883420e-09 1.5569120e-09
     64    163 0.0000000e+00 9.9775600e-10 2.5894200e-10
     64    164 0.0000000e+00 2.9930200e-10 7.7965500e-11
     64    165 0.0000000e+00 9.7041200e-11 2.0335100e-11
     64    166 0.0000000e+00 3.5914300e-11 1.0652600e-11
     64    167 0.0000000e+00 7.2589500e-12 2.7319000e-12
     64    168 0.0000000e+00 1.7398700e-12 9.3469000e-13
     64    169 0.0000000e+00 3.2185700e-13 2.0088700e-13
     64    170 0.0000000e+00 4.0047200e-14 2.5555300e-14
     64    171 0.0000000e+00 1.4238400e-15 1.1390400e-15
     64    172 0.0000000e+00 6.5838300e-17 5.2670600e-17
     65    154 0.0000000e+00 0.0000000e+00 0.0000000e+00
     65    154 1.0000000e+00 0.0000000e+00 0.0000000e+00
     65    154 2.0000000e+00 0.0000000e+00 0.0000000e+00
     65    155 0.0000000e+00 0.0000000e+00 0.0000000e+00
     65    156 0.0000000e+00 0.0000000e+00 0.0000000e+00
     65    156 1.0000000e+00 0.0000000e+00 0.0000000e+00
     65    156 2.0000000e+00 0.0000000e+00 0.0000000e+00
     65    157 0.0000000e+00 0.0000000e+00 0.0000000e+00
     65    158 0.0000000e+00 0.0000000e+00 0.0000000e+00
     65    158 1.0000000e+00 0.0000000e+00 0.0000000e+00
     65    158 2.0000000e+00 0.0000000e+00 0.0000000e+00
     65    159 0.0000000e+00 1.9983130e-07 5.1774470e-08
     65    160 0.0000000e+00 0.0000000e+00 0.0000000e+00
     65    161 0.0000000e+00 1.5014690e-08 3.9550770e-09
     65    162 0.0000000e+00 5.9883750e-09 1.5569120e-09
     65    163 0.0000000e+00 9.9786700e-10 2.5894200e-10
     65    164 0.0000000e+00 3.0001800e-10 7.7965100e-11
     65    165 0.0000000e+00 9.9911100e-11 2.0288600e-11
     65    166 0.0000000e+00 3.9884500e-11 1.0545500e-11
     65    167 0.0000000e+00 9.9435700e-12 2.6025500e-12
     65    168 0.0000000e+00 3.8246300e-12 1.0271200e-12
     65    169 0.0000000e+00 1.6867100e-12 5.3532500e-13
     65    170 0.0000000e+00 5.6093600e-13 2.6158700e-13
     65    171 0.0000000e+00 8.3153900e-14 4.9632200e-14
     65    172 0.0000000e+00 1.0255500e-14 8.0700000e-15
     66    157 0.0000000e+00 0.0000000e+00 0.0000000e+00
     66    157 1.0000000e+00 0.0000000e+00 0.0000000e+00
     66    158 0.0000000e+00 0.0000000e+00 0.0000000e+00
     66    159 0.0000000e+00 0.0000000e+00 0.0000000e+00
     66    160 0.0000000e+00 0.0000000e+00 0.0000000e+00
     66    161 0.0000000e+00 1.5014690e-08 3.9550770e-09
     66    162 0.0000000e+00 5.9883750e-09 1.5569120e-09
     66    163 0.0000000e+00 9.9786700e-10 2.5894200e-10
     66    164 0.0000000e+00 3.0001800e-10 7.7965100e-11
     66    165 0.0000000e+00 9.9915800e-11 2.0288600e-11
     66    165 1.0000000e+00 3.4715100e-16 2.7772100e-16
     66    166 0.0000000e+00 3.9909600e-11 1.0545500e-11
     66    167 0.0000000e+00 9.9887300e-12 2.6025000e-12
     66    168 0.0000000e+00 3.9885000e-12 1.0255800e-12
     66    169 0.0000000e+00 1.9974000e-12 5.2339500e-13
     66    170 0.0000000e+00 9.8694300e-13 2.5675500e-13
     66    171 0.0000000e+00 2.7602300e-13 7.8516500e-14
     66    172 0.0000000e+00 8.0552800e-14 2.7484400e-14
     67    160 0.0000000e+00 0.0000000e+00 0.0000000e+00
     67    160 1.0000000e+00 0.0000000e+00 0.0000000e+00
     67    160 2.0000000e+00 0.0000000e+00 0.0000000e+00
     67    161 0.0000000e+00 0.0000000e+00 0.0000000e+00
     67    161 1.0000000e+00 0.0000000e+00 0.0000000e+00
     67    162 0.0000000e+00 0.0000000e+00 0.0000000e+00
     67    162 1.0000000e+00 0.0000000e+00 0.0000000e+00
     67    163 0.0000000e+00 0.0000000e+00 0.0000000e+00
     67    163 1.0000000e+00 0.0000000e+00 0.0000000e+00
     67    164 0.0000000e+00 0.0000000e+00 0.0000000e+00
     67    164 1.0000000e+00 0.0000000e+00 0.0000000e+00
     67    165 0.0000000e+00 9.9915800e-11 2.0288600e-11
     67    166 0.0000000e+00 3.9909600e-11 1.0545500e-11
     67    166 1.0000000e+00 2.3627500e-18 1.8901900e-18
     67    167 0.0000000e+00 9.9887500e-12 2.6025000e-12
     67    168 0.0000000e+00 3.9888000e-12 1.0255800e-12
     67    168 1.0000000e+00 7.8524700e-17 3.9262300e-17
     67    169 0.0000000e+00 1.9999200e-12 5.2339400e-13
     67    170 0.0000000e+00 5.0508000e-13 1.2849600e-13
     67    170 1.0000000e+00 4.9427200e-13 1.2837800e-13
     67    171 0.0000000e+00 2.9964300e-13 7.8046000e-14
     67    172 0.0000000e+00 1.0048900e-13 2.6498000e-14
     68    163 0.0000000e+00 0.0000000e+00 0.0000000e+00
     68    164 0.0000000e+00 0.0000000e+00 0.0000000e+00
     68    165 0.0000000e+00 0.0000000e+00 0.0000000e+00
     68    166 0.0000000e+00 3.9909600e-11 1.0545500e-11
     68    167 0.0000000e+00 9.9887500e-12 2.6317200e-12
     68    167 1.0000000e+00 1.3548700e-12 4.0376300e-13
     68    168 0.0000000e+00 3.9888000e-12 1.0255800e-12
     68    169 0.0000000e+00 1.9999200e-12 5.2339400e-13
     68    170 0.0000000e+00 9.9936400e-13 2.5670500e-13
     68    171 0.0000000e+00 2.9973800e-13 7.8046000e-14
     68    172 0.0000000e+00 1.0077200e-13 2.6497700e-14
     69    166 0.0000000e+00 0.0000000e+00 0.0000000e+00
     69    166 1.0000000e+00 0.0000000e+00 0.0000000e+00
     69    167 0.0000000e+00 0.0000000e+00 0.0000000e+00
     69    168 0.0000000e+00 0.0000000e+00 0.0000000e+00
     69    169 0.0000000e+00 1.9999200e-12 5.2339400e-13
     69    170 0.0000000e+00 0.0000000e+00 0.0000000e+00
     69    171 0.0000000e+00 2.9973800e-13 7.8046000e-14
     69    172 0.0000000e+00 1.0077200e-13 2.6497700e-14
     70    168 0.0000000e+00 0.0000000e+00 0.0000000e+00
     70    169 0.0000000e+00 0.0000000e+00 0.0000000e+00
     70    169 1.0000000e+00 0.0000000e+00 0.0000000e+00
     70    170 0.0000000e+00 0.0000000e+00 0.0000000e+00
     70    171 0.0000000e+00 2.9973800e-13 7.8046000e-14
     70    171 1.0000000e+00 0.0000000e+00 0.0000000e+00
     70    172 0.0000000e+00 1.0077200e-13 2.6497700e-14
     71    172 0.0000000e+00 0.0000000e+00 0.0000000e+00
     71    172 1.0000000e+00 0.0000000e+00 0.0000000e+00


