#            E 1.4000000e+07  neutron energy
#    Z      A   Level         FPY           delta-FPY   
      1      1 0.0000000e+00 2.5733900e-05 4.1174200e-06
      1      2 0.0000000e+00 7.8645000e-06 1.1246200e-06
      1      3 0.0000000e+00 1.1220200e-04 8.9761300e-06
      2      3 0.0000000e+00 1.1220200e-04 8.9761300e-06
      2      4 0.0000000e+00 2.0505600e-03 1.2795100e-04
      2      6 0.0000000e+00 2.7876200e-05 4.1256700e-06
      2      8 0.0000000e+00 5.2112300e-07 1.2923800e-07
      3      6 0.0000000e+00 0.0000000e+00 0.0000000e+00
      3      7 0.0000000e+00 1.3102300e-06 2.3279500e-07
      3      9 0.0000000e+00 8.7315000e-07 2.0344400e-07
      4      9 0.0000000e+00 4.4094100e-07 1.0273900e-07
      4     10 0.0000000e+00 7.6000000e-06 1.2692000e-06
     23     66 0.0000000e+00 2.3938900e-13 1.5308300e-13
     24     66 0.0000000e+00 9.3877200e-10 6.0032100e-10
     24     67 0.0000000e+00 1.8108700e-10 1.1584000e-10
     24     68 0.0000000e+00 1.3110800e-11 8.3840100e-12
     24     69 0.0000000e+00 1.1902800e-12 7.6115300e-13
     24     70 0.0000000e+00 4.1934500e-14 2.6816000e-14
     25     66 0.0000000e+00 1.2704300e-07 8.1280000e-08
     25     67 0.0000000e+00 5.8028700e-08 3.7120000e-08
     25     68 0.0000000e+00 1.0121400e-08 6.4640400e-09
     25     69 0.0000000e+00 1.6013200e-09 1.0240000e-09
     25     70 0.0000000e+00 1.9420200e-10 1.2416000e-10
     25     71 0.0000000e+00 1.6413500e-11 1.0496000e-11
     25     72 0.0000000e+00 7.3246000e-13 4.6838900e-13
     25     73 0.0000000e+00 0.0000000e+00 0.0000000e+00
     26     66 0.0000000e+00 2.0286100e-06 1.2983100e-06
     26     67 0.0000000e+00 2.0296500e-06 1.2989800e-06
     26     68 0.0000000e+00 8.0177300e-07 5.1313500e-07
     26     69 0.0000000e+00 3.0385000e-07 1.9446400e-07
     26     70 0.0000000e+00 8.7666100e-08 5.6064000e-08
     26     71 0.0000000e+00 1.7831100e-08 1.1392000e-08
     26     72 0.0000000e+00 2.8723700e-09 1.8368000e-09
     26     73 0.0000000e+00 2.5320900e-10 1.6192000e-10
     26     74 0.0000000e+00 1.7714600e-11 1.1328000e-11
     26     75 0.0000000e+00 2.5442300e-12 1.6269600e-12
     26     76 0.0000000e+00 3.3127300e-14 2.1184000e-14
     27     66 0.0000000e+00 5.7016300e-06 2.5650000e-06
     27     67 0.0000000e+00 1.0206400e-05 6.5280000e-06
     27     68 0.0000000e+00 7.9977000e-06 5.1136100e-06
     27     69 0.0000000e+00 6.5690100e-06 4.2041700e-06
     27     70 0.0000000e+00 4.2210700e-06 2.7008000e-06
     27     71 0.0000000e+00 1.9794500e-06 1.2608400e-06
     27     72 0.0000000e+00 7.5048800e-07 4.8000000e-07
     27     73 0.0000000e+00 1.6138600e-07 1.0304100e-07
     27     74 0.0000000e+00 2.7240100e-08 1.7433700e-08
     27     75 0.0000000e+00 3.4228200e-09 2.1888000e-09
     27     76 0.0000000e+00 3.0428400e-10 1.9456000e-10
     27     77 0.0000000e+00 1.3171700e-11 8.4229600e-12
     27     78 0.0000000e+00 9.7236100e-13 6.2179900e-13
     28     66 0.0000000e+00 6.6684300e-06 7.3370200e-07
     28     67 0.0000000e+00 1.4820200e-05 4.7392100e-06
     28     68 0.0000000e+00 1.6624800e-05 1.0630400e-05
     28     69 0.0000000e+00 2.2932500e-05 1.4668800e-05
     28     70 0.0000000e+00 2.7550300e-05 1.7619200e-05
     28     71 0.0000000e+00 2.6319500e-05 1.6832000e-05
     28     72 0.0000000e+00 2.1687700e-05 1.3868800e-05
     28     73 0.0000000e+00 1.0780100e-05 6.8928100e-06
     28     74 0.0000000e+00 4.2307000e-06 2.7072000e-06
     28     75 0.0000000e+00 1.2544500e-06 8.0285000e-07
     28     76 0.0000000e+00 2.6852500e-07 1.7152100e-07
     28     77 0.0000000e+00 3.8231400e-08 2.4448000e-08
     28     78 0.0000000e+00 3.8131400e-09 2.4384000e-09
     28     79 0.0000000e+00 2.2615300e-10 1.4461900e-10
     28     80 0.0000000e+00 7.7563900e-12 4.9600000e-12
     28     81 0.0000000e+00 0.0000000e+00 0.0000000e+00
     28     82 0.0000000e+00 0.0000000e+00 0.0000000e+00
     29     66 0.0000000e+00 6.6996500e-06 7.3700000e-07
     29     67 0.0000000e+00 1.5156500e-05 2.4240100e-06
     29     68 0.0000000e+00 1.7833700e-05 7.8545100e-06
     29     68 1.0000000e+00 1.1393500e-06 7.2858300e-07
     29     69 0.0000000e+00 2.8757300e-05 1.2933000e-05
     29     70 0.0000000e+00 3.0210500e-05 1.7339000e-05
     29     70 1.0000000e+00 1.5074400e-05 9.6476200e-06
     29     71 0.0000000e+00 6.5671900e-05 4.1990400e-05
     29     72 0.0000000e+00 9.4177400e-05 6.0230400e-05
     29     73 0.0000000e+00 9.2437400e-05 5.9110500e-05
     29     74 0.0000000e+00 7.6109900e-05 4.8672000e-05
     29     75 0.0000000e+00 4.9884500e-05 3.1897600e-05
     29     76 0.0000000e+00 2.4378400e-05 1.5584000e-05
     29     77 0.0000000e+00 8.3150500e-06 5.3184000e-06
     29     78 0.0000000e+00 2.0254800e-06 1.2928100e-06
     29     79 0.0000000e+00 3.0425000e-07 1.9456000e-07
     29     80 0.0000000e+00 2.8431200e-08 1.8176000e-08
     29     81 0.0000000e+00 1.7914800e-09 1.1456000e-09
     29     82 0.0000000e+00 6.4152800e-11 4.1024000e-11
     29     83 0.0000000e+00 0.0000000e+00 0.0000000e+00
     29     84 0.0000000e+00 0.0000000e+00 0.0000000e+00
     30     66 0.0000000e+00 6.6997600e-06 7.3700000e-07
     30     67 0.0000000e+00 1.5159200e-05 2.4240200e-06
     30     68 0.0000000e+00 1.8042500e-05 5.7696100e-06
     30     69 0.0000000e+00 2.9017000e-05 1.3050200e-05
     30     69 1.0000000e+00 2.3071500e-07 1.4753600e-07
     30     70 0.0000000e+00 4.7056400e-05 1.5046400e-05
     30     71 0.0000000e+00 5.5744400e-05 3.1857900e-05
     30     71 1.0000000e+00 1.8550800e-05 1.1872500e-05
     30     72 0.0000000e+00 1.2834600e-04 1.0259700e-05
     30     73 0.0000000e+00 1.7602600e-04 1.1256300e-04
     30     74 0.0000000e+00 2.3455500e-04 1.4889000e-04
     30     75 0.0000000e+00 2.7712800e-04 1.7736100e-04
     30     76 0.0000000e+00 2.7174100e-04 1.7391400e-04
     30     77 0.0000000e+00 2.0336600e-04 1.3004800e-04
     30     78 0.0000000e+00 1.1354700e-04 7.2614400e-05
     30     79 0.0000000e+00 4.2218800e-05 2.6995200e-05
     30     80 0.0000000e+00 1.0196800e-05 6.5216000e-06
     30     81 0.0000000e+00 1.7332200e-06 1.1072000e-06
     30     82 0.0000000e+00 1.7320700e-07 1.1072000e-07
     30     83 0.0000000e+00 1.1109100e-08 7.1040100e-09
     30     84 0.0000000e+00 4.0533400e-10 2.5920000e-10
     30     85 0.0000000e+00 3.0203400e-11 1.9314200e-11
     30     86 0.0000000e+00 9.2175800e-14 5.8944000e-14
     31     67 0.0000000e+00 2.2818800e-12 1.4592000e-12
     31     68 0.0000000e+00 5.2943600e-11 3.3856000e-11
     31     69 0.0000000e+00 2.9018400e-05 9.2800100e-06
     31     70 0.0000000e+00 2.0316700e-08 1.2992000e-08
     31     71 0.0000000e+00 7.4515800e-05 2.3824100e-05
     31     72 0.0000000e+00 1.3040700e-04 8.3392100e-05
     31     73 0.0000000e+00 1.8744600e-04 8.4280600e-05
     31     74 0.0000000e+00 2.2822000e-04 1.4606100e-04
     31     74 1.0000000e+00 2.1145200e-04 1.1845500e-04
     31     75 0.0000000e+00 4.2220700e-04 1.9029200e-04
     31     76 0.0000000e+00 6.0706700e-04 1.9433300e-04
     31     77 0.0000000e+00 7.7792900e-04 4.9745900e-04
     31     78 0.0000000e+00 8.4076200e-04 5.3763800e-04
     31     79 0.0000000e+00 6.8597600e-04 4.3845800e-04
     31     80 0.0000000e+00 3.9606100e-04 2.5347900e-04
     31     81 0.0000000e+00 1.7204300e-04 1.1001600e-04
     31     82 0.0000000e+00 4.6201100e-05 2.9548800e-05
     31     83 0.0000000e+00 8.1478100e-06 5.2096100e-06
     31     84 0.0000000e+00 8.4610200e-07 5.4080100e-07
     31     85 0.0000000e+00 4.0633400e-08 2.5984000e-08
     31     86 0.0000000e+00 1.5313500e-09 9.7920000e-10
     31     87 0.0000000e+00 5.5169400e-11 3.5279400e-11
     31     88 0.0000000e+00 0.0000000e+00 0.0000000e+00
     31     89 0.0000000e+00 0.0000000e+00 0.0000000e+00
     32     69 0.0000000e+00 6.1250400e-13 3.9168000e-13
     32     70 0.0000000e+00 2.0257300e-08 1.2964600e-08
     32     71 0.0000000e+00 6.4453100e-10 4.1152300e-10
     32     72 0.0000000e+00 1.3042100e-04 1.0425400e-05
     32     73 0.0000000e+00 1.8762800e-04 2.9995600e-05
     32     73 1.0000000e+00 1.8671600e-04 5.9942200e-05
     32     74 0.0000000e+00 2.8279900e-04 4.4975900e-05
     32     75 0.0000000e+00 4.3420500e-04 1.3914500e-04
     32     75 1.0000000e+00 4.1061800e-05 1.8154300e-05
     32     76 0.0000000e+00 6.6817800e-04 1.0693600e-04
     32     77 0.0000000e+00 3.6413600e-04 2.3304700e-04
     32     77 1.0000000e+00 7.9569400e-04 4.5884000e-04
     32     78 0.0000000e+00 1.4761700e-03 6.6369700e-04
     32     79 0.0000000e+00 8.3007800e-04 4.9991100e-04
     32     79 1.0000000e+00 1.1754000e-03 7.5225600e-04
     32     80 0.0000000e+00 2.1841300e-03 1.3966600e-03
     32     81 0.0000000e+00 1.6618200e-03 1.0635700e-03
     32     81 1.0000000e+00 2.1344100e-04 1.7075300e-04
     32     82 0.0000000e+00 1.3555200e-03 8.6753300e-04
     32     83 0.0000000e+00 6.1693700e-04 3.9367400e-04
     32     84 0.0000000e+00 1.7561000e-04 1.1239100e-04
     32     85 0.0000000e+00 2.3650100e-05 1.5123200e-05
     32     86 0.0000000e+00 2.4135200e-06 1.5424000e-06
     32     87 0.0000000e+00 1.6013200e-07 1.0240000e-07
     32     88 0.0000000e+00 8.8973200e-09 5.6896000e-09
     32     89 0.0000000e+00 6.4051900e-10 4.0959500e-10
     32     90 0.0000000e+00 0.0000000e+00 0.0000000e+00
     32     91 0.0000000e+00 0.0000000e+00 0.0000000e+00
     33     72 0.0000000e+00 9.2275900e-12 5.9008000e-12
     33     73 0.0000000e+00 3.0325000e-10 1.9392000e-10
     33     74 0.0000000e+00 6.7855900e-09 4.3392000e-09
     33     75 0.0000000e+00 4.3432900e-04 6.9598100e-05
     33     76 0.0000000e+00 1.3311000e-06 8.5120100e-07
     33     77 0.0000000e+00 1.0203700e-03 3.2624400e-04
     33     78 0.0000000e+00 1.5496000e-03 4.9543900e-04
     33     79 0.0000000e+00 2.2994100e-03 1.0337200e-03
     33     80 0.0000000e+00 3.2887400e-03 1.0515100e-03
     33     81 0.0000000e+00 4.6640700e-03 2.1899700e-03
     33     82 0.0000000e+00 2.0534500e-03 1.3140100e-03
     33     82 1.0000000e+00 3.9549600e-03 2.5291700e-03
     33     83 0.0000000e+00 5.9531100e-03 2.6763000e-03
     33     84 0.0000000e+00 3.7623400e-03 2.4079000e-03
     33     84 1.0000000e+00 3.5842000e-04 2.2740700e-04
     33     85 0.0000000e+00 1.4439100e-03 9.2270300e-04
     33     86 0.0000000e+00 3.8215100e-04 2.4432000e-04
     33     87 0.0000000e+00 6.6136100e-05 4.2316800e-05
     33     88 0.0000000e+00 9.6668400e-06 6.1824000e-06
     33     89 0.0000000e+00 8.6171000e-07 5.5104000e-07
     33     90 0.0000000e+00 8.7946300e-09 5.6239400e-09
     33     91 0.0000000e+00 1.2757900e-09 8.1583600e-10
     33     92 0.0000000e+00 6.6610600e-11 4.2595600e-11
     33     93 0.0000000e+00 0.0000000e+00 0.0000000e+00
     33     94 0.0000000e+00 0.0000000e+00 0.0000000e+00
     33     95 0.0000000e+00 0.0000000e+00 0.0000000e+00
     34     74 0.0000000e+00 2.3097600e-09 1.4236300e-09
     34     75 0.0000000e+00 1.0708800e-10 6.8480100e-11
     34     76 0.0000000e+00 1.3338800e-06 8.5120900e-07
     34     77 0.0000000e+00 1.0204300e-03 1.6313300e-04
     34     77 1.0000000e+00 8.0669500e-05 2.5814200e-05
     34     78 0.0000000e+00 1.5505900e-03 2.4788100e-04
     34     79 0.0000000e+00 2.3106600e-03 5.3091600e-04
     34     79 1.0000000e+00 2.2519900e-03 7.3680400e-04
     34     80 0.0000000e+00 3.3784800e-03 5.4010000e-04
     34     81 0.0000000e+00 5.2153200e-03 1.7373400e-03
     34     81 1.0000000e+00 9.2434400e-04 5.2792400e-04
     34     82 0.0000000e+00 8.2457400e-03 1.8953100e-03
     34     83 0.0000000e+00 7.6349500e-03 2.4300100e-03
     34     83 1.0000000e+00 4.4656300e-03 2.0224400e-03
     34     84 0.0000000e+00 1.6050800e-02 2.5657800e-03
     34     85 0.0000000e+00 1.0822900e-02 5.6934300e-03
     34     86 0.0000000e+00 6.9893100e-03 3.1492900e-03
     34     87 0.0000000e+00 2.9001200e-03 1.8517200e-03
     34     88 0.0000000e+00 1.0690500e-03 6.8419200e-04
     34     89 0.0000000e+00 2.3541500e-04 1.5054100e-04
     34     90 0.0000000e+00 3.4488400e-05 2.2054400e-05
     34     91 0.0000000e+00 3.7030400e-06 2.3680000e-06
     34     92 0.0000000e+00 2.6121500e-07 1.6704000e-07
     34     93 0.0000000e+00 6.7399600e-09 4.3100200e-09
     34     94 0.0000000e+00 3.8932100e-10 2.4896000e-10
     34     95 0.0000000e+00 0.0000000e+00 0.0000000e+00
     34     96 0.0000000e+00 1.3611200e-13 8.7040000e-14
     35     77 0.0000000e+00 3.6319900e-11 2.3202900e-11
     35     77 1.0000000e+00 3.1271400e-11 1.9997300e-11
     35     78 0.0000000e+00 1.3511100e-09 8.6400000e-10
     35     79 0.0000000e+00 2.3107000e-03 3.6935600e-04
     35     79 1.0000000e+00 3.4270200e-08 2.1914900e-08
     35     80 0.0000000e+00 8.2167700e-07 5.2553600e-07
     35     80 1.0000000e+00 6.9842500e-07 4.4662400e-07
     35     81 0.0000000e+00 5.2289500e-03 1.2587500e-03
     35     82 0.0000000e+00 1.3707500e-04 8.7566100e-05
     35     82 1.0000000e+00 2.4918900e-05 1.5935000e-05
     35     83 0.0000000e+00 1.3050800e-02 1.0429900e-03
     35     84 0.0000000e+00 1.7008500e-02 1.0196900e-03
     35     84 1.0000000e+00 3.3561100e-03 2.1461500e-03
     35     85 0.0000000e+00 2.0078400e-02 3.2078300e-03
     35     86 0.0000000e+00 2.1745600e-02 8.6926400e-03
     35     87 0.0000000e+00 1.7601100e-02 4.0439500e-03
     35     88 0.0000000e+00 1.4281100e-02 3.2826600e-03
     35     89 0.0000000e+00 7.0792600e-03 3.1831300e-03
     35     90 0.0000000e+00 2.4602200e-03 1.5728800e-03
     35     91 0.0000000e+00 6.4295500e-04 4.1109700e-04
     35     92 0.0000000e+00 1.1253400e-04 7.1961700e-05
     35     93 0.0000000e+00 9.0674600e-06 5.7984000e-06
     35     94 0.0000000e+00 1.0512500e-06 6.7200100e-07
     35     95 0.0000000e+00 1.3502700e-08 8.6346300e-09
     35     96 0.0000000e+00 2.3620800e-09 1.5104000e-09
     35     97 0.0000000e+00 1.0585600e-10 6.7692400e-11
     35     98 0.0000000e+00 0.0000000e+00 0.0000000e+00
     35     99 0.0000000e+00 0.0000000e+00 0.0000000e+00
     35    100 0.0000000e+00 0.0000000e+00 0.0000000e+00
     36     79 0.0000000e+00 1.3911500e-11 7.8136600e-12
     36     79 1.0000000e+00 1.2840300e-11 8.2110100e-12
     36     80 0.0000000e+00 7.5424100e-07 4.8271400e-07
     36     81 0.0000000e+00 3.2927200e-08 2.0908300e-08
     36     81 1.0000000e+00 2.5355400e-09 1.6227500e-09
     36     82 0.0000000e+00 1.3861600e-04 8.8640000e-05
     36     83 0.0000000e+00 1.3068200e-02 7.8333900e-04
     36     83 1.0000000e+00 1.3050100e-02 1.0431000e-03
     36     84 0.0000000e+00 2.0575400e-02 1.2335500e-03
     36     85 0.0000000e+00 5.4385700e-03 1.2201400e-03
     36     85 1.0000000e+00 2.0179000e-02 2.2203200e-03
     36     86 0.0000000e+00 2.6670300e-02 4.2650200e-03
     36     87 0.0000000e+00 3.2906200e-02 1.9725100e-03
     36     88 0.0000000e+00 3.5413600e-02 2.8310100e-03
     36     89 0.0000000e+00 3.3700200e-02 7.7462600e-03
     36     90 0.0000000e+00 2.2897700e-02 5.2634600e-03
     36     91 0.0000000e+00 1.2351000e-02 2.8414600e-03
     36     92 0.0000000e+00 4.9576100e-03 3.1620700e-03
     36     93 0.0000000e+00 1.0034800e-03 6.4220800e-04
     36     94 0.0000000e+00 2.8074200e-04 1.7952600e-04
     36     95 0.0000000e+00 3.9192300e-05 2.5062400e-05
     36     96 0.0000000e+00 3.8955700e-06 2.4931600e-06
     36     97 0.0000000e+00 3.0725300e-07 1.9648000e-07
     36     98 0.0000000e+00 1.3010700e-08 8.3200100e-09
     36     99 0.0000000e+00 6.6592400e-10 4.2584100e-10
     36    100 0.0000000e+00 1.0408600e-11 6.6560100e-12
     36    101 0.0000000e+00 0.0000000e+00 0.0000000e+00
     36    102 0.0000000e+00 0.0000000e+00 0.0000000e+00
     37     81 0.0000000e+00 1.5585600e-13 9.9747600e-14
     37     81 1.0000000e+00 0.0000000e+00 0.0000000e+00
     37     82 0.0000000e+00 1.1246300e-10 8.9970500e-11
     37     82 1.0000000e+00 6.3729100e-10 5.0983300e-10
     37     83 0.0000000e+00 3.3033300e-08 2.1120000e-08
     37     84 0.0000000e+00 9.5166100e-07 6.0906300e-07
     37     84 1.0000000e+00 8.9641700e-07 7.1713400e-07
     37     85 0.0000000e+00 2.1316800e-02 1.7031200e-03
     37     86 0.0000000e+00 1.6797800e-04 9.0581100e-05
     37     86 1.0000000e+00 1.3068700e-04 8.3571000e-05
     37     87 0.0000000e+00 3.3877400e-02 2.0307300e-03
     37     88 0.0000000e+00 3.9642900e-02 6.3379600e-03
     37     89 0.0000000e+00 4.5509000e-02 5.0027000e-03
     37     90 0.0000000e+00 2.3107500e-02 5.3794500e-03
     37     90 1.0000000e+00 2.1898700e-02 4.9781200e-03
     37     91 0.0000000e+00 4.1752900e-02 9.5983500e-03
     37     92 0.0000000e+00 3.2537000e-02 7.4746700e-03
     37     93 0.0000000e+00 1.7318700e-02 3.9800500e-03
     37     94 0.0000000e+00 8.2721600e-03 3.7185900e-03
     37     95 0.0000000e+00 2.7327300e-03 1.7483600e-03
     37     96 0.0000000e+00 6.4671700e-04 4.1383000e-04
     37     97 0.0000000e+00 1.2100700e-04 7.7382500e-05
     37     98 0.0000000e+00 1.2573400e-05 8.0384100e-06
     37     99 0.0000000e+00 8.9588800e-07 5.7289600e-07
     37    100 0.0000000e+00 6.0860500e-08 3.8912000e-08
     37    101 0.0000000e+00 1.2482100e-09 7.9819600e-10
     37    102 0.0000000e+00 7.1204300e-11 4.5533300e-11
     37    103 0.0000000e+00 0.0000000e+00 0.0000000e+00
     37    104 0.0000000e+00 0.0000000e+00 0.0000000e+00
     37    105 0.0000000e+00 0.0000000e+00 0.0000000e+00
     38     83 0.0000000e+00 6.0950200e-12 3.8976000e-12
     38     84 0.0000000e+00 3.8659900e-08 2.2295300e-08
     38     85 0.0000000e+00 2.6123800e-08 1.6719200e-08
     38     85 1.0000000e+00 2.9704500e-09 1.8995200e-09
     38     86 0.0000000e+00 1.6865100e-04 1.0785300e-04
     38     87 0.0000000e+00 3.3887500e-02 2.0313400e-03
     38     87 1.0000000e+00 1.1507000e-06 6.8962400e-08
     38     88 0.0000000e+00 3.9755400e-02 3.1780900e-03
     38     89 0.0000000e+00 4.6271300e-02 3.6993300e-03
     38     90 0.0000000e+00 4.7561100e-02 7.6044900e-03
     38     91 0.0000000e+00 5.1434000e-02 3.0844400e-03
     38     92 0.0000000e+00 5.2781700e-02 3.1639900e-03
     38     93 0.0000000e+00 4.7007200e-02 7.5127600e-03
     38     94 0.0000000e+00 3.5875500e-02 8.2482100e-03
     38     95 0.0000000e+00 2.4181900e-02 5.5571100e-03
     38     96 0.0000000e+00 1.2295000e-02 2.8258200e-03
     38     97 0.0000000e+00 5.0926300e-03 2.2899500e-03
     38     98 0.0000000e+00 1.2464400e-03 7.9699900e-04
     38     99 0.0000000e+00 2.5935000e-04 1.6592000e-04
     38    100 0.0000000e+00 3.4606000e-05 2.2131200e-05
     38    101 0.0000000e+00 3.6225900e-06 2.3168000e-06
     38    102 0.0000000e+00 2.7923000e-07 1.7856000e-07
     38    103 0.0000000e+00 1.3822100e-08 8.8388800e-09
     38    104 0.0000000e+00 4.0033000e-09 2.5600000e-09
     38    105 0.0000000e+00 3.1273500e-10 1.9998500e-10
     38    106 0.0000000e+00 3.8898700e-11 2.4874700e-11
     38    107 0.0000000e+00 0.0000000e+00 0.0000000e+00
     39     86 0.0000000e+00 0.0000000e+00 0.0000000e+00
     39     86 1.0000000e+00 0.0000000e+00 0.0000000e+00
     39     87 0.0000000e+00 1.0726600e-08 6.8650300e-09
     39     87 1.0000000e+00 1.0758700e-08 8.6069400e-09
     39     88 0.0000000e+00 3.1634700e-07 2.0224000e-07
     39     89 0.0000000e+00 4.6276500e-02 2.7748900e-03
     39     89 1.0000000e+00 1.1587600e-05 6.3693800e-06
     39     90 0.0000000e+00 4.7614600e-02 5.2327200e-03
     39     90 1.0000000e+00 3.9735500e-05 2.5409800e-05
     39     91 0.0000000e+00 5.1811600e-02 3.1031300e-03
     39     91 1.0000000e+00 4.6111600e-02 2.5042100e-02
     39     92 0.0000000e+00 5.4795700e-02 4.3793500e-03
     39     93 0.0000000e+00 5.3665600e-02 4.3646000e-03
     39     93 1.0000000e+00 1.6730200e-02 1.0707300e-02
     39     94 0.0000000e+00 4.9465500e-02 7.9105300e-03
     39     95 0.0000000e+00 4.7271800e-02 5.1956800e-03
     39     96 0.0000000e+00 1.3868500e-02 2.2189600e-03
     39     96 1.0000000e+00 2.5556400e-02 5.8731700e-03
     39     97 0.0000000e+00 8.0438000e-03 1.8500700e-03
     39     97 1.0000000e+00 2.2174300e-02 1.4177300e-02
     39     98 0.0000000e+00 2.4869700e-03 1.1199600e-03
     39     98 1.0000000e+00 1.2584300e-02 5.6580400e-03
     39     99 0.0000000e+00 6.9233100e-03 3.1130900e-03
     39    100 0.0000000e+00 5.0848200e-05 3.2542800e-05
     39    100 1.0000000e+00 1.8633800e-03 1.4906300e-03
     39    101 0.0000000e+00 5.0202100e-04 3.2107500e-04
     39    102 0.0000000e+00 9.1641000e-05 5.8611200e-05
     39    103 0.0000000e+00 1.8595300e-05 1.1891200e-05
     39    104 0.0000000e+00 4.4476600e-06 2.8465000e-06
     39    105 0.0000000e+00 4.2073000e-07 2.6904600e-07
     39    106 0.0000000e+00 3.8740200e-08 2.4773300e-08
     39    107 0.0000000e+00 6.6079200e-10 4.2255900e-10
     39    108 0.0000000e+00 4.0578800e-11 2.5949100e-11
     39    109 0.0000000e+00 0.0000000e+00 0.0000000e+00
     40     88 0.0000000e+00 8.6971500e-11 5.5616000e-11
     40     89 0.0000000e+00 3.3309300e-09 2.0869800e-09
     40     89 1.0000000e+00 4.6346200e-10 3.7076900e-10
     40     90 0.0000000e+00 4.7614800e-02 3.8066500e-03
     40     90 1.0000000e+00 1.5922100e-07 9.2263100e-08
     40     91 0.0000000e+00 5.1813300e-02 3.1071800e-03
     40     92 0.0000000e+00 5.4817700e-02 3.2860600e-03
     40     93 0.0000000e+00 5.3834700e-02 3.2270600e-03
     40     94 0.0000000e+00 5.0302000e-02 8.0442600e-03
     40     95 0.0000000e+00 5.0526600e-02 2.0198200e-03
     40     96 0.0000000e+00 4.8012500e-02 7.6739400e-03
     40     97 0.0000000e+00 4.7265500e-02 1.9178200e-03
     40     98 0.0000000e+00 3.4960600e-02 8.1495800e-03
     40     99 0.0000000e+00 2.8174900e-02 6.4533200e-03
     40    100 0.0000000e+00 1.5998000e-02 3.7196700e-03
     40    101 0.0000000e+00 8.1563600e-03 3.6692800e-03
     40    102 0.0000000e+00 3.2696300e-03 2.0921100e-03
     40    103 0.0000000e+00 1.3241500e-03 8.4745600e-04
     40    104 0.0000000e+00 5.0484000e-04 3.2282900e-04
     40    105 0.0000000e+00 1.2185100e-04 7.7920100e-05
     40    106 0.0000000e+00 1.5142500e-05 9.6832000e-06
     40    107 0.0000000e+00 1.9179800e-06 1.2265000e-06
     40    108 0.0000000e+00 1.5913100e-07 1.0176000e-07
     40    109 0.0000000e+00 6.2415300e-09 3.9912900e-09
     40    110 0.0000000e+00 3.8431600e-10 2.4576000e-10
     40    111 0.0000000e+00 6.7375900e-11 4.3085100e-11
     40    112 0.0000000e+00 0.0000000e+00 0.0000000e+00
     41     90 0.0000000e+00 6.1878300e-12 3.9602100e-12
     41     91 0.0000000e+00 5.8242500e-10 3.7275200e-10
     41     91 1.0000000e+00 0.0000000e+00 0.0000000e+00
     41     92 0.0000000e+00 1.3518500e-08 8.6518600e-09
     41     92 1.0000000e+00 5.9222900e-09 4.7378400e-09
     41     93 0.0000000e+00 5.3835100e-02 3.2271000e-03
     41     93 1.0000000e+00 5.1143000e-02 3.0657200e-03
     41     94 0.0000000e+00 5.7173000e-06 3.6590700e-06
     41     94 1.0000000e+00 1.4827000e-06 9.4814700e-07
     41     95 0.0000000e+00 5.0556100e-02 2.0216400e-03
     41     95 1.0000000e+00 4.6093900e-04 5.4115100e-05
     41     96 0.0000000e+00 1.8894600e-04 1.2082600e-04
     41     97 0.0000000e+00 4.8731600e-02 2.9281400e-03
     41     97 1.0000000e+00 4.5066400e-02 1.9640500e-03
     41     98 0.0000000e+00 3.8362300e-02 8.9302200e-03
     41     98 1.0000000e+00 6.0029600e-04 3.8387400e-04
     41     99 0.0000000e+00 2.6688400e-02 6.5102700e-03
     41     99 1.0000000e+00 1.1179800e-02 3.4833700e-03
     41    100 0.0000000e+00 1.7156800e-02 8.1926100e-03
     41    100 1.0000000e+00 1.1927800e-02 3.8168800e-03
     41    101 0.0000000e+00 2.3266400e-02 5.3478600e-03
     41    102 0.0000000e+00 5.2918000e-03 1.2165600e-03
     41    102 1.0000000e+00 1.1458900e-02 7.3276900e-03
     41    103 0.0000000e+00 1.2035200e-02 2.7668200e-03
     41    104 0.0000000e+00 1.4581600e-03 9.3260100e-04
     41    104 1.0000000e+00 5.4011500e-03 3.4538900e-03
     41    105 0.0000000e+00 3.2515400e-03 2.0786000e-03
     41    106 0.0000000e+00 9.0804700e-04 5.8067200e-04
     41    107 0.0000000e+00 2.5849200e-04 1.6529900e-04
     41    108 0.0000000e+00 5.2322100e-05 3.3459200e-05
     41    109 0.0000000e+00 8.3969100e-06 5.3696000e-06
     41    110 0.0000000e+00 7.2998500e-07 4.6719000e-07
     41    111 0.0000000e+00 9.0642800e-08 5.7963600e-08
     41    112 0.0000000e+00 1.0897600e-09 6.9687200e-10
     41    113 0.0000000e+00 2.0910100e-10 1.3371400e-10
     41    114 0.0000000e+00 4.9256100e-12 3.1497900e-12
     41    115 0.0000000e+00 0.0000000e+00 0.0000000e+00
     42     92 0.0000000e+00 2.6421800e-12 1.6896000e-12
     42     93 0.0000000e+00 1.3101700e-10 7.8107500e-11
     42     93 1.0000000e+00 7.5518200e-11 4.8291900e-11
     42     94 0.0000000e+00 5.7286400e-06 3.6608100e-06
     42     95 0.0000000e+00 5.0582000e-02 2.0220300e-03
     42     96 0.0000000e+00 1.9036700e-04 1.2173400e-04
     42     97 0.0000000e+00 4.8746300e-02 1.9759600e-03
     42     98 0.0000000e+00 3.9057800e-02 6.3306000e-03
     42     99 0.0000000e+00 3.7944300e-02 1.5181500e-03
     42    100 0.0000000e+00 3.0695900e-02 4.9371400e-03
     42    101 0.0000000e+00 2.7321500e-02 6.2797700e-03
     42    102 0.0000000e+00 2.4508300e-02 5.6328700e-03
     42    103 0.0000000e+00 2.3682000e-02 3.7819700e-03
     42    104 0.0000000e+00 1.7439200e-02 3.9983400e-03
     42    105 0.0000000e+00 1.3121200e-02 5.9253700e-03
     42    106 0.0000000e+00 7.0971100e-03 3.1877100e-03
     42    107 0.0000000e+00 4.2065200e-03 2.6921700e-03
     42    108 0.0000000e+00 1.8678200e-03 1.1944200e-03
     42    109 0.0000000e+00 6.6872100e-04 4.2762900e-04
     42    110 0.0000000e+00 1.3877400e-04 8.8742400e-05
     42    111 0.0000000e+00 2.6251600e-05 1.6787200e-05
     42    112 0.0000000e+00 4.2735200e-06 2.7328000e-06
     42    113 0.0000000e+00 6.0692500e-07 3.8811200e-07
     42    114 0.0000000e+00 1.9315900e-08 1.2352000e-08
     42    115 0.0000000e+00 6.1586100e-10 3.9382700e-10
     42    116 0.0000000e+00 4.6238100e-11 2.9568000e-11
     42    117 0.0000000e+00 0.0000000e+00 0.0000000e+00
     43     95 0.0000000e+00 1.4441500e-11 9.1900900e-12
     43     95 1.0000000e+00 1.8125300e-12 1.1590700e-12
     43     96 0.0000000e+00 0.0000000e+00 0.0000000e+00
     43     96 1.0000000e+00 0.0000000e+00 0.0000000e+00
     43     97 0.0000000e+00 1.5012400e-08 9.6079000e-09
     43     97 1.0000000e+00 1.6813800e-09 1.0752000e-09
     43     98 0.0000000e+00 2.3919700e-07 1.5296000e-07
     43     99 0.0000000e+00 3.7946100e-02 1.5181700e-03
     43     99 1.0000000e+00 3.3011900e-02 1.3572100e-03
     43    100 0.0000000e+00 2.3079000e-05 1.4758400e-05
     43    101 0.0000000e+00 2.7455300e-02 6.3105200e-03
     43    102 0.0000000e+00 2.4583900e-02 7.8668300e-03
     43    102 1.0000000e+00 5.1236300e-04 1.1784300e-04
     43    103 0.0000000e+00 2.5340700e-02 2.7826200e-03
     43    104 0.0000000e+00 1.9780900e-02 4.5364400e-03
     43    105 0.0000000e+00 1.7763700e-02 4.0955500e-03
     43    106 0.0000000e+00 1.3172200e-02 3.0254300e-03
     43    107 0.0000000e+00 1.2042200e-02 5.4251200e-03
     43    108 0.0000000e+00 9.5646300e-03 4.3007500e-03
     43    109 0.0000000e+00 6.6636700e-03 2.9959900e-03
     43    110 0.0000000e+00 2.9980800e-03 1.9171900e-03
     43    111 0.0000000e+00 1.2676900e-03 8.1065700e-04
     43    112 0.0000000e+00 4.6357200e-04 2.9643500e-04
     43    113 0.0000000e+00 8.1797300e-05 5.2307200e-05
     43    114 0.0000000e+00 1.1769000e-05 7.5264100e-06
     43    115 0.0000000e+00 8.2853700e-07 5.2982700e-07
     43    116 0.0000000e+00 1.5417300e-07 9.8560100e-08
     43    117 0.0000000e+00 2.6860600e-09 1.7176600e-09
     43    118 0.0000000e+00 2.3300900e-10 1.4900300e-10
     43    119 0.0000000e+00 2.6688200e-11 1.7066400e-11
     43    120 0.0000000e+00 0.0000000e+00 0.0000000e+00
     44     98 0.0000000e+00 2.3925600e-07 1.5296000e-07
     44     99 0.0000000e+00 3.7947400e-02 1.5182800e-03
     44    100 0.0000000e+00 2.3113100e-05 1.4777600e-05
     44    101 0.0000000e+00 2.7455800e-02 4.3900200e-03
     44    102 0.0000000e+00 2.5090800e-02 4.0116600e-03
     44    103 0.0000000e+00 2.5369600e-02 1.5200600e-03
     44    104 0.0000000e+00 1.9844400e-02 3.1662300e-03
     44    105 0.0000000e+00 1.8004200e-02 1.9855100e-03
     44    106 0.0000000e+00 1.3878700e-02 1.5246900e-03
     44    107 0.0000000e+00 1.4145100e-02 4.5302300e-03
     44    108 0.0000000e+00 1.4003200e-02 6.2943000e-03
     44    109 0.0000000e+00 7.9401700e-03 5.0817300e-03
     44    109 1.0000000e+00 5.9147900e-03 3.7752900e-03
     44    110 0.0000000e+00 1.0495600e-02 4.6967300e-03
     44    111 0.0000000e+00 8.2295700e-03 3.7198100e-03
     44    112 0.0000000e+00 6.0556200e-03 2.7227800e-03
     44    113 0.0000000e+00 2.3236300e-03 1.4859000e-03
     44    114 0.0000000e+00 7.5187800e-04 4.8080600e-04
     44    115 0.0000000e+00 2.3995700e-04 1.5344600e-04
     44    116 0.0000000e+00 5.0515600e-05 3.2300800e-05
     44    117 0.0000000e+00 7.7964100e-06 4.9856000e-06
     44    118 0.0000000e+00 9.1375200e-07 5.8432000e-07
     44    119 0.0000000e+00 7.7463800e-08 4.9536000e-08
     44    120 0.0000000e+00 4.8640100e-09 3.1104000e-09
     44    121 0.0000000e+00 3.8832900e-10 2.4832600e-10
     44    122 0.0000000e+00 7.4661500e-12 4.7744000e-12
     44    123 0.0000000e+00 0.0000000e+00 0.0000000e+00
     44    124 0.0000000e+00 0.0000000e+00 0.0000000e+00
     45    100 0.0000000e+00 0.0000000e+00 0.0000000e+00
     45    100 1.0000000e+00 0.0000000e+00 0.0000000e+00
     45    101 0.0000000e+00 2.7897100e-11 1.7854200e-11
     45    101 1.0000000e+00 1.4673000e-10 9.3829600e-11
     45    102 0.0000000e+00 7.5044100e-10 4.7501700e-10
     45    102 1.0000000e+00 3.3606700e-09 2.1490600e-09
     45    103 0.0000000e+00 2.5369700e-02 1.5200600e-03
     45    103 1.0000000e+00 2.5306200e-02 1.5227800e-03
     45    104 0.0000000e+00 1.8234900e-07 1.1670300e-07
     45    104 1.0000000e+00 1.5516800e-07 9.9225600e-08
     45    105 0.0000000e+00 1.8005800e-02 1.4444100e-03
     45    105 1.0000000e+00 5.1313200e-03 5.9517300e-04
     45    106 0.0000000e+00 1.3880700e-02 1.5249000e-03
     45    106 1.0000000e+00 8.8524900e-06 5.6609300e-06
     45    107 0.0000000e+00 1.4214400e-02 4.5524000e-03
     45    108 0.0000000e+00 1.4052600e-02 4.4917700e-03
     45    108 1.0000000e+00 2.8030600e-04 1.7924800e-04
     45    109 0.0000000e+00 1.5013800e-02 9.6085100e-03
     45    110 0.0000000e+00 1.0795900e-02 3.4361700e-03
     45    110 1.0000000e+00 2.3572600e-03 1.5074100e-03
     45    111 0.0000000e+00 1.3554000e-02 4.3475900e-03
     45    112 0.0000000e+00 1.4983000e-02 3.4432700e-03
     45    113 0.0000000e+00 9.9736800e-03 3.1889600e-03
     45    114 0.0000000e+00 6.2110800e-03 2.7926800e-03
     45    115 0.0000000e+00 4.0867600e-03 2.6133700e-03
     45    116 0.0000000e+00 1.8031100e-03 1.1530400e-03
     45    117 0.0000000e+00 6.0749000e-04 3.8847300e-04
     45    118 0.0000000e+00 1.5872400e-04 1.0149800e-04
     45    119 0.0000000e+00 3.0512500e-05 1.9507200e-05
     45    120 0.0000000e+00 4.3884700e-06 2.8086200e-06
     45    121 0.0000000e+00 5.2243000e-07 3.3408000e-07
     45    122 0.0000000e+00 3.8038800e-08 2.4320000e-08
     45    123 0.0000000e+00 2.3219100e-09 1.4848000e-09
     45    124 0.0000000e+00 9.6479300e-11 6.1696100e-11
     45    125 0.0000000e+00 0.0000000e+00 0.0000000e+00
     45    126 0.0000000e+00 0.0000000e+00 0.0000000e+00
     45    127 0.0000000e+00 0.0000000e+00 0.0000000e+00
     45    128 0.0000000e+00 0.0000000e+00 0.0000000e+00
     46    102 0.0000000e+00 1.5041900e-10 9.6268500e-11
     46    103 0.0000000e+00 8.3468700e-12 5.3376000e-12
     46    104 0.0000000e+00 1.8178100e-07 1.1634000e-07
     46    105 0.0000000e+00 1.8005800e-02 1.0836700e-03
     46    106 0.0000000e+00 1.3889500e-02 1.5258800e-03
     46    107 0.0000000e+00 1.4214700e-02 3.2721100e-03
     46    107 1.0000000e+00 1.9336800e-07 1.2365400e-07
     46    108 0.0000000e+00 1.4335700e-02 3.2935400e-03
     46    109 0.0000000e+00 1.5035900e-02 9.6227100e-03
     46    109 1.0000000e+00 1.7414900e-05 1.1136400e-05
     46    110 0.0000000e+00 1.3271800e-02 3.0389900e-03
     46    111 0.0000000e+00 1.3973100e-02 4.4742200e-03
     46    111 1.0000000e+00 4.1887100e-04 2.6807700e-04
     46    112 0.0000000e+00 1.6869600e-02 1.3485300e-03
     46    113 0.0000000e+00 1.6830000e-02 2.6906100e-03
     46    114 0.0000000e+00 1.1588200e-02 3.7032400e-03
     46    115 0.0000000e+00 1.2199200e-02 3.9011100e-03
     46    116 0.0000000e+00 9.2439200e-03 4.1514900e-03
     46    117 0.0000000e+00 5.9249100e-03 2.6708600e-03
     46    118 0.0000000e+00 3.1590600e-03 2.0201300e-03
     46    119 0.0000000e+00 1.2919200e-03 8.2614500e-04
     46    120 0.0000000e+00 4.0783100e-04 2.6080000e-04
     46    121 0.0000000e+00 1.1111300e-04 7.1052900e-05
     46    122 0.0000000e+00 1.8833500e-05 1.2038400e-05
     46    123 0.0000000e+00 2.7145600e-06 1.7344100e-06
     46    124 0.0000000e+00 2.7332100e-07 1.7472000e-07
     46    125 0.0000000e+00 1.7614500e-08 1.1264000e-08
     46    126 0.0000000e+00 1.5813000e-09 1.0112000e-09
     46    127 0.0000000e+00 4.4635500e-10 2.8543200e-10
     46    128 0.0000000e+00 1.6913900e-11 1.0816000e-11
     46    129 0.0000000e+00 0.0000000e+00 0.0000000e+00
     46    130 0.0000000e+00 0.0000000e+00 0.0000000e+00
     46    131 0.0000000e+00 0.0000000e+00 0.0000000e+00
     47    105 0.0000000e+00 4.5938900e-14 1.6638900e-14
     47    105 1.0000000e+00 4.6095700e-14 2.9476900e-14
     47    106 0.0000000e+00 4.1102700e-13 2.6284100e-13
     47    106 1.0000000e+00 1.8598400e-12 1.1893200e-12
     47    107 0.0000000e+00 1.4214700e-02 3.2721100e-03
     47    107 1.0000000e+00 7.8926100e-11 5.0471200e-11
     47    108 0.0000000e+00 5.9075800e-10 3.4251800e-10
     47    108 1.0000000e+00 1.9180400e-09 1.2265400e-09
     47    109 0.0000000e+00 1.5036000e-02 9.6226700e-03
     47    109 1.0000000e+00 1.5028400e-02 9.6180600e-03
     47    110 0.0000000e+00 1.1095500e-07 7.1011300e-08
     47    110 1.0000000e+00 4.7295200e-07 3.0244100e-07
     47    111 0.0000000e+00 1.3994500e-02 1.1299200e-03
     47    111 1.0000000e+00 1.3974900e-02 3.2181900e-03
     47    112 0.0000000e+00 1.6919200e-02 1.0144100e-03
     47    113 0.0000000e+00 1.6968300e-02 2.1849000e-03
     47    113 1.0000000e+00 1.9120900e-04 6.1186900e-05
     47    114 0.0000000e+00 1.2292000e-02 3.9282700e-03
     47    115 0.0000000e+00 1.0194900e-02 3.1128200e-03
     47    115 1.0000000e+00 5.3311900e-03 1.7047400e-03
     47    116 0.0000000e+00 1.0227700e-02 5.4146000e-03
     47    116 1.0000000e+00 3.5011600e-03 1.5755200e-03
     47    117 0.0000000e+00 6.7552400e-03 3.6515700e-03
     47    117 1.0000000e+00 5.7893400e-03 2.6052000e-03
     47    118 0.0000000e+00 6.6053400e-03 2.8204900e-03
     47    118 1.0000000e+00 6.4129200e-03 4.1042700e-03
     47    119 0.0000000e+00 7.5866800e-03 3.4112000e-03
     47    120 0.0000000e+00 2.6686300e-03 1.5132100e-03
     47    120 1.0000000e+00 3.1420600e-03 2.0092700e-03
     47    121 0.0000000e+00 2.6615000e-03 1.7019600e-03
     47    122 0.0000000e+00 9.8908300e-04 5.8275500e-04
     47    123 0.0000000e+00 3.2148700e-04 2.0557400e-04
     47    124 0.0000000e+00 7.6285900e-05 4.8787200e-05
     47    125 0.0000000e+00 1.1747300e-05 7.5072200e-06
     47    126 0.0000000e+00 2.3835400e-06 1.5254700e-06
     47    127 0.0000000e+00 6.0049400e-07 3.8400000e-07
     47    128 0.0000000e+00 8.4186200e-08 5.3879200e-08
     47    129 0.0000000e+00 1.8447300e-09 1.1796500e-09
     47    130 0.0000000e+00 1.5512800e-10 9.9200000e-11
     47    131 0.0000000e+00 0.0000000e+00 0.0000000e+00
     47    132 0.0000000e+00 0.0000000e+00 0.0000000e+00
     47    133 0.0000000e+00 0.0000000e+00 0.0000000e+00
     48    108 0.0000000e+00 5.7411100e-10 3.6743100e-10
     48    109 0.0000000e+00 8.2868200e-12 5.2992000e-12
     48    110 0.0000000e+00 5.7742200e-07 3.6928000e-07
     48    111 0.0000000e+00 1.4092300e-02 8.4801000e-04
     48    111 1.0000000e+00 6.1526100e-09 3.9344300e-09
     48    112 0.0000000e+00 1.6919300e-02 1.0144200e-03
     48    113 0.0000000e+00 1.6766200e-02 1.3474700e-03
     48    113 1.0000000e+00 2.7265500e-04 7.6190500e-05
     48    114 0.0000000e+00 1.2302800e-02 2.8259500e-03
     48    115 0.0000000e+00 1.3690200e-02 2.1658700e-03
     48    115 1.0000000e+00 7.9241300e-04 1.8225500e-04
     48    116 0.0000000e+00 1.3837200e-02 2.2105000e-03
     48    117 0.0000000e+00 1.0378400e-02 3.1658100e-03
     48    117 1.0000000e+00 2.8087100e-03 1.2639200e-03
     48    118 0.0000000e+00 1.2763600e-02 4.0809900e-03
     48    119 0.0000000e+00 6.4350200e-03 2.7831600e-03
     48    119 1.0000000e+00 5.3984600e-03 2.4293100e-03
     48    120 0.0000000e+00 1.0496400e-02 3.3554500e-03
     48    121 0.0000000e+00 4.0871700e-03 2.6157900e-03
     48    121 1.0000000e+00 6.5500600e-03 4.1874200e-03
     48    122 0.0000000e+00 6.9321800e-03 3.1169200e-03
     48    123 0.0000000e+00 4.5432400e-03 2.9048100e-03
     48    124 0.0000000e+00 2.3480600e-03 1.5016900e-03
     48    125 0.0000000e+00 8.1844900e-04 5.2369200e-04
     48    126 0.0000000e+00 3.6214000e-04 2.3158400e-04
     48    127 0.0000000e+00 1.4649100e-04 9.3676800e-05
     48    128 0.0000000e+00 4.0757700e-05 2.6060800e-05
     48    129 0.0000000e+00 5.3544000e-06 3.4240000e-06
     48    130 0.0000000e+00 4.7054200e-07 3.0080000e-07
     48    131 0.0000000e+00 2.7422600e-08 1.7536000e-08
     48    132 0.0000000e+00 7.6963400e-10 4.9216000e-10
     48    133 0.0000000e+00 6.6878900e-11 4.2767200e-11
     48    134 0.0000000e+00 1.8014800e-13 1.1520000e-13
     48    135 0.0000000e+00 0.0000000e+00 0.0000000e+00
     48    136 0.0000000e+00 0.0000000e+00 0.0000000e+00
     49    110 0.0000000e+00 0.0000000e+00 0.0000000e+00
     49    110 1.0000000e+00 0.0000000e+00 0.0000000e+00
     49    111 0.0000000e+00 6.3372300e-13 4.0558300e-13
     49    111 1.0000000e+00 0.0000000e+00 0.0000000e+00
     49    112 0.0000000e+00 3.7330700e-11 2.3891700e-11
     49    112 1.0000000e+00 3.3112400e-11 2.1174500e-11
     49    113 0.0000000e+00 1.7038500e-02 1.0215700e-03
     49    113 1.0000000e+00 9.9420500e-11 6.3544500e-11
     49    114 0.0000000e+00 1.6602400e-08 1.0559900e-08
     49    114 1.0000000e+00 1.4513000e-08 9.2806400e-09
     49    115 0.0000000e+00 1.3798400e-02 1.1337700e-03
     49    115 1.0000000e+00 1.3690300e-02 2.1658600e-03
     49    116 0.0000000e+00 2.7953000e-07 1.7875200e-07
     49    116 1.0000000e+00 2.3800000e-06 1.5232000e-06
     49    116 2.0000000e+00 7.9865700e-07 5.1072000e-07
     49    117 0.0000000e+00 8.1587000e-03 2.0530600e-03
     49    117 1.0000000e+00 9.5404200e-03 2.9085200e-03
     49    118 0.0000000e+00 1.2773800e-02 4.0842600e-03
     49    118 1.0000000e+00 8.6542200e-05 4.6837400e-05
     49    118 2.0000000e+00 2.9181000e-05 1.8660500e-05
     49    119 0.0000000e+00 6.6599800e-03 2.9461200e-03
     49    119 1.0000000e+00 5.8769500e-03 2.6802900e-03
     49    120 0.0000000e+00 1.0778000e-02 5.3912000e-03
     49    120 1.0000000e+00 1.1682200e-03 3.7383200e-04
     49    121 0.0000000e+00 1.2228700e-02 6.6999700e-03
     49    121 1.0000000e+00 4.7961300e-03 3.0695300e-03
     49    122 0.0000000e+00 7.6658500e-03 3.4468000e-03
     49    122 1.0000000e+00 5.3802400e-03 3.4405200e-03
     49    123 0.0000000e+00 7.8429200e-03 4.9269400e-03
     49    123 1.0000000e+00 3.9464000e-03 2.4049700e-03
     49    124 0.0000000e+00 5.2144000e-03 3.3346400e-03
     49    124 1.0000000e+00 5.4903300e-03 3.5109200e-03
     49    125 0.0000000e+00 6.1453900e-03 3.9330500e-03
     49    125 1.0000000e+00 1.1419200e-03 6.4395500e-04
     49    126 0.0000000e+00 2.0641900e-03 1.3200000e-03
     49    126 1.0000000e+00 4.3159900e-03 2.7599700e-03
     49    127 0.0000000e+00 3.5468100e-03 2.2225600e-03
     49    127 1.0000000e+00 4.2887000e-04 2.7447700e-04
     49    128 0.0000000e+00 7.4537300e-04 4.7661100e-04
     49    128 1.0000000e+00 1.3496600e-03 8.6306900e-04
     49    129 0.0000000e+00 5.7771400e-04 3.6943300e-04
     49    129 1.0000000e+00 7.2189700e-05 4.6163300e-05
     49    130 0.0000000e+00 1.8743800e-04 1.0144200e-04
     49    131 0.0000000e+00 9.5123200e-06 6.0878900e-06
     49    131 1.0000000e+00 1.1829200e-06 7.5644900e-07
     49    131 2.0000000e+00 1.0955400e-05 8.7643600e-06
     49    132 0.0000000e+00 1.6421200e-06 1.0496000e-06
     49    133 0.0000000e+00 8.9974000e-08 5.7536000e-08
     49    134 0.0000000e+00 2.9225900e-09 1.8688000e-09
     49    135 0.0000000e+00 1.0447700e-10 6.6810400e-11
     49    136 0.0000000e+00 1.3010700e-12 8.3200100e-13
     49    137 0.0000000e+00 0.0000000e+00 0.0000000e+00
     49    138 0.0000000e+00 0.0000000e+00 0.0000000e+00
     50    113 0.0000000e+00 5.0707200e-14 2.8428000e-14
     50    113 1.0000000e+00 5.0991600e-14 3.2607800e-14
     50    114 0.0000000e+00 1.6522000e-08 1.0373000e-08
     50    115 0.0000000e+00 1.4482900e-02 1.1578600e-03
     50    116 0.0000000e+00 2.6617800e-06 1.2015300e-06
     50    117 0.0000000e+00 1.3205600e-02 8.4516000e-03
     50    117 1.0000000e+00 1.2241100e-04 7.8343100e-05
     50    118 0.0000000e+00 1.2861200e-02 2.9556800e-03
     50    119 0.0000000e+00 1.2211600e-02 1.9522700e-03
     50    119 1.0000000e+00 6.9826900e-05 2.2344600e-05
     50    120 0.0000000e+00 1.1970500e-02 1.8927600e-03
     50    121 0.0000000e+00 1.6804200e-02 1.0754700e-02
     50    121 1.0000000e+00 1.3709400e-03 7.7323300e-04
     50    122 0.0000000e+00 1.3577800e-02 3.0954500e-03
     50    123 0.0000000e+00 1.6360400e-03 9.2089500e-04
     50    123 1.0000000e+00 1.1840300e-02 3.8732500e-03
     50    124 0.0000000e+00 1.4886400e-02 3.4211400e-03
     50    125 0.0000000e+00 6.3327300e-03 2.0264800e-03
     50    125 1.0000000e+00 7.8446400e-03 3.6930200e-03
     50    126 0.0000000e+00 1.9240000e-02 3.0774800e-03
     50    127 0.0000000e+00 1.0809700e-02 3.8692300e-03
     50    127 1.0000000e+00 5.6387100e-03 3.1783600e-03
     50    128 0.0000000e+00 1.4423700e-02 9.2267500e-03
     50    129 0.0000000e+00 2.1377900e-03 9.9164300e-04
     50    129 1.0000000e+00 7.2311300e-03 4.5796500e-03
     50    130 0.0000000e+00 9.9452700e-04 5.8740600e-04
     50    130 1.0000000e+00 3.6637700e-03 2.3448200e-03
     50    131 0.0000000e+00 3.1961600e-04 2.0455400e-04
     50    131 1.0000000e+00 1.4320300e-03 9.0912000e-04
     50    132 0.0000000e+00 3.4980000e-04 2.2365400e-04
     50    133 0.0000000e+00 5.1110600e-05 3.2710400e-05
     50    134 0.0000000e+00 4.4966200e-06 2.8778400e-06
     50    135 0.0000000e+00 3.0324900e-07 1.9392000e-07
     50    136 0.0000000e+00 1.4012800e-08 8.9600000e-09
     50    137 0.0000000e+00 3.7931200e-10 2.4256000e-10
     50    138 0.0000000e+00 1.1609600e-11 7.4240100e-12
     50    139 0.0000000e+00 0.0000000e+00 0.0000000e+00
     50    140 0.0000000e+00 0.0000000e+00 0.0000000e+00
     51    116 0.0000000e+00 0.0000000e+00 0.0000000e+00
     51    116 1.0000000e+00 0.0000000e+00 0.0000000e+00
     51    117 0.0000000e+00 6.8056000e-12 4.3520000e-12
     51    118 0.0000000e+00 4.9354200e-11 3.1586700e-11
     51    118 1.0000000e+00 1.4120300e-10 9.0295300e-11
     51    119 0.0000000e+00 3.8231600e-09 2.4448000e-09
     51    120 0.0000000e+00 1.4671500e-08 9.3820100e-09
     51    120 1.0000000e+00 4.1975200e-08 2.6842000e-08
     51    121 0.0000000e+00 1.7112100e-02 1.3680500e-03
     51    122 0.0000000e+00 6.6654900e-06 4.2659100e-06
     51    122 1.0000000e+00 4.6525100e-06 2.9751600e-06
     51    123 0.0000000e+00 1.3524300e-02 2.1620200e-03
     51    124 0.0000000e+00 2.1183100e-04 1.3557200e-04
     51    124 1.0000000e+00 2.2659800e-04 1.2728800e-04
     51    124 2.0000000e+00 8.0275700e-05 5.1334300e-05
     51    125 0.0000000e+00 1.5158100e-02 2.4234100e-03
     51    126 0.0000000e+00 5.1752200e-03 2.2797800e-03
     51    126 1.0000000e+00 2.1655000e-02 3.4635800e-03
     51    127 0.0000000e+00 2.1985600e-02 1.3177200e-03
     51    128 0.0000000e+00 6.3517300e-03 4.0621100e-03
     51    128 1.0000000e+00 1.8690300e-02 1.1955100e-02
     51    129 0.0000000e+00 1.3123200e-02 4.5300100e-03
     51    129 1.0000000e+00 9.1432000e-03 7.0253200e-03
     51    130 0.0000000e+00 1.3647600e-02 7.9641000e-03
     51    130 1.0000000e+00 8.4954800e-03 5.4371100e-03
     51    131 0.0000000e+00 1.7792500e-02 4.0888700e-03
     51    132 0.0000000e+00 3.4493300e-03 2.1014000e-03
     51    132 1.0000000e+00 4.9304000e-03 2.3017800e-03
     51    133 0.0000000e+00 3.0615000e-03 1.9577700e-03
     51    134 0.0000000e+00 1.2929300e-04 8.2626200e-05
     51    134 1.0000000e+00 5.6803500e-04 3.6324300e-04
     51    135 0.0000000e+00 1.2231000e-04 7.8227200e-05
     51    136 0.0000000e+00 1.4576000e-05 9.3184000e-06
     51    137 0.0000000e+00 1.0212200e-06 6.5280100e-07
     51    138 0.0000000e+00 8.0578000e-08 5.1569900e-08
     51    139 0.0000000e+00 2.7122300e-09 1.7344000e-09
     51    140 0.0000000e+00 5.5636400e-11 3.5578000e-11
     51    141 0.0000000e+00 0.0000000e+00 0.0000000e+00
     51    142 0.0000000e+00 0.0000000e+00 0.0000000e+00
     51    143 0.0000000e+00 0.0000000e+00 0.0000000e+00
     52    119 0.0000000e+00 7.2126700e-15 4.6161100e-15
     52    119 1.0000000e+00 0.0000000e+00 0.0000000e+00
     52    120 0.0000000e+00 1.2910600e-11 8.2560100e-12
     52    121 0.0000000e+00 3.8450300e-10 2.0935600e-10
     52    121 1.0000000e+00 3.6708800e-10 2.3474300e-10
     52    122 0.0000000e+00 6.5134200e-06 2.9074900e-06
     52    123 0.0000000e+00 1.4436100e-07 9.2061400e-08
     52    123 1.0000000e+00 1.2425900e-07 7.9460000e-08
     52    124 0.0000000e+00 2.7040400e-04 1.7291500e-04
     52    125 0.0000000e+00 1.5174600e-02 9.0983200e-04
     52    125 1.0000000e+00 5.3194700e-03 2.0542400e-03
     52    126 0.0000000e+00 2.3933500e-02 3.7876100e-03
     52    127 0.0000000e+00 2.2214600e-02 1.3310700e-03
     52    127 1.0000000e+00 3.3092700e-03 5.4729600e-04
     52    128 0.0000000e+00 2.5428600e-02 4.0660400e-03
     52    129 0.0000000e+00 2.2996500e-02 4.8930700e-03
     52    129 1.0000000e+00 4.2377100e-03 1.9069700e-03
     52    130 0.0000000e+00 3.1432200e-02 5.0182600e-03
     52    131 0.0000000e+00 2.3278900e-02 5.3288700e-03
     52    131 1.0000000e+00 1.8181500e-02 4.0761800e-03
     52    132 0.0000000e+00 3.1561300e-02 1.2616800e-03
     52    133 0.0000000e+00 9.4459300e-03 3.8765300e-03
     52    133 1.0000000e+00 1.7661300e-02 4.2966500e-03
     52    134 0.0000000e+00 1.2567000e-02 2.8873500e-03
     52    135 0.0000000e+00 5.2690000e-03 2.3711100e-03
     52    136 0.0000000e+00 1.5430200e-03 9.8615200e-04
     52    137 0.0000000e+00 2.7317100e-04 1.7469400e-04
     52    138 0.0000000e+00 5.3854900e-05 3.4438400e-05
     52    139 0.0000000e+00 4.5864900e-06 2.9312100e-06
     52    140 0.0000000e+00 2.1817900e-07 1.3952000e-07
     52    141 0.0000000e+00 7.9451100e-09 5.0806900e-09
     52    142 0.0000000e+00 3.3627700e-10 2.1504000e-10
     52    143 0.0000000e+00 0.0000000e+00 0.0000000e+00
     52    144 0.0000000e+00 0.0000000e+00 0.0000000e+00
     52    145 0.0000000e+00 0.0000000e+00 0.0000000e+00
     53    122 0.0000000e+00 0.0000000e+00 0.0000000e+00
     53    123 0.0000000e+00 4.2635100e-11 2.7264000e-11
     53    124 0.0000000e+00 1.3551500e-09 1.0841200e-09
     53    125 0.0000000e+00 2.8528300e-08 1.8240000e-08
     53    126 0.0000000e+00 5.2243000e-07 3.3408000e-07
     53    127 0.0000000e+00 2.2296000e-02 8.9115400e-04
     53    128 0.0000000e+00 1.2970700e-05 8.2944100e-06
     53    129 0.0000000e+00 2.4627100e-02 5.8574800e-03
     53    130 0.0000000e+00 6.1720600e-04 3.9501100e-04
     53    130 1.0000000e+00 1.1504600e-04 7.3568900e-05
     53    131 0.0000000e+00 4.0645800e-02 2.4369500e-03
     53    132 0.0000000e+00 3.8762900e-02 2.4305300e-02
     53    132 1.0000000e+00 4.8807600e-03 3.1211100e-03
     53    133 0.0000000e+00 4.3270700e-02 2.6772300e-02
     53    133 1.0000000e+00 1.2742800e-02 7.3043600e-03
     53    134 0.0000000e+00 4.1526100e-02 3.8438300e-03
     53    134 1.0000000e+00 1.8035600e-02 4.1448200e-03
     53    135 0.0000000e+00 3.1614800e-02 7.2666100e-03
     53    136 0.0000000e+00 4.8304000e-03 2.1712400e-03
     53    136 1.0000000e+00 1.4959100e-02 6.7260800e-03
     53    137 0.0000000e+00 8.0629700e-03 3.6254000e-03
     53    138 0.0000000e+00 3.7521200e-03 2.3994700e-03
     53    139 0.0000000e+00 7.7763900e-04 4.9714600e-04
     53    140 0.0000000e+00 9.3910600e-05 6.0064000e-05
     53    141 0.0000000e+00 1.0688800e-05 6.8352100e-06
     53    142 0.0000000e+00 9.0708200e-07 5.8048000e-07
     53    143 0.0000000e+00 8.5581600e-09 5.4727100e-09
     53    144 0.0000000e+00 5.1042500e-10 3.2640300e-10
     53    145 0.0000000e+00 4.1032300e-11 2.6239000e-11
     53    146 0.0000000e+00 0.0000000e+00 0.0000000e+00
     53    147 0.0000000e+00 0.0000000e+00 0.0000000e+00
     53    148 0.0000000e+00 0.0000000e+00 0.0000000e+00
     54    125 0.0000000e+00 4.7839400e-12 3.0592000e-12
     54    126 0.0000000e+00 2.2850200e-07 1.4624100e-07
     54    127 0.0000000e+00 1.2009900e-09 6.6228400e-10
     54    127 1.0000000e+00 1.0664800e-09 6.8198500e-10
     54    128 0.0000000e+00 1.2092000e-05 7.7388900e-06
     54    129 0.0000000e+00 2.4627400e-02 1.5761600e-02
     54    129 1.0000000e+00 2.7919400e-07 1.7853700e-07
     54    130 0.0000000e+00 6.4048100e-04 4.0956800e-04
     54    131 0.0000000e+00 4.0703300e-02 1.6271300e-03
     54    131 1.0000000e+00 4.9418600e-04 1.3903300e-04
     54    132 0.0000000e+00 3.9867800e-02 1.5937400e-03
     54    133 0.0000000e+00 4.5608400e-02 2.9162800e-02
     54    133 1.0000000e+00 3.1654400e-03 2.0242000e-03
     54    134 0.0000000e+00 4.9613500e-02 2.9748600e-03
     54    134 1.0000000e+00 6.6986600e-03 4.2212400e-03
     54    135 0.0000000e+00 4.9735800e-02 3.9750100e-03
     54    135 1.0000000e+00 2.0116600e-02 4.5281200e-03
     54    136 0.0000000e+00 4.8726800e-02 7.7881200e-03
     54    137 0.0000000e+00 3.7044800e-02 8.5147200e-03
     54    138 0.0000000e+00 2.7536300e-02 6.3290800e-03
     54    139 0.0000000e+00 1.2694500e-02 5.7079800e-03
     54    140 0.0000000e+00 4.1253100e-03 2.6380800e-03
     54    141 0.0000000e+00 9.6255200e-04 6.1555800e-04
     54    142 0.0000000e+00 2.4209800e-04 1.5481000e-04
     54    143 0.0000000e+00 4.4534600e-06 2.8478900e-06
     54    143 1.0000000e+00 2.0386900e-05 1.3036900e-05
     54    144 0.0000000e+00 2.0016500e-06 1.2800000e-06
     54    145 0.0000000e+00 1.1909800e-07 7.6160100e-08
     54    146 0.0000000e+00 4.5737700e-09 2.9248000e-09
     54    147 0.0000000e+00 2.0043200e-10 1.2817100e-10
     54    148 0.0000000e+00 2.4420100e-12 1.5616000e-12
     54    149 0.0000000e+00 0.0000000e+00 0.0000000e+00
     54    150 0.0000000e+00 0.0000000e+00 0.0000000e+00
     55    128 0.0000000e+00 0.0000000e+00 0.0000000e+00
     55    129 0.0000000e+00 9.7980600e-11 6.2707600e-11
     55    130 0.0000000e+00 3.8179500e-09 3.0543600e-09
     55    131 0.0000000e+00 1.1712000e-07 7.4880100e-08
     55    132 0.0000000e+00 2.2918900e-06 1.4656000e-06
     55    133 0.0000000e+00 4.5642000e-02 2.7365000e-03
     55    134 0.0000000e+00 2.8212200e-04 1.6308700e-04
     55    134 1.0000000e+00 1.7322300e-04 1.1077100e-04
     55    135 0.0000000e+00 5.1355700e-02 3.0759100e-03
     55    135 1.0000000e+00 9.3263200e-04 5.9639300e-04
     55    136 0.0000000e+00 8.2376600e-03 4.9293300e-03
     55    136 1.0000000e+00 4.7037100e-03 3.0078900e-03
     55    137 0.0000000e+00 4.9976100e-02 3.9954300e-03
     55    138 0.0000000e+00 5.4946500e-02 1.0574400e-02
     55    138 1.0000000e+00 2.3639100e-02 7.5582700e-03
     55    139 0.0000000e+00 4.7215500e-02 1.0850800e-02
     55    140 0.0000000e+00 2.7145400e-02 6.2383400e-03
     55    141 0.0000000e+00 1.5630000e-02 3.5919800e-03
     55    142 0.0000000e+00 7.1473400e-03 3.2139600e-03
     55    143 0.0000000e+00 1.7350100e-03 1.1090800e-03
     55    144 0.0000000e+00 3.3172100e-04 2.1208300e-04
     55    145 0.0000000e+00 4.8058600e-05 3.0732800e-05
     55    146 0.0000000e+00 4.6383900e-06 2.9632100e-06
     55    147 0.0000000e+00 2.6964700e-07 1.7243200e-07
     55    148 0.0000000e+00 1.5014800e-08 9.6000000e-09
     55    149 0.0000000e+00 2.3343500e-10 1.4927600e-10
     55    150 0.0000000e+00 1.0308500e-11 6.5920100e-12
     55    151 0.0000000e+00 0.0000000e+00 0.0000000e+00
     55    152 0.0000000e+00 0.0000000e+00 0.0000000e+00
     56    131 0.0000000e+00 2.3219100e-11 1.4848000e-11
     56    132 0.0000000e+00 4.4099300e-08 2.8223600e-08
     56    133 0.0000000e+00 4.4292500e-08 2.8347200e-08
     56    133 1.0000000e+00 4.3332600e-08 3.4666100e-08
     56    134 0.0000000e+00 2.8324300e-04 1.8112600e-04
     56    135 0.0000000e+00 5.1372400e-02 3.0800900e-03
     56    135 1.0000000e+00 1.3713800e-05 8.7696000e-06
     56    136 0.0000000e+00 8.4189500e-03 5.0543400e-04
     56    136 1.0000000e+00 1.4661500e-03 7.9112300e-04
     56    137 0.0000000e+00 5.0796500e-02 2.0307300e-03
     56    137 1.0000000e+00 4.7996300e-02 2.8759800e-03
     56    138 0.0000000e+00 6.3985700e-02 7.0332500e-03
     56    139 0.0000000e+00 5.8266400e-02 3.4934500e-03
     56    140 0.0000000e+00 4.3952400e-02 1.7570600e-03
     56    141 0.0000000e+00 3.9267200e-02 6.2773500e-03
     56    142 0.0000000e+00 3.1556000e-02 7.2520300e-03
     56    143 0.0000000e+00 1.5419800e-02 3.5435700e-03
     56    144 0.0000000e+00 6.3327000e-03 2.8473500e-03
     56    145 0.0000000e+00 2.0730900e-03 1.3257500e-03
     56    146 0.0000000e+00 4.8070500e-04 3.0732800e-04
     56    147 0.0000000e+00 7.7979500e-05 4.9906900e-05
     56    148 0.0000000e+00 8.9311500e-06 5.7088100e-06
     56    149 0.0000000e+00 6.7755700e-07 4.3328000e-07
     56    150 0.0000000e+00 3.7641300e-08 2.4064000e-08
     56    151 0.0000000e+00 1.1233200e-09 7.1833800e-10
     56    152 0.0000000e+00 3.7130600e-11 2.3744000e-11
     56    153 0.0000000e+00 2.6186200e-12 1.6745300e-12
     56    154 0.0000000e+00 0.0000000e+00 0.0000000e+00
     57    133 0.0000000e+00 7.0558100e-12 4.5120000e-12
     57    134 0.0000000e+00 0.0000000e+00 0.0000000e+00
     57    135 0.0000000e+00 1.7416100e-08 1.1136000e-08
     57    136 0.0000000e+00 4.2567700e-07 3.4054100e-07
     57    137 0.0000000e+00 5.5784400e-06 3.5648100e-06
     57    138 0.0000000e+00 7.5221900e-05 4.8102400e-05
     57    139 0.0000000e+00 5.8708600e-02 2.3469100e-03
     57    140 0.0000000e+00 5.0321100e-02 4.0227300e-03
     57    141 0.0000000e+00 4.4543700e-02 3.5606100e-03
     57    142 0.0000000e+00 4.3284500e-02 6.9199600e-03
     57    143 0.0000000e+00 3.0125700e-02 3.3111600e-03
     57    144 0.0000000e+00 2.0242800e-02 4.6520100e-03
     57    145 0.0000000e+00 1.2418900e-02 2.8540500e-03
     57    146 0.0000000e+00 1.7157400e-03 1.0971000e-03
     57    146 1.0000000e+00 4.3282000e-03 2.7677700e-03
     57    147 0.0000000e+00 2.1726000e-03 1.3893900e-03
     57    148 0.0000000e+00 5.5814600e-04 3.5691500e-04
     57    149 0.0000000e+00 1.0051700e-04 6.4275300e-05
     57    150 0.0000000e+00 1.3508700e-05 8.6399900e-06
     57    151 0.0000000e+00 1.5112500e-06 9.6640000e-07
     57    152 0.0000000e+00 8.1304100e-08 5.1968100e-08
     57    153 0.0000000e+00 3.5229000e-09 2.2528000e-09
     57    154 0.0000000e+00 1.1109100e-10 7.1040100e-11
     57    155 0.0000000e+00 2.5102100e-12 1.6052100e-12
     57    156 0.0000000e+00 0.0000000e+00 0.0000000e+00
     57    157 0.0000000e+00 0.0000000e+00 0.0000000e+00
     58    135 0.0000000e+00 1.7414300e-12 1.1136000e-12
     58    136 0.0000000e+00 0.0000000e+00 0.0000000e+00
     58    137 0.0000000e+00 3.8224800e-09 2.4463900e-09
     58    137 1.0000000e+00 3.7290700e-09 2.9832500e-09
     58    138 0.0000000e+00 2.5405700e-05 1.4768900e-05
     58    139 0.0000000e+00 1.9164000e-06 1.2215300e-06
     58    139 1.0000000e+00 1.5726900e-06 1.0056900e-06
     58    140 0.0000000e+00 5.0339800e-02 4.0242300e-03
     58    141 0.0000000e+00 4.4681000e-02 1.7861100e-03
     58    142 0.0000000e+00 4.4006300e-02 7.0353400e-03
     58    143 0.0000000e+00 3.2172700e-02 1.2861100e-03
     58    144 0.0000000e+00 2.4625800e-02 1.4764700e-03
     58    145 0.0000000e+00 1.9620900e-02 3.1368200e-03
     58    146 0.0000000e+00 1.4516400e-02 4.6411800e-03
     58    147 0.0000000e+00 9.1304100e-03 4.1053600e-03
     58    148 0.0000000e+00 4.5263700e-03 2.8948800e-03
     58    149 0.0000000e+00 1.7342400e-03 1.1091000e-03
     58    150 0.0000000e+00 5.2519700e-04 3.3580100e-04
     58    151 0.0000000e+00 1.3708100e-04 8.7673500e-05
     58    152 0.0000000e+00 1.7685800e-05 1.1308800e-05
     58    153 0.0000000e+00 1.8650600e-06 1.1936400e-06
     58    154 0.0000000e+00 1.4523100e-07 9.2800200e-08
     58    155 0.0000000e+00 7.2860000e-09 4.6592000e-09
     58    156 0.0000000e+00 2.5120700e-10 1.6064000e-10
     58    157 0.0000000e+00 5.6746700e-12 3.6288000e-12
     58    158 0.0000000e+00 8.5070100e-14 5.4400000e-14
     58    159 0.0000000e+00 0.0000000e+00 0.0000000e+00
     58    160 0.0000000e+00 0.0000000e+00 0.0000000e+00
     59    138 0.0000000e+00 0.0000000e+00 0.0000000e+00
     59    138 1.0000000e+00 0.0000000e+00 0.0000000e+00
     59    139 0.0000000e+00 8.2267700e-10 5.2608000e-10
     59    140 0.0000000e+00 2.0917200e-08 1.3376000e-08
     59    141 0.0000000e+00 4.4681400e-02 1.7861300e-03
     59    142 0.0000000e+00 4.9340600e-06 2.6651400e-06
     59    142 1.0000000e+00 4.0410000e-06 2.5841100e-06
     59    143 0.0000000e+00 3.2208400e-02 1.2875400e-03
     59    144 0.0000000e+00 2.4802600e-02 1.4870600e-03
     59    144 1.0000000e+00 5.3871200e-04 3.1043300e-04
     59    145 0.0000000e+00 2.0261800e-02 1.6197100e-03
     59    146 0.0000000e+00 1.6261800e-02 5.1992400e-03
     59    147 0.0000000e+00 1.2238800e-02 1.3452100e-03
     59    148 0.0000000e+00 4.9585500e-03 3.1712500e-03
     59    148 1.0000000e+00 3.3923600e-03 2.1693200e-03
     59    149 0.0000000e+00 5.1623400e-03 2.3212100e-03
     59    150 0.0000000e+00 2.8783800e-03 1.8406000e-03
     59    151 0.0000000e+00 1.5326900e-03 9.8012800e-04
     59    152 0.0000000e+00 4.3247700e-04 2.7655700e-04
     59    153 0.0000000e+00 1.0478000e-04 6.7008000e-05
     59    154 0.0000000e+00 1.9281000e-05 1.2332800e-05
     59    155 0.0000000e+00 2.3892500e-06 1.5291200e-06
     59    156 0.0000000e+00 2.0642100e-07 1.3210900e-07
     59    157 0.0000000e+00 1.1815400e-08 7.5520200e-09
     59    158 0.0000000e+00 4.5345800e-10 2.8992000e-10
     59    159 0.0000000e+00 1.2110000e-11 7.7440100e-12
     59    160 0.0000000e+00 1.8515200e-13 1.1840000e-13
     59    161 0.0000000e+00 0.0000000e+00 0.0000000e+00
     59    162 0.0000000e+00 0.0000000e+00 0.0000000e+00
     60    141 0.0000000e+00 3.5274100e-12 2.2575500e-12
     60    142 0.0000000e+00 4.9366600e-06 3.1552100e-06
     60    143 0.0000000e+00 3.2208400e-02 1.2875400e-03
     60    144 0.0000000e+00 2.4803700e-02 1.4871300e-03
     60    145 0.0000000e+00 2.0268600e-02 1.6202400e-03
     60    146 0.0000000e+00 1.6305200e-02 3.7469600e-03
     60    147 0.0000000e+00 1.2420800e-02 7.4471100e-04
     60    148 0.0000000e+00 8.8421300e-03 2.0321600e-03
     60    149 0.0000000e+00 6.1389700e-03 1.4108500e-03
     60    150 0.0000000e+00 4.3445600e-03 9.9841300e-04
     60    151 0.0000000e+00 3.0737700e-03 1.3820700e-03
     60    152 0.0000000e+00 1.6542900e-03 7.4381900e-04
     60    153 0.0000000e+00 7.7542200e-04 4.9586500e-04
     60    154 0.0000000e+00 3.0109700e-04 1.9252500e-04
     60    155 0.0000000e+00 8.5283600e-05 5.4553600e-05
     60    156 0.0000000e+00 1.7570700e-05 1.1238400e-05
     60    157 0.0000000e+00 2.4638300e-06 1.5744000e-06
     60    158 0.0000000e+00 2.3564700e-07 1.5040100e-07
     60    159 0.0000000e+00 1.5825100e-08 1.0112000e-08
     60    160 0.0000000e+00 6.6273100e-10 4.2368100e-10
     60    161 0.0000000e+00 1.6713800e-11 1.0688000e-11
     60    162 0.0000000e+00 2.5220800e-13 1.6128000e-13
     60    163 0.0000000e+00 0.0000000e+00 0.0000000e+00
     60    164 0.0000000e+00 0.0000000e+00 0.0000000e+00
     61    144 0.0000000e+00 3.1626000e-10 2.0224000e-10
     61    145 0.0000000e+00 7.0658200e-09 4.5184000e-09
     61    146 0.0000000e+00 1.1409400e-07 7.2960100e-08
     61    147 0.0000000e+00 1.2422000e-02 7.4478000e-04
     61    148 0.0000000e+00 1.6085800e-06 1.0294900e-06
     61    148 1.0000000e+00 6.0246100e-06 3.8525800e-06
     61    149 0.0000000e+00 6.1733600e-03 6.7854500e-04
     61    150 0.0000000e+00 1.1880800e-04 7.5974500e-05
     61    151 0.0000000e+00 3.4175100e-03 7.8538800e-04
     61    152 0.0000000e+00 1.6960000e-03 5.4227300e-04
     61    152 1.0000000e+00 3.2871900e-04 2.1020600e-04
     61    152 2.0000000e+00 1.1971300e-04 7.6552600e-05
     61    153 0.0000000e+00 1.3611700e-03 3.1281600e-04
     61    154 0.0000000e+00 8.0059300e-04 5.1193900e-04
     61    154 1.0000000e+00 3.4724300e-05 2.2205300e-05
     61    155 0.0000000e+00 4.3681300e-04 2.7934700e-04
     61    156 0.0000000e+00 1.8543900e-04 1.1858600e-04
     61    157 0.0000000e+00 5.7809400e-05 3.6966400e-05
     61    158 0.0000000e+00 1.2906100e-05 8.2496200e-06
     61    159 0.0000000e+00 2.1075500e-06 1.3440200e-06
     61    160 0.0000000e+00 2.3285400e-07 1.4848200e-07
     61    161 0.0000000e+00 1.5829700e-08 1.0112000e-08
     61    162 0.0000000e+00 6.4878600e-10 4.1472100e-10
     61    163 0.0000000e+00 1.9816300e-11 1.2672000e-11
     61    164 0.0000000e+00 4.6938700e-13 3.0016000e-13
     61    165 0.0000000e+00 0.0000000e+00 0.0000000e+00
     61    166 0.0000000e+00 0.0000000e+00 0.0000000e+00
     62    146 0.0000000e+00 3.8821200e-08 2.4845500e-08
     62    147 0.0000000e+00 1.2422000e-02 7.4478000e-04
     62    148 0.0000000e+00 7.3674700e-06 4.7104100e-06
     62    149 0.0000000e+00 6.1734900e-03 6.7856000e-04
     62    150 0.0000000e+00 1.1990000e-04 7.6665700e-05
     62    151 0.0000000e+00 3.4229400e-03 3.7622400e-04
     62    152 0.0000000e+00 2.1694400e-03 3.4690200e-04
     62    153 0.0000000e+00 1.4289400e-03 1.5705900e-04
     62    154 0.0000000e+00 9.7299100e-04 1.5554600e-04
     62    155 0.0000000e+00 6.3907000e-04 2.8735200e-04
     62    156 0.0000000e+00 3.9920500e-04 9.1742900e-05
     62    157 0.0000000e+00 2.1440800e-04 9.6408000e-05
     62    158 0.0000000e+00 9.3762700e-05 5.9955300e-05
     62    159 0.0000000e+00 3.2832800e-05 2.0992000e-05
     62    160 0.0000000e+00 8.8499500e-06 5.6576100e-06
     62    161 0.0000000e+00 1.5370800e-06 9.7922500e-07
     62    162 0.0000000e+00 1.6578500e-07 1.0560300e-07
     62    163 0.0000000e+00 1.3230700e-08 8.4480600e-09
     62    164 0.0000000e+00 7.9312200e-10 5.0688100e-10
     62    165 0.0000000e+00 3.7030500e-11 2.3680000e-11
     62    166 0.0000000e+00 8.0366200e-13 5.1392000e-13
     62    167 0.0000000e+00 2.6121500e-14 1.6704000e-14
     62    168 0.0000000e+00 0.0000000e+00 0.0000000e+00
     63    149 0.0000000e+00 4.8940300e-11 3.1296000e-11
     63    150 0.0000000e+00 9.4411400e-10 7.5529100e-10
     63    150 1.0000000e+00 1.2027600e-10 9.6220900e-11
     63    151 0.0000000e+00 3.4229500e-03 2.7362500e-04
     63    152 0.0000000e+00 1.3599700e-07 7.9874100e-08
     63    152 1.0000000e+00 2.9172000e-09 1.8670100e-09
     63    152 2.0000000e+00 8.9321800e-08 5.7118900e-08
     63    153 0.0000000e+00 1.4298600e-03 1.1430100e-04
     63    154 0.0000000e+00 4.3535800e-06 2.4452700e-06
     63    154 1.0000000e+00 2.8603100e-06 1.8290900e-06
     63    155 0.0000000e+00 6.5413200e-04 2.0915600e-04
     63    156 0.0000000e+00 4.3583500e-04 3.4840200e-05
     63    157 0.0000000e+00 2.7481800e-04 3.0206800e-05
     63    158 0.0000000e+00 1.6300000e-04 5.2115400e-05
     63    159 0.0000000e+00 9.1090800e-05 4.0954600e-05
     63    160 0.0000000e+00 4.7661900e-05 3.0470400e-05
     63    161 0.0000000e+00 1.8170800e-05 1.1616000e-05
     63    162 0.0000000e+00 4.6795000e-06 2.9948800e-06
     63    163 0.0000000e+00 9.2197800e-07 5.8944100e-07
     63    164 0.0000000e+00 1.3490400e-07 8.6338200e-08
     63    165 0.0000000e+00 1.4949300e-08 9.5361200e-09
     63    166 0.0000000e+00 7.9545800e-10 5.0880000e-10
     63    167 0.0000000e+00 6.2777800e-11 4.0177800e-11
     63    168 0.0000000e+00 2.6121500e-12 1.6704000e-12
     63    169 0.0000000e+00 7.9765700e-14 5.1008000e-14
     63    170 0.0000000e+00 0.0000000e+00 0.0000000e+00
     64    151 0.0000000e+00 2.3819600e-12 1.5232000e-12
     64    152 0.0000000e+00 4.0148000e-08 2.5694700e-08
     64    153 0.0000000e+00 1.2710500e-09 8.1280100e-10
     64    154 0.0000000e+00 4.3674300e-06 2.7904100e-06
     64    155 0.0000000e+00 6.5425800e-04 1.0459900e-04
     64    156 0.0000000e+00 4.3659100e-04 2.6176300e-05
     64    157 0.0000000e+00 2.7782600e-04 3.0537900e-05
     64    158 0.0000000e+00 1.7093200e-04 2.7325200e-05
     64    159 0.0000000e+00 1.0610300e-04 1.1661500e-05
     64    160 0.0000000e+00 7.1361400e-05 1.1408200e-05
     64    161 0.0000000e+00 4.2030400e-05 1.3436900e-05
     64    162 0.0000000e+00 2.0002100e-05 1.2793600e-05
     64    163 0.0000000e+00 8.1979700e-06 5.2416100e-06
     64    164 0.0000000e+00 2.6269600e-06 1.6768100e-06
     64    165 0.0000000e+00 6.4446800e-07 4.1216000e-07
     64    166 0.0000000e+00 8.0761300e-08 5.1648000e-08
     64    167 0.0000000e+00 1.4975100e-08 9.5840300e-09
     64    168 0.0000000e+00 1.4838300e-09 9.4965100e-10
     64    169 0.0000000e+00 1.0917000e-10 6.9760200e-11
     64    170 0.0000000e+00 4.8740100e-12 3.1168000e-12
     64    171 0.0000000e+00 1.4812200e-13 9.4720000e-14
     64    172 0.0000000e+00 6.8005300e-15 5.4404200e-15
     65    154 0.0000000e+00 0.0000000e+00 0.0000000e+00
     65    154 1.0000000e+00 0.0000000e+00 0.0000000e+00
     65    154 2.0000000e+00 0.0000000e+00 0.0000000e+00
     65    155 0.0000000e+00 1.0708800e-10 6.8480100e-11
     65    156 0.0000000e+00 1.0502100e-09 6.2240500e-10
     65    156 1.0000000e+00 2.8944400e-11 1.8509200e-11
     65    156 2.0000000e+00 1.0873600e-09 8.6988900e-10
     65    157 0.0000000e+00 1.5921600e-08 1.0189800e-08
     65    158 0.0000000e+00 1.0274500e-07 6.5756500e-08
     65    158 1.0000000e+00 5.9591800e-09 3.8107400e-09
     65    159 0.0000000e+00 1.0658400e-04 1.1714300e-05
     65    160 0.0000000e+00 3.0525100e-07 1.9520000e-07
     65    161 0.0000000e+00 4.6654200e-05 3.7290600e-06
     65    162 0.0000000e+00 2.7088000e-05 1.1135600e-05
     65    163 0.0000000e+00 1.5954400e-05 7.1730100e-06
     65    164 0.0000000e+00 8.5118000e-06 5.4400100e-06
     65    165 0.0000000e+00 3.8571100e-06 2.4640100e-06
     65    166 0.0000000e+00 9.9451300e-07 6.3616000e-07
     65    167 0.0000000e+00 3.9829100e-07 2.5472000e-07
     65    168 0.0000000e+00 8.8955800e-08 5.6896000e-08
     65    169 0.0000000e+00 1.5121500e-08 9.6777700e-09
     65    170 0.0000000e+00 1.5961800e-09 1.0215600e-09
     65    171 0.0000000e+00 1.1824500e-10 7.5677000e-11
     65    172 0.0000000e+00 1.1816500e-11 7.5520200e-12
     66    157 0.0000000e+00 8.4669700e-12 5.4144000e-12
     66    158 0.0000000e+00 1.7193700e-08 1.0640600e-08
     66    159 0.0000000e+00 1.6213400e-09 1.0368000e-09
     66    160 0.0000000e+00 3.2208000e-07 2.0608000e-07
     66    161 0.0000000e+00 4.6763600e-05 2.8035400e-06
     66    162 0.0000000e+00 2.7508000e-05 8.7968100e-06
     66    163 0.0000000e+00 1.7073800e-05 5.4592200e-06
     66    164 0.0000000e+00 1.0447400e-05 3.3376500e-06
     66    165 0.0000000e+00 5.9960500e-06 2.6929600e-06
     66    165 1.0000000e+00 2.9855400e-06 1.6095800e-06
     66    166 0.0000000e+00 2.3556300e-06 2.5963700e-07
     66    167 0.0000000e+00 1.6193000e-06 1.0363500e-06
     66    168 0.0000000e+00 6.9545500e-07 4.4480000e-07
     66    169 0.0000000e+00 2.4631200e-07 1.5744000e-07
     66    170 0.0000000e+00 5.6941800e-08 3.6416000e-08
     66    171 0.0000000e+00 9.8662600e-09 6.3104000e-09
     66    172 0.0000000e+00 2.2937000e-09 1.4656000e-09
     67    160 0.0000000e+00 1.4006100e-11 9.7974700e-12
     67    160 1.0000000e+00 2.7065700e-12 2.1652500e-12
     67    161 0.0000000e+00 2.6692000e-10 1.6971400e-10
     67    161 1.0000000e+00 2.0552800e-11 1.3143000e-11
     67    162 0.0000000e+00 1.8826100e-09 1.2048700e-09
     67    162 1.0000000e+00 2.2385300e-09 1.4314800e-09
     67    163 0.0000000e+00 1.8537300e-08 1.1755700e-08
     67    163 1.0000000e+00 1.4249100e-09 9.1118800e-10
     67    164 0.0000000e+00 7.5962600e-08 4.8536400e-08
     67    164 1.0000000e+00 6.2213300e-08 3.9783800e-08
     67    165 0.0000000e+00 6.2641300e-06 2.0032000e-06
     67    166 0.0000000e+00 2.4055400e-06 2.6518400e-07
     67    166 1.0000000e+00 2.2582000e-07 1.4440600e-07
     67    167 0.0000000e+00 2.1507300e-06 9.6749900e-07
     67    168 0.0000000e+00 1.2579200e-06 5.6700400e-07
     67    169 0.0000000e+00 7.0268800e-07 3.1590100e-07
     67    170 0.0000000e+00 1.9180400e-07 1.2275500e-07
     67    170 1.0000000e+00 9.9330700e-08 6.3096000e-08
     67    171 0.0000000e+00 1.0214200e-07 6.5280200e-08
     67    172 0.0000000e+00 5.0533400e-08 3.2320000e-08
     68    163 0.0000000e+00 3.2026400e-11 2.0480000e-11
     68    164 0.0000000e+00 3.2234500e-08 2.0630100e-08
     68    165 0.0000000e+00 2.0416800e-09 1.3056000e-09
     68    166 0.0000000e+00 2.6380700e-06 2.9040600e-07
     68    167 0.0000000e+00 2.1803000e-06 6.9753600e-07
     68    167 1.0000000e+00 2.6052800e-07 1.0691300e-07
     68    168 0.0000000e+00 1.3281700e-06 4.2560400e-07
     68    169 0.0000000e+00 8.2478800e-07 9.0750100e-08
     68    170 0.0000000e+00 4.2625900e-07 1.3664200e-07
     68    171 0.0000000e+00 2.1723700e-07 1.3888000e-07
     68    172 0.0000000e+00 1.7863900e-07 1.9693300e-08
     69    166 0.0000000e+00 1.7214200e-11 1.1008000e-11
     69    167 0.0000000e+00 1.8014800e-10 1.1520000e-10
     69    168 0.0000000e+00 9.9181500e-10 6.3424000e-10
     69    169 0.0000000e+00 8.2884600e-07 9.1190000e-08
     69    170 0.0000000e+00 1.0108300e-08 6.4640100e-09
     69    171 0.0000000e+00 2.3655300e-07 1.0665100e-07
     69    172 0.0000000e+00 2.2527700e-07 5.1750700e-08
     70    168 0.0000000e+00 1.5603800e-12 9.3977600e-13
     70    169 0.0000000e+00 1.4311800e-11 9.1520000e-12
     70    170 0.0000000e+00 1.0179500e-08 6.4644900e-09
     70    171 0.0000000e+00 2.3693900e-07 7.5840000e-08
     70    172 0.0000000e+00 2.2742000e-07 5.2443200e-08
     71    172 0.0000000e+00 1.0588700e-11 6.7767800e-12
     71    172 1.0000000e+00 1.1965300e-12 7.6514600e-13


