#            E 1.4000000e+07  neutron energy
#    Z      A   Level         FPY           delta-FPY   
      1      1 0.0000000e+00 2.7781300e-05 4.4450100e-06
      1      2 0.0000000e+00 8.4902000e-06 1.2141000e-06
      1      3 0.0000000e+00 1.2112900e-04 9.6902800e-06
      2      3 0.0000000e+00 0.0000000e+00 0.0000000e+00
      2      4 0.0000000e+00 1.9897000e-03 1.2734100e-04
      2      6 0.0000000e+00 2.7785300e-05 4.1122200e-06
      2      8 0.0000000e+00 5.1942400e-07 1.2881700e-07
      3      6 0.0000000e+00 0.0000000e+00 0.0000000e+00
      3      7 0.0000000e+00 7.0105700e-07 1.3250000e-07
      3      9 0.0000000e+00 4.9894300e-07 1.1625400e-07
      4      9 0.0000000e+00 0.0000000e+00 0.0000000e+00
      4     10 0.0000000e+00 6.3000000e-06 1.0521000e-06
     23     66 0.0000000e+00 3.4299600e-13 2.1951700e-13
     24     66 0.0000000e+00 2.5939300e-09 1.6601100e-09
     24     67 0.0000000e+00 2.0130500e-10 1.2883500e-10
     24     68 0.0000000e+00 1.1418800e-11 7.3080200e-12
     24     69 0.0000000e+00 4.5695500e-13 2.9245100e-13
     24     70 0.0000000e+00 0.0000000e+00 0.0000000e+00
     25     66 0.0000000e+00 6.8212100e-07 4.3655800e-07
     25     67 0.0000000e+00 1.4824400e-07 9.4876000e-08
     25     68 0.0000000e+00 2.2637300e-08 1.4487900e-08
     25     69 0.0000000e+00 2.3133400e-09 1.4805400e-09
     25     70 0.0000000e+00 1.5024700e-10 9.6158100e-11
     25     71 0.0000000e+00 7.0516000e-12 4.5130200e-12
     25     72 0.0000000e+00 2.2380800e-13 1.4323700e-13
     25     73 0.0000000e+00 1.3375500e-14 8.5603300e-15
     26     66 0.0000000e+00 1.4223400e-05 9.1029600e-06
     26     67 0.0000000e+00 8.1333700e-06 5.2053600e-06
     26     68 0.0000000e+00 3.1852300e-06 2.0385500e-06
     26     69 0.0000000e+00 8.7744300e-07 5.6156400e-07
     26     70 0.0000000e+00 1.5625700e-07 1.0000400e-07
     26     71 0.0000000e+00 2.0433600e-08 1.3077500e-08
     26     72 0.0000000e+00 1.6925600e-09 1.0832400e-09
     26     73 0.0000000e+00 1.0115300e-10 6.4737900e-11
     26     74 0.0000000e+00 4.0065800e-12 2.5642200e-12
     26     75 0.0000000e+00 2.3738000e-13 1.5192300e-13
     26     76 0.0000000e+00 0.0000000e+00 0.0000000e+00
     27     66 0.0000000e+00 2.8847400e-05 1.8462400e-05
     27     67 0.0000000e+00 3.9975700e-05 2.5584500e-05
     27     68 0.0000000e+00 3.7241300e-05 2.3834400e-05
     27     69 0.0000000e+00 2.5792400e-05 1.6507100e-05
     27     70 0.0000000e+00 1.1929600e-05 7.6349500e-06
     27     71 0.0000000e+00 4.1267900e-06 2.6411400e-06
     27     72 0.0000000e+00 9.3153100e-07 5.9618000e-07
     27     73 0.0000000e+00 1.5325200e-07 9.8081300e-08
     27     74 0.0000000e+00 1.6927900e-08 1.0833800e-08
     27     75 0.0000000e+00 1.2017400e-09 7.6911300e-10
     27     76 0.0000000e+00 5.6593100e-11 3.6219600e-11
     27     77 0.0000000e+00 1.6818700e-12 1.0764000e-12
     27     78 0.0000000e+00 9.6144900e-14 6.1532700e-14
     28     66 0.0000000e+00 6.2002000e-06 3.9681200e-06
     28     67 0.0000000e+00 2.0794200e-05 1.3308200e-05
     28     68 0.0000000e+00 4.4192700e-05 2.8283300e-05
     28     69 0.0000000e+00 7.1707900e-05 4.5893100e-05
     28     70 0.0000000e+00 7.9220200e-05 5.0700900e-05
     28     71 0.0000000e+00 6.7591200e-05 4.3258300e-05
     28     72 0.0000000e+00 3.8783800e-05 2.4821600e-05
     28     73 0.0000000e+00 1.6647400e-05 1.0654300e-05
     28     74 0.0000000e+00 4.9381200e-06 3.1604000e-06
     28     75 0.0000000e+00 9.5757500e-07 6.1284800e-07
     28     76 0.0000000e+00 1.2821100e-07 8.2054900e-08
     28     77 0.0000000e+00 1.2719200e-08 8.1403100e-09
     28     78 0.0000000e+00 7.2710000e-10 4.6534400e-10
     28     79 0.0000000e+00 2.0177200e-11 1.2913400e-11
     28     80 0.0000000e+00 7.2318900e-13 4.6284100e-13
     28     81 0.0000000e+00 0.0000000e+00 0.0000000e+00
     28     82 0.0000000e+00 0.0000000e+00 0.0000000e+00
     29     66 0.0000000e+00 1.2019800e-07 7.6926500e-08
     29     67 0.0000000e+00 1.0517300e-06 6.7310700e-07
     29     68 0.0000000e+00 9.8390500e-07 6.2969900e-07
     29     68 1.0000000e+00 4.4520300e-06 2.8493000e-06
     29     69 0.0000000e+00 2.1214900e-05 1.3577500e-05
     29     70 0.0000000e+00 8.2635800e-06 5.2886900e-06
     29     70 1.0000000e+00 4.6827000e-05 2.9969300e-05
     29     71 0.0000000e+00 1.0959000e-04 7.0137800e-05
     29     72 0.0000000e+00 1.4814400e-04 9.4811900e-05
     29     73 0.0000000e+00 1.5355200e-04 9.8273600e-05
     29     74 0.0000000e+00 1.1344700e-04 7.2605800e-05
     29     75 0.0000000e+00 5.6623100e-05 3.6238800e-05
     29     76 0.0000000e+00 2.0573900e-05 1.3167300e-05
     29     77 0.0000000e+00 5.4890300e-06 3.5129800e-06
     29     78 0.0000000e+00 8.8846100e-07 5.6861500e-07
     29     79 0.0000000e+00 1.0214800e-07 6.5374600e-08
     29     80 0.0000000e+00 7.2719600e-09 4.6540600e-09
     29     81 0.0000000e+00 3.3054400e-10 2.1154700e-10
     29     82 0.0000000e+00 1.0016500e-11 6.4105400e-12
     29     83 0.0000000e+00 3.9199600e-13 2.5087700e-13
     29     84 0.0000000e+00 0.0000000e+00 0.0000000e+00
     30     66 0.0000000e+00 1.7328500e-10 1.1090200e-10
     30     67 0.0000000e+00 4.2770300e-09 2.7373000e-09
     30     68 0.0000000e+00 5.7294200e-08 3.6668300e-08
     30     69 0.0000000e+00 6.5291400e-08 4.1786500e-08
     30     69 1.0000000e+00 5.1766800e-07 3.3130700e-07
     30     70 0.0000000e+00 3.8363100e-06 2.4552400e-06
     30     71 0.0000000e+00 2.0933700e-06 1.3397500e-06
     30     71 1.0000000e+00 1.6597400e-05 1.0622300e-05
     30     72 0.0000000e+00 6.0179000e-05 3.8514500e-05
     30     73 0.0000000e+00 1.4586000e-04 9.3350300e-05
     30     74 0.0000000e+00 2.5170400e-04 1.6109100e-04
     30     75 0.0000000e+00 2.9825100e-04 1.9088000e-04
     30     76 0.0000000e+00 2.7105600e-04 1.7347600e-04
     30     77 0.0000000e+00 1.8274000e-04 1.1695300e-04
     30     78 0.0000000e+00 7.8919800e-05 5.0508700e-05
     30     79 0.0000000e+00 2.4770800e-05 1.5853200e-05
     30     80 0.0000000e+00 4.9481400e-06 3.1668100e-06
     30     81 0.0000000e+00 6.5507700e-07 4.1925000e-07
     30     82 0.0000000e+00 5.8596300e-08 3.7501600e-08
     30     83 0.0000000e+00 2.9644800e-09 1.8972700e-09
     30     84 0.0000000e+00 9.9463500e-11 6.3656700e-11
     30     85 0.0000000e+00 5.1827800e-12 3.3169800e-12
     30     86 0.0000000e+00 3.3655300e-14 2.1539400e-14
     31     67 0.0000000e+00 1.2019800e-12 7.6926500e-13
     31     68 0.0000000e+00 4.3671900e-11 2.7949900e-11
     31     69 0.0000000e+00 1.2220100e-09 7.8208700e-10
     31     70 0.0000000e+00 2.1735700e-08 1.3910900e-08
     31     71 0.0000000e+00 2.8146300e-07 1.8013700e-07
     31     72 0.0000000e+00 2.3338400e-06 1.0561700e-06
     31     73 0.0000000e+00 1.4173300e-05 9.0709200e-06
     31     74 0.0000000e+00 5.5848800e-05 3.5743200e-05
     31     74 1.0000000e+00 3.4386700e-06 2.2007500e-06
     31     75 0.0000000e+00 1.6589300e-04 1.0617200e-04
     31     76 0.0000000e+00 3.5957100e-04 2.3012600e-04
     31     77 0.0000000e+00 5.6880600e-04 3.6403500e-04
     31     78 0.0000000e+00 6.0314100e-04 3.8601000e-04
     31     79 0.0000000e+00 4.8010000e-04 3.0726400e-04
     31     80 0.0000000e+00 2.5151400e-04 1.6096900e-04
     31     81 0.0000000e+00 9.2301800e-05 5.9073200e-05
     31     82 0.0000000e+00 2.3468600e-05 1.5019900e-05
     31     83 0.0000000e+00 3.5358100e-06 2.2629300e-06
     31     84 0.0000000e+00 3.4757200e-07 2.2244500e-07
     31     85 0.0000000e+00 2.6238000e-08 1.6792300e-08
     31     86 0.0000000e+00 1.0417100e-09 6.6669600e-10
     31     87 0.0000000e+00 2.6088900e-11 1.6696900e-11
     31     88 0.0000000e+00 1.5494400e-12 9.9164300e-13
     31     89 0.0000000e+00 0.0000000e+00 0.0000000e+00
     32     69 0.0000000e+00 1.7528800e-13 1.1218400e-13
     32     70 0.0000000e+00 8.7043100e-12 5.5707600e-12
     32     71 0.0000000e+00 3.1251400e-10 1.4142800e-10
     32     72 0.0000000e+00 7.0916600e-09 4.5386600e-09
     32     73 0.0000000e+00 1.0291100e-07 6.5862900e-08
     32     73 1.0000000e+00 1.2979800e-08 8.3070300e-09
     32     74 0.0000000e+00 1.2720900e-06 8.1413900e-07
     32     75 0.0000000e+00 6.9830600e-07 4.4691500e-07
     32     75 1.0000000e+00 8.3706100e-06 5.3571900e-06
     32     76 0.0000000e+00 4.9751800e-05 3.1841100e-05
     32     77 0.0000000e+00 1.7404100e-04 1.1138600e-04
     32     77 1.0000000e+00 1.4519100e-05 9.2922300e-06
     32     78 0.0000000e+00 4.7944900e-04 3.0684700e-04
     32     79 0.0000000e+00 7.0102900e-05 4.4865800e-05
     32     79 1.0000000e+00 8.4032500e-04 5.3780700e-04
     32     80 0.0000000e+00 1.1508200e-03 7.3652600e-04
     32     81 0.0000000e+00 8.4975000e-04 5.4384200e-04
     32     81 1.0000000e+00 1.1998400e-04 9.5987100e-05
     32     82 0.0000000e+00 7.2477100e-04 4.6385400e-04
     32     83 0.0000000e+00 3.0564300e-04 1.9561200e-04
     32     84 0.0000000e+00 8.4488900e-05 5.4072900e-05
     32     85 0.0000000e+00 1.8300100e-05 1.1712100e-05
     32     86 0.0000000e+00 2.1134700e-06 1.3526200e-06
     32     87 0.0000000e+00 1.9729800e-07 1.2627100e-07
     32     88 0.0000000e+00 1.1717700e-08 7.4993400e-09
     32     89 0.0000000e+00 3.1650600e-10 2.0256300e-10
     32     90 0.0000000e+00 2.6945700e-11 1.7245200e-11
     32     91 0.0000000e+00 0.0000000e+00 0.0000000e+00
     33     72 0.0000000e+00 1.4824400e-12 9.4876000e-13
     33     73 0.0000000e+00 6.7410800e-11 4.3142900e-11
     33     74 0.0000000e+00 2.0403600e-09 1.0961100e-09
     33     75 0.0000000e+00 3.9665200e-08 2.5385700e-08
     33     76 0.0000000e+00 5.9497800e-07 3.8078600e-07
     33     77 0.0000000e+00 5.8696500e-06 3.7565700e-06
     33     78 0.0000000e+00 3.8523300e-05 2.4654900e-05
     33     79 0.0000000e+00 1.8260000e-04 1.1686400e-04
     33     80 0.0000000e+00 5.6109200e-04 3.5910000e-04
     33     81 0.0000000e+00 1.2804900e-03 8.1951100e-04
     33     82 0.0000000e+00 3.1613000e-04 2.0232300e-04
     33     82 1.0000000e+00 1.7914000e-03 1.1464900e-03
     33     83 0.0000000e+00 2.2804300e-03 1.4594700e-03
     33     84 0.0000000e+00 1.4894400e-03 9.5323800e-04
     33     84 1.0000000e+00 1.4730700e-04 9.4276300e-05
     33     85 0.0000000e+00 9.5441000e-04 6.1082200e-04
     33     86 0.0000000e+00 3.0542200e-04 1.9547100e-04
     33     87 0.0000000e+00 7.9009900e-05 5.0566400e-05
     33     88 0.0000000e+00 1.3171700e-05 8.4298700e-06
     33     89 0.0000000e+00 1.6023200e-06 1.0254900e-06
     33     90 0.0000000e+00 1.3641300e-07 8.7304600e-08
     33     91 0.0000000e+00 1.0078000e-09 6.4499200e-10
     33     92 0.0000000e+00 1.0170700e-10 6.5092500e-11
     33     93 0.0000000e+00 1.6106400e-11 1.0308100e-11
     33     94 0.0000000e+00 0.0000000e+00 0.0000000e+00
     33     95 0.0000000e+00 0.0000000e+00 0.0000000e+00
     34     74 0.0000000e+00 2.2236500e-13 1.4231400e-13
     34     75 0.0000000e+00 1.2119900e-11 7.7567600e-12
     34     76 0.0000000e+00 5.1885400e-10 3.3206600e-10
     34     77 0.0000000e+00 1.0813200e-09 6.9204600e-10
     34     77 1.0000000e+00 1.2961700e-08 8.2955300e-09
     34     78 0.0000000e+00 2.5542000e-07 1.6346900e-07
     34     79 0.0000000e+00 3.0222500e-06 1.9342500e-06
     34     79 1.0000000e+00 2.5212700e-07 1.6136100e-07
     34     80 0.0000000e+00 2.6503500e-05 1.6962300e-05
     34     81 0.0000000e+00 1.2135900e-05 7.7670200e-06
     34     81 1.0000000e+00 1.4547400e-04 9.3102800e-05
     34     82 0.0000000e+00 6.5274300e-04 4.1775600e-04
     34     83 0.0000000e+00 1.5750500e-03 1.0080400e-03
     34     83 1.0000000e+00 1.9865500e-04 1.2713900e-04
     34     84 0.0000000e+00 3.0244200e-03 1.9356300e-03
     34     85 0.0000000e+00 4.4674800e-03 2.0217600e-03
     34     86 0.0000000e+00 3.6475400e-03 2.3344300e-03
     34     87 0.0000000e+00 2.4400700e-03 1.5616500e-03
     34     88 0.0000000e+00 1.0832800e-03 6.9330000e-04
     34     89 0.0000000e+00 3.5942100e-04 2.3003000e-04
     34     90 0.0000000e+00 7.0730100e-05 4.5267200e-05
     34     91 0.0000000e+00 7.6215200e-06 4.8777800e-06
     34     92 0.0000000e+00 7.6916300e-07 4.9226400e-07
     34     93 0.0000000e+00 1.2180500e-07 7.7955400e-08
     34     94 0.0000000e+00 1.0317000e-09 6.6028500e-10
     34     95 0.0000000e+00 4.7443500e-11 3.0363800e-11
     34     96 0.0000000e+00 1.6427000e-13 1.0513300e-13
     35     77 0.0000000e+00 3.1897300e-13 2.0414300e-13
     35     77 1.0000000e+00 1.9758000e-12 1.2645100e-12
     35     78 0.0000000e+00 1.2019800e-10 7.6926500e-11
     35     79 0.0000000e+00 6.0870900e-10 3.8957400e-10
     35     79 1.0000000e+00 3.7704900e-09 2.4131200e-09
     35     80 0.0000000e+00 1.4859400e-08 9.5100100e-09
     35     80 1.0000000e+00 8.4203500e-08 5.3890200e-08
     35     81 0.0000000e+00 1.6627400e-06 1.0641500e-06
     35     82 0.0000000e+00 1.5438900e-05 9.8809500e-06
     35     82 1.0000000e+00 3.4120200e-06 2.1837000e-06
     35     83 0.0000000e+00 1.3914900e-04 8.9055200e-05
     35     84 0.0000000e+00 1.3827100e-04 8.8493900e-05
     35     84 1.0000000e+00 4.8457200e-04 3.1012600e-04
     35     85 0.0000000e+00 2.2269900e-03 1.4252600e-03
     35     86 0.0000000e+00 4.4261300e-03 2.0030400e-03
     35     87 0.0000000e+00 7.0935700e-03 4.5398900e-03
     35     88 0.0000000e+00 7.7098500e-03 4.9343100e-03
     35     89 0.0000000e+00 6.4753300e-03 4.1442100e-03
     35     90 0.0000000e+00 3.4260800e-03 2.1926900e-03
     35     91 0.0000000e+00 1.0201600e-03 6.5290000e-04
     35     92 0.0000000e+00 2.9218000e-04 1.8699500e-04
     35     93 0.0000000e+00 4.2277900e-05 2.7057900e-05
     35     94 0.0000000e+00 3.5258000e-06 2.2565100e-06
     35     95 0.0000000e+00 2.4018400e-07 1.5371800e-07
     35     96 0.0000000e+00 5.3487900e-09 3.4232300e-09
     35     97 0.0000000e+00 8.8199000e-11 5.6447400e-11
     35     98 0.0000000e+00 3.2842900e-12 2.1019500e-12
     35     99 0.0000000e+00 0.0000000e+00 0.0000000e+00
     35    100 0.0000000e+00 0.0000000e+00 0.0000000e+00
     36     79 0.0000000e+00 3.0387900e-14 1.9448200e-14
     36     79 1.0000000e+00 3.6426000e-13 2.3312600e-13
     36     80 0.0000000e+00 2.5742300e-11 1.6475100e-11
     36     81 0.0000000e+00 1.1727500e-09 7.5056200e-10
     36     81 1.0000000e+00 9.7835200e-11 6.2614500e-11
     36     82 0.0000000e+00 4.1668500e-08 2.6667900e-08
     36     83 0.0000000e+00 7.9847100e-07 5.1102100e-07
     36     83 1.0000000e+00 1.0070800e-07 6.4453200e-08
     36     84 0.0000000e+00 1.1178300e-05 7.1541700e-06
     36     85 0.0000000e+00 9.5768400e-05 6.1291800e-05
     36     85 1.0000000e+00 1.2078900e-05 7.7305100e-06
     36     86 0.0000000e+00 5.5910900e-04 3.5783000e-04
     36     87 0.0000000e+00 2.1690200e-03 1.3881700e-03
     36     88 0.0000000e+00 5.6548400e-03 3.6191000e-03
     36     89 0.0000000e+00 1.1331400e-02 3.6260100e-03
     36     90 0.0000000e+00 1.4963200e-02 4.7882100e-03
     36     91 0.0000000e+00 1.1334800e-02 3.6271100e-03
     36     92 0.0000000e+00 8.5850700e-03 5.4944400e-03
     36     93 0.0000000e+00 3.4873400e-03 2.2318900e-03
     36     94 0.0000000e+00 8.3439200e-04 5.3401100e-04
     36     95 0.0000000e+00 1.2453500e-04 7.9702400e-05
     36     96 0.0000000e+00 1.1478900e-05 7.3464800e-06
     36     97 0.0000000e+00 6.6700900e-07 4.2688500e-07
     36     98 0.0000000e+00 2.4837600e-08 1.5896100e-08
     36     99 0.0000000e+00 2.4291900e-10 1.5546800e-10
     36    100 0.0000000e+00 9.9563700e-12 6.3720800e-12
     36    101 0.0000000e+00 0.0000000e+00 0.0000000e+00
     36    102 0.0000000e+00 0.0000000e+00 0.0000000e+00
     37     81 0.0000000e+00 1.2424500e-15 7.9517000e-16
     37     81 1.0000000e+00 0.0000000e+00 0.0000000e+00
     37     82 0.0000000e+00 0.0000000e+00 0.0000000e+00
     37     82 1.0000000e+00 0.0000000e+00 0.0000000e+00
     37     83 0.0000000e+00 4.1167700e-10 2.6347300e-10
     37     84 0.0000000e+00 7.3554200e-10 4.7074600e-10
     37     84 1.0000000e+00 1.2908800e-08 1.0327000e-08
     37     85 0.0000000e+00 4.1368000e-07 2.6475500e-07
     37     86 0.0000000e+00 1.3408700e-06 8.5815200e-07
     37     86 1.0000000e+00 4.6990700e-06 3.0074000e-06
     37     87 0.0000000e+00 6.3464400e-05 4.0617200e-05
     37     88 0.0000000e+00 4.2909500e-04 2.7462200e-04
     37     89 0.0000000e+00 2.1466800e-03 1.3738700e-03
     37     90 0.0000000e+00 7.8860800e-04 5.0470900e-04
     37     90 1.0000000e+00 6.1902300e-03 3.9617500e-03
     37     91 0.0000000e+00 1.2901500e-02 4.1284800e-03
     37     92 0.0000000e+00 2.3854900e-02 7.6335800e-03
     37     93 0.0000000e+00 2.4830800e-02 7.9458300e-03
     37     94 0.0000000e+00 1.5782100e-02 5.0502900e-03
     37     95 0.0000000e+00 6.6717000e-03 4.2698900e-03
     37     96 0.0000000e+00 1.7493900e-03 1.1196100e-03
     37     97 0.0000000e+00 2.9698800e-04 1.9007200e-04
     37     98 0.0000000e+00 3.2924100e-05 2.1071400e-05
     37     99 0.0000000e+00 1.2297900e-06 7.8706100e-07
     37    100 0.0000000e+00 1.1819400e-07 7.5644400e-08
     37    101 0.0000000e+00 1.0647400e-09 6.8143600e-10
     37    102 0.0000000e+00 4.8072500e-11 3.0766400e-11
     37    103 0.0000000e+00 0.0000000e+00 0.0000000e+00
     37    104 0.0000000e+00 0.0000000e+00 0.0000000e+00
     37    105 0.0000000e+00 0.0000000e+00 0.0000000e+00
     38     83 0.0000000e+00 1.2420400e-14 7.9490700e-15
     38     84 0.0000000e+00 1.3422100e-12 8.5901200e-13
     38     85 0.0000000e+00 9.7841000e-11 6.2618200e-11
     38     85 1.0000000e+00 1.2340300e-11 7.8977900e-12
     38     86 0.0000000e+00 4.7377900e-09 3.0321800e-09
     38     87 0.0000000e+00 1.2488000e-07 7.9923600e-08
     38     87 1.0000000e+00 1.5750700e-08 1.0080500e-08
     38     88 0.0000000e+00 2.6343300e-06 1.6859700e-06
     38     89 0.0000000e+00 3.5778800e-05 2.2898400e-05
     38     90 0.0000000e+00 3.1407600e-04 2.0100900e-04
     38     91 0.0000000e+00 1.5142000e-03 9.6909500e-04
     38     92 0.0000000e+00 7.0541900e-03 4.5146800e-03
     38     93 0.0000000e+00 1.8236700e-02 5.8357500e-03
     38     94 0.0000000e+00 2.9129400e-02 9.3214300e-03
     38     95 0.0000000e+00 3.1978600e-02 1.0233200e-02
     38     96 0.0000000e+00 2.1947300e-02 7.0231600e-03
     38     97 0.0000000e+00 1.0125900e-02 3.2402800e-03
     38     98 0.0000000e+00 3.1561000e-03 2.0199000e-03
     38     99 0.0000000e+00 6.3764100e-04 4.0809000e-04
     38    100 0.0000000e+00 9.4024600e-05 6.0175800e-05
     38    101 0.0000000e+00 8.0521800e-06 5.1534000e-06
     38    102 0.0000000e+00 3.6355000e-07 2.3267200e-07
     38    103 0.0000000e+00 3.5112400e-09 2.2471900e-09
     38    104 0.0000000e+00 2.0734100e-10 1.3269800e-10
     38    105 0.0000000e+00 1.3688100e-11 8.7603500e-12
     38    106 0.0000000e+00 0.0000000e+00 0.0000000e+00
     38    107 0.0000000e+00 0.0000000e+00 0.0000000e+00
     39     86 0.0000000e+00 0.0000000e+00 0.0000000e+00
     39     86 1.0000000e+00 0.0000000e+00 0.0000000e+00
     39     87 0.0000000e+00 2.6637100e-13 1.7047700e-13
     39     87 1.0000000e+00 0.0000000e+00 0.0000000e+00
     39     88 0.0000000e+00 1.1418800e-09 7.3080200e-10
     39     89 0.0000000e+00 4.9417200e-09 3.1627000e-09
     39     89 1.0000000e+00 3.9180800e-08 2.5075800e-08
     39     90 0.0000000e+00 2.8796400e-07 1.8429700e-07
     39     90 1.0000000e+00 8.2386500e-07 5.2727400e-07
     39     91 0.0000000e+00 1.6984700e-06 1.0870200e-06
     39     91 1.0000000e+00 1.3466500e-05 8.6185300e-06
     39     92 0.0000000e+00 1.9412900e-04 1.2424200e-04
     39     93 0.0000000e+00 1.2750100e-03 8.1600400e-04
     39     93 1.0000000e+00 1.0636600e-04 6.8074000e-05
     39     94 0.0000000e+00 5.7338300e-03 3.6696500e-03
     39     95 0.0000000e+00 1.6293600e-02 5.2139500e-03
     39     96 0.0000000e+00 1.6169200e-03 1.0348300e-03
     39     96 1.0000000e+00 2.6261000e-02 8.4035200e-03
     39     97 0.0000000e+00 3.6115000e-03 2.3113600e-03
     39     97 1.0000000e+00 2.8634100e-02 1.8325800e-02
     39     98 0.0000000e+00 2.3289900e-03 7.4527600e-04
     39     98 1.0000000e+00 2.3548700e-02 7.5355500e-03
     39     99 0.0000000e+00 1.3650400e-02 4.3681400e-03
     39    100 0.0000000e+00 4.5042900e-05 2.8827400e-05
     39    100 1.0000000e+00 5.0131400e-03 4.0105100e-03
     39    101 0.0000000e+00 1.3602700e-03 8.7057700e-04
     39    102 0.0000000e+00 1.8941100e-04 1.2122300e-04
     39    103 0.0000000e+00 1.7775700e-05 1.1376400e-05
     39    104 0.0000000e+00 1.0317000e-06 6.6028500e-07
     39    105 0.0000000e+00 6.9296100e-08 4.4349500e-08
     39    106 0.0000000e+00 5.6150800e-10 3.5936500e-10
     39    107 0.0000000e+00 9.9800400e-11 6.3872200e-11
     39    108 0.0000000e+00 8.4623400e-12 5.4159000e-12
     39    109 0.0000000e+00 0.0000000e+00 0.0000000e+00
     40     88 0.0000000e+00 3.2653700e-14 2.0898400e-14
     40     89 0.0000000e+00 2.8908300e-12 1.8501300e-12
     40     89 1.0000000e+00 0.0000000e+00 0.0000000e+00
     40     90 0.0000000e+00 3.1013100e-11 1.9848300e-11
     40     90 1.0000000e+00 2.4343900e-10 1.5580000e-10
     40     91 0.0000000e+00 1.0918000e-08 6.9874900e-09
     40     92 0.0000000e+00 4.0666900e-07 2.6026800e-07
     40     93 0.0000000e+00 8.4739400e-06 5.4233200e-06
     40     94 0.0000000e+00 1.0044500e-04 6.4284900e-05
     40     95 0.0000000e+00 8.0840900e-04 5.1738200e-04
     40     96 0.0000000e+00 3.6807400e-03 2.3556700e-03
     40     97 0.0000000e+00 1.0930900e-02 3.4978800e-03
     40     98 0.0000000e+00 2.1965200e-02 7.0288600e-03
     40     99 0.0000000e+00 2.8302200e-02 9.0566900e-03
     40    100 0.0000000e+00 2.9292500e-02 9.3736100e-03
     40    101 0.0000000e+00 1.8803100e-02 6.0170100e-03
     40    102 0.0000000e+00 7.4981100e-03 4.7987900e-03
     40    103 0.0000000e+00 2.0390400e-03 1.3049900e-03
     40    104 0.0000000e+00 3.5112800e-04 2.2472100e-04
     40    105 0.0000000e+00 3.5929900e-05 2.2995200e-05
     40    106 0.0000000e+00 4.2464200e-06 2.7177100e-06
     40    107 0.0000000e+00 7.5474400e-07 4.8303700e-07
     40    108 0.0000000e+00 6.3996800e-08 4.0958000e-08
     40    109 0.0000000e+00 7.6752700e-10 4.9121700e-10
     40    110 0.0000000e+00 5.5290900e-11 3.5386200e-11
     40    111 0.0000000e+00 5.6938200e-12 3.6440500e-12
     40    112 0.0000000e+00 0.0000000e+00 0.0000000e+00
     41     90 0.0000000e+00 0.0000000e+00 0.0000000e+00
     41     91 0.0000000e+00 4.1545700e-13 2.6589300e-13
     41     91 1.0000000e+00 0.0000000e+00 0.0000000e+00
     41     92 0.0000000e+00 3.1954100e-11 2.0450700e-11
     41     92 1.0000000e+00 0.0000000e+00 0.0000000e+00
     41     93 0.0000000e+00 3.2678900e-09 2.0914500e-09
     41     93 1.0000000e+00 4.1216600e-10 2.6378600e-10
     41     94 0.0000000e+00 9.6785500e-08 6.1942800e-08
     41     94 1.0000000e+00 3.3829200e-08 2.1650700e-08
     41     95 0.0000000e+00 2.8284900e-06 1.8102300e-06
     41     95 1.0000000e+00 3.5674700e-07 2.2831800e-07
     41     96 0.0000000e+00 4.1858800e-05 2.6789600e-05
     41     97 0.0000000e+00 3.0962200e-04 1.9815800e-04
     41     97 1.0000000e+00 3.9051400e-05 2.4992900e-05
     41     98 0.0000000e+00 1.6132600e-03 1.0324900e-03
     41     98 1.0000000e+00 2.8469200e-04 1.8220300e-04
     41     99 0.0000000e+00 5.5282100e-03 3.5380500e-03
     41     99 1.0000000e+00 6.9725100e-04 4.4624000e-04
     41    100 0.0000000e+00 1.8411100e-03 1.1783100e-03
     41    100 1.0000000e+00 1.4451900e-02 9.2492300e-03
     41    101 0.0000000e+00 2.6080400e-02 8.3457200e-03
     41    102 0.0000000e+00 4.1046800e-03 2.6270000e-03
     41    102 1.0000000e+00 2.3259800e-02 1.4886300e-02
     41    103 0.0000000e+00 1.9717800e-02 6.3096800e-03
     41    104 0.0000000e+00 1.4028800e-03 8.9784000e-04
     41    104 1.0000000e+00 7.9496400e-03 5.0877600e-03
     41    105 0.0000000e+00 2.7432100e-03 1.7556500e-03
     41    106 0.0000000e+00 7.5555200e-04 4.8355300e-04
     41    107 0.0000000e+00 2.6196700e-04 1.6765900e-04
     41    108 0.0000000e+00 4.4713500e-05 2.8616600e-05
     41    109 0.0000000e+00 3.8856200e-06 2.4868000e-06
     41    110 0.0000000e+00 2.8947600e-07 1.8526500e-07
     41    111 0.0000000e+00 2.8825200e-08 1.8448100e-08
     41    112 0.0000000e+00 2.4234800e-10 1.5510400e-10
     41    113 0.0000000e+00 2.5759600e-11 1.6486200e-11
     41    114 0.0000000e+00 1.1667200e-12 7.4669800e-13
     41    115 0.0000000e+00 0.0000000e+00 0.0000000e+00
     42     92 0.0000000e+00 0.0000000e+00 0.0000000e+00
     42     93 0.0000000e+00 4.4593400e-14 2.8539700e-14
     42     93 1.0000000e+00 6.0579700e-14 3.8770900e-14
     42     94 0.0000000e+00 1.1418800e-11 7.3080200e-12
     42     95 0.0000000e+00 8.7343600e-10 5.5899900e-10
     42     96 0.0000000e+00 3.4556800e-08 2.2116400e-08
     42     97 0.0000000e+00 8.5640800e-07 5.4810100e-07
     42     98 0.0000000e+00 1.3602300e-05 8.7055100e-06
     42     99 0.0000000e+00 1.2362400e-04 7.9118900e-05
     42    100 0.0000000e+00 8.9061500e-04 5.6999300e-04
     42    101 0.0000000e+00 3.7808700e-03 2.4197600e-03
     42    102 0.0000000e+00 1.0626100e-02 3.4003600e-03
     42    103 0.0000000e+00 1.9582200e-02 6.2663200e-03
     42    104 0.0000000e+00 2.3738600e-02 7.5963500e-03
     42    105 0.0000000e+00 1.8220100e-02 5.8304300e-03
     42    106 0.0000000e+00 1.0957800e-02 3.5065000e-03
     42    107 0.0000000e+00 6.3433600e-03 4.0597500e-03
     42    108 0.0000000e+00 2.3312600e-03 1.4920000e-03
     42    109 0.0000000e+00 5.3445900e-04 3.4205300e-04
     42    110 0.0000000e+00 1.0440100e-04 6.6817100e-05
     42    111 0.0000000e+00 1.4945800e-05 9.5653000e-06
     42    112 0.0000000e+00 1.8327700e-06 1.1729700e-06
     42    113 0.0000000e+00 1.9480800e-07 1.2467700e-07
     42    114 0.0000000e+00 8.8233400e-09 5.6469400e-09
     42    115 0.0000000e+00 8.8854200e-11 5.6866700e-11
     42    116 0.0000000e+00 1.0317000e-11 6.6028500e-12
     42    117 0.0000000e+00 2.4413000e-12 1.5624300e-12
     43     95 0.0000000e+00 1.2363500e-14 7.9126600e-15
     43     95 1.0000000e+00 0.0000000e+00 0.0000000e+00
     43     96 0.0000000e+00 0.0000000e+00 0.0000000e+00
     43     96 1.0000000e+00 0.0000000e+00 0.0000000e+00
     43     97 0.0000000e+00 1.2808300e-10 8.1973000e-11
     43     97 1.0000000e+00 1.6154600e-11 1.0338900e-11
     43     98 0.0000000e+00 6.9314000e-09 4.4361000e-09
     43     99 0.0000000e+00 1.6295000e-07 1.0428700e-07
     43     99 1.0000000e+00 2.0552200e-08 1.3153400e-08
     43    100 0.0000000e+00 3.8964000e-06 2.4937000e-06
     43    101 0.0000000e+00 4.7618300e-05 3.0475800e-05
     43    102 0.0000000e+00 4.4400600e-05 2.8416400e-05
     43    102 1.0000000e+00 3.4852500e-04 2.2305600e-04
     43    103 0.0000000e+00 1.9956700e-03 1.2772300e-03
     43    104 0.0000000e+00 6.4164600e-03 4.1065300e-03
     43    105 0.0000000e+00 1.2671800e-02 4.0549800e-03
     43    106 0.0000000e+00 1.5892000e-02 5.0854200e-03
     43    107 0.0000000e+00 1.4721700e-02 4.7109200e-03
     43    108 0.0000000e+00 1.0943700e-02 3.5020100e-03
     43    109 0.0000000e+00 6.1021400e-03 3.9053800e-03
     43    110 0.0000000e+00 2.9213300e-03 1.8696500e-03
     43    111 0.0000000e+00 1.0573700e-03 6.7671600e-04
     43    112 0.0000000e+00 3.1720200e-04 2.0300900e-04
     43    113 0.0000000e+00 6.7616700e-05 4.3274700e-05
     43    114 0.0000000e+00 1.0226800e-05 6.5451700e-06
     43    115 0.0000000e+00 4.4982600e-07 2.8789000e-07
     43    116 0.0000000e+00 8.3437200e-08 5.3399800e-08
     43    117 0.0000000e+00 1.2359200e-08 7.9098600e-09
     43    118 0.0000000e+00 9.0317900e-11 5.7803400e-11
     43    119 0.0000000e+00 6.4096600e-12 4.1021800e-12
     43    120 0.0000000e+00 0.0000000e+00 0.0000000e+00
     44     98 0.0000000e+00 2.3338400e-13 1.4936600e-13
     44     99 0.0000000e+00 1.8430300e-11 1.1795400e-11
     44    100 0.0000000e+00 1.1919600e-09 7.6285400e-10
     44    101 0.0000000e+00 4.3772000e-08 2.8014100e-08
     44    102 0.0000000e+00 1.1318600e-06 7.2439100e-07
     44    103 0.0000000e+00 1.7118100e-05 1.0955600e-05
     44    104 0.0000000e+00 1.5962300e-04 1.0215800e-04
     44    105 0.0000000e+00 8.8181000e-04 5.6435900e-04
     44    106 0.0000000e+00 2.4138000e-03 1.5448300e-03
     44    107 0.0000000e+00 3.6302000e-03 2.3233300e-03
     44    108 0.0000000e+00 5.4419500e-03 3.4828500e-03
     44    109 0.0000000e+00 1.2672600e-03 8.1104900e-04
     44    109 1.0000000e+00 5.8124100e-03 3.7199500e-03
     44    110 0.0000000e+00 7.7611300e-03 4.9671200e-03
     44    111 0.0000000e+00 6.5501600e-03 4.1921100e-03
     44    112 0.0000000e+00 4.4912300e-03 2.8743900e-03
     44    113 0.0000000e+00 2.3123900e-03 1.4799300e-03
     44    114 0.0000000e+00 8.6290900e-04 5.5226200e-04
     44    115 0.0000000e+00 2.3323400e-04 1.4927000e-04
     44    116 0.0000000e+00 4.5855400e-05 2.9347400e-05
     44    117 0.0000000e+00 6.4082000e-06 4.1012400e-06
     44    118 0.0000000e+00 6.8303300e-07 4.3714100e-07
     44    119 0.0000000e+00 4.8473300e-08 3.1022900e-08
     44    120 0.0000000e+00 2.4239900e-09 1.5513600e-09
     44    121 0.0000000e+00 7.3587600e-11 4.7096000e-11
     44    122 0.0000000e+00 1.7929500e-12 1.1474800e-12
     44    123 0.0000000e+00 0.0000000e+00 0.0000000e+00
     44    124 0.0000000e+00 0.0000000e+00 0.0000000e+00
     45    100 0.0000000e+00 0.0000000e+00 0.0000000e+00
     45    100 1.0000000e+00 0.0000000e+00 0.0000000e+00
     45    101 0.0000000e+00 3.0132700e-13 1.9284900e-13
     45    101 1.0000000e+00 2.3890900e-12 1.5290200e-12
     45    102 0.0000000e+00 4.0610600e-11 2.5990900e-11
     45    102 1.0000000e+00 1.8375700e-10 1.1760500e-10
     45    103 0.0000000e+00 8.1152800e-10 5.1937700e-10
     45    103 1.0000000e+00 9.7278000e-09 6.2257900e-09
     45    104 0.0000000e+00 4.5239400e-08 2.8953200e-08
     45    104 1.0000000e+00 2.5635700e-07 1.6406800e-07
     45    105 0.0000000e+00 4.6226000e-06 2.9584700e-06
     45    105 1.0000000e+00 3.8563400e-07 2.4680600e-07
     45    106 0.0000000e+00 5.7906700e-06 3.7060300e-06
     45    106 1.0000000e+00 2.6202000e-05 1.6769300e-05
     45    107 0.0000000e+00 8.1714300e-05 5.2297200e-05
     45    108 0.0000000e+00 3.9515000e-05 2.5289600e-05
     45    108 1.0000000e+00 2.2391800e-04 1.4330800e-04
     45    109 0.0000000e+00 8.5129900e-04 3.8525400e-04
     45    110 0.0000000e+00 2.4799600e-04 1.5871700e-04
     45    110 1.0000000e+00 1.9466600e-03 1.2458600e-03
     45    111 0.0000000e+00 4.2602100e-03 2.7265300e-03
     45    112 0.0000000e+00 6.3691500e-03 4.0762500e-03
     45    113 0.0000000e+00 7.3627800e-03 4.7121800e-03
     45    114 0.0000000e+00 6.2929100e-03 4.0274600e-03
     45    115 0.0000000e+00 4.0123600e-03 2.5679100e-03
     45    116 0.0000000e+00 1.9082600e-03 1.2212900e-03
     45    117 0.0000000e+00 6.6415200e-04 4.2505800e-04
     45    118 0.0000000e+00 1.7503800e-04 1.1202400e-04
     45    119 0.0000000e+00 3.2112800e-05 2.0552200e-05
     45    120 0.0000000e+00 4.2069200e-06 2.6924300e-06
     45    121 0.0000000e+00 3.7253900e-07 2.3842500e-07
     45    122 0.0000000e+00 2.3138100e-08 1.4808400e-08
     45    123 0.0000000e+00 9.0849400e-10 5.8143600e-10
     45    124 0.0000000e+00 2.6844100e-11 1.7180200e-11
     45    125 0.0000000e+00 1.1044800e-12 7.0686400e-13
     45    126 0.0000000e+00 0.0000000e+00 0.0000000e+00
     45    127 0.0000000e+00 0.0000000e+00 0.0000000e+00
     45    128 0.0000000e+00 0.0000000e+00 0.0000000e+00
     46    102 0.0000000e+00 0.0000000e+00 0.0000000e+00
     46    103 0.0000000e+00 4.2970700e-13 2.7501200e-13
     46    104 0.0000000e+00 3.8663600e-11 2.4744600e-11
     46    105 0.0000000e+00 2.0032900e-09 1.2821100e-09
     46    106 0.0000000e+00 3.1051000e-08 1.9872700e-08
     46    107 0.0000000e+00 2.9463800e-08 1.8856800e-08
     46    107 1.0000000e+00 1.0886400e-07 6.9672700e-08
     46    108 0.0000000e+00 1.0116600e-06 6.4746500e-07
     46    109 0.0000000e+00 1.8604200e-06 1.1906700e-06
     46    109 1.0000000e+00 6.8739400e-06 4.3993200e-06
     46    110 0.0000000e+00 5.7384400e-05 3.6726000e-05
     46    111 0.0000000e+00 5.8746100e-05 3.7597500e-05
     46    111 1.0000000e+00 2.1705700e-04 1.3891600e-04
     46    112 0.0000000e+00 9.4523400e-04 6.0495000e-04
     46    113 0.0000000e+00 2.4965600e-03 1.5978000e-03
     46    114 0.0000000e+00 4.7843700e-03 3.0620100e-03
     46    115 0.0000000e+00 6.8317200e-03 4.3722900e-03
     46    116 0.0000000e+00 7.2892700e-03 4.6651300e-03
     46    117 0.0000000e+00 5.8438500e-03 3.7400600e-03
     46    118 0.0000000e+00 3.5619500e-03 2.2796500e-03
     46    119 0.0000000e+00 1.5921100e-03 1.0189500e-03
     46    120 0.0000000e+00 5.2109700e-04 3.3350200e-04
     46    121 0.0000000e+00 1.2104900e-04 7.7471300e-05
     46    122 0.0000000e+00 1.9962800e-05 1.2776200e-05
     46    123 0.0000000e+00 2.1735700e-06 1.3910900e-06
     46    124 0.0000000e+00 1.7428700e-07 1.1154300e-07
     46    125 0.0000000e+00 8.3526300e-09 5.3456800e-09
     46    126 0.0000000e+00 3.8062600e-10 2.4360000e-10
     46    127 0.0000000e+00 4.5299900e-11 2.8991900e-11
     46    128 0.0000000e+00 4.4673400e-12 2.8591000e-12
     46    129 0.0000000e+00 0.0000000e+00 0.0000000e+00
     46    130 0.0000000e+00 0.0000000e+00 0.0000000e+00
     46    131 0.0000000e+00 0.0000000e+00 0.0000000e+00
     47    105 0.0000000e+00 0.0000000e+00 0.0000000e+00
     47    105 1.0000000e+00 4.4746800e-14 2.8637900e-14
     47    106 0.0000000e+00 3.6477100e-13 2.3345300e-13
     47    106 1.0000000e+00 1.6505400e-12 1.0563500e-12
     47    107 0.0000000e+00 1.2317100e-12 7.8829500e-13
     47    107 1.0000000e+00 1.4764600e-11 9.4493400e-12
     47    108 0.0000000e+00 4.8769300e-11 3.1212300e-11
     47    108 1.0000000e+00 2.2067400e-10 1.4123100e-10
     47    109 0.0000000e+00 4.9978200e-10 3.1986000e-10
     47    109 1.0000000e+00 5.9908900e-09 3.8341600e-09
     47    110 0.0000000e+00 2.0649900e-08 1.3215900e-08
     47    110 1.0000000e+00 9.3437800e-08 5.9800200e-08
     47    111 0.0000000e+00 1.1152500e-07 7.1375900e-08
     47    111 1.0000000e+00 1.3368500e-06 8.5558800e-07
     47    112 0.0000000e+00 1.2210100e-05 7.8144500e-06
     47    113 0.0000000e+00 6.1300400e-06 3.9232200e-06
     47    113 1.0000000e+00 7.3480900e-05 4.7027800e-05
     47    114 0.0000000e+00 3.6644300e-04 2.3452300e-04
     47    115 0.0000000e+00 9.3608900e-05 5.9909600e-05
     47    115 1.0000000e+00 1.1220900e-03 7.1813700e-04
     47    116 0.0000000e+00 5.3595900e-04 3.4301200e-04
     47    116 1.0000000e+00 2.4251400e-03 1.5520800e-03
     47    117 0.0000000e+00 4.0882500e-04 2.6164700e-04
     47    117 1.0000000e+00 4.9005900e-03 3.1363700e-03
     47    118 0.0000000e+00 7.9825400e-04 5.1088300e-04
     47    118 1.0000000e+00 6.2659400e-03 4.0102000e-03
     47    119 0.0000000e+00 7.1384100e-03 4.5685900e-03
     47    120 0.0000000e+00 1.4012300e-03 8.9678300e-04
     47    120 1.0000000e+00 4.0089100e-03 2.5657000e-03
     47    121 0.0000000e+00 3.0697500e-03 1.9646400e-03
     47    122 0.0000000e+00 1.2738900e-03 5.7649400e-04
     47    123 0.0000000e+00 3.6715400e-04 2.3497800e-04
     47    124 0.0000000e+00 7.7647700e-05 4.9694500e-05
     47    125 0.0000000e+00 1.0487200e-05 6.7118300e-06
     47    126 0.0000000e+00 1.2921200e-06 8.2696000e-07
     47    127 0.0000000e+00 2.2933200e-07 1.4677200e-07
     47    128 0.0000000e+00 5.5891900e-08 3.5770800e-08
     47    129 0.0000000e+00 1.0952000e-09 7.0093100e-10
     47    130 0.0000000e+00 1.2620700e-10 8.0772800e-11
     47    131 0.0000000e+00 4.8337300e-12 3.0935900e-12
     47    132 0.0000000e+00 0.0000000e+00 0.0000000e+00
     47    133 0.0000000e+00 0.0000000e+00 0.0000000e+00
     48    108 0.0000000e+00 0.0000000e+00 0.0000000e+00
     48    109 0.0000000e+00 3.2052700e-13 2.0513800e-13
     48    110 0.0000000e+00 1.5425300e-11 9.8722300e-12
     48    111 0.0000000e+00 7.4306500e-11 4.7556100e-11
     48    111 1.0000000e+00 4.6027300e-10 2.9457500e-10
     48    112 0.0000000e+00 1.1518900e-08 7.3721200e-09
     48    113 0.0000000e+00 2.7191400e-08 1.7402500e-08
     48    113 1.0000000e+00 1.6843000e-07 1.0779500e-07
     48    114 0.0000000e+00 2.3037900e-06 1.4744200e-06
     48    115 0.0000000e+00 2.6745800e-06 1.7117300e-06
     48    115 1.0000000e+00 1.6567000e-05 1.0602900e-05
     48    116 0.0000000e+00 1.1500900e-04 7.3605900e-05
     48    117 0.0000000e+00 6.8404600e-05 4.3779000e-05
     48    117 1.0000000e+00 4.2371500e-04 2.7117700e-04
     48    118 0.0000000e+00 1.4835600e-03 9.4947800e-04
     48    119 0.0000000e+00 6.0754500e-04 3.8882800e-04
     48    119 1.0000000e+00 2.7865600e-03 1.7833900e-03
     48    120 0.0000000e+00 5.7434900e-03 3.6758300e-03
     48    121 0.0000000e+00 1.3338000e-03 8.5363000e-04
     48    121 1.0000000e+00 6.1176000e-03 3.9152500e-03
     48    122 0.0000000e+00 7.1917300e-03 4.6027100e-03
     48    123 0.0000000e+00 5.0751100e-03 3.2480700e-03
     48    124 0.0000000e+00 2.6479300e-03 1.6946800e-03
     48    125 0.0000000e+00 9.5523100e-04 6.1134800e-04
     48    126 0.0000000e+00 3.0672400e-04 1.9630400e-04
     48    127 0.0000000e+00 1.1368700e-04 7.2759600e-05
     48    128 0.0000000e+00 4.7007300e-05 3.0084600e-05
     48    129 0.0000000e+00 8.2825300e-06 5.3008200e-06
     48    130 0.0000000e+00 6.9614400e-07 4.4553300e-07
     48    131 0.0000000e+00 3.6555300e-08 2.3395400e-08
     48    132 0.0000000e+00 1.1919600e-09 7.6285400e-10
     48    133 0.0000000e+00 4.0947900e-11 2.6206600e-11
     48    134 0.0000000e+00 3.6560200e-13 2.3398500e-13
     48    135 0.0000000e+00 0.0000000e+00 0.0000000e+00
     48    136 0.0000000e+00 0.0000000e+00 0.0000000e+00
     49    110 0.0000000e+00 0.0000000e+00 0.0000000e+00
     49    110 1.0000000e+00 0.0000000e+00 0.0000000e+00
     49    111 0.0000000e+00 1.0189000e-14 6.5209400e-15
     49    111 1.0000000e+00 0.0000000e+00 0.0000000e+00
     49    112 0.0000000e+00 8.2399500e-14 5.2735700e-14
     49    112 1.0000000e+00 6.4679900e-13 4.1395200e-13
     49    113 0.0000000e+00 2.9281100e-11 1.8739900e-11
     49    113 1.0000000e+00 3.6931100e-12 2.3635900e-12
     49    114 0.0000000e+00 1.5430400e-10 9.8754500e-11
     49    114 1.0000000e+00 8.7438700e-10 5.5960800e-10
     49    115 0.0000000e+00 2.0093000e-08 1.2859500e-08
     49    115 1.0000000e+00 2.5342500e-09 1.6219200e-09
     49    116 0.0000000e+00 3.6600300e-08 2.3424100e-08
     49    116 1.0000000e+00 2.0705300e-07 1.3251400e-07
     49    116 2.0000000e+00 1.0457200e-07 6.6926100e-08
     49    117 0.0000000e+00 3.3781800e-06 2.1620400e-06
     49    117 1.0000000e+00 4.2607700e-07 2.7268900e-07
     49    118 0.0000000e+00 2.9416900e-06 1.8826800e-06
     49    118 1.0000000e+00 1.6641600e-05 1.0650600e-05
     49    118 2.0000000e+00 8.4048300e-06 5.3791000e-06
     49    119 0.0000000e+00 1.3894300e-04 8.8923500e-05
     49    119 1.0000000e+00 1.7524300e-05 1.1215600e-05
     49    120 0.0000000e+00 1.6274900e-04 1.0415900e-04
     49    120 1.0000000e+00 6.7508200e-04 3.2676300e-04
     49    121 0.0000000e+00 1.7081500e-03 1.0932100e-03
     49    121 1.0000000e+00 2.1544200e-04 1.3788300e-04
     49    122 0.0000000e+00 6.4169500e-04 4.1068600e-04
     49    122 1.0000000e+00 4.7057900e-03 2.4257900e-03
     49    123 0.0000000e+00 6.2509000e-03 4.0005700e-03
     49    123 1.0000000e+00 7.8840100e-04 5.0457700e-04
     49    124 0.0000000e+00 2.8918200e-03 1.8507700e-03
     49    124 1.0000000e+00 5.5391400e-03 3.5450500e-03
     49    125 0.0000000e+00 6.6361600e-03 4.2471500e-03
     49    125 1.0000000e+00 8.3699300e-04 5.3567600e-04
     49    126 0.0000000e+00 1.9902800e-03 1.2737800e-03
     49    126 1.0000000e+00 3.8122900e-03 2.4398600e-03
     49    127 0.0000000e+00 3.8022900e-03 2.4334700e-03
     49    127 1.0000000e+00 4.7956800e-04 3.0692400e-04
     49    128 0.0000000e+00 1.0029900e-03 6.4191400e-04
     49    128 1.0000000e+00 1.9211800e-03 1.2295500e-03
     49    129 0.0000000e+00 1.0372600e-03 6.6384300e-04
     49    129 1.0000000e+00 1.3082500e-04 8.3728000e-05
     49    130 0.0000000e+00 3.5263300e-04 1.1284300e-04
     49    131 0.0000000e+00 1.7258300e-05 1.1045300e-05
     49    131 1.0000000e+00 2.1523900e-06 1.3775300e-06
     49    131 2.0000000e+00 1.9997000e-05 1.5997600e-05
     49    132 0.0000000e+00 3.7261300e-06 2.3847200e-06
     49    133 0.0000000e+00 2.0730000e-07 1.3267200e-07
     49    134 0.0000000e+00 9.8361700e-09 6.2951500e-09
     49    135 0.0000000e+00 1.5759300e-10 1.0086000e-10
     49    136 0.0000000e+00 3.9164400e-12 2.5065200e-12
     49    137 0.0000000e+00 0.0000000e+00 0.0000000e+00
     49    138 0.0000000e+00 0.0000000e+00 0.0000000e+00
     50    113 0.0000000e+00 0.0000000e+00 0.0000000e+00
     50    113 1.0000000e+00 0.0000000e+00 0.0000000e+00
     50    114 0.0000000e+00 3.0149600e-14 1.9295700e-14
     50    115 0.0000000e+00 1.7829300e-12 1.1410800e-12
     50    116 0.0000000e+00 7.2919900e-11 4.6668700e-11
     50    117 0.0000000e+00 2.9238200e-10 1.8712400e-10
     50    117 1.0000000e+00 1.8110900e-09 1.1590900e-09
     50    118 0.0000000e+00 3.9464900e-08 2.5257500e-08
     50    119 0.0000000e+00 7.9179400e-08 5.0674800e-08
     50    119 1.0000000e+00 4.9045700e-07 3.1389300e-07
     50    120 0.0000000e+00 5.8195700e-06 3.7245300e-06
     50    121 0.0000000e+00 3.7367700e-05 2.3915300e-05
     50    121 1.0000000e+00 8.1471600e-06 5.2141800e-06
     50    122 0.0000000e+00 2.5147400e-04 1.6094300e-04
     50    123 0.0000000e+00 8.3782100e-04 5.3620500e-04
     50    123 1.0000000e+00 1.8266700e-04 1.1690700e-04
     50    124 0.0000000e+00 2.8588900e-03 1.8297000e-03
     50    125 0.0000000e+00 4.9870700e-03 3.1917300e-03
     50    125 1.0000000e+00 1.0873100e-03 6.9587900e-04
     50    126 0.0000000e+00 1.0757300e-02 3.4423300e-03
     50    127 0.0000000e+00 1.2258300e-02 3.9226700e-03
     50    127 1.0000000e+00 2.6726400e-03 1.7105000e-03
     50    128 0.0000000e+00 1.6127300e-02 7.2983700e-03
     50    129 0.0000000e+00 2.4445600e-03 7.8226000e-04
     50    129 1.0000000e+00 1.1212200e-02 7.1757900e-03
     50    130 0.0000000e+00 1.4071000e-03 9.0054500e-04
     50    130 1.0000000e+00 6.3669400e-03 4.0748400e-03
     50    131 0.0000000e+00 5.4757000e-04 3.5044500e-04
     50    131 1.0000000e+00 2.5114800e-03 1.6073500e-03
     50    132 0.0000000e+00 8.1572100e-04 5.2206200e-04
     50    133 0.0000000e+00 1.3022500e-04 8.3343500e-05
     50    134 0.0000000e+00 1.7508800e-05 1.1205600e-05
     50    135 0.0000000e+00 1.1918100e-06 7.6275300e-07
     50    136 0.0000000e+00 5.7694900e-08 3.6924800e-08
     50    137 0.0000000e+00 2.0233300e-09 1.2949300e-09
     50    138 0.0000000e+00 4.6776900e-11 2.9937200e-11
     50    139 0.0000000e+00 2.8881200e-12 1.8483900e-12
     50    140 0.0000000e+00 0.0000000e+00 0.0000000e+00
     51    116 0.0000000e+00 0.0000000e+00 0.0000000e+00
     51    116 1.0000000e+00 0.0000000e+00 0.0000000e+00
     51    117 0.0000000e+00 7.7026600e-14 4.9297000e-14
     51    118 0.0000000e+00 9.7129300e-13 6.2162700e-13
     51    118 1.0000000e+00 2.7788700e-12 1.7784800e-12
     51    119 0.0000000e+00 1.4423700e-10 9.2311800e-11
     51    120 0.0000000e+00 1.0065800e-09 6.4421100e-10
     51    120 1.0000000e+00 2.8798100e-09 1.8430800e-09
     51    121 0.0000000e+00 8.1434000e-08 5.2117700e-08
     51    122 0.0000000e+00 3.5906500e-07 2.2980100e-07
     51    122 1.0000000e+00 8.2989100e-07 5.3113000e-07
     51    123 0.0000000e+00 1.2851100e-05 8.2247300e-06
     51    124 0.0000000e+00 1.4222500e-05 9.1024200e-06
     51    124 1.0000000e+00 4.9687600e-05 3.1800100e-05
     51    124 2.0000000e+00 2.7259800e-05 1.7446300e-05
     51    125 0.0000000e+00 4.9984200e-04 3.1989900e-04
     51    126 0.0000000e+00 1.2041100e-03 7.7063100e-04
     51    126 1.0000000e+00 1.3580700e-03 6.4763300e-04
     51    127 0.0000000e+00 5.5421400e-03 3.5469700e-03
     51    128 0.0000000e+00 5.3578600e-03 3.4290300e-03
     51    128 1.0000000e+00 4.0254300e-03 2.5762800e-03
     51    129 0.0000000e+00 2.9138800e-03 9.3244100e-04
     51    129 1.0000000e+00 9.3546700e-03 7.4837400e-03
     51    130 0.0000000e+00 1.2338500e-02 3.9483300e-03
     51    130 1.0000000e+00 9.2700800e-03 5.9328500e-03
     51    131 0.0000000e+00 2.0799900e-02 6.6559500e-03
     51    132 0.0000000e+00 5.5387500e-03 3.5448000e-03
     51    132 1.0000000e+00 8.8103400e-03 5.6386100e-03
     51    133 0.0000000e+00 6.1405100e-03 3.9299300e-03
     51    134 0.0000000e+00 4.0292700e-04 2.5787400e-04
     51    134 1.0000000e+00 1.8231900e-03 1.1668400e-03
     51    135 0.0000000e+00 4.1994100e-04 2.6876200e-04
     51    136 0.0000000e+00 5.6963700e-05 3.6456700e-05
     51    137 0.0000000e+00 5.6793300e-06 3.6347800e-06
     51    138 0.0000000e+00 3.6860600e-07 2.3590800e-07
     51    139 0.0000000e+00 1.4621100e-08 9.3575400e-09
     51    140 0.0000000e+00 2.3440300e-10 1.5001800e-10
     51    141 0.0000000e+00 2.9575900e-11 1.8928600e-11
     51    142 0.0000000e+00 0.0000000e+00 0.0000000e+00
     51    143 0.0000000e+00 0.0000000e+00 0.0000000e+00
     52    119 0.0000000e+00 0.0000000e+00 0.0000000e+00
     52    119 1.0000000e+00 0.0000000e+00 0.0000000e+00
     52    120 0.0000000e+00 1.7228300e-13 1.1026100e-13
     52    121 0.0000000e+00 1.3755800e-12 8.8037300e-13
     52    121 1.0000000e+00 8.5206900e-12 5.4532400e-12
     52    122 0.0000000e+00 3.9364700e-10 2.5193500e-10
     52    123 0.0000000e+00 1.6359300e-09 1.0470000e-09
     52    123 1.0000000e+00 1.0133400e-08 6.4853900e-09
     52    124 0.0000000e+00 2.2436900e-07 1.4359600e-07
     52    125 0.0000000e+00 4.7268200e-07 3.0251600e-07
     52    125 1.0000000e+00 2.9279100e-06 1.8738700e-06
     52    126 0.0000000e+00 3.6920700e-05 2.3629200e-05
     52    127 0.0000000e+00 3.5061100e-05 2.2439100e-05
     52    127 1.0000000e+00 1.6081100e-04 1.0291900e-04
     52    128 0.0000000e+00 5.3839500e-04 3.4457300e-04
     52    129 0.0000000e+00 3.5703700e-04 2.2850400e-04
     52    129 1.0000000e+00 1.6375800e-03 1.0480500e-03
     52    130 0.0000000e+00 6.3947600e-03 4.0926500e-03
     52    131 0.0000000e+00 2.8666300e-03 1.8346400e-03
     52    131 1.0000000e+00 1.3148100e-02 4.2073700e-03
     52    132 0.0000000e+00 2.4728200e-02 7.9130400e-03
     52    133 0.0000000e+00 4.7078300e-03 3.0130100e-03
     52    133 1.0000000e+00 2.1592900e-02 6.9097300e-03
     52    134 0.0000000e+00 2.3643400e-02 7.5659100e-03
     52    135 0.0000000e+00 1.1458800e-02 3.6668200e-03
     52    136 0.0000000e+00 4.1250000e-03 2.6400000e-03
     52    137 0.0000000e+00 1.1210600e-03 7.1748000e-04
     52    138 0.0000000e+00 1.9716400e-04 1.2618500e-04
     52    139 0.0000000e+00 2.2156400e-05 1.4180100e-05
     52    140 0.0000000e+00 1.7726800e-06 1.1345200e-06
     52    141 0.0000000e+00 2.2367000e-07 1.4314800e-07
     52    142 0.0000000e+00 3.3154500e-09 2.1218900e-09
     52    143 0.0000000e+00 7.0927200e-11 4.5393400e-11
     52    144 0.0000000e+00 7.5333700e-12 4.8213600e-12
     52    145 0.0000000e+00 0.0000000e+00 0.0000000e+00
     53    122 0.0000000e+00 0.0000000e+00 0.0000000e+00
     53    123 0.0000000e+00 7.2719600e-13 4.6540600e-13
     53    124 0.0000000e+00 0.0000000e+00 0.0000000e+00
     53    125 0.0000000e+00 1.6427000e-09 1.0513300e-09
     53    126 0.0000000e+00 4.8079100e-08 3.0770600e-08
     53    127 0.0000000e+00 5.3487900e-07 3.4232300e-07
     53    128 0.0000000e+00 2.4840900e-06 1.5898200e-06
     53    129 0.0000000e+00 2.1014600e-05 1.3449300e-05
     53    130 0.0000000e+00 1.4392200e-04 9.2110200e-05
     53    130 1.0000000e+00 3.1806900e-05 2.0356400e-05
     53    131 0.0000000e+00 1.0542700e-03 6.7472900e-04
     53    132 0.0000000e+00 1.5543500e-03 9.9478400e-04
     53    132 1.0000000e+00 2.5253100e-03 1.6162000e-03
     53    133 0.0000000e+00 5.0693800e-03 3.2444000e-03
     53    133 1.0000000e+00 6.8867000e-03 4.4074900e-03
     53    134 0.0000000e+00 9.9186700e-03 3.1739900e-03
     53    134 1.0000000e+00 1.5777400e-02 5.0487500e-03
     53    135 0.0000000e+00 2.9767100e-02 9.5254700e-03
     53    136 0.0000000e+00 4.7316600e-03 1.5141300e-03
     53    136 1.0000000e+00 2.1410100e-02 6.8512600e-03
     53    137 0.0000000e+00 1.7898600e-02 5.7275600e-03
     53    138 0.0000000e+00 8.0017500e-03 5.1211100e-03
     53    139 0.0000000e+00 2.4142200e-03 1.5451000e-03
     53    140 0.0000000e+00 5.3042200e-04 3.3947000e-04
     53    141 0.0000000e+00 7.7634400e-05 4.9686000e-05
     53    142 0.0000000e+00 7.7227000e-06 4.9425300e-06
     53    143 0.0000000e+00 3.5907100e-07 2.2980500e-07
     53    144 0.0000000e+00 3.8137900e-08 2.4408300e-08
     53    145 0.0000000e+00 1.7216000e-10 1.1018200e-10
     53    146 0.0000000e+00 7.0320800e-12 4.5005400e-12
     53    147 0.0000000e+00 0.0000000e+00 0.0000000e+00
     53    148 0.0000000e+00 0.0000000e+00 0.0000000e+00
     54    125 0.0000000e+00 5.2386200e-14 2.3707300e-14
     54    126 0.0000000e+00 4.2069200e-12 2.6924300e-12
     54    127 0.0000000e+00 1.1218500e-11 7.1798100e-12
     54    127 1.0000000e+00 8.8946300e-11 5.6925600e-11
     54    128 0.0000000e+00 8.0031600e-10 5.1220300e-10
     54    129 0.0000000e+00 2.2276600e-09 1.4257000e-09
     54    129 1.0000000e+00 1.3798700e-08 8.8311600e-09
     54    130 0.0000000e+00 3.6860600e-07 2.3590800e-07
     54    131 0.0000000e+00 1.2676100e-06 8.1127200e-07
     54    131 1.0000000e+00 5.8140300e-06 3.7209800e-06
     54    132 0.0000000e+00 7.1157000e-05 4.5540500e-05
     54    133 0.0000000e+00 9.3959500e-05 6.0134100e-05
     54    133 1.0000000e+00 4.3095400e-04 2.7581000e-04
     54    134 0.0000000e+00 5.2088900e-04 3.3336900e-04
     54    134 1.0000000e+00 2.3569500e-03 1.5084500e-03
     54    135 0.0000000e+00 1.4732400e-03 9.4287000e-04
     54    135 1.0000000e+00 6.7571400e-03 4.3245800e-03
     54    136 0.0000000e+00 1.7396100e-02 5.5667500e-03
     54    137 0.0000000e+00 2.8292600e-02 9.0536300e-03
     54    138 0.0000000e+00 2.9815300e-02 9.5408900e-03
     54    139 0.0000000e+00 2.2253000e-02 7.1209700e-03
     54    140 0.0000000e+00 1.2491500e-02 3.9972800e-03
     54    141 0.0000000e+00 4.8430400e-03 3.0995500e-03
     54    142 0.0000000e+00 1.2709300e-03 8.1339500e-04
     54    143 0.0000000e+00 3.3325800e-05 2.1328500e-05
     54    143 1.0000000e+00 1.5285200e-04 9.7825200e-05
     54    144 0.0000000e+00 1.9774500e-05 1.2655700e-05
     54    145 0.0000000e+00 1.3019700e-06 8.3326000e-07
     54    146 0.0000000e+00 5.3180400e-08 3.4035500e-08
     54    147 0.0000000e+00 1.9008200e-10 1.2165300e-10
     54    148 0.0000000e+00 1.5124800e-11 9.6799200e-12
     54    149 0.0000000e+00 1.5843700e-12 1.0139900e-12
     54    150 0.0000000e+00 0.0000000e+00 0.0000000e+00
     55    128 0.0000000e+00 0.0000000e+00 0.0000000e+00
     55    129 0.0000000e+00 8.1333700e-13 5.2053600e-13
     55    130 0.0000000e+00 0.0000000e+00 0.0000000e+00
     55    131 0.0000000e+00 2.9147900e-09 1.8654600e-09
     55    132 0.0000000e+00 8.5440500e-08 5.4681900e-08
     55    133 0.0000000e+00 1.8129800e-06 1.1603100e-06
     55    134 0.0000000e+00 1.0562900e-05 6.7602500e-06
     55    134 1.0000000e+00 1.6802100e-05 1.0753400e-05
     55    135 0.0000000e+00 8.8999400e-05 5.6959900e-05
     55    135 1.0000000e+00 1.2090500e-04 7.7379500e-05
     55    136 0.0000000e+00 4.9493600e-04 3.1675900e-04
     55    136 1.0000000e+00 6.5876100e-04 4.2160700e-04
     55    137 0.0000000e+00 4.7304300e-03 3.0274800e-03
     55    138 0.0000000e+00 3.0732600e-03 1.9668800e-03
     55    138 1.0000000e+00 8.7926000e-03 3.9566700e-03
     55    139 0.0000000e+00 2.1149000e-02 6.7676800e-03
     55    140 0.0000000e+00 2.8356500e-02 9.0740700e-03
     55    141 0.0000000e+00 2.6718600e-02 8.5499500e-03
     55    142 0.0000000e+00 1.7150000e-02 5.4880100e-03
     55    143 0.0000000e+00 6.5205600e-03 4.1731600e-03
     55    144 0.0000000e+00 1.8517000e-03 1.1850900e-03
     55    145 0.0000000e+00 3.4152200e-04 2.1857400e-04
     55    146 0.0000000e+00 4.0186100e-05 2.5719100e-05
     55    147 0.0000000e+00 9.6229700e-07 6.1587100e-07
     55    148 0.0000000e+00 1.1018100e-07 7.0516000e-08
     55    149 0.0000000e+00 8.0209200e-09 5.1333800e-09
     55    150 0.0000000e+00 4.4272800e-11 2.8334600e-11
     55    151 0.0000000e+00 2.4808300e-12 1.5877400e-12
     55    152 0.0000000e+00 0.0000000e+00 0.0000000e+00
     56    131 0.0000000e+00 7.8729500e-14 5.0386800e-14
     56    132 0.0000000e+00 6.9013500e-12 4.4168600e-12
     56    133 0.0000000e+00 8.3991200e-12 5.3754400e-12
     56    133 1.0000000e+00 0.0000000e+00 0.0000000e+00
     56    134 0.0000000e+00 1.8730800e-08 1.1987700e-08
     56    135 0.0000000e+00 7.2793700e-08 4.6588100e-08
     56    135 1.0000000e+00 3.3387500e-07 2.1368100e-07
     56    136 0.0000000e+00 1.1258600e-06 7.2055200e-07
     56    136 1.0000000e+00 5.0943600e-06 3.2604000e-06
     56    137 0.0000000e+00 1.2423300e-05 7.9509400e-06
     56    137 1.0000000e+00 5.6980800e-05 3.6467700e-05
     56    138 0.0000000e+00 4.4971900e-04 2.8782000e-04
     56    139 0.0000000e+00 2.0557400e-03 1.3156700e-03
     56    140 0.0000000e+00 6.8330100e-03 4.3731200e-03
     56    141 0.0000000e+00 1.5541300e-02 4.9732000e-03
     56    142 0.0000000e+00 2.3245100e-02 7.4384300e-03
     56    143 0.0000000e+00 2.1224700e-02 6.7919300e-03
     56    144 0.0000000e+00 1.4816100e-02 4.7411700e-03
     56    145 0.0000000e+00 7.1195900e-03 4.5565300e-03
     56    146 0.0000000e+00 2.2596700e-03 1.4461900e-03
     56    147 0.0000000e+00 4.9894900e-04 3.1932700e-04
     56    148 0.0000000e+00 5.4479600e-05 3.4866900e-05
     56    149 0.0000000e+00 4.1588300e-06 2.6616500e-06
     56    150 0.0000000e+00 2.0834200e-07 1.3333900e-07
     56    151 0.0000000e+00 1.8761400e-08 1.2007300e-08
     56    152 0.0000000e+00 1.4123300e-10 9.0388700e-11
     56    153 0.0000000e+00 3.6200400e-12 2.3168200e-12
     56    154 0.0000000e+00 2.1134700e-14 1.3526200e-14
     57    133 0.0000000e+00 0.0000000e+00 0.0000000e+00
     57    134 0.0000000e+00 0.0000000e+00 0.0000000e+00
     57    135 0.0000000e+00 5.3588100e-11 3.4296400e-11
     57    136 0.0000000e+00 2.9896200e-09 2.3916900e-09
     57    137 0.0000000e+00 7.4923200e-08 4.7950900e-08
     57    138 0.0000000e+00 1.3321900e-06 8.5260200e-07
     57    139 0.0000000e+00 1.6757600e-05 1.0724800e-05
     57    140 0.0000000e+00 1.5003700e-04 9.6023500e-05
     57    141 0.0000000e+00 8.9175600e-04 5.7072400e-04
     57    142 0.0000000e+00 3.2946900e-03 2.1086100e-03
     57    143 0.0000000e+00 7.3656800e-03 4.7140400e-03
     57    144 0.0000000e+00 1.2324200e-02 3.9437600e-03
     57    145 0.0000000e+00 1.4443300e-02 4.6218400e-03
     57    146 0.0000000e+00 2.5233500e-03 1.6149400e-03
     57    146 1.0000000e+00 8.8430800e-03 5.6595600e-03
     57    147 0.0000000e+00 6.5869000e-03 4.2156200e-03
     57    148 0.0000000e+00 2.0517700e-03 1.3131300e-03
     57    149 0.0000000e+00 4.5396600e-04 2.9053800e-04
     57    150 0.0000000e+00 6.7490900e-05 4.3194200e-05
     57    151 0.0000000e+00 6.5119700e-06 4.1676600e-06
     57    152 0.0000000e+00 4.0767000e-07 2.6090900e-07
     57    153 0.0000000e+00 1.8326500e-08 1.1729000e-08
     57    154 0.0000000e+00 5.3888600e-10 3.4488700e-10
     57    155 0.0000000e+00 6.1050700e-12 3.9072400e-12
     57    156 0.0000000e+00 2.1851100e-13 1.3984700e-13
     57    157 0.0000000e+00 0.0000000e+00 0.0000000e+00
     58    135 0.0000000e+00 0.0000000e+00 0.0000000e+00
     58    136 0.0000000e+00 0.0000000e+00 0.0000000e+00
     58    137 0.0000000e+00 1.7394800e-13 1.1132700e-13
     58    137 1.0000000e+00 0.0000000e+00 0.0000000e+00
     58    138 0.0000000e+00 2.7044500e-10 1.7308500e-10
     58    139 0.0000000e+00 1.7499200e-09 1.1199500e-09
     58    139 1.0000000e+00 8.0261500e-09 5.1367400e-09
     58    140 0.0000000e+00 2.4740600e-07 1.5834000e-07
     58    141 0.0000000e+00 4.1067500e-06 2.6283200e-06
     58    142 0.0000000e+00 4.0456600e-05 2.5892200e-05
     58    143 0.0000000e+00 2.4079600e-04 1.5410900e-04
     58    144 0.0000000e+00 1.0387400e-03 6.6479300e-04
     58    145 0.0000000e+00 3.1038800e-03 1.9864900e-03
     58    146 0.0000000e+00 6.0454100e-03 3.8690700e-03
     58    147 0.0000000e+00 8.7371500e-03 5.5917900e-03
     58    148 0.0000000e+00 7.1533300e-03 4.5781200e-03
     58    149 0.0000000e+00 4.1872200e-03 2.6798100e-03
     58    150 0.0000000e+00 1.7115600e-03 1.0954000e-03
     58    151 0.0000000e+00 4.6126800e-04 2.9521200e-04
     58    152 0.0000000e+00 8.2575800e-05 5.2848500e-05
     58    153 0.0000000e+00 1.0617500e-05 6.7951800e-06
     58    154 0.0000000e+00 9.0849400e-07 5.8143600e-07
     58    155 0.0000000e+00 4.6169900e-08 2.9548700e-08
     58    156 0.0000000e+00 1.6525000e-09 1.0576000e-09
     58    157 0.0000000e+00 3.2653700e-11 2.0898400e-11
     58    158 0.0000000e+00 6.0399400e-13 3.8655500e-13
     58    159 0.0000000e+00 0.0000000e+00 0.0000000e+00
     58    160 0.0000000e+00 0.0000000e+00 0.0000000e+00
     59    138 0.0000000e+00 0.0000000e+00 0.0000000e+00
     59    138 1.0000000e+00 0.0000000e+00 0.0000000e+00
     59    139 0.0000000e+00 3.7762100e-13 2.4167800e-13
     59    140 0.0000000e+00 2.7745600e-11 1.7757200e-11
     59    141 0.0000000e+00 1.3221700e-09 8.4619100e-10
     59    142 0.0000000e+00 6.5630000e-09 4.2003300e-09
     59    142 1.0000000e+00 2.9696700e-08 1.9005900e-08
     59    143 0.0000000e+00 6.0699800e-07 3.8847900e-07
     59    144 0.0000000e+00 4.2084400e-07 2.6934000e-07
     59    144 1.0000000e+00 6.8350800e-06 4.3744600e-06
     59    145 0.0000000e+00 6.0098900e-05 3.8463300e-05
     59    146 0.0000000e+00 3.1479700e-04 2.0147100e-04
     59    147 0.0000000e+00 1.2088200e-03 7.7364300e-04
     59    148 0.0000000e+00 3.0001700e-04 1.9201200e-04
     59    148 1.0000000e+00 2.3550000e-03 1.5072100e-03
     59    149 0.0000000e+00 3.9774900e-03 2.5455900e-03
     59    150 0.0000000e+00 4.1547000e-03 2.6590100e-03
     59    151 0.0000000e+00 2.8574800e-03 1.8287800e-03
     59    152 0.0000000e+00 1.3508400e-03 8.6453800e-04
     59    153 0.0000000e+00 4.6443300e-04 2.9723700e-04
     59    154 0.0000000e+00 1.0975100e-04 7.0240300e-05
     59    155 0.0000000e+00 1.5806000e-05 1.0115800e-05
     59    156 0.0000000e+00 1.6326900e-06 1.0449100e-06
     59    157 0.0000000e+00 9.4355200e-08 6.0387300e-08
     59    158 0.0000000e+00 5.0182500e-09 3.2116800e-09
     59    159 0.0000000e+00 1.6026400e-10 1.0256900e-10
     59    160 0.0000000e+00 3.1551900e-12 2.0193200e-12
     59    161 0.0000000e+00 7.5883000e-14 4.8565100e-14
     59    162 0.0000000e+00 0.0000000e+00 0.0000000e+00
     60    141 0.0000000e+00 8.9862700e-16 5.7511900e-16
     60    142 0.0000000e+00 2.1635600e-12 1.3846800e-12
     60    143 0.0000000e+00 1.0517300e-10 6.7310700e-11
     60    144 0.0000000e+00 3.5959100e-09 2.3013900e-09
     60    145 0.0000000e+00 8.6943000e-08 5.5643500e-08
     60    146 0.0000000e+00 1.3021500e-06 8.3337000e-07
     60    147 0.0000000e+00 1.4473800e-05 9.2632300e-06
     60    148 0.0000000e+00 9.3473700e-05 5.9823200e-05
     60    149 0.0000000e+00 3.8659600e-04 2.4742100e-04
     60    150 0.0000000e+00 1.0725100e-03 6.8640900e-04
     60    151 0.0000000e+00 1.8584700e-03 1.1894200e-03
     60    152 0.0000000e+00 2.1903700e-03 1.4018400e-03
     60    153 0.0000000e+00 1.8569600e-03 1.1884600e-03
     60    154 0.0000000e+00 1.1127400e-03 7.1215300e-04
     60    155 0.0000000e+00 4.2089200e-04 2.6937100e-04
     60    156 0.0000000e+00 1.1822400e-04 7.5663600e-05
     60    157 0.0000000e+00 1.9121500e-05 1.2237700e-05
     60    158 0.0000000e+00 2.8346700e-06 1.8141800e-06
     60    159 0.0000000e+00 2.6243200e-07 1.6795600e-07
     60    160 0.0000000e+00 1.4824400e-08 9.4876000e-09
     60    161 0.0000000e+00 5.7386800e-10 3.6727600e-10
     60    162 0.0000000e+00 1.5124800e-11 9.6799200e-12
     60    163 0.0000000e+00 2.8046100e-13 1.7949500e-13
     60    164 0.0000000e+00 0.0000000e+00 0.0000000e+00
     61    144 0.0000000e+00 1.1819400e-13 7.5644400e-14
     61    145 0.0000000e+00 8.5039900e-12 5.4425500e-12
     61    146 0.0000000e+00 3.7862200e-10 2.4231800e-10
     61    147 0.0000000e+00 1.2620700e-08 8.0772900e-09
     61    148 0.0000000e+00 4.6212900e-08 2.9576300e-08
     61    148 1.0000000e+00 2.0910700e-07 1.3382900e-07
     61    149 0.0000000e+00 3.1551900e-06 2.0193200e-06
     61    150 0.0000000e+00 2.5381700e-05 1.6244400e-05
     61    151 0.0000000e+00 1.2031800e-04 7.7003400e-05
     61    152 0.0000000e+00 3.1764000e-05 2.0329000e-05
     61    152 1.0000000e+00 2.5037500e-04 1.6024000e-04
     61    152 2.0000000e+00 9.1181500e-05 5.8356100e-05
     61    153 0.0000000e+00 7.8910700e-04 5.0502900e-04
     61    154 0.0000000e+00 1.0803200e-03 6.9140300e-04
     61    154 1.0000000e+00 7.5102300e-05 4.8065400e-05
     61    155 0.0000000e+00 1.0688800e-03 6.8408200e-04
     61    156 0.0000000e+00 7.4958200e-04 4.7973300e-04
     61    157 0.0000000e+00 3.1286500e-04 2.0023300e-04
     61    158 0.0000000e+00 1.2094900e-04 7.7407300e-05
     61    159 0.0000000e+00 3.0870800e-05 1.9757200e-05
     61    160 0.0000000e+00 4.8179200e-06 3.0834700e-06
     61    161 0.0000000e+00 5.0883700e-07 3.2565500e-07
     61    162 0.0000000e+00 3.8162700e-08 2.4424200e-08
     61    163 0.0000000e+00 1.9832600e-09 1.2692900e-09
     61    164 0.0000000e+00 7.5123500e-11 4.8079100e-11
     61    165 0.0000000e+00 1.8129800e-12 1.1603100e-12
     61    166 0.0000000e+00 4.2245500e-14 2.7037100e-14
     62    146 0.0000000e+00 0.0000000e+00 0.0000000e+00
     62    147 0.0000000e+00 7.3420700e-13 4.6989300e-13
     62    148 0.0000000e+00 4.7878700e-11 3.0642400e-11
     62    149 0.0000000e+00 1.8330100e-09 1.1731300e-09
     62    150 0.0000000e+00 4.5374600e-08 2.9039800e-08
     62    151 0.0000000e+00 6.3203900e-07 4.0450600e-07
     62    152 0.0000000e+00 5.6192400e-06 3.5963100e-06
     62    153 0.0000000e+00 3.2192900e-05 2.0603500e-05
     62    154 0.0000000e+00 1.2345300e-04 7.9009900e-05
     62    155 0.0000000e+00 2.8878500e-04 1.8482200e-04
     62    156 0.0000000e+00 4.9853000e-04 3.1905900e-04
     62    157 0.0000000e+00 5.0730400e-04 3.2467500e-04
     62    158 0.0000000e+00 4.7267800e-04 3.0251400e-04
     62    159 0.0000000e+00 3.0570300e-04 1.9565000e-04
     62    160 0.0000000e+00 1.2224100e-04 7.8234300e-05
     62    161 0.0000000e+00 3.3294700e-05 2.1308700e-05
     62    162 0.0000000e+00 6.7911700e-06 4.3463500e-06
     62    163 0.0000000e+00 9.5356800e-07 6.1028300e-07
     62    164 0.0000000e+00 9.9563700e-08 6.3720800e-08
     62    165 0.0000000e+00 6.6609500e-09 4.2630100e-09
     62    166 0.0000000e+00 3.1948300e-10 2.0446900e-10
     62    167 0.0000000e+00 9.6859300e-12 6.1989900e-12
     62    168 0.0000000e+00 2.1134700e-13 1.3526200e-13
     63    149 0.0000000e+00 7.1016700e-14 4.5450800e-14
     63    150 0.0000000e+00 0.0000000e+00 0.0000000e+00
     63    150 1.0000000e+00 0.0000000e+00 0.0000000e+00
     63    151 0.0000000e+00 2.3338400e-10 1.4936600e-10
     63    152 0.0000000e+00 2.0933700e-09 1.3397600e-09
     63    152 1.0000000e+00 1.3083500e-10 8.3734700e-11
     63    152 2.0000000e+00 4.0060600e-09 2.5638800e-09
     63    153 0.0000000e+00 1.0317000e-07 6.6028500e-08
     63    154 0.0000000e+00 3.8135700e-07 2.4406900e-07
     63    154 1.0000000e+00 7.3047100e-07 4.6750200e-07
     63    155 0.0000000e+00 7.1818100e-06 4.5963600e-06
     63    156 0.0000000e+00 3.3064400e-05 2.1161200e-05
     63    157 0.0000000e+00 8.6542300e-05 5.5387000e-05
     63    158 0.0000000e+00 1.9639300e-04 1.2569100e-04
     63    159 0.0000000e+00 3.1044000e-04 1.9868200e-04
     63    160 0.0000000e+00 2.9676800e-04 1.8993200e-04
     63    161 0.0000000e+00 1.9239600e-04 1.2313400e-04
     63    162 0.0000000e+00 9.8522100e-05 6.3054100e-05
     63    163 0.0000000e+00 3.5027600e-05 2.2417700e-05
     63    164 0.0000000e+00 9.5457000e-06 6.1092400e-06
     63    165 0.0000000e+00 1.7028000e-06 1.0898000e-06
     63    166 0.0000000e+00 2.2336800e-07 1.4295500e-07
     63    167 0.0000000e+00 1.8730800e-08 1.1987700e-08
     63    168 0.0000000e+00 1.1418800e-09 7.3080200e-10
     63    169 0.0000000e+00 4.5666100e-11 2.9226300e-11
     63    170 0.0000000e+00 1.2420400e-12 7.9490700e-13
     64    151 0.0000000e+00 0.0000000e+00 0.0000000e+00
     64    152 0.0000000e+00 4.6376200e-13 2.9680800e-13
     64    153 0.0000000e+00 2.2737400e-11 1.4551900e-11
     64    154 0.0000000e+00 7.2419100e-10 4.6348200e-10
     64    155 0.0000000e+00 1.3522200e-08 8.6542300e-09
     64    156 0.0000000e+00 1.7829300e-07 1.1410800e-07
     64    157 0.0000000e+00 1.3021500e-06 8.3337000e-07
     64    158 0.0000000e+00 7.8128500e-06 5.0002200e-06
     64    159 0.0000000e+00 3.2393300e-05 2.0731700e-05
     64    160 0.0000000e+00 7.6606000e-05 4.9027900e-05
     64    161 0.0000000e+00 1.1702300e-04 7.4894300e-05
     64    162 0.0000000e+00 1.4288500e-04 9.1446400e-05
     64    163 0.0000000e+00 1.1937700e-04 7.6400800e-05
     64    164 0.0000000e+00 7.8248700e-05 5.0079200e-05
     64    165 0.0000000e+00 3.4747200e-05 2.2238100e-05
     64    166 0.0000000e+00 1.1649200e-05 7.4554600e-06
     64    167 0.0000000e+00 2.5642200e-06 1.6411000e-06
     64    168 0.0000000e+00 4.2069200e-07 2.6924300e-07
     64    169 0.0000000e+00 4.6276100e-08 2.9616700e-08
     64    170 0.0000000e+00 3.4857300e-09 2.2308700e-09
     64    171 0.0000000e+00 1.7426400e-10 1.1152900e-10
     64    172 0.0000000e+00 6.3295700e-12 4.0509200e-12
     65    154 0.0000000e+00 0.0000000e+00 0.0000000e+00
     65    154 1.0000000e+00 0.0000000e+00 0.0000000e+00
     65    154 2.0000000e+00 0.0000000e+00 0.0000000e+00
     65    155 0.0000000e+00 1.7428700e-12 1.1154300e-12
     65    156 0.0000000e+00 2.0065600e-11 1.2842000e-11
     65    156 1.0000000e+00 1.2161000e-12 7.7830400e-13
     65    156 2.0000000e+00 5.7194300e-11 4.5755500e-11
     65    157 0.0000000e+00 1.4423700e-09 9.2311800e-10
     65    158 0.0000000e+00 2.2890600e-08 1.4650000e-08
     65    158 1.0000000e+00 1.4094000e-09 9.0201500e-10
     65    159 0.0000000e+00 2.8546900e-07 1.8270000e-07
     65    160 0.0000000e+00 1.8129800e-06 1.1603100e-06
     65    161 0.0000000e+00 7.0516000e-06 4.5130200e-06
     65    162 0.0000000e+00 2.1695600e-05 9.8183400e-06
     65    163 0.0000000e+00 4.3321300e-05 2.7725600e-05
     65    164 0.0000000e+00 6.6499400e-05 4.2559500e-05
     65    165 0.0000000e+00 6.8913300e-05 4.4104500e-05
     65    166 0.0000000e+00 5.4689900e-05 3.5001500e-05
     65    167 0.0000000e+00 2.9318200e-05 1.8763700e-05
     65    168 0.0000000e+00 1.2069900e-05 7.7247000e-06
     65    169 0.0000000e+00 3.4356500e-06 2.1988200e-06
     65    170 0.0000000e+00 6.8813100e-07 4.4040500e-07
     65    171 0.0000000e+00 9.3553900e-08 5.9874400e-08
     65    172 0.0000000e+00 9.3353500e-09 5.9746300e-09
     66    157 0.0000000e+00 1.0717600e-13 6.8592800e-14
     66    158 0.0000000e+00 5.2286000e-12 3.3463000e-12
     66    159 0.0000000e+00 1.8029700e-10 1.1538900e-10
     66    160 0.0000000e+00 3.2453400e-09 2.0770100e-09
     66    161 0.0000000e+00 3.4256300e-08 2.1924100e-08
     66    162 0.0000000e+00 2.8747300e-07 1.8398300e-07
     66    163 0.0000000e+00 1.4924600e-06 9.5517100e-07
     66    164 0.0000000e+00 5.7394400e-06 3.6732400e-06
     66    165 0.0000000e+00 1.3359300e-05 8.5499600e-06
     66    165 1.0000000e+00 1.1144800e-06 7.1327300e-07
     66    166 0.0000000e+00 2.7194700e-05 1.7404600e-05
     66    167 0.0000000e+00 3.4026000e-05 2.1776600e-05
     66    168 0.0000000e+00 3.2803900e-05 2.0994500e-05
     66    169 0.0000000e+00 2.2326700e-05 1.4289100e-05
     66    170 0.0000000e+00 1.0998100e-05 7.0387800e-06
     66    171 0.0000000e+00 3.7962500e-06 2.4295900e-06
     66    172 0.0000000e+00 9.9062900e-07 6.3400300e-07
     67    160 0.0000000e+00 0.0000000e+00 0.0000000e+00
     67    160 1.0000000e+00 0.0000000e+00 0.0000000e+00
     67    161 0.0000000e+00 1.0737300e-11 6.8719200e-12
     67    161 1.0000000e+00 8.9574800e-13 5.7327800e-13
     67    162 0.0000000e+00 5.0419000e-11 3.2268100e-11
     67    162 1.0000000e+00 2.2813900e-10 1.4600900e-10
     67    163 0.0000000e+00 3.6481600e-09 2.3348200e-09
     67    163 1.0000000e+00 3.0434200e-10 1.9477900e-10
     67    164 0.0000000e+00 7.4495400e-09 4.7677100e-09
     67    164 1.0000000e+00 3.3708200e-08 2.1573200e-08
     67    165 0.0000000e+00 2.7345000e-07 1.7500800e-07
     67    166 0.0000000e+00 2.3876900e-07 1.5281200e-07
     67    166 1.0000000e+00 1.0804000e-06 6.9145600e-07
     67    167 0.0000000e+00 4.0867200e-06 2.6155000e-06
     67    168 0.0000000e+00 9.4856000e-06 6.0707800e-06
     67    169 0.0000000e+00 1.5185000e-05 9.7183800e-06
     67    170 0.0000000e+00 1.4274100e-05 9.1354100e-06
     67    170 1.0000000e+00 3.1545900e-06 2.0189400e-06
     67    171 0.0000000e+00 1.4183300e-05 9.0773300e-06
     67    172 0.0000000e+00 8.9246700e-06 5.7117900e-06
     68    163 0.0000000e+00 7.2218800e-13 4.6220000e-13
     68    164 0.0000000e+00 2.0934400e-11 1.3398100e-11
     68    165 0.0000000e+00 3.8463300e-10 2.4616500e-10
     68    166 0.0000000e+00 5.0583200e-09 3.2373200e-09
     68    167 0.0000000e+00 3.8765200e-08 2.4809700e-08
     68    167 1.0000000e+00 3.2339300e-09 2.0697200e-09
     68    168 0.0000000e+00 2.5441800e-07 1.6282800e-07
     68    169 0.0000000e+00 1.0317000e-06 6.6028500e-07
     68    170 0.0000000e+00 2.9047800e-06 1.8590600e-06
     68    171 0.0000000e+00 5.6292600e-06 3.6027200e-06
     68    172 0.0000000e+00 8.2936400e-06 5.3079300e-06
     69    166 0.0000000e+00 1.3522200e-12 8.6542300e-13
     69    167 0.0000000e+00 3.1151200e-11 1.9936800e-11
     69    168 0.0000000e+00 5.1985500e-10 3.3270700e-10
     69    169 0.0000000e+00 5.6993700e-09 3.6475900e-09
     69    170 0.0000000e+00 4.2670200e-08 2.7308900e-08
     69    171 0.0000000e+00 2.1335100e-07 1.3654400e-07
     69    172 0.0000000e+00 7.8729500e-07 5.0386800e-07
     70    168 0.0000000e+00 7.2318900e-14 4.6284100e-14
     70    169 0.0000000e+00 2.2186500e-12 1.3243000e-12
     70    170 0.0000000e+00 4.5975600e-11 2.9424400e-11
     70    171 0.0000000e+00 6.3003600e-10 4.0322300e-10
     70    172 0.0000000e+00 6.2502700e-09 4.0001800e-09
     71    172 0.0000000e+00 3.1451600e-12 2.0129000e-12
     71    172 1.0000000e+00 4.0067900e-13 2.5643500e-13


