# header:
#   title: "Th232+n induced fission product yield"
#   source: "ENDF"
#   creator: "Shin Okumura"
#   date: 2023-07-14
#   format: "YANDF-0.1"
# endf:
#   library: "endfb8.1"
#   author: "T.R. ENGLAND ET AL"
#   year: 1989
# target:
#   Z: 90
#   A: 232
#   nuclide: "Th232"
# reaction:
#   type: "(n,f)"
#   Incident energy [MeV]: 1.4000000e+07
# datablock:
#   quantity: "independent fission product yield"
#   columns: 4
#   entries: 1303
##   A      Z  ISO           Yield         dYield
##                           %/fission     %/fission
     22     66 0.0000000e+00 1.4180300e-15 9.0753900e-16
     23     66 0.0000000e+00 6.5992700e-12 4.2235300e-12
     23     67 0.0000000e+00 9.4491300e-14 6.0474400e-14
     23     68 0.0000000e+00 2.7470100e-14 1.7580900e-14
     23     69 0.0000000e+00 8.3509800e-15 5.3446200e-15
     24     66 0.0000000e+00 3.2334000e-09 2.0693800e-09
     24     67 0.0000000e+00 6.5690600e-10 4.2042000e-10
     24     68 0.0000000e+00 1.9097300e-10 1.2222200e-10
     24     69 0.0000000e+00 5.8056100e-11 3.7155900e-11
     24     70 0.0000000e+00 1.5700000e-12 1.0048000e-12
     24     71 0.0000000e+00 1.1063800e-13 7.0808200e-14
     24     72 0.0000000e+00 2.0745300e-14 1.3277000e-14
     25     66 0.0000000e+00 1.6100000e-07 1.0304000e-07
     25     67 0.0000000e+00 8.5200000e-08 5.4528000e-08
     25     68 0.0000000e+00 6.4200000e-08 4.1088000e-08
     25     69 0.0000000e+00 1.9041900e-08 1.2186800e-08
     25     70 0.0000000e+00 3.8200000e-09 2.4448000e-09
     25     71 0.0000000e+00 5.1488900e-10 3.2952900e-10
     25     72 0.0000000e+00 9.6544900e-11 6.1788700e-11
     25     73 0.0000000e+00 1.1807800e-12 7.5570000e-13
     25     74 0.0000000e+00 1.1390700e-13 7.2900700e-14
     26     66 0.0000000e+00 7.3900000e-07 4.7296000e-07
     26     67 0.0000000e+00 9.4200000e-07 6.0288000e-07
     26     68 0.0000000e+00 1.7300000e-06 1.1072000e-06
     26     69 0.0000000e+00 1.3100000e-06 8.3840000e-07
     26     70 0.0000000e+00 6.7400000e-07 4.3136000e-07
     26     71 0.0000000e+00 2.4400000e-07 1.5616000e-07
     26     72 0.0000000e+00 4.7303400e-08 3.0274200e-08
     26     73 0.0000000e+00 8.2088200e-09 5.2536400e-09
     26     74 0.0000000e+00 7.9188600e-10 5.0680700e-10
     26     75 0.0000000e+00 2.0237000e-11 1.2951700e-11
     26     76 0.0000000e+00 1.3000000e-12 8.3200000e-13
     26     77 0.0000000e+00 2.7266400e-13 1.7450500e-13
     27     66 0.0000000e+00 3.6500000e-07 2.3360000e-07
     27     67 0.0000000e+00 1.0800000e-06 6.9120000e-07
     27     68 0.0000000e+00 4.5000000e-06 2.8800000e-06
     27     69 0.0000000e+00 8.1100000e-06 5.1904000e-06
     27     70 0.0000000e+00 9.9200000e-06 6.3488000e-06
     27     71 0.0000000e+00 9.0000000e-06 5.7600000e-06
     27     72 0.0000000e+00 4.5300000e-06 2.8992000e-06
     27     73 0.0000000e+00 2.1300000e-06 1.3632000e-06
     27     74 0.0000000e+00 5.8500000e-07 3.7440000e-07
     27     75 0.0000000e+00 9.4179800e-08 6.0275000e-08
     27     76 0.0000000e+00 8.8000000e-09 5.6320000e-09
     27     77 0.0000000e+00 1.2689300e-09 8.1211800e-10
     27     78 0.0000000e+00 1.1103100e-11 7.1059800e-12
     27     79 0.0000000e+00 2.2691900e-12 1.4522800e-12
     28     66 0.0000000e+00 1.7900000e-08 1.1456000e-08
     28     67 0.0000000e+00 1.3100000e-07 8.3840000e-08
     28     68 0.0000000e+00 1.2700000e-06 8.1280000e-07
     28     69 0.0000000e+00 5.3500000e-06 3.4240000e-06
     28     70 0.0000000e+00 1.4830000e-05 9.4912000e-06
     28     71 0.0000000e+00 3.1450000e-05 2.0128000e-05
     28     72 0.0000000e+00 3.7810000e-05 2.4198400e-05
     28     73 0.0000000e+00 4.5000000e-05 2.8800000e-05
     28     74 0.0000000e+00 3.2990000e-05 2.1113600e-05
     28     75 0.0000000e+00 1.4990000e-05 9.5936000e-06
     28     76 0.0000000e+00 4.1600000e-06 2.6624000e-06
     28     77 0.0000000e+00 6.2173100e-07 3.9790800e-07
     28     78 0.0000000e+00 7.7188900e-08 4.9400900e-08
     28     79 0.0000000e+00 1.5775500e-08 1.0096300e-08
     28     80 0.0000000e+00 2.9200000e-10 1.8688000e-10
     28     81 0.0000000e+00 1.5446300e-11 9.8856400e-12
     28     82 0.0000000e+00 1.9500000e-13 1.2480000e-13
     29     66 0.0000000e+00 7.7200000e-11 4.9408000e-11
     29     67 0.0000000e+00 1.3800000e-09 8.8320000e-10
     29     68 0.0000000e+00 6.1100000e-09 3.9104000e-09
     29     68 1.0000000e+00 2.7800000e-08 1.7792000e-08
     29     69 0.0000000e+00 3.5900000e-07 2.2976000e-07
     29     70 0.0000000e+00 3.5500000e-07 2.2720000e-07
     29     70 1.0000000e+00 2.0100000e-06 1.2864000e-06
     29     71 0.0000000e+00 1.1910000e-05 7.6224000e-06
     29     72 0.0000000e+00 3.3280000e-05 2.1299200e-05
     29     73 0.0000000e+00 9.3890000e-05 6.0089600e-05
     29     74 0.0000000e+00 1.6958000e-04 1.0853100e-04
     29     75 0.0000000e+00 2.0044000e-04 1.2828200e-04
     29     76 0.0000000e+00 1.5384000e-04 9.8457600e-05
     29     77 0.0000000e+00 6.5870000e-05 4.2156800e-05
     29     78 0.0000000e+00 2.4070000e-05 1.5404800e-05
     29     79 0.0000000e+00 5.1742200e-06 3.3115000e-06
     29     80 0.0000000e+00 7.7100000e-07 4.9344000e-07
     29     81 0.0000000e+00 7.1884600e-08 4.6006100e-08
     29     82 0.0000000e+00 4.2000000e-09 2.6880000e-09
     29     83 0.0000000e+00 8.9169900e-11 5.7068700e-11
     29     84 0.0000000e+00 3.2360000e-12 2.0710400e-12
     30     66 0.0000000e+00 2.2000000e-14 1.4080000e-14
     30     67 0.0000000e+00 1.2400000e-12 7.9360000e-13
     30     68 0.0000000e+00 7.0700000e-11 4.5248000e-11
     30     69 0.0000000e+00 2.2100000e-10 1.4144000e-10
     30     69 1.0000000e+00 1.7900000e-09 1.1456000e-09
     30     70 0.0000000e+00 3.3900000e-08 2.1696000e-08
     30     71 0.0000000e+00 4.8100000e-08 3.0784000e-08
     30     71 1.0000000e+00 3.8900000e-07 2.4896000e-07
     30     72 0.0000000e+00 3.0400000e-06 1.9456000e-06
     30     73 0.0000000e+00 2.1150000e-05 1.3536000e-05
     30     74 0.0000000e+00 9.3760000e-05 6.0006400e-05
     30     75 0.0000000e+00 2.7441000e-04 1.7562200e-04
     30     76 0.0000000e+00 5.3748000e-04 3.4398700e-04
     30     77 0.0000000e+00 6.0389000e-04 3.8649000e-04
     30     78 0.0000000e+00 6.0115000e-04 3.8473600e-04
     30     79 0.0000000e+00 3.5706000e-04 2.2851800e-04
     30     80 0.0000000e+00 1.4705000e-04 9.4112000e-05
     30     81 0.0000000e+00 3.8770000e-05 2.4812800e-05
     30     82 0.0000000e+00 6.1800000e-06 3.9552000e-06
     30     83 0.0000000e+00 6.1991100e-07 3.9674300e-07
     30     84 0.0000000e+00 2.2496800e-08 1.4397900e-08
     30     85 0.0000000e+00 2.0408900e-09 1.3061700e-09
     30     86 0.0000000e+00 6.8500000e-11 4.3840000e-11
     30     87 0.0000000e+00 9.5585700e-12 6.1174900e-12
     31     66 0.0000000e+00 0.0000000e+00 0.0000000e+00
     31     67 0.0000000e+00 0.0000000e+00 0.0000000e+00
     31     68 0.0000000e+00 1.0300000e-14 6.5920000e-15
     31     69 0.0000000e+00 8.1000000e-13 5.1840000e-13
     31     70 0.0000000e+00 3.6600000e-11 2.3424000e-11
     31     71 0.0000000e+00 1.2800000e-09 8.1920000e-10
     31     72 1.0000000e+00 1.2850000e-08 8.2240000e-09
     31     72 0.0000000e+00 1.2850000e-08 8.2240000e-09
     31     73 0.0000000e+00 4.4100000e-07 2.8224000e-07
     31     74 1.0000000e+00 2.5950000e-06 1.6608000e-06
     31     74 0.0000000e+00 2.5950000e-06 1.6608000e-06
     31     75 0.0000000e+00 3.9970000e-05 2.5580800e-05
     31     76 0.0000000e+00 2.0345000e-04 1.3020800e-04
     31     77 0.0000000e+00 5.8056000e-04 3.7155800e-04
     31     78 0.0000000e+00 1.4646000e-03 9.3734400e-04
     31     79 0.0000000e+00 2.2058000e-03 1.4117100e-03
     31     80 0.0000000e+00 2.3226000e-03 1.4864600e-03
     31     81 0.0000000e+00 1.6211800e-03 1.0375600e-03
     31     82 0.0000000e+00 6.7085000e-04 4.2934400e-04
     31     83 0.0000000e+00 1.8346000e-04 1.1741400e-04
     31     84 0.0000000e+00 1.8460000e-05 1.1814400e-05
     31     85 0.0000000e+00 9.4979600e-06 6.0786900e-06
     31     86 0.0000000e+00 4.7600000e-07 3.0464000e-07
     31     87 0.0000000e+00 4.4484000e-08 2.8469800e-08
     31     88 0.0000000e+00 2.1429500e-10 1.3714900e-10
     31     89 0.0000000e+00 3.6551900e-11 2.3393200e-11
     32     66 0.0000000e+00 0.0000000e+00 0.0000000e+00
     32     67 0.0000000e+00 0.0000000e+00 0.0000000e+00
     32     68 0.0000000e+00 0.0000000e+00 0.0000000e+00
     32     69 0.0000000e+00 0.0000000e+00 0.0000000e+00
     32     70 0.0000000e+00 0.0000000e+00 0.0000000e+00
     32     71 0.0000000e+00 1.3200000e-13 8.4480000e-14
     32     71 1.0000000e+00 1.3200000e-13 8.4480000e-14
     32     72 0.0000000e+00 1.4600000e-11 9.3440000e-12
     32     73 0.0000000e+00 6.6100000e-10 4.2304000e-10
     32     73 1.0000000e+00 8.1700000e-11 5.2288000e-11
     32     74 0.0000000e+00 2.3600000e-08 1.5104000e-08
     32     75 0.0000000e+00 4.1400000e-08 2.6496000e-08
     32     75 1.0000000e+00 4.7600000e-07 3.0464000e-07
     32     76 0.0000000e+00 7.4700000e-06 4.7808000e-06
     32     77 0.0000000e+00 5.4170000e-05 3.4668800e-05
     32     77 1.0000000e+00 4.0800000e-06 2.6112000e-06
     32     78 0.0000000e+00 3.8718000e-04 2.4779500e-04
     32     79 1.0000000e+00 7.2734000e-04 4.6549800e-04
     32     79 0.0000000e+00 7.2734000e-04 4.6549800e-04
     32     80 0.0000000e+00 3.6235000e-03 2.3190400e-03
     32     81 0.0000000e+00 6.3097900e-03 4.0382700e-03
     32     82 0.0000000e+00 6.2632500e-03 4.0084800e-03
     32     83 0.0000000e+00 4.3644900e-03 2.7932700e-03
     32     84 0.0000000e+00 1.1497900e-03 7.3586600e-04
     32     85 0.0000000e+00 1.6337000e-03 1.0455700e-03
     32     86 0.0000000e+00 2.3102000e-04 1.4785300e-04
     32     87 0.0000000e+00 2.1795500e-05 1.3949100e-05
     32     88 0.0000000e+00 1.4897900e-06 9.5346300e-07
     32     89 0.0000000e+00 2.5411000e-07 1.6263000e-07
     32     90 0.0000000e+00 7.1663500e-10 4.5864600e-10
     32     91 0.0000000e+00 1.1029100e-10 7.0586400e-11
     32     92 0.0000000e+00 1.1103500e-11 7.1062600e-12
     33     69 0.0000000e+00 0.0000000e+00 0.0000000e+00
     33     71 0.0000000e+00 0.0000000e+00 0.0000000e+00
     33     72 0.0000000e+00 0.0000000e+00 0.0000000e+00
     33     73 0.0000000e+00 8.2700000e-14 5.2928000e-14
     33     74 0.0000000e+00 1.3900000e-12 8.8960000e-13
     33     74 1.0000000e+00 6.3100000e-12 4.0384000e-12
     33     75 0.0000000e+00 5.0200000e-10 3.2128000e-10
     33     76 0.0000000e+00 2.1800000e-08 1.3952000e-08
     33     77 0.0000000e+00 5.0300000e-07 3.2192000e-07
     33     78 0.0000000e+00 9.5900000e-06 6.1376000e-06
     33     79 0.0000000e+00 9.7710000e-05 6.2534400e-05
     33     80 0.0000000e+00 6.3558000e-04 4.0677100e-04
     33     81 0.0000000e+00 2.5273300e-03 1.6174900e-03
     33     82 0.0000000e+00 3.0870700e-03 1.9757200e-03
     33     82 1.0000000e+00 3.0932500e-03 1.9796800e-03
     33     83 0.0000000e+00 1.0168700e-02 3.2539700e-03
     33     84 1.0000000e+00 3.2211700e-03 2.0615500e-03
     33     84 0.0000000e+00 3.2211700e-03 2.0615500e-03
     33     85 0.0000000e+00 2.2762400e-02 5.2353500e-03
     33     86 0.0000000e+00 8.7506400e-03 5.6004100e-03
     33     87 0.0000000e+00 2.3108200e-03 1.4789200e-03
     33     88 0.0000000e+00 4.4104000e-04 2.8226600e-04
     33     89 0.0000000e+00 8.3345900e-05 5.3341300e-05
     33     90 0.0000000e+00 3.3351000e-06 2.1344600e-06
     33     91 0.0000000e+00 5.1327700e-07 3.2849700e-07
     33     92 0.0000000e+00 5.1673900e-08 3.3071300e-08
     33     93 0.0000000e+00 1.9023600e-09 1.2175100e-09
     33     94 0.0000000e+00 1.3519300e-11 8.6523600e-12
     34     72 0.0000000e+00 0.0000000e+00 0.0000000e+00
     34     73 0.0000000e+00 0.0000000e+00 0.0000000e+00
     34     73 1.0000000e+00 0.0000000e+00 0.0000000e+00
     34     74 0.0000000e+00 0.0000000e+00 0.0000000e+00
     34     75 0.0000000e+00 3.3500000e-14 2.1440000e-14
     34     76 0.0000000e+00 4.5100000e-12 2.8864000e-12
     34     77 0.0000000e+00 2.4500000e-11 1.5680000e-11
     34     77 1.0000000e+00 2.8200000e-10 1.8048000e-10
     34     78 0.0000000e+00 1.8500000e-08 1.1840000e-08
     34     79 0.0000000e+00 5.0800000e-07 3.2512000e-07
     34     79 1.0000000e+00 3.8200000e-08 2.4448000e-08
     34     80 0.0000000e+00 9.8100000e-06 6.2784000e-06
     34     81 0.0000000e+00 8.9000000e-06 5.6960000e-06
     34     81 1.0000000e+00 1.0239000e-04 6.5529600e-05
     34     82 0.0000000e+00 6.3555000e-04 4.0675200e-04
     34     83 0.0000000e+00 2.2861500e-03 1.4631400e-03
     34     83 1.0000000e+00 2.8261000e-04 1.8087000e-04
     34     84 0.0000000e+00 3.9145500e-03 2.5053100e-03
     34     85 0.0000000e+00 1.4321600e-02 9.1658100e-03
     34     85 1.0000000e+00 1.4321600e-02 9.1658100e-03
     34     86 0.0000000e+00 3.1044100e-02 9.9341200e-03
     34     87 0.0000000e+00 2.1184100e-02 6.7789000e-03
     34     88 0.0000000e+00 1.0492500e-02 3.3575900e-03
     34     89 0.0000000e+00 5.3391600e-03 3.4170600e-03
     34     90 0.0000000e+00 1.6340700e-03 1.0458100e-03
     34     91 0.0000000e+00 2.5148700e-04 1.6095100e-04
     34     92 0.0000000e+00 2.5318300e-05 1.6203700e-05
     34     93 0.0000000e+00 1.3225300e-05 8.4641600e-06
     34     94 0.0000000e+00 9.3986500e-08 6.0151300e-08
     34     95 0.0000000e+00 6.7235200e-10 4.3030500e-10
     34     96 0.0000000e+00 1.1200000e-10 7.1680000e-11
     34     97 0.0000000e+00 1.3453800e-11 8.6104200e-12
     35     75 0.0000000e+00 0.0000000e+00 0.0000000e+00
     35     77 0.0000000e+00 0.0000000e+00 0.0000000e+00
     35     77 1.0000000e+00 1.1400000e-14 7.2960000e-15
     35     78 0.0000000e+00 2.4800000e-12 1.5872000e-12
     35     79 0.0000000e+00 3.0800000e-11 1.9712000e-11
     35     79 1.0000000e+00 1.8900000e-10 1.2096000e-10
     35     80 0.0000000e+00 1.7200000e-09 1.1008000e-09
     35     80 1.0000000e+00 9.7400000e-09 6.2336000e-09
     35     81 0.0000000e+00 3.1700000e-07 2.0288000e-07
     35     82 0.0000000e+00 1.0600000e-06 6.7840000e-07
     35     82 1.0000000e+00 1.0100000e-06 6.4640000e-07
     35     83 0.0000000e+00 6.0590000e-05 3.8777600e-05
     35     84 0.0000000e+00 5.2520000e-05 3.3612800e-05
     35     84 1.0000000e+00 1.8620000e-04 1.1916800e-04
     35     85 0.0000000e+00 3.4751800e-03 2.2241200e-03
     35     86 0.0000000e+00 5.9768400e-03 3.8251800e-03
     35     86 1.0000000e+00 6.0318300e-03 3.8603700e-03
     35     87 0.0000000e+00 2.1058100e-02 4.8433500e-03
     35     88 0.0000000e+00 2.4276000e-02 7.7683300e-03
     35     89 0.0000000e+00 2.8540100e-02 9.1328400e-03
     35     90 0.0000000e+00 2.3489300e-02 7.5165900e-03
     35     91 0.0000000e+00 9.5073700e-03 4.2783200e-03
     35     92 0.0000000e+00 2.4878200e-03 1.5922000e-03
     35     93 0.0000000e+00 4.3377700e-03 2.7761700e-03
     35     94 0.0000000e+00 6.9520000e-05 4.4492800e-05
     35     95 0.0000000e+00 3.1290100e-06 2.0025700e-06
     35     96 0.0000000e+00 6.2400000e-07 3.9936000e-07
     35     97 0.0000000e+00 6.2611600e-08 4.0071400e-08
     35     98 0.0000000e+00 3.3510600e-10 2.1446800e-10
     35     99 0.0000000e+00 3.2793000e-11 2.0987500e-11
     35    100 0.0000000e+00 8.5574300e-13 5.4767600e-13
     36     77 0.0000000e+00 0.0000000e+00 0.0000000e+00
     36     78 0.0000000e+00 0.0000000e+00 0.0000000e+00
     36     79 1.0000000e+00 0.0000000e+00 0.0000000e+00
     36     79 0.0000000e+00 0.0000000e+00 0.0000000e+00
     36     80 0.0000000e+00 9.2300000e-13 5.9072000e-13
     36     81 0.0000000e+00 6.9700000e-11 4.4608000e-11
     36     81 1.0000000e+00 5.2400000e-12 3.3536000e-12
     36     82 0.0000000e+00 3.6700000e-09 2.3488000e-09
     36     83 0.0000000e+00 9.7000000e-08 6.2080000e-08
     36     83 1.0000000e+00 1.2000000e-08 7.6800000e-09
     36     84 0.0000000e+00 1.2000000e-06 7.6800000e-07
     36     85 0.0000000e+00 7.5780000e-05 4.8499200e-05
     36     85 1.0000000e+00 9.3700000e-06 5.9968000e-06
     36     86 0.0000000e+00 4.5528000e-04 2.9137900e-04
     36     87 0.0000000e+00 4.9826400e-03 1.1460100e-03
     36     88 0.0000000e+00 1.5281600e-02 2.4450600e-03
     36     89 0.0000000e+00 2.2942400e-02 2.5236600e-03
     36     90 0.0000000e+00 3.4794300e-02 1.1134200e-02
     36     91 0.0000000e+00 3.3365800e-02 2.0019500e-03
     36     92 0.0000000e+00 2.1074000e-02 1.6859200e-03
     36     93 0.0000000e+00 7.3078300e-03 1.1692500e-03
     36     94 0.0000000e+00 3.9176400e-03 2.5072900e-03
     36     95 0.0000000e+00 1.5331000e-03 9.8118400e-04
     36     96 0.0000000e+00 2.4602000e-04 1.5745300e-04
     36     97 0.0000000e+00 3.0677400e-05 1.9633500e-05
     36     98 0.0000000e+00 2.3296600e-06 1.4909900e-06
     36     99 0.0000000e+00 2.2797700e-07 1.4590600e-07
     36    100 0.0000000e+00 5.9491400e-09 3.8074500e-09
     36    101 0.0000000e+00 1.3315900e-10 8.5221900e-11
     36    102 0.0000000e+00 2.1598700e-11 1.3823200e-11
     36    103 0.0000000e+00 8.7284400e-12 5.5862000e-12
     37     79 0.0000000e+00 0.0000000e+00 0.0000000e+00
     37     81 0.0000000e+00 0.0000000e+00 0.0000000e+00
     37     83 0.0000000e+00 1.3900000e-11 8.8960000e-12
     37     84 0.0000000e+00 4.3600000e-10 2.7904000e-10
     37     85 0.0000000e+00 8.9500000e-08 5.7280000e-08
     37     86 1.0000000e+00 7.3000000e-08 4.6720000e-08
     37     86 0.0000000e+00 7.3000000e-08 4.6720000e-08
     37     87 0.0000000e+00 2.0840000e-05 1.3337600e-05
     37     88 0.0000000e+00 1.5134000e-04 9.6857600e-05
     37     89 0.0000000e+00 1.2650200e-03 8.0961300e-04
     37     90 0.0000000e+00 5.9064000e-04 3.7801000e-04
     37     90 1.0000000e+00 4.7530500e-03 3.0419500e-03
     37     91 0.0000000e+00 1.6984400e-02 5.4350000e-03
     37     92 0.0000000e+00 2.6699300e-02 8.5437800e-03
     37     93 0.0000000e+00 3.4200000e-02 1.0944000e-02
     37     94 0.0000000e+00 3.1752600e-02 1.0160800e-02
     37     95 0.0000000e+00 1.9125800e-02 6.1202700e-03
     37     96 0.0000000e+00 7.6545700e-03 4.8989200e-03
     37     97 0.0000000e+00 2.4623100e-03 1.5758800e-03
     37     98 0.0000000e+00 4.9319000e-04 3.1564200e-04
     37     99 0.0000000e+00 7.4774700e-05 4.7855800e-05
     37    100 0.0000000e+00 8.3000000e-06 5.3120000e-06
     37    101 0.0000000e+00 6.1970000e-07 3.9660800e-07
     37    102 0.0000000e+00 1.0051700e-07 6.4330700e-08
     37    103 0.0000000e+00 4.0620700e-08 2.5997200e-08
     37    104 0.0000000e+00 7.9102300e-11 5.0625500e-11
     37    105 0.0000000e+00 1.4570800e-11 9.3253200e-12
     38     83 0.0000000e+00 0.0000000e+00 0.0000000e+00
     38     84 0.0000000e+00 1.0700000e-14 6.8480000e-15
     38     85 1.0000000e+00 3.2350000e-12 2.0704000e-12
     38     85 0.0000000e+00 3.2350000e-12 2.0704000e-12
     38     86 0.0000000e+00 2.9000000e-10 1.8560000e-10
     38     87 0.0000000e+00 1.1800000e-08 7.5520000e-09
     38     87 1.0000000e+00 1.4600000e-09 9.3440000e-10
     38     88 0.0000000e+00 2.7600000e-07 1.7664000e-07
     38     89 0.0000000e+00 6.5400000e-06 4.1856000e-06
     38     90 0.0000000e+00 7.4960000e-05 4.7974400e-05
     38     91 0.0000000e+00 5.3572000e-04 3.4286100e-04
     38     92 0.0000000e+00 4.0292900e-03 2.5787500e-03
     38     93 0.0000000e+00 7.9151900e-03 5.0657200e-03
     38     94 0.0000000e+00 1.8699500e-02 5.9838500e-03
     38     95 0.0000000e+00 2.4306200e-02 7.7779900e-03
     38     96 0.0000000e+00 2.2653500e-02 7.2491300e-03
     38     97 0.0000000e+00 1.7452300e-02 5.5847400e-03
     38     98 0.0000000e+00 8.5731100e-03 5.4867900e-03
     38     99 0.0000000e+00 2.8936000e-03 1.8519000e-03
     38    100 0.0000000e+00 8.5612000e-04 5.4791700e-04
     38    101 0.0000000e+00 3.0363000e-04 1.9432300e-04
     38    102 0.0000000e+00 4.9249500e-05 3.1519700e-05
     38    103 0.0000000e+00 1.9902600e-05 1.2737700e-05
     38    104 0.0000000e+00 5.4992100e-07 3.5194900e-07
     38    105 0.0000000e+00 1.0129700e-07 6.4829800e-08
     38    106 0.0000000e+00 1.9194600e-10 1.2284600e-10
     38    107 0.0000000e+00 4.1553800e-11 2.6594400e-11
     38    108 0.0000000e+00 6.3023600e-12 4.0335100e-12
     39     85 0.0000000e+00 0.0000000e+00 0.0000000e+00
     39     87 0.0000000e+00 5.7200000e-13 3.6608000e-13
     39     88 0.0000000e+00 3.5200000e-11 2.2528000e-11
     39     89 0.0000000e+00 2.5600000e-10 1.6384000e-10
     39     89 1.0000000e+00 2.0700000e-09 1.3248000e-09
     39     90 1.0000000e+00 3.9650000e-08 2.5376000e-08
     39     90 0.0000000e+00 3.9650000e-08 2.5376000e-08
     39     91 1.0000000e+00 8.0000000e-07 5.1200000e-07
     39     91 0.0000000e+00 8.0000000e-07 5.1200000e-07
     39     92 0.0000000e+00 1.9820000e-05 1.2684800e-05
     39     93 1.0000000e+00 8.3830000e-05 5.3651200e-05
     39     93 0.0000000e+00 8.3830000e-05 5.3651200e-05
     39     94 0.0000000e+00 1.0254500e-03 6.5628800e-04
     39     95 0.0000000e+00 3.2667500e-03 2.0907200e-03
     39     96 0.0000000e+00 4.4337000e-04 2.8375700e-04
     39     96 1.0000000e+00 6.9456300e-03 4.4452000e-03
     39     97 1.0000000e+00 6.5990300e-03 4.2233800e-03
     39     97 0.0000000e+00 6.5990300e-03 4.2233800e-03
     39     98 0.0000000e+00 7.4875400e-03 4.7920300e-03
     39     98 1.0000000e+00 7.4856500e-03 4.7908200e-03
     39     99 0.0000000e+00 1.2151900e-02 3.8886200e-03
     39    100 0.0000000e+00 7.6669100e-03 4.9068200e-03
     39    101 0.0000000e+00 4.6920100e-03 3.0028900e-03
     39    102 0.0000000e+00 1.7794600e-03 1.1388500e-03
     39    103 0.0000000e+00 5.1557700e-04 3.2996900e-04
     39    104 0.0000000e+00 1.3566000e-04 8.6822400e-05
     39    105 0.0000000e+00 3.3224500e-05 2.1263700e-05
     39    106 0.0000000e+00 8.9328500e-07 5.7170200e-07
     39    107 0.0000000e+00 1.9338400e-07 1.2376600e-07
     39    108 0.0000000e+00 2.9330100e-08 1.8771300e-08
     39    109 0.0000000e+00 1.3266200e-10 8.4904000e-11
     39    110 0.0000000e+00 1.6683400e-11 1.0677400e-11
     39    111 0.0000000e+00 8.0155400e-12 5.1299400e-12
     40     87 0.0000000e+00 0.0000000e+00 0.0000000e+00
     40     88 0.0000000e+00 0.0000000e+00 0.0000000e+00
     40     89 0.0000000e+00 5.8500000e-14 3.7440000e-14
     40     90 1.0000000e+00 2.8700000e-12 1.8368000e-12
     40     90 0.0000000e+00 2.8700000e-12 1.8368000e-12
     40     91 0.0000000e+00 3.3000000e-10 2.1120000e-10
     40     92 0.0000000e+00 1.1400000e-08 7.2960000e-09
     40     93 0.0000000e+00 2.7600000e-07 1.7664000e-07
     40     94 0.0000000e+00 4.6600000e-06 2.9824000e-06
     40     95 0.0000000e+00 3.9960000e-05 2.5574400e-05
     40     96 0.0000000e+00 2.2854000e-04 1.4626600e-04
     40     97 0.0000000e+00 1.0195300e-03 6.5249900e-04
     40     98 0.0000000e+00 2.8000900e-03 1.7920600e-03
     40     99 0.0000000e+00 5.3664400e-03 3.4345200e-03
     40    100 0.0000000e+00 7.2097200e-03 4.6142200e-03
     40    101 0.0000000e+00 7.3358400e-03 4.6949400e-03
     40    102 0.0000000e+00 6.0781300e-03 3.8900000e-03
     40    103 0.0000000e+00 4.3684500e-03 2.7958100e-03
     40    104 0.0000000e+00 2.7245100e-03 1.7436900e-03
     40    105 0.0000000e+00 1.2857000e-03 8.2285100e-04
     40    106 0.0000000e+00 4.3767700e-04 2.8011300e-04
     40    107 0.0000000e+00 9.4751200e-05 6.0640800e-05
     40    108 0.0000000e+00 1.4370700e-05 9.1972200e-06
     40    109 0.0000000e+00 9.2227200e-07 5.9025400e-07
     40    110 0.0000000e+00 1.1598300e-07 7.4229300e-08
     40    111 0.0000000e+00 5.5724200e-08 3.5663500e-08
     40    112 0.0000000e+00 9.1449800e-11 5.8527900e-11
     40    113 0.0000000e+00 2.7532100e-11 1.7620500e-11
     41     89 0.0000000e+00 0.0000000e+00 0.0000000e+00
     41     90 0.0000000e+00 0.0000000e+00 0.0000000e+00
     41     91 0.0000000e+00 0.0000000e+00 0.0000000e+00
     41     92 0.0000000e+00 4.5400000e-13 2.9056000e-13
     41     93 0.0000000e+00 2.8100000e-11 1.7984000e-11
     41     93 1.0000000e+00 3.4700000e-12 2.2208000e-12
     41     94 0.0000000e+00 1.1200000e-09 7.1680000e-10
     41     94 1.0000000e+00 3.9500000e-10 2.5280000e-10
     41     95 0.0000000e+00 1.7156600e-03 1.0980200e-03
     41     95 1.0000000e+00 1.6968000e-04 1.0859500e-04
     41     96 0.0000000e+00 5.6700000e-07 3.6288000e-07
     41     97 0.0000000e+00 6.0800000e-06 3.8912000e-06
     41     97 1.0000000e+00 7.5200000e-07 4.8128000e-07
     41     98 0.0000000e+00 4.0760000e-05 2.6086400e-05
     41     98 1.0000000e+00 7.1900000e-06 4.6016000e-06
     41     99 0.0000000e+00 1.8730000e-05 1.1987200e-05
     41     99 1.0000000e+00 2.1535000e-04 1.3782400e-04
     41    100 0.0000000e+00 3.5328000e-04 2.2609900e-04
     41    100 1.0000000e+00 3.5328000e-04 2.2609900e-04
     41    101 0.0000000e+00 1.2272800e-03 7.8545900e-04
     41    102 1.0000000e+00 1.1248200e-03 7.1988200e-04
     41    102 0.0000000e+00 1.1248200e-03 7.1988200e-04
     41    103 0.0000000e+00 3.6171400e-03 2.3149700e-03
     41    104 1.0000000e+00 2.7027500e-03 1.7297600e-03
     41    104 0.0000000e+00 2.7027500e-03 1.7297600e-03
     41    105 0.0000000e+00 6.1890900e-03 3.9610200e-03
     41    106 0.0000000e+00 4.9674700e-03 3.1791800e-03
     41    107 0.0000000e+00 2.4545300e-03 1.5709000e-03
     41    108 0.0000000e+00 1.0424900e-03 6.6719400e-04
     41    109 0.0000000e+00 3.0249800e-04 1.9359800e-04
     41    110 0.0000000e+00 5.7840000e-05 3.7017600e-05
     41    111 0.0000000e+00 1.8277100e-05 1.1697300e-05
     41    112 0.0000000e+00 4.2559200e-07 2.7237900e-07
     41    113 0.0000000e+00 1.2813000e-07 8.2003000e-08
     41    114 0.0000000e+00 5.2782800e-10 3.3781000e-10
     41    115 0.0000000e+00 3.2591700e-11 2.0858700e-11
     41    116 0.0000000e+00 2.7326300e-12 1.7488800e-12
     42     90 0.0000000e+00 0.0000000e+00 0.0000000e+00
     42     91 0.0000000e+00 0.0000000e+00 0.0000000e+00
     42     92 0.0000000e+00 0.0000000e+00 0.0000000e+00
     42     93 1.0000000e+00 0.0000000e+00 0.0000000e+00
     42     93 0.0000000e+00 0.0000000e+00 0.0000000e+00
     42     94 0.0000000e+00 3.3300000e-14 2.1312000e-14
     42     95 0.0000000e+00 2.2600000e-12 1.4464000e-12
     42     96 0.0000000e+00 9.5400000e-11 6.1056000e-11
     42     97 0.0000000e+00 3.1700000e-09 2.0288000e-09
     42     98 0.0000000e+00 6.2200000e-08 3.9808000e-08
     42     99 0.0000000e+00 8.2100000e-07 5.2544000e-07
     42    100 0.0000000e+00 5.9400000e-06 3.8016000e-06
     42    101 0.0000000e+00 1.8480000e-05 1.1827200e-05
     42    102 0.0000000e+00 8.0590000e-05 5.1577600e-05
     42    103 0.0000000e+00 3.3542000e-04 2.1466900e-04
     42    104 0.0000000e+00 1.1618900e-03 7.4361000e-04
     42    105 0.0000000e+00 3.2798300e-03 2.0990900e-03
     42    106 0.0000000e+00 5.8604000e-03 3.7506600e-03
     42    107 0.0000000e+00 6.9548700e-03 4.4511200e-03
     42    108 0.0000000e+00 6.7441100e-03 4.3162300e-03
     42    109 0.0000000e+00 4.7924700e-03 3.0671800e-03
     42    110 0.0000000e+00 2.2456600e-03 1.4372200e-03
     42    111 0.0000000e+00 7.0727700e-04 4.5265700e-04
     42    112 0.0000000e+00 2.0852400e-04 1.3345600e-04
     42    113 0.0000000e+00 6.2778800e-05 4.0178500e-05
     42    114 0.0000000e+00 3.6694700e-06 2.3484600e-06
     42    115 0.0000000e+00 2.2657800e-07 1.4501000e-07
     42    116 0.0000000e+00 1.8997300e-08 1.2158300e-08
     42    117 0.0000000e+00 1.6030300e-10 1.0259400e-10
     42    118 0.0000000e+00 2.7126400e-11 1.7360900e-11
     42    119 0.0000000e+00 4.1753100e-12 2.6722000e-12
     43     93 0.0000000e+00 0.0000000e+00 0.0000000e+00
     43     95 0.0000000e+00 0.0000000e+00 0.0000000e+00
     43     95 1.0000000e+00 0.0000000e+00 0.0000000e+00
     43     97 1.0000000e+00 5.1000000e-14 3.2640000e-14
     43     97 0.0000000e+00 5.1000000e-14 3.2640000e-14
     43     98 0.0000000e+00 5.5800000e-12 3.5712000e-12
     43     99 0.0000000e+00 1.8200000e-10 1.1648000e-10
     43     99 1.0000000e+00 2.2500000e-11 1.4400000e-11
     43    100 0.0000000e+00 3.6800000e-09 2.3552000e-09
     43    101 0.0000000e+00 1.8700000e-08 1.1968000e-08
     43    102 0.0000000e+00 1.1500000e-07 7.3600000e-08
     43    102 1.0000000e+00 1.1500000e-07 7.3600000e-08
     43    103 0.0000000e+00 2.5500000e-06 1.6320000e-06
     43    104 0.0000000e+00 2.3190000e-05 1.4841600e-05
     43    105 0.0000000e+00 1.5754000e-04 1.0082600e-04
     43    106 0.0000000e+00 7.2140000e-04 4.6169600e-04
     43    107 0.0000000e+00 2.2163300e-03 1.4184500e-03
     43    108 0.0000000e+00 4.6496400e-03 2.9757700e-03
     43    109 0.0000000e+00 7.6607600e-03 4.9028900e-03
     43    110 0.0000000e+00 8.2082500e-03 5.2532800e-03
     43    111 0.0000000e+00 6.2016100e-03 3.9690300e-03
     43    112 0.0000000e+00 4.2987100e-03 2.7511700e-03
     43    113 0.0000000e+00 1.6262800e-03 1.0408200e-03
     43    114 0.0000000e+00 4.8791000e-04 3.1226200e-04
     43    115 0.0000000e+00 7.4315800e-05 4.7562100e-05
     43    116 0.0000000e+00 1.6910000e-05 1.0822400e-05
     43    117 0.0000000e+00 7.4602300e-07 4.7745500e-07
     43    118 0.0000000e+00 1.2624200e-07 8.0794700e-08
     43    119 0.0000000e+00 1.9431200e-08 1.2436000e-08
     43    120 0.0000000e+00 1.6971000e-10 1.0861500e-10
     43    121 0.0000000e+00 2.2980500e-11 1.4707500e-11
     43    122 0.0000000e+00 1.4267200e-12 9.1310000e-13
     44     95 0.0000000e+00 0.0000000e+00 0.0000000e+00
     44     96 0.0000000e+00 0.0000000e+00 0.0000000e+00
     44     97 0.0000000e+00 0.0000000e+00 0.0000000e+00
     44     98 0.0000000e+00 0.0000000e+00 0.0000000e+00
     44     99 0.0000000e+00 0.0000000e+00 0.0000000e+00
     44    100 0.0000000e+00 1.5500000e-13 9.9200000e-14
     44    101 0.0000000e+00 1.4600000e-12 9.3440000e-13
     44    102 0.0000000e+00 4.6200000e-11 2.9568000e-11
     44    103 0.0000000e+00 1.4200000e-09 9.0880000e-10
     44    104 0.0000000e+00 3.5300000e-08 2.2592000e-08
     44    105 0.0000000e+00 6.4600000e-07 4.1344000e-07
     44    106 0.0000000e+00 7.8200000e-06 5.0048000e-06
     44    107 0.0000000e+00 5.7630000e-05 3.6883200e-05
     44    108 0.0000000e+00 3.2753000e-04 2.0961900e-04
     44    109 1.0000000e+00 0.0000000e+00 0.0000000e+00
     44    109 0.0000000e+00 1.3114600e-03 8.3933440e-04
     44    110 0.0000000e+00 3.2489100e-03 2.0793000e-03
     44    111 0.0000000e+00 5.5798000e-03 3.5710700e-03
     44    112 0.0000000e+00 8.2110100e-03 3.6949500e-03
     44    113 0.0000000e+00 8.1088500e-03 5.1896600e-03
     44    114 0.0000000e+00 5.5262400e-03 3.5367900e-03
     44    115 0.0000000e+00 2.8758400e-03 1.8405400e-03
     44    116 0.0000000e+00 1.1353200e-03 7.2660500e-04
     44    117 0.0000000e+00 3.6552400e-04 2.3393500e-04
     44    118 0.0000000e+00 6.1853700e-05 3.9586400e-05
     44    119 0.0000000e+00 9.5205600e-06 6.0931600e-06
     44    120 0.0000000e+00 1.1798300e-06 7.5509100e-07
     44    121 0.0000000e+00 1.5976100e-07 1.0224700e-07
     44    122 0.0000000e+00 9.9185700e-09 6.3478900e-09
     44    123 0.0000000e+00 3.0720800e-10 1.9661300e-10
     44    124 0.0000000e+00 3.2100000e-11 2.0544000e-11
     44    125 0.0000000e+00 4.9412200e-12 3.1623800e-12
     45     99 0.0000000e+00 0.0000000e+00 0.0000000e+00
     45    101 0.0000000e+00 0.0000000e+00 0.0000000e+00
     45    101 1.0000000e+00 0.0000000e+00 0.0000000e+00
     45    102 0.0000000e+00 0.0000000e+00 0.0000000e+00
     45    102 1.0000000e+00 0.0000000e+00 0.0000000e+00
     45    103 0.0000000e+00 0.0000000e+00 0.0000000e+00
     45    103 1.0000000e+00 4.5200000e-14 2.8928000e-14
     45    104 0.0000000e+00 5.5800000e-13 3.5712000e-13
     45    104 1.0000000e+00 3.1600000e-12 2.0224000e-12
     45    105 0.0000000e+00 1.8500000e-10 1.1840000e-10
     45    105 1.0000000e+00 1.3900000e-11 8.8960000e-12
     45    106 0.0000000e+00 3.1800000e-09 2.0352000e-09
     45    106 1.0000000e+00 3.1800000e-09 2.0352000e-09
     45    107 0.0000000e+00 1.2600000e-07 8.0640000e-08
     45    108 0.0000000e+00 9.6300000e-07 6.1632000e-07
     45    108 1.0000000e+00 9.6300000e-07 6.1632000e-07
     45    109 0.0000000e+00 2.0240000e-05 1.2953600e-05
     45    109 1.0000000e+00 0.0000000e+00 0.0000000e+00
     45    110 0.0000000e+00 6.2610000e-05 4.0070400e-05
     45    110 1.0000000e+00 6.2610000e-05 4.0070400e-05
     45    111 0.0000000e+00 5.2170000e-04 3.3388800e-04
     45    112 0.0000000e+00 1.8587700e-03 1.1896100e-03
     45    113 0.0000000e+00 4.1742200e-03 2.6715000e-03
     45    114 0.0000000e+00 6.4810900e-03 4.1479000e-03
     45    115 0.0000000e+00 7.8569800e-03 5.0284700e-03
     45    116 0.0000000e+00 6.8539600e-03 4.3865300e-03
     45    117 0.0000000e+00 5.2584400e-03 3.3654000e-03
     45    118 0.0000000e+00 2.0755800e-03 1.3283700e-03
     45    119 0.0000000e+00 7.6416000e-04 4.8906200e-04
     45    120 0.0000000e+00 2.1855000e-04 1.3987200e-04
     45    121 0.0000000e+00 5.2400200e-05 3.3536100e-05
     45    122 0.0000000e+00 9.5500000e-06 6.1120000e-06
     45    123 0.0000000e+00 1.4296900e-06 9.1500300e-07
     45    124 0.0000000e+00 1.6200000e-07 1.0368000e-07
     45    125 0.0000000e+00 2.2995600e-08 1.4717200e-08
     45    126 0.0000000e+00 3.0634200e-10 1.9605900e-10
     45    127 0.0000000e+00 3.4820500e-11 2.2285100e-11
     45    128 0.0000000e+00 1.7977800e-12 1.1505800e-12
     46     99 0.0000000e+00 0.0000000e+00 0.0000000e+00
     46    101 0.0000000e+00 0.0000000e+00 0.0000000e+00
     46    102 0.0000000e+00 0.0000000e+00 0.0000000e+00
     46    103 0.0000000e+00 0.0000000e+00 0.0000000e+00
     46    104 0.0000000e+00 0.0000000e+00 0.0000000e+00
     46    105 0.0000000e+00 0.0000000e+00 0.0000000e+00
     46    106 0.0000000e+00 3.5100000e-13 2.2464000e-13
     46    107 0.0000000e+00 4.0900000e-12 2.6176000e-12
     46    107 1.0000000e+00 1.5400000e-11 9.8560000e-12
     46    108 0.0000000e+00 8.2000000e-10 5.2480000e-10
     46    109 0.0000000e+00 4.9600000e-09 3.1744000e-09
     46    109 1.0000000e+00 1.8700000e-08 1.1968000e-08
     46    110 0.0000000e+00 3.8600000e-07 2.4704000e-07
     46    111 0.0000000e+00 8.7600000e-07 5.6064000e-07
     46    111 1.0000000e+00 3.2900000e-06 2.1056000e-06
     46    112 0.0000000e+00 3.9250000e-05 2.5120000e-05
     46    113 0.0000000e+00 2.1619000e-04 1.3836200e-04
     46    114 0.0000000e+00 8.0254000e-04 5.1362600e-04
     46    115 0.0000000e+00 2.2522400e-03 1.4414300e-03
     46    116 0.0000000e+00 4.4259500e-03 2.8326100e-03
     46    117 0.0000000e+00 7.4542300e-03 4.7707100e-03
     46    118 0.0000000e+00 6.6261300e-03 4.2407200e-03
     46    119 0.0000000e+00 5.4225900e-03 3.4704600e-03
     46    120 0.0000000e+00 3.3705100e-03 2.1571300e-03
     46    121 0.0000000e+00 1.7601800e-03 1.1265200e-03
     46    122 0.0000000e+00 6.9147000e-04 4.4254100e-04
     46    123 0.0000000e+00 2.2830000e-04 1.4611200e-04
     46    124 0.0000000e+00 5.7330000e-05 3.6691200e-05
     46    125 0.0000000e+00 1.1267000e-05 7.2108800e-06
     46    126 0.0000000e+00 2.1296900e-06 1.3630000e-06
     46    127 0.0000000e+00 2.4207300e-07 1.5492700e-07
     46    128 0.0000000e+00 1.2498200e-08 7.9988500e-09
     46    129 0.0000000e+00 9.2587700e-11 5.9256200e-11
     46    130 0.0000000e+00 3.8500000e-11 2.4640000e-11
     46    131 0.0000000e+00 5.8559400e-12 3.7478000e-12
     47    103 0.0000000e+00 0.0000000e+00 0.0000000e+00
     47    105 0.0000000e+00 0.0000000e+00 0.0000000e+00
     47    105 1.0000000e+00 0.0000000e+00 0.0000000e+00
     47    106 0.0000000e+00 0.0000000e+00 0.0000000e+00
     47    106 1.0000000e+00 0.0000000e+00 0.0000000e+00
     47    107 0.0000000e+00 0.0000000e+00 0.0000000e+00
     47    107 1.0000000e+00 0.0000000e+00 0.0000000e+00
     47    108 1.0000000e+00 1.1800000e-14 7.5520000e-15
     47    108 0.0000000e+00 1.1800000e-14 7.5520000e-15
     47    109 1.0000000e+00 8.9500000e-13 5.7280000e-13
     47    109 0.0000000e+00 8.9500000e-13 5.7280000e-13
     47    110 0.0000000e+00 1.5100000e-11 9.6640000e-12
     47    110 1.0000000e+00 1.4200000e-06 9.0880000e-07
     47    111 0.0000000e+00 1.9600000e-10 1.2544000e-10
     47    111 1.0000000e+00 2.2500000e-09 1.4400000e-09
     47    112 0.0000000e+00 1.0312000e-04 3.2998400e-05
     47    113 0.0000000e+00 7.2700000e-08 4.6528000e-08
     47    113 1.0000000e+00 8.3600000e-07 5.3504000e-07
     47    114 0.0000000e+00 8.7000000e-06 5.5680000e-06
     47    115 0.0000000e+00 3.1110000e-05 1.9910400e-05
     47    115 1.0000000e+00 3.1110000e-05 1.9910400e-05
     47    116 0.0000000e+00 1.4498000e-04 9.2787200e-05
     47    116 1.0000000e+00 1.4498000e-04 9.2787200e-05
     47    117 0.0000000e+00 6.0054000e-04 3.8434600e-04
     47    117 1.0000000e+00 6.0054000e-04 3.8434600e-04
     47    118 0.0000000e+00 1.1465100e-03 7.3376600e-04
     47    118 1.0000000e+00 1.1465100e-03 7.3376600e-04
     47    119 0.0000000e+00 4.0883200e-03 2.6165200e-03
     47    120 1.0000000e+00 2.6348500e-03 1.6863000e-03
     47    120 0.0000000e+00 2.6348500e-03 1.6863000e-03
     47    121 0.0000000e+00 5.6192500e-03 3.5963200e-03
     47    122 1.0000000e+00 2.2366600e-03 1.4314600e-03
     47    122 0.0000000e+00 2.2366600e-03 1.4314600e-03
     47    123 0.0000000e+00 3.0518600e-03 1.9531900e-03
     47    124 0.0000000e+00 1.6175200e-03 1.0352100e-03
     47    125 0.0000000e+00 7.0336000e-04 4.5015000e-04
     47    126 0.0000000e+00 2.9860000e-04 1.9110400e-04
     47    127 0.0000000e+00 7.9397900e-05 5.0814700e-05
     47    128 0.0000000e+00 1.2390000e-05 7.9296000e-06
     47    129 0.0000000e+00 4.3088800e-07 2.7576800e-07
     47    130 0.0000000e+00 2.5300000e-07 1.6192000e-07
     47    131 0.0000000e+00 2.7252600e-08 1.7441600e-08
     47    132 0.0000000e+00 9.6648700e-11 6.1855100e-11
     47    133 0.0000000e+00 1.2906800e-11 8.2603800e-12
     48    105 0.0000000e+00 0.0000000e+00 0.0000000e+00
     48    106 0.0000000e+00 0.0000000e+00 0.0000000e+00
     48    107 0.0000000e+00 0.0000000e+00 0.0000000e+00
     48    108 0.0000000e+00 0.0000000e+00 0.0000000e+00
     48    109 0.0000000e+00 0.0000000e+00 0.0000000e+00
     48    110 0.0000000e+00 0.0000000e+00 0.0000000e+00
     48    111 0.0000000e+00 1.3700000e-14 8.7680000e-15
     48    111 1.0000000e+00 8.3900000e-14 5.3696000e-14
     48    112 0.0000000e+00 5.9500000e-12 3.8080000e-12
     48    113 0.0000000e+00 3.8300000e-11 2.4512000e-11
     48    113 1.0000000e+00 2.3500000e-10 1.5040000e-10
     48    114 0.0000000e+00 7.0200000e-09 4.4928000e-09
     48    115 0.0000000e+00 1.8600000e-08 1.1904000e-08
     48    115 1.0000000e+00 1.1400000e-07 7.2960000e-08
     48    116 0.0000000e+00 1.5800000e-06 1.0112000e-06
     48    117 0.0000000e+00 2.3500000e-06 1.5040000e-06
     48    117 1.0000000e+00 1.4420000e-05 9.2288000e-06
     48    118 0.0000000e+00 7.6330000e-05 4.8851200e-05
     48    119 0.0000000e+00 1.5820000e-04 1.0124800e-04
     48    119 1.0000000e+00 1.5820000e-04 1.0124800e-04
     48    120 0.0000000e+00 8.8162000e-04 5.6423700e-04
     48    121 1.0000000e+00 9.9191000e-04 6.3482200e-04
     48    121 0.0000000e+00 9.9191000e-04 6.3482200e-04
     48    122 0.0000000e+00 3.0812200e-03 1.9719800e-03
     48    123 0.0000000e+00 4.1781200e-03 2.6740000e-03
     48    124 0.0000000e+00 4.2571800e-03 2.7246000e-03
     48    125 0.0000000e+00 3.9632300e-03 2.5364700e-03
     48    126 0.0000000e+00 3.5456800e-03 2.2692400e-03
     48    127 0.0000000e+00 2.3025000e-03 1.4736000e-03
     48    128 0.0000000e+00 9.2003000e-04 5.8881900e-04
     48    129 0.0000000e+00 2.1111900e-04 1.3511600e-04
     48    130 0.0000000e+00 1.1658000e-04 7.4611200e-05
     48    131 0.0000000e+00 1.3352700e-05 8.5457500e-06
     48    132 0.0000000e+00 6.7190300e-07 4.3001800e-07
     48    133 0.0000000e+00 8.9728700e-08 5.7426300e-08
     48    134 0.0000000e+00 5.1600000e-10 3.3024000e-10
     48    135 0.0000000e+00 2.4557300e-11 1.5716700e-11
     48    136 0.0000000e+00 4.8800000e-14 3.1232000e-14
     49    107 0.0000000e+00 0.0000000e+00 0.0000000e+00
     49    109 0.0000000e+00 0.0000000e+00 0.0000000e+00
     49    111 0.0000000e+00 0.0000000e+00 0.0000000e+00
     49    112 0.0000000e+00 0.0000000e+00 0.0000000e+00
     49    112 1.0000000e+00 0.0000000e+00 0.0000000e+00
     49    113 0.0000000e+00 0.0000000e+00 0.0000000e+00
     49    113 1.0000000e+00 0.0000000e+00 0.0000000e+00
     49    114 0.0000000e+00 5.8100000e-14 3.7184000e-14
     49    114 1.0000000e+00 3.2900000e-13 2.1056000e-13
     49    115 0.0000000e+00 1.7700000e-11 1.1328000e-11
     49    115 1.0000000e+00 2.1900000e-12 1.4016000e-12
     49    116 2.0000000e+00 2.0666700e-10 1.3226700e-10
     49    116 0.0000000e+00 2.0666700e-10 1.3226700e-10
     49    116 1.0000000e+00 2.0666700e-10 1.3226700e-10
     49    117 0.0000000e+00 1.3500000e-08 8.6400000e-09
     49    117 1.0000000e+00 1.6600000e-09 1.0624000e-09
     49    118 2.0000000e+00 1.5100000e-08 9.6640000e-09
     49    118 0.0000000e+00 1.7100000e-07 1.0944000e-07
     49    118 1.0000000e+00 1.5100000e-08 9.6640000e-09
     49    119 0.0000000e+00 1.8300000e-06 1.1712000e-06
     49    119 1.0000000e+00 2.2700000e-07 1.4528000e-07
     49    120 2.0000000e+00 4.4266700e-06 2.8330700e-06
     49    120 0.0000000e+00 4.4266700e-06 2.8330700e-06
     49    120 1.0000000e+00 4.4266700e-06 2.8330700e-06
     49    121 0.0000000e+00 5.7610000e-05 3.6870400e-05
     49    121 1.0000000e+00 7.1200000e-06 4.5568000e-06
     49    122 2.0000000e+00 7.2413300e-05 4.6344500e-05
     49    122 0.0000000e+00 7.2413300e-05 4.6344500e-05
     49    122 1.0000000e+00 7.2413300e-05 4.6344500e-05
     49    123 0.0000000e+00 5.4168000e-04 3.4667500e-04
     49    123 1.0000000e+00 6.6950000e-05 4.2848000e-05
     49    124 1.0000000e+00 6.3785000e-04 4.0822400e-04
     49    124 0.0000000e+00 6.3785000e-04 4.0822400e-04
     49    125 0.0000000e+00 1.1878400e-03 7.6021800e-04
     49    125 1.0000000e+00 1.1973300e-03 7.6629100e-04
     49    126 1.0000000e+00 2.1673000e-03 1.3870700e-03
     49    126 0.0000000e+00 2.1673000e-03 1.3870700e-03
     49    127 0.0000000e+00 3.2117700e-03 2.0555300e-03
     49    127 1.0000000e+00 3.2117700e-03 2.0555300e-03
     49    128 1.0000000e+00 3.0454900e-03 1.9491100e-03
     49    128 0.0000000e+00 3.0454900e-03 1.9491100e-03
     49    129 0.0000000e+00 1.9291500e-03 1.2346600e-03
     49    129 1.0000000e+00 1.9291500e-03 1.2346600e-03
     49    130 2.0000000e+00 1.4011800e-03 8.9675700e-04
     49    130 1.0000000e+00 1.4011800e-03 8.9675700e-04
     49    130 0.0000000e+00 1.4011800e-03 8.9675700e-04
     49    131 1.0000000e+00 7.0801500e-04 4.5313000e-04
     49    131 0.0000000e+00 7.0801500e-04 4.5313000e-04
     49    132 0.0000000e+00 2.4477000e-04 1.5665300e-04
     49    133 0.0000000e+00 2.9430300e-05 1.8835400e-05
     49    134 0.0000000e+00 2.1500000e-06 1.3760000e-06
     49    135 0.0000000e+00 1.1428600e-07 7.3142800e-08
     49    136 0.0000000e+00 2.0700000e-09 1.3248000e-09
     49    137 0.0000000e+00 3.4085900e-11 2.1815000e-11
     50    111 0.0000000e+00 0.0000000e+00 0.0000000e+00
     50    112 0.0000000e+00 0.0000000e+00 0.0000000e+00
     50    113 1.0000000e+00 0.0000000e+00 0.0000000e+00
     50    113 0.0000000e+00 0.0000000e+00 0.0000000e+00
     50    114 0.0000000e+00 0.0000000e+00 0.0000000e+00
     50    115 0.0000000e+00 0.0000000e+00 0.0000000e+00
     50    116 0.0000000e+00 1.6500000e-14 1.0560000e-14
     50    117 1.0000000e+00 5.4500000e-13 3.4880000e-13
     50    117 0.0000000e+00 5.4500000e-13 3.4880000e-13
     50    118 0.0000000e+00 3.7300000e-11 2.3872000e-11
     50    119 0.0000000e+00 1.3700000e-10 8.7680000e-11
     50    119 1.0000000e+00 8.4000000e-10 5.3760000e-10
     50    120 0.0000000e+00 1.5100000e-08 9.6640000e-09
     50    121 0.0000000e+00 3.0700000e-08 1.9648000e-08
     50    121 1.0000000e+00 1.4000000e-07 8.9600000e-08
     50    122 0.0000000e+00 1.2800000e-06 8.1920000e-07
     50    123 0.0000000e+00 6.4600000e-06 4.1344000e-06
     50    123 1.0000000e+00 1.4200000e-06 9.0880000e-07
     50    124 0.0000000e+00 3.6570000e-05 2.3404800e-05
     50    125 0.0000000e+00 1.1974000e-04 7.6633600e-05
     50    125 1.0000000e+00 2.6290000e-05 1.6825600e-05
     50    126 0.0000000e+00 5.6381000e-04 3.6083800e-04
     50    127 0.0000000e+00 1.5926900e-03 1.0193200e-03
     50    127 1.0000000e+00 3.4961000e-04 2.2375000e-04
     50    128 1.0000000e+00 2.1356800e-03 1.3668400e-03
     50    128 0.0000000e+00 2.1356800e-03 1.3668400e-03
     50    129 0.0000000e+00 5.8354100e-03 2.6259300e-03
     50    129 1.0000000e+00 1.2461100e-03 7.9751000e-04
     50    130 1.0000000e+00 7.1765400e-03 4.5929900e-03
     50    130 0.0000000e+00 7.1765400e-03 4.5929900e-03
     50    131 1.0000000e+00 6.4885800e-03 4.1526900e-03
     50    131 0.0000000e+00 6.4885800e-03 4.1526900e-03
     50    132 0.0000000e+00 7.0762300e-03 4.5287900e-03
     50    133 0.0000000e+00 2.7514600e-03 1.7609300e-03
     50    134 0.0000000e+00 6.3589000e-04 4.0697000e-04
     50    135 0.0000000e+00 5.5995700e-05 3.5837200e-05
     50    136 0.0000000e+00 5.9300000e-06 3.7952000e-06
     50    137 0.0000000e+00 2.3696600e-07 1.5165800e-07
     50    138 0.0000000e+00 1.2500000e-08 8.0000000e-09
     50    139 0.0000000e+00 3.4587700e-10 2.2136100e-10
     50    140 0.0000000e+00 3.3516300e-11 2.1450400e-11
     51    113 0.0000000e+00 0.0000000e+00 0.0000000e+00
     51    115 0.0000000e+00 0.0000000e+00 0.0000000e+00
     51    117 0.0000000e+00 0.0000000e+00 0.0000000e+00
     51    118 0.0000000e+00 0.0000000e+00 0.0000000e+00
     51    118 1.0000000e+00 0.0000000e+00 0.0000000e+00
     51    119 0.0000000e+00 3.1400000e-14 2.0096000e-14
     51    120 0.0000000e+00 3.0800000e-13 1.9712000e-13
     51    120 1.0000000e+00 8.7600000e-13 5.6064000e-13
     51    121 0.0000000e+00 3.1700000e-11 2.0288000e-11
     51    122 0.0000000e+00 1.6300000e-10 1.0432000e-10
     51    122 1.0000000e+00 3.8100000e-10 2.4384000e-10
     51    123 0.0000000e+00 7.6500000e-09 4.8960000e-09
     51    124 2.0000000e+00 2.4054700e-04 1.5395000e-04
     51    124 0.0000000e+00 2.4054700e-04 1.5395000e-04
     51    124 1.0000000e+00 2.4054700e-04 1.5395000e-04
     51    125 0.0000000e+00 7.3600000e-07 4.7104000e-07
     51    126 2.0000000e+00 1.3850000e-06 8.8640000e-07
     51    126 0.0000000e+00 3.6700000e-06 2.3488000e-06
     51    126 1.0000000e+00 1.3850000e-06 8.8640000e-07
     51    127 0.0000000e+00 5.5800000e-05 3.5712000e-05
     51    128 0.0000000e+00 1.7653000e-04 1.1297900e-04
     51    128 1.0000000e+00 1.3317000e-04 8.5228800e-05
     51    129 0.0000000e+00 1.3692200e-03 8.7630100e-04
     51    130 0.0000000e+00 3.0290900e-03 1.9386200e-03
     51    130 1.0000000e+00 2.2851500e-03 1.4625000e-03
     51    131 0.0000000e+00 1.2496500e-02 3.9988700e-03
     51    132 0.0000000e+00 7.6991300e-03 4.9274400e-03
     51    132 1.0000000e+00 1.2042200e-02 3.8535100e-03
     51    133 0.0000000e+00 2.2431700e-02 7.1781500e-03
     51    134 1.0000000e+00 7.5641100e-03 4.8410300e-03
     51    134 0.0000000e+00 7.5641100e-03 4.8410300e-03
     51    135 0.0000000e+00 3.9622400e-03 2.5358300e-03
     51    136 0.0000000e+00 1.2219100e-03 7.8202200e-04
     51    137 0.0000000e+00 1.3812000e-04 8.8396800e-05
     51    138 0.0000000e+00 2.0420000e-05 1.3068800e-05
     51    139 0.0000000e+00 1.6096500e-06 1.0301800e-06
     51    140 0.0000000e+00 1.5597900e-07 9.9826600e-08
     51    141 0.0000000e+00 5.2299400e-10 3.3471600e-10
     51    142 0.0000000e+00 9.2909300e-11 5.9461900e-11
     51    143 0.0000000e+00 3.0574800e-11 1.9567900e-11
     52    115 0.0000000e+00 0.0000000e+00 0.0000000e+00
     52    117 0.0000000e+00 0.0000000e+00 0.0000000e+00
     52    118 0.0000000e+00 0.0000000e+00 0.0000000e+00
     52    119 0.0000000e+00 0.0000000e+00 0.0000000e+00
     52    120 0.0000000e+00 0.0000000e+00 0.0000000e+00
     52    121 1.0000000e+00 0.0000000e+00 0.0000000e+00
     52    121 0.0000000e+00 0.0000000e+00 0.0000000e+00
     52    122 0.0000000e+00 1.5700000e-14 1.0048000e-14
     52    123 0.0000000e+00 7.1400000e-14 4.5696000e-14
     52    123 1.0000000e+00 4.3900000e-13 2.8096000e-13
     52    124 0.0000000e+00 1.2300000e-11 7.8720000e-12
     52    125 0.0000000e+00 3.6500000e-11 2.3360000e-11
     52    125 1.0000000e+00 2.2400000e-10 1.4336000e-10
     52    126 0.0000000e+00 5.4700000e-09 3.5008000e-09
     52    127 0.0000000e+00 2.0100000e-08 1.2864000e-08
     52    127 1.0000000e+00 9.1400000e-08 5.8496000e-08
     52    128 0.0000000e+00 1.8700000e-06 1.1968000e-06
     52    129 0.0000000e+00 4.5300000e-06 2.8992000e-06
     52    129 1.0000000e+00 2.0630000e-05 1.3203200e-05
     52    130 0.0000000e+00 1.9037000e-04 1.2183700e-04
     52    131 0.0000000e+00 2.2538000e-04 1.4424300e-04
     52    131 1.0000000e+00 1.0264500e-03 6.5692800e-04
     52    132 0.0000000e+00 5.9898000e-03 3.8334700e-03
     52    133 0.0000000e+00 3.4776800e-03 2.2257200e-03
     52    133 1.0000000e+00 1.5842300e-02 5.0695500e-03
     52    134 0.0000000e+00 3.4450600e-02 1.1024200e-02
     52    135 0.0000000e+00 2.4417300e-02 7.8135200e-03
     52    136 0.0000000e+00 2.0729000e-02 6.6332900e-03
     52    137 0.0000000e+00 6.2210200e-03 3.9814500e-03
     52    138 0.0000000e+00 2.4544000e-03 1.5708200e-03
     52    139 0.0000000e+00 5.2830000e-04 3.3811200e-04
     52    140 0.0000000e+00 7.6424000e-05 4.8911400e-05
     52    141 0.0000000e+00 3.6358600e-06 2.3269500e-06
     52    142 0.0000000e+00 6.4590700e-07 4.1338100e-07
     52    143 0.0000000e+00 2.1255700e-07 1.3603600e-07
     52    144 0.0000000e+00 2.1392600e-10 1.3691200e-10
     52    145 0.0000000e+00 1.9572300e-11 1.2526300e-11
     53    121 0.0000000e+00 0.0000000e+00 0.0000000e+00
     53    123 0.0000000e+00 0.0000000e+00 0.0000000e+00
     53    125 0.0000000e+00 0.0000000e+00 0.0000000e+00
     53    126 0.0000000e+00 3.1900000e-13 2.0416000e-13
     53    127 0.0000000e+00 1.7600000e-11 1.1264000e-11
     53    128 0.0000000e+00 8.1700000e-10 5.2288000e-10
     53    129 0.0000000e+00 3.4400000e-08 2.2016000e-08
     53    130 0.0000000e+00 2.4480000e-04 1.5667200e-04
     53    130 1.0000000e+00 5.3740000e-05 3.4393600e-05
     53    131 0.0000000e+00 1.0810000e-05 6.9184000e-06
     53    132 1.0000000e+00 6.2278000e-04 3.9857900e-04
     53    132 0.0000000e+00 6.2278000e-04 3.9857900e-04
     53    133 1.0000000e+00 9.8868010e-04 6.3275500e-04
     53    133 0.0000000e+00 9.8868010e-04 6.3275500e-04
     53    134 0.0000000e+00 9.9642100e-03 3.1885500e-03
     53    134 1.0000000e+00 5.4322800e-03 2.4445300e-03
     53    135 0.0000000e+00 2.2711100e-02 3.6337700e-03
     53    136 0.0000000e+00 1.7712800e-02 5.6681100e-03
     53    136 1.0000000e+00 1.7630100e-02 5.6416300e-03
     53    137 0.0000000e+00 2.5958100e-02 4.1532900e-03
     53    138 0.0000000e+00 2.5287500e-02 8.0919900e-03
     53    139 0.0000000e+00 1.3852800e-02 4.4329000e-03
     53    140 0.0000000e+00 5.2733300e-03 3.3749300e-03
     53    141 0.0000000e+00 1.1925300e-03 7.6322200e-04
     53    142 0.0000000e+00 3.2219000e-04 2.0620200e-04
     53    143 0.0000000e+00 6.9716900e-05 4.4618800e-05
     53    144 0.0000000e+00 9.9557410e-07 6.3716700e-07
     53    145 0.0000000e+00 9.1086300e-08 5.8295200e-08
     53    146 0.0000000e+00 4.8612000e-10 3.1111700e-10
     53    147 0.0000000e+00 3.1105400e-11 1.9907500e-11
     54    124 0.0000000e+00 0.0000000e+00 0.0000000e+00
     54    125 1.0000000e+00 0.0000000e+00 0.0000000e+00
     54    125 0.0000000e+00 0.0000000e+00 0.0000000e+00
     54    126 0.0000000e+00 0.0000000e+00 0.0000000e+00
     54    127 1.0000000e+00 0.0000000e+00 0.0000000e+00
     54    127 0.0000000e+00 0.0000000e+00 0.0000000e+00
     54    128 0.0000000e+00 2.4200000e-14 1.5488000e-14
     54    129 1.0000000e+00 1.6300000e-12 1.0432000e-12
     54    129 0.0000000e+00 1.6300000e-12 1.0432000e-12
     54    130 0.0000000e+00 1.0900000e-10 6.9760000e-11
     54    131 0.0000000e+00 1.2400000e-09 7.9360000e-10
     54    131 1.0000000e+00 5.6700000e-09 3.6288000e-09
     54    132 0.0000000e+00 4.1400000e-07 2.6496000e-07
     54    133 0.0000000e+00 1.1900000e-06 7.6160000e-07
     54    133 1.0000000e+00 5.4100000e-06 3.4624000e-06
     54    134 0.0000000e+00 3.7800000e-05 2.4192000e-05
     54    134 1.0000000e+00 1.7220000e-04 1.1020800e-04
     54    135 0.0000000e+00 2.4328000e-04 1.5569900e-04
     54    135 1.0000000e+00 1.1429400e-03 7.3148200e-04
     54    136 0.0000000e+00 6.4974000e-03 4.1583400e-03
     54    137 0.0000000e+00 2.3681300e-02 2.6049500e-03
     54    138 0.0000000e+00 2.6895200e-02 4.3032300e-03
     54    139 0.0000000e+00 3.4777700e-02 3.8255400e-03
     54    140 0.0000000e+00 3.2150100e-02 3.5365200e-03
     54    141 0.0000000e+00 1.6995600e-02 1.8695100e-03
     54    142 0.0000000e+00 6.8359800e-03 1.0937600e-03
     54    143 1.0000000e+00 1.3489400e-03 8.6331900e-04
     54    143 0.0000000e+00 1.3489400e-03 8.6331900e-04
     54    144 0.0000000e+00 4.8779400e-04 3.1218800e-04
     54    145 0.0000000e+00 4.4628900e-05 2.8562500e-05
     54    146 0.0000000e+00 3.3795100e-06 2.1628900e-06
     54    147 0.0000000e+00 2.1624500e-07 1.3839700e-07
     54    148 0.0000000e+00 2.1000000e-09 1.3440000e-09
     54    149 0.0000000e+00 2.6881300e-11 1.7204000e-11
     54    150 0.0000000e+00 2.2200000e-13 1.4208000e-13
     55    127 0.0000000e+00 0.0000000e+00 0.0000000e+00
     55    129 0.0000000e+00 0.0000000e+00 0.0000000e+00
     55    131 0.0000000e+00 2.9900000e-13 1.9136000e-13
     55    132 0.0000000e+00 6.5500000e-11 4.1920000e-11
     55    133 0.0000000e+00 3.6600000e-09 2.3424000e-09
     55    134 1.0000000e+00 2.1300000e-06 1.3632000e-06
     55    134 0.0000000e+00 2.1300000e-06 1.3632000e-06
     55    135 1.0000000e+00 2.6140000e-05 1.6729600e-05
     55    135 0.0000000e+00 2.6140000e-05 1.6729600e-05
     55    136 1.0000000e+00 7.8330000e-05 5.0131200e-05
     55    136 0.0000000e+00 7.8330000e-05 5.0131200e-05
     55    137 0.0000000e+00 7.7793000e-04 4.9787500e-04
     55    138 0.0000000e+00 1.5830700e-03 1.0131600e-03
     55    138 1.0000000e+00 1.5424800e-03 9.8718700e-04
     55    139 0.0000000e+00 9.5073700e-03 6.0847200e-03
     55    140 0.0000000e+00 2.1140100e-02 4.8622300e-03
     55    141 0.0000000e+00 3.6597100e-02 1.1711100e-02
     55    142 0.0000000e+00 3.2592600e-02 1.0429600e-02
     55    143 0.0000000e+00 2.4207700e-02 7.7464600e-03
     55    144 0.0000000e+00 1.1077900e-02 3.5449300e-03
     55    145 0.0000000e+00 2.7164200e-03 1.7385100e-03
     55    146 0.0000000e+00 5.9642000e-04 3.8170900e-04
     55    147 0.0000000e+00 7.0926700e-05 4.5393100e-05
     55    148 0.0000000e+00 3.5300000e-06 2.2592000e-06
     55    149 0.0000000e+00 1.2510100e-07 8.0064700e-08
     55    150 0.0000000e+00 3.4500000e-09 2.2080000e-09
     55    151 0.0000000e+00 1.7991800e-11 1.1514700e-11
     55    152 0.0000000e+00 9.1183400e-13 5.8357400e-13
     56    129 0.0000000e+00 0.0000000e+00 0.0000000e+00
     56    131 0.0000000e+00 0.0000000e+00 0.0000000e+00
     56    132 0.0000000e+00 0.0000000e+00 0.0000000e+00
     56    133 0.0000000e+00 1.3800000e-13 8.8320000e-14
     56    134 0.0000000e+00 4.8900000e-11 3.1296000e-11
     56    135 1.0000000e+00 1.5300000e-09 9.7920000e-10
     56    135 0.0000000e+00 1.5300000e-09 9.7920000e-10
     56    136 1.0000000e+00 6.8500000e-08 4.3840000e-08
     56    136 0.0000000e+00 6.8500000e-08 4.3840000e-08
     56    137 0.0000000e+00 4.8700000e-07 3.1168000e-07
     56    137 1.0000000e+00 2.2200000e-06 1.4208000e-06
     56    138 0.0000000e+00 3.0230000e-05 1.9347200e-05
     56    139 0.0000000e+00 2.5321000e-04 1.6205400e-04
     56    140 0.0000000e+00 1.4600000e-03 9.3440000e-04
     56    141 0.0000000e+00 6.4454400e-03 4.1250800e-03
     56    142 0.0000000e+00 1.3418500e-02 4.2939300e-03
     56    143 0.0000000e+00 2.2205500e-02 7.1057600e-03
     56    144 0.0000000e+00 2.4636400e-02 7.8836500e-03
     56    145 0.0000000e+00 1.4937000e-02 4.7798300e-03
     56    146 0.0000000e+00 8.7692000e-03 5.6122900e-03
     56    147 0.0000000e+00 2.7446900e-03 1.7566000e-03
     56    148 0.0000000e+00 4.3574000e-04 2.7887400e-04
     56    149 0.0000000e+00 6.1294900e-05 3.9228700e-05
     56    150 0.0000000e+00 3.7000000e-06 2.3680000e-06
     56    151 0.0000000e+00 1.2507900e-07 8.0050600e-08
     56    152 0.0000000e+00 6.3390900e-09 4.0570200e-09
     56    153 0.0000000e+00 6.3804700e-11 4.0835000e-11
     56    154 0.0000000e+00 3.2000000e-12 2.0480000e-12
     56    155 0.0000000e+00 1.8425600e-13 1.1792400e-13
     57    133 0.0000000e+00 0.0000000e+00 0.0000000e+00
     57    135 0.0000000e+00 8.5800000e-14 5.4912000e-14
     57    137 0.0000000e+00 6.9300000e-10 4.4352000e-10
     57    138 0.0000000e+00 2.1900000e-08 1.4016000e-08
     57    139 0.0000000e+00 5.0900000e-07 3.2576000e-07
     57    140 0.0000000e+00 8.0400000e-06 5.1456000e-06
     57    141 0.0000000e+00 9.0580000e-05 5.7971200e-05
     57    142 0.0000000e+00 5.0963000e-04 3.2616300e-04
     57    143 0.0000000e+00 2.1286400e-03 1.3623300e-03
     57    144 0.0000000e+00 5.8504700e-03 3.7443000e-03
     57    145 0.0000000e+00 8.3779200e-03 5.3618700e-03
     57    146 1.0000000e+00 6.5582100e-03 4.1972500e-03
     57    146 0.0000000e+00 6.5582100e-03 4.1972500e-03
     57    147 0.0000000e+00 1.1015400e-02 3.5249400e-03
     57    148 0.0000000e+00 4.5983700e-03 2.9429600e-03
     57    149 0.0000000e+00 1.7755900e-03 1.1363800e-03
     57    150 0.0000000e+00 2.9597000e-04 1.8942100e-04
     57    151 0.0000000e+00 4.1024900e-05 2.6255900e-05
     57    152 0.0000000e+00 3.8000000e-06 2.4320000e-06
     57    153 0.0000000e+00 2.9693600e-07 1.9003900e-07
     57    154 0.0000000e+00 1.4900000e-08 9.5360000e-09
     57    155 0.0000000e+00 8.5749800e-10 5.4879900e-10
     57    156 0.0000000e+00 3.6099400e-12 2.3103600e-12
     57    157 0.0000000e+00 1.5964300e-13 1.0217100e-13
     57    158 0.0000000e+00 4.5735500e-15 2.9270700e-15
     58    135 0.0000000e+00 0.0000000e+00 0.0000000e+00
     58    137 0.0000000e+00 1.1900000e-14 7.6160000e-15
     58    138 0.0000000e+00 1.0900000e-12 6.9760000e-13
     58    139 0.0000000e+00 1.3000000e-11 8.3200000e-12
     58    139 1.0000000e+00 5.9200000e-11 3.7888000e-11
     58    140 0.0000000e+00 3.2100000e-09 2.0544000e-09
     58    141 0.0000000e+00 1.0300000e-07 6.5920000e-08
     58    142 0.0000000e+00 1.5300000e-06 9.7920000e-07
     58    143 0.0000000e+00 1.7490000e-05 1.1193600e-05
     58    144 0.0000000e+00 1.3375000e-04 8.5600000e-05
     58    145 0.0000000e+00 5.2633000e-04 3.3685100e-04
     58    146 0.0000000e+00 2.0955900e-03 1.3411800e-03
     58    147 0.0000000e+00 4.6228700e-03 2.9586400e-03
     58    148 0.0000000e+00 5.0420700e-03 3.2269200e-03
     58    149 0.0000000e+00 4.7706300e-03 3.0532000e-03
     58    150 0.0000000e+00 2.1002700e-03 1.3441700e-03
     58    151 0.0000000e+00 7.3261000e-04 4.6887000e-04
     58    152 0.0000000e+00 1.7534000e-04 1.1221800e-04
     58    153 0.0000000e+00 3.6570000e-05 2.3404800e-05
     58    154 0.0000000e+00 4.8800000e-06 3.1232000e-06
     58    155 0.0000000e+00 4.2014200e-07 2.6889100e-07
     58    156 0.0000000e+00 2.5096400e-08 1.6061700e-08
     58    157 0.0000000e+00 1.1098400e-09 7.1029800e-10
     58    158 0.0000000e+00 3.1795400e-11 2.0349100e-11
     58    159 0.0000000e+00 5.6715300e-13 3.6297800e-13
     58    160 0.0000000e+00 0.0000000e+00 0.0000000e+00
     59    139 0.0000000e+00 0.0000000e+00 0.0000000e+00
     59    140 0.0000000e+00 8.7500000e-14 5.6000000e-14
     59    141 0.0000000e+00 8.1800000e-12 5.2352000e-12
     59    142 1.0000000e+00 1.6700000e-10 1.0688000e-10
     59    142 0.0000000e+00 1.6700000e-10 1.0688000e-10
     59    143 0.0000000e+00 1.0700000e-08 6.8480000e-09
     59    144 0.0000000e+00 1.3200000e-08 8.4480000e-09
     59    144 1.0000000e+00 2.0700000e-07 1.3248000e-07
     59    145 0.0000000e+00 2.5800000e-06 1.6512000e-06
     59    146 0.0000000e+00 3.0000000e-05 1.9200000e-05
     59    147 0.0000000e+00 1.9331000e-04 1.2371800e-04
     59    148 1.0000000e+00 2.9138500e-04 1.8648600e-04
     59    148 0.0000000e+00 2.9138500e-04 1.8648600e-04
     59    149 0.0000000e+00 1.4979000e-03 9.5865600e-04
     59    150 0.0000000e+00 1.5834800e-03 1.0134300e-03
     59    151 0.0000000e+00 1.2958400e-03 8.2933800e-04
     59    152 0.0000000e+00 7.5112000e-04 4.8071700e-04
     59    153 0.0000000e+00 3.8595000e-04 2.4700800e-04
     59    154 0.0000000e+00 1.2795000e-04 8.1888000e-05
     59    155 0.0000000e+00 2.8250000e-05 1.8080000e-05
     59    156 0.0000000e+00 4.4400000e-06 2.8416000e-06
     59    157 0.0000000e+00 5.1200000e-07 3.2768000e-07
     59    158 0.0000000e+00 3.9900000e-08 2.5536000e-08
     59    159 0.0000000e+00 2.6394300e-09 1.6892400e-09
     59    160 0.0000000e+00 6.6900000e-11 4.2816000e-11
     59    161 0.0000000e+00 4.4584900e-13 2.8534400e-13
     59    162 0.0000000e+00 1.8409300e-14 1.1781900e-14
     59    163 0.0000000e+00 5.0481700e-16 3.2308300e-16
     60    140 0.0000000e+00 0.0000000e+00 0.0000000e+00
     60    141 0.0000000e+00 0.0000000e+00 0.0000000e+00
     60    142 0.0000000e+00 0.0000000e+00 0.0000000e+00
     60    143 0.0000000e+00 4.3100000e-13 2.7584000e-13
     60    144 0.0000000e+00 2.6600000e-11 1.7024000e-11
     60    145 0.0000000e+00 8.6200000e-10 5.5168000e-10
     60    146 0.0000000e+00 3.2400000e-08 2.0736000e-08
     60    147 0.0000000e+00 6.4400000e-07 4.1216000e-07
     60    148 0.0000000e+00 5.8600000e-06 3.7504000e-06
     60    149 0.0000000e+00 4.3030000e-05 2.7539200e-05
     60    150 0.0000000e+00 1.2255000e-04 7.8432000e-05
     60    151 0.0000000e+00 2.5121000e-04 1.6077400e-04
     60    152 0.0000000e+00 3.4761000e-04 2.2247000e-04
     60    153 0.0000000e+00 4.2362000e-04 2.7111700e-04
     60    154 0.0000000e+00 3.2636000e-04 2.0887000e-04
     60    155 0.0000000e+00 1.7052000e-04 1.0913300e-04
     60    156 0.0000000e+00 6.5250000e-05 4.1760000e-05
     60    157 0.0000000e+00 1.8450000e-05 1.1808000e-05
     60    158 0.0000000e+00 3.7100000e-06 2.3744000e-06
     60    159 0.0000000e+00 6.5000000e-07 4.1600000e-07
     60    160 0.0000000e+00 4.3400000e-08 2.7776000e-08
     60    161 0.0000000e+00 3.0995500e-09 1.9837100e-09
     60    162 0.0000000e+00 1.2798200e-10 8.1908200e-11
     60    163 0.0000000e+00 3.5095000e-12 2.2460800e-12
     60    164 0.0000000e+00 7.4300000e-14 4.7552000e-14
     60    165 0.0000000e+00 1.5167000e-15 9.7069000e-16
     60    166 0.0000000e+00 8.3156100e-17 5.3219900e-17
     61    141 0.0000000e+00 0.0000000e+00 0.0000000e+00
     61    143 0.0000000e+00 0.0000000e+00 0.0000000e+00
     61    144 0.0000000e+00 0.0000000e+00 0.0000000e+00
     61    145 0.0000000e+00 2.0500000e-14 1.3120000e-14
     61    146 0.0000000e+00 2.4000000e-12 1.5360000e-12
     61    147 0.0000000e+00 1.5100000e-10 9.6640000e-11
     61    148 0.0000000e+00 7.8500000e-10 5.0240000e-10
     61    148 1.0000000e+00 3.5800000e-09 2.2912000e-09
     61    149 0.0000000e+00 7.1700000e-08 4.5888000e-08
     61    150 0.0000000e+00 7.9800000e-07 5.1072000e-07
     61    151 0.0000000e+00 4.3900000e-06 2.8096000e-06
     61    152 2.0000000e+00 5.2933300e-06 3.3877300e-06
     61    152 0.0000000e+00 5.2933300e-06 3.3877300e-06
     61    152 1.0000000e+00 5.2933300e-06 3.3877300e-06
     61    153 0.0000000e+00 4.8910000e-05 3.1302400e-05
     61    154 0.0000000e+00 4.5080000e-05 2.8851200e-05
     61    154 1.0000000e+00 4.5080000e-05 2.8851200e-05
     61    155 0.0000000e+00 1.1012000e-04 7.0476800e-05
     61    156 0.0000000e+00 9.7600000e-05 6.2464000e-05
     61    157 0.0000000e+00 6.3000000e-05 4.0320000e-05
     61    158 0.0000000e+00 3.0300000e-05 1.9392000e-05
     61    159 0.0000000e+00 1.3060000e-05 8.3584000e-06
     61    160 0.0000000e+00 2.1600000e-06 1.3824000e-06
     61    161 0.0000000e+00 4.0200000e-07 2.5728000e-07
     61    162 0.0000000e+00 4.3100000e-08 2.7584000e-08
     61    163 0.0000000e+00 3.2100000e-09 2.0544000e-09
     61    164 0.0000000e+00 1.8100000e-10 1.1584000e-10
     61    165 0.0000000e+00 7.0584800e-12 4.5174300e-12
     61    166 0.0000000e+00 3.8699400e-13 2.4767600e-13
     61    167 0.0000000e+00 1.3289200e-15 8.5050800e-16
     61    168 0.0000000e+00 4.1420900e-17 2.6509300e-17
     62    143 0.0000000e+00 0.0000000e+00 0.0000000e+00
     62    143 1.0000000e+00 0.0000000e+00 0.0000000e+00
     62    144 0.0000000e+00 0.0000000e+00 0.0000000e+00
     62    145 0.0000000e+00 0.0000000e+00 0.0000000e+00
     62    146 0.0000000e+00 0.0000000e+00 0.0000000e+00
     62    147 0.0000000e+00 0.0000000e+00 0.0000000e+00
     62    148 0.0000000e+00 2.2200000e-13 1.4208000e-13
     62    149 0.0000000e+00 1.1600000e-11 7.4240000e-12
     62    150 0.0000000e+00 3.7800000e-10 2.4192000e-10
     62    151 0.0000000e+00 5.9800000e-09 3.8272000e-09
     62    152 0.0000000e+00 5.8700000e-08 3.7568000e-08
     62    153 0.0000000e+00 4.9200000e-07 3.1488000e-07
     62    154 0.0000000e+00 2.3500000e-06 1.5040000e-06
     62    155 0.0000000e+00 7.2100000e-06 4.6144000e-06
     62    156 0.0000000e+00 1.5590000e-05 9.9776000e-06
     62    157 0.0000000e+00 2.3320000e-05 1.4924800e-05
     62    158 0.0000000e+00 2.6090000e-05 1.6697600e-05
     62    159 0.0000000e+00 2.6070000e-05 1.6684800e-05
     62    160 0.0000000e+00 9.9000000e-06 6.3360000e-06
     62    161 0.0000000e+00 4.4500000e-06 2.8480000e-06
     62    162 0.0000000e+00 1.1600000e-06 7.4240000e-07
     62    163 0.0000000e+00 2.2100000e-07 1.4144000e-07
     62    164 0.0000000e+00 3.2000000e-08 2.0480000e-08
     62    165 0.0000000e+00 3.3400000e-09 2.1376000e-09
     62    166 0.0000000e+00 1.8961300e-10 1.2135200e-10
     62    167 0.0000000e+00 9.2386700e-12 5.9127500e-12
     62    168 0.0000000e+00 2.8795900e-13 1.8429300e-13
     62    169 0.0000000e+00 2.4490700e-15 1.5674000e-15
     62    170 0.0000000e+00 0.0000000e+00 0.0000000e+00
     62    171 0.0000000e+00 4.5079400e-18 2.8850800e-18
     63    147 0.0000000e+00 0.0000000e+00 0.0000000e+00
     63    149 0.0000000e+00 0.0000000e+00 0.0000000e+00
     63    151 0.0000000e+00 5.1100000e-13 3.2704000e-13
     63    152 2.0000000e+00 5.1466700e-12 3.2938700e-12
     63    152 0.0000000e+00 5.1466700e-12 3.2938700e-12
     63    152 1.0000000e+00 5.1466700e-12 3.2938700e-12
     63    153 0.0000000e+00 3.5900000e-10 2.2976000e-10
     63    154 1.0000000e+00 2.3800000e-09 1.5232000e-09
     63    154 0.0000000e+00 2.3800000e-09 1.5232000e-09
     63    155 0.0000000e+00 3.9300000e-08 2.5152000e-08
     63    156 0.0000000e+00 2.2300000e-07 1.4272000e-07
     63    157 0.0000000e+00 8.3500000e-07 5.3440000e-07
     63    158 0.0000000e+00 2.3300000e-06 1.4912000e-06
     63    159 0.0000000e+00 5.6100000e-06 3.5904000e-06
     63    160 0.0000000e+00 4.9000000e-06 3.1360000e-06
     63    161 0.0000000e+00 5.1000000e-06 3.2640000e-06
     63    162 0.0000000e+00 3.0200000e-06 1.9328000e-06
     63    163 0.0000000e+00 1.3700000e-06 8.7680000e-07
     63    164 0.0000000e+00 4.7000000e-07 3.0080000e-07
     63    165 0.0000000e+00 1.2300000e-07 7.8720000e-08
     63    166 0.0000000e+00 1.7700000e-08 1.1328000e-08
     63    167 0.0000000e+00 2.2800000e-09 1.4592000e-09
     63    168 0.0000000e+00 1.9200000e-10 1.2288000e-10
     63    169 0.0000000e+00 1.1397600e-11 7.2944300e-12
     63    170 0.0000000e+00 4.0700000e-13 2.6048000e-13
     63    171 0.0000000e+00 2.0979200e-14 1.3426700e-14
     63    172 0.0000000e+00 7.0616800e-17 4.5194800e-17
     64    147 0.0000000e+00 0.0000000e+00 0.0000000e+00
     64    149 0.0000000e+00 0.0000000e+00 0.0000000e+00
     64    151 0.0000000e+00 0.0000000e+00 0.0000000e+00
     64    152 0.0000000e+00 0.0000000e+00 0.0000000e+00
     64    153 0.0000000e+00 1.8200000e-14 1.1648000e-14
     64    154 0.0000000e+00 6.7600000e-13 4.3264000e-13
     64    155 0.0000000e+00 1.5100000e-11 9.6640000e-12
     64    156 0.0000000e+00 2.3800000e-10 1.5232000e-10
     64    157 0.0000000e+00 2.3800000e-09 1.5232000e-09
     64    158 0.0000000e+00 1.7700000e-08 1.1328000e-08
     64    159 0.0000000e+00 1.1100000e-07 7.1040000e-08
     64    160 0.0000000e+00 2.4100000e-07 1.5424000e-07
     64    161 0.0000000e+00 6.1700000e-07 3.9488000e-07
     64    162 0.0000000e+00 8.5400000e-07 5.4656000e-07
     64    163 0.0000000e+00 9.0100000e-07 5.7664000e-07
     64    164 0.0000000e+00 7.0300000e-07 4.4992000e-07
     64    165 0.0000000e+00 4.3100000e-07 2.7584000e-07
     64    166 0.0000000e+00 1.4400000e-07 9.2160000e-08
     64    167 0.0000000e+00 4.5800000e-08 2.9312000e-08
     64    168 0.0000000e+00 9.7700000e-09 6.2528000e-09
     64    169 0.0000000e+00 1.4800000e-09 9.4720000e-10
     64    170 0.0000000e+00 1.4100000e-10 9.0240000e-11
     64    171 0.0000000e+00 1.0279000e-11 6.5785700e-12
     64    172 0.0000000e+00 4.9092900e-13 3.1419500e-13
     65    151 0.0000000e+00 0.0000000e+00 0.0000000e+00
     65    153 0.0000000e+00 0.0000000e+00 0.0000000e+00
     65    155 0.0000000e+00 0.0000000e+00 0.0000000e+00
     65    156 0.0000000e+00 1.6600000e-14 1.0624000e-14
     65    156 1.0000000e+00 0.0000000e+00 0.0000000e+00
     65    157 0.0000000e+00 4.7800000e-13 3.0592000e-13
     65    158 0.0000000e+00 9.2400000e-12 5.9136000e-12
     65    158 1.0000000e+00 5.9000000e-13 3.7760000e-13
     65    159 0.0000000e+00 1.6200000e-10 1.0368000e-10
     65    160 0.0000000e+00 9.6000000e-10 6.1440000e-10
     65    161 0.0000000e+00 6.5300000e-09 4.1792000e-09
     65    162 0.0000000e+00 1.1400000e-08 7.2960000e-09
     65    162 1.0000000e+00 1.1400000e-08 7.2960000e-09
     65    163 0.0000000e+00 6.0500000e-08 3.8720000e-08
     65    164 0.0000000e+00 1.1200000e-07 7.1680000e-08
     65    165 0.0000000e+00 1.6300000e-07 1.0432000e-07
     65    166 0.0000000e+00 1.2400000e-07 7.9360000e-08
     65    167 0.0000000e+00 9.1400000e-08 5.8496000e-08
     65    168 0.0000000e+00 4.5800000e-08 2.9312000e-08
     65    169 0.0000000e+00 1.6300000e-08 1.0432000e-08
     65    170 0.0000000e+00 3.8800000e-09 2.4832000e-09
     65    171 0.0000000e+00 7.0900000e-10 4.5376000e-10
     65    172 0.0000000e+00 8.8900000e-11 5.6896000e-11
     66    155 0.0000000e+00 0.0000000e+00 0.0000000e+00
     66    156 0.0000000e+00 0.0000000e+00 0.0000000e+00
     66    157 0.0000000e+00 0.0000000e+00 0.0000000e+00
     66    158 0.0000000e+00 0.0000000e+00 0.0000000e+00
     66    159 0.0000000e+00 1.7100000e-14 1.0944000e-14
     66    160 0.0000000e+00 2.7400000e-13 1.7536000e-13
     66    161 0.0000000e+00 4.9900000e-12 3.1936000e-12
     66    162 0.0000000e+00 4.7500000e-11 3.0400000e-11
     66    163 0.0000000e+00 3.3800000e-10 2.1632000e-10
     66    164 0.0000000e+00 1.6100000e-09 1.0304000e-09
     66    165 0.0000000e+00 5.5700000e-09 3.5648000e-09
     66    165 1.0000000e+00 4.2000000e-10 2.6880000e-10
     66    166 0.0000000e+00 1.1100000e-08 7.1040000e-09
     66    167 0.0000000e+00 1.9700000e-08 1.2608000e-08
     66    168 0.0000000e+00 2.3200000e-08 1.4848000e-08
     66    169 0.0000000e+00 1.8700000e-08 1.1968000e-08
     66    170 0.0000000e+00 1.0300000e-08 6.5920000e-09
     66    171 0.0000000e+00 4.3800000e-09 2.8032000e-09
     66    172 0.0000000e+00 1.3400000e-09 8.5760000e-10
     67    159 0.0000000e+00 0.0000000e+00 0.0000000e+00
     67    159 1.0000000e+00 0.0000000e+00 0.0000000e+00
     67    161 0.0000000e+00 0.0000000e+00 0.0000000e+00
     67    161 1.0000000e+00 0.0000000e+00 0.0000000e+00
     67    162 0.0000000e+00 0.0000000e+00 0.0000000e+00
     67    162 1.0000000e+00 0.0000000e+00 0.0000000e+00
     67    163 0.0000000e+00 1.2700000e-13 8.1280000e-14
     67    163 1.0000000e+00 0.0000000e+00 0.0000000e+00
     67    164 0.0000000e+00 3.1200000e-13 1.9968000e-13
     67    164 1.0000000e+00 1.4200000e-12 9.0880000e-13
     67    165 0.0000000e+00 1.7500000e-11 1.1200000e-11
     67    166 0.0000000e+00 1.4600000e-11 9.3440000e-12
     67    166 1.0000000e+00 6.6500000e-11 4.2560000e-11
     67    167 0.0000000e+00 3.9000000e-10 2.4960000e-10
     67    168 0.0000000e+00 1.1700000e-09 7.4880000e-10
     67    169 0.0000000e+00 2.2600000e-09 1.4464000e-09
     67    170 0.0000000e+00 1.5000000e-09 9.6000000e-10
     67    170 1.0000000e+00 1.5000000e-09 9.6000000e-10
     67    171 0.0000000e+00 2.8900000e-09 1.8496000e-09
     67    172 0.0000000e+00 2.0500000e-09 1.3120000e-09
     68    161 0.0000000e+00 0.0000000e+00 0.0000000e+00
     68    162 0.0000000e+00 0.0000000e+00 0.0000000e+00
     68    163 0.0000000e+00 0.0000000e+00 0.0000000e+00
     68    164 0.0000000e+00 0.0000000e+00 0.0000000e+00
     68    165 0.0000000e+00 0.0000000e+00 0.0000000e+00
     68    166 0.0000000e+00 4.5100000e-14 2.8864000e-14
     68    167 0.0000000e+00 5.5100000e-13 3.5264000e-13
     68    167 1.0000000e+00 4.1500000e-14 2.6560000e-14
     68    168 0.0000000e+00 4.7800000e-12 3.0592000e-12
     68    169 0.0000000e+00 2.4000000e-11 1.5360000e-11
     68    170 0.0000000e+00 8.1800000e-11 5.2352000e-11
     68    171 0.0000000e+00 1.9400000e-10 1.2416000e-10
     68    172 0.0000000e+00 3.3500000e-10 2.1440000e-10
     69    165 0.0000000e+00 0.0000000e+00 0.0000000e+00
     69    166 0.0000000e+00 0.0000000e+00 0.0000000e+00
     69    167 0.0000000e+00 0.0000000e+00 0.0000000e+00
     69    168 0.0000000e+00 0.0000000e+00 0.0000000e+00
     69    169 0.0000000e+00 1.9300000e-14 1.2352000e-14
     69    170 0.0000000e+00 1.7500000e-13 1.1200000e-13
     69    171 0.0000000e+00 1.0800000e-12 6.9120000e-13
     69    172 0.0000000e+00 4.9100000e-12 3.1424000e-12
     70    166 0.0000000e+00 0.0000000e+00 0.0000000e+00
     70    167 0.0000000e+00 0.0000000e+00 0.0000000e+00
     70    168 0.0000000e+00 0.0000000e+00 0.0000000e+00
     70    169 0.0000000e+00 0.0000000e+00 0.0000000e+00
     70    169 1.0000000e+00 0.0000000e+00 0.0000000e+00
     70    170 0.0000000e+00 0.0000000e+00 0.0000000e+00
     70    171 0.0000000e+00 0.0000000e+00 0.0000000e+00
     70    172 0.0000000e+00 0.0000000e+00 0.0000000e+00
     71    169 0.0000000e+00 0.0000000e+00 0.0000000e+00
     71    169 1.0000000e+00 0.0000000e+00 0.0000000e+00
     71    171 0.0000000e+00 0.0000000e+00 0.0000000e+00
     71    171 1.0000000e+00 0.0000000e+00 0.0000000e+00
     71    172 0.0000000e+00 0.0000000e+00 0.0000000e+00
     71    172 1.0000000e+00 0.0000000e+00 0.0000000e+00
     72    171 0.0000000e+00 0.0000000e+00 0.0000000e+00
     72    172 0.0000000e+00 0.0000000e+00 0.0000000e+00


