# header:
#   title: "Pu240+n induced fission product yield"
#   source: "ENDF"
#   creator: "Shin Okumura"
#   date: 2023-07-14
#   format: "YANDF-0.1"
# endf:
#   library: "jendl5.0"
#   author: "K.Tsubakihara"
#   year: 2020
# target:
#   Z: 94
#   A: 240
#   nuclide: "Pu240"
# reaction:
#   type: "(n,f)"
#   Incident energy [MeV]: 5.0000000e+05
# datablock:
#   quantity: "independent fission product yield"
#   columns: 4
#   entries: 1299
##   A      Z  ISO           Yield         dYield
##                           %/fission     %/fission
      1      1 0.0000000e+00 2.8328400e-05 9.7680140e-06
      1      2 0.0000000e+00 8.6574200e-06 2.9194240e-06
      1      3 0.0000000e+00 1.2351400e-04 3.9019710e-05
      2      3 0.0000000e+00 0.0000000e+00 0.0000000e+00
      2      4 0.0000000e+00 2.0577100e-03 6.2874450e-04
      2      6 0.0000000e+00 2.8735100e-05 1.4367550e-05
      2      8 0.0000000e+00 5.3717900e-07 2.6858950e-07
      3      6 0.0000000e+00 2.1459300e-06 1.0729650e-06
      3      7 0.0000000e+00 6.6573500e-08 3.3286750e-08
      3      8 0.0000000e+00 4.0116400e-08 2.0058200e-08
      3      9 0.0000000e+00 4.7380400e-08 2.3690200e-08
      4      7 0.0000000e+00 7.5090800e-07 3.7545400e-07
      4      8 0.0000000e+00 4.5248900e-07 2.2624450e-07
      4      9 0.0000000e+00 5.3442100e-07 2.6721050e-07
      4     10 0.0000000e+00 5.3442100e-07 2.6721050e-07
     23     66 0.0000000e+00 1.5668100e-17 7.8340700e-18
     24     66 0.0000000e+00 2.2284500e-13 1.1142300e-13
     24     67 0.0000000e+00 4.7835500e-15 2.3917700e-15
     24     68 0.0000000e+00 0.0000000e+00 0.0000000e+00
     24     69 0.0000000e+00 1.1050100e-17 5.5250500e-18
     24     70 0.0000000e+00 0.0000000e+00 0.0000000e+00
     25     66 0.0000000e+00 7.8589400e-11 8.2391100e-11
     25     67 0.0000000e+00 9.6693100e-12 1.0202800e-11
     25     68 0.0000000e+00 3.0759900e-12 3.2353700e-12
     25     69 0.0000000e+00 2.1184600e-13 1.0592300e-13
     25     70 0.0000000e+00 2.2974300e-14 1.1487200e-14
     25     71 0.0000000e+00 0.0000000e+00 0.0000000e+00
     25     72 0.0000000e+00 2.8922700e-17 1.4461400e-17
     25     73 0.0000000e+00 1.0233900e-19 5.1169700e-20
     26     66 0.0000000e+00 2.8942300e-09 2.5994800e-09
     26     67 0.0000000e+00 1.0114730e-09 1.0531910e-09
     26     68 0.0000000e+00 9.1167300e-10 9.5585000e-10
     26     69 0.0000000e+00 1.8189500e-10 1.9092200e-10
     26     70 0.0000000e+00 6.5017000e-11 6.8613000e-11
     26     71 0.0000000e+00 1.4721700e-11 1.5490900e-11
     26     72 0.0000000e+00 1.3335700e-12 6.6678500e-13
     26     73 0.0000000e+00 2.3035600e-14 1.1517800e-14
     26     74 0.0000000e+00 0.0000000e+00 0.0000000e+00
     26     75 0.0000000e+00 3.4567100e-16 1.7283600e-16
     26     76 0.0000000e+00 0.0000000e+00 0.0000000e+00
     27     66 0.0000000e+00 4.7373590e-09 3.1763700e-09
     27     67 0.0000000e+00 7.4810320e-09 4.9240710e-09
     27     68 0.0000000e+00 1.1229560e-08 1.0349320e-08
     27     68 1.0000000e+00 1.1719280e-08 1.0625530e-08
     27     69 0.0000000e+00 8.8489440e-09 8.7285370e-09
     27     70 0.0000000e+00 2.7093390e-09 2.8488430e-09
     27     70 1.0000000e+00 3.3449940e-09 3.5161310e-09
     27     71 0.0000000e+00 5.5098490e-09 5.7913800e-09
     27     72 0.0000000e+00 1.5038030e-09 5.4381500e-10
     27     73 0.0000000e+00 1.9341600e-10 2.0336800e-10
     27     74 0.0000000e+00 3.9902000e-11 4.2122300e-11
     27     75 0.0000000e+00 1.3772000e-11 6.8860100e-12
     27     76 0.0000000e+00 6.1555700e-13 3.0777900e-13
     27     77 0.0000000e+00 1.3574400e-14 6.7872100e-15
     27     78 0.0000000e+00 1.6925100e-16 8.4625500e-17
     28     66 0.0000000e+00 1.1609640e-09 1.1880400e-09
     28     67 0.0000000e+00 4.6232630e-09 4.1913540e-09
     28     68 0.0000000e+00 1.7473700e-08 1.2919630e-08
     28     69 0.0000000e+00 2.4247780e-08 1.5932510e-08
     28     69 1.0000000e+00 7.1442700e-09 6.9446670e-09
     28     70 0.0000000e+00 7.3318220e-08 4.3097370e-08
     28     71 0.0000000e+00 1.2587730e-07 1.1092940e-07
     28     72 0.0000000e+00 1.6691040e-07 5.0107940e-08
     28     73 0.0000000e+00 7.3924310e-08 7.7569230e-08
     28     74 0.0000000e+00 5.0438250e-08 5.3229680e-08
     28     75 0.0000000e+00 2.4642160e-08 2.0108190e-08
     28     76 0.0000000e+00 5.0689370e-09 4.0236140e-09
     28     77 0.0000000e+00 3.5066500e-10 2.6840200e-10
     28     78 0.0000000e+00 2.3631300e-11 1.1815700e-11
     28     79 0.0000000e+00 2.8150100e-13 1.4075000e-13
     28     80 0.0000000e+00 1.5382900e-14 7.6914600e-15
     28     81 0.0000000e+00 0.0000000e+00 0.0000000e+00
     28     82 0.0000000e+00 0.0000000e+00 0.0000000e+00
     29     66 0.0000000e+00 8.6283900e-12 9.0507500e-12
     29     67 0.0000000e+00 1.7416500e-10 1.8370200e-10
     29     68 0.0000000e+00 3.2940000e-10 3.4594800e-10
     29     68 1.0000000e+00 8.9970300e-10 9.4434900e-10
     29     69 0.0000000e+00 8.2280480e-09 8.2343730e-09
     29     70 0.0000000e+00 9.0464900e-10 9.3724200e-10
     29     70 1.0000000e+00 3.5914590e-08 3.3902120e-08
     29     70 2.0000000e+00 0.0000000e+00 0.0000000e+00
     29     71 0.0000000e+00 1.8650340e-07 1.2537510e-07
     29     72 0.0000000e+00 5.9216670e-07 8.5117870e-08
     29     73 0.0000000e+00 1.2501490e-06 9.6437980e-07
     29     74 0.0000000e+00 1.4953510e-06 1.5096130e-06
     29     75 0.0000000e+00 1.9035530e-06 1.5231180e-06
     29     76 0.0000000e+00 6.5177450e-07 5.1666960e-07
     29     76 1.0000000e+00 3.0308050e-07 2.4029730e-07
     29     77 0.0000000e+00 3.3520240e-07 2.5651910e-07
     29     78 0.0000000e+00 5.6497710e-08 4.0951510e-08
     29     79 0.0000000e+00 5.0894580e-09 3.2013620e-09
     29     80 0.0000000e+00 5.3841700e-10 3.4569600e-10
     29     81 0.0000000e+00 2.5551000e-11 1.2775500e-11
     29     82 0.0000000e+00 3.4619200e-13 1.7309600e-13
     29     83 0.0000000e+00 2.2292300e-15 1.1146100e-15
     29     84 0.0000000e+00 0.0000000e+00 0.0000000e+00
     30     66 0.0000000e+00 6.2727800e-15 3.1363900e-15
     30     67 0.0000000e+00 3.9167000e-13 1.9583500e-13
     30     68 0.0000000e+00 8.0193200e-12 8.4346500e-12
     30     69 0.0000000e+00 2.4982100e-11 2.6227500e-11
     30     69 1.0000000e+00 1.2372100e-10 1.2988400e-10
     30     70 0.0000000e+00 2.7356540e-09 2.8833980e-09
     30     71 0.0000000e+00 1.1363790e-08 1.1901890e-08
     30     71 1.0000000e+00 1.1548000e-08 1.2094780e-08
     30     72 0.0000000e+00 3.2210730e-07 7.7852330e-08
     30     73 0.0000000e+00 1.2681450e-06 9.7857010e-07
     30     73 1.0000000e+00 3.4078810e-07 3.4472590e-07
     30     74 0.0000000e+00 5.3950260e-06 2.6365720e-06
     30     75 0.0000000e+00 1.0237390e-05 5.1201520e-06
     30     76 0.0000000e+00 1.9299150e-05 1.1299770e-05
     30     77 0.0000000e+00 1.1525910e-05 8.4579020e-06
     30     77 1.0000000e+00 6.2152640e-06 4.6012740e-06
     30     78 0.0000000e+00 1.2065250e-05 8.6113270e-06
     30     79 0.0000000e+00 3.2860690e-06 2.0611350e-06
     30     80 0.0000000e+00 1.3334490e-06 8.5609680e-07
     30     81 0.0000000e+00 1.5683440e-07 7.6717440e-08
     30     82 0.0000000e+00 1.0216720e-08 4.6988970e-09
     30     83 0.0000000e+00 1.7110900e-10 8.5554500e-11
     30     84 0.0000000e+00 1.9318400e-11 9.6592000e-12
     30     85 0.0000000e+00 4.4433800e-13 2.2216900e-13
     30     86 0.0000000e+00 0.0000000e+00 0.0000000e+00
     31     67 0.0000000e+00 0.0000000e+00 0.0000000e+00
     31     68 0.0000000e+00 1.8123800e-15 9.0619100e-16
     31     69 0.0000000e+00 1.4770800e-13 7.3854000e-14
     31     70 0.0000000e+00 7.5099400e-12 3.7549700e-12
     31     71 0.0000000e+00 1.8291800e-10 1.9247100e-10
     31     72 0.0000000e+00 6.3591970e-09 2.2976070e-09
     31     72 1.0000000e+00 9.3463100e-10 3.3771600e-10
     31     73 0.0000000e+00 1.5592510e-07 1.6316930e-07
     31     74 0.0000000e+00 5.9431070e-07 6.2098810e-07
     31     74 1.0000000e+00 2.8892360e-07 3.0310040e-07
     31     75 0.0000000e+00 4.7217400e-06 3.3141390e-06
     31     76 0.0000000e+00 1.8198260e-05 1.1197690e-05
     31     77 0.0000000e+00 6.7142630e-05 2.4927710e-05
     31     78 0.0000000e+00 9.5497350e-05 5.2798930e-05
     31     79 0.0000000e+00 1.0997160e-04 6.0829690e-05
     31     80 0.0000000e+00 7.7392370e-05 4.8893740e-05
     31     81 0.0000000e+00 4.3462340e-05 2.1062190e-05
     31     82 0.0000000e+00 7.5442170e-06 3.4670250e-06
     31     83 0.0000000e+00 5.9239070e-07 2.1218630e-07
     31     84 0.0000000e+00 1.1992020e-07 4.4394070e-08
     31     85 0.0000000e+00 1.0233550e-08 3.6736010e-09
     31     86 0.0000000e+00 4.0185500e-10 2.0092700e-10
     31     87 0.0000000e+00 6.9898300e-12 3.4949100e-12
     31     88 0.0000000e+00 2.8122000e-14 1.4061000e-14
     31     89 0.0000000e+00 0.0000000e+00 0.0000000e+00
     32     69 0.0000000e+00 0.0000000e+00 0.0000000e+00
     32     70 0.0000000e+00 0.0000000e+00 0.0000000e+00
     32     71 0.0000000e+00 1.2983600e-14 6.4918100e-15
     32     71 1.0000000e+00 6.4299700e-14 3.2149800e-14
     32     72 0.0000000e+00 1.6716500e-11 6.0479800e-12
     32     73 0.0000000e+00 7.2766200e-10 7.6511100e-10
     32     73 1.0000000e+00 1.4693200e-10 1.5449900e-10
     32     74 0.0000000e+00 1.5902430e-08 1.6786510e-08
     32     75 0.0000000e+00 7.0563070e-08 5.7535810e-08
     32     75 1.0000000e+00 9.1777770e-08 7.4834010e-08
     32     76 0.0000000e+00 2.4505760e-06 1.9231830e-06
     32     77 0.0000000e+00 1.6202810e-05 1.1853730e-05
     32     77 1.0000000e+00 5.9104250e-06 4.4198240e-06
     32     78 0.0000000e+00 1.0863350e-04 5.4251420e-05
     32     79 0.0000000e+00 2.0885500e-04 8.2318570e-05
     32     79 1.0000000e+00 4.6010940e-05 2.4166910e-05
     32     80 0.0000000e+00 4.8326520e-04 1.5835260e-04
     32     81 0.0000000e+00 3.7585350e-04 1.4025450e-04
     32     81 1.0000000e+00 1.7880540e-04 7.1061960e-05
     32     82 0.0000000e+00 4.7540320e-04 1.8188900e-04
     32     83 0.0000000e+00 1.0565590e-04 3.5455220e-05
     32     84 0.0000000e+00 6.0831980e-05 2.2266590e-05
     32     85 0.0000000e+00 1.1166780e-05 4.0054600e-06
     32     86 0.0000000e+00 1.7940030e-06 6.1294410e-07
     32     87 0.0000000e+00 8.6255330e-08 3.0572510e-08
     32     88 0.0000000e+00 2.0355130e-09 1.0177560e-09
     32     89 0.0000000e+00 1.5868400e-11 7.9342000e-12
     32     90 0.0000000e+00 1.4907000e-12 7.4535200e-13
     32     91 0.0000000e+00 0.0000000e+00 0.0000000e+00
     33     72 0.0000000e+00 0.0000000e+00 0.0000000e+00
     33     73 0.0000000e+00 2.2597300e-13 1.1298600e-13
     33     74 0.0000000e+00 7.9543300e-12 3.9771600e-12
     33     75 0.0000000e+00 3.2111100e-10 2.6202700e-10
     33     76 0.0000000e+00 1.2086520e-08 9.5936910e-09
     33     77 0.0000000e+00 5.2672000e-07 4.0299970e-07
     33     78 0.0000000e+00 5.8247320e-06 4.2100320e-06
     33     79 0.0000000e+00 4.8230780e-05 2.9481390e-05
     33     80 0.0000000e+00 1.4395700e-04 8.7515710e-05
     33     81 0.0000000e+00 5.3827570e-04 1.8839240e-04
     33     82 0.0000000e+00 6.1695670e-04 2.1468480e-04
     33     82 1.0000000e+00 3.5261310e-04 1.3276720e-04
     33     83 0.0000000e+00 1.1874510e-03 1.3433660e-04
     33     84 0.0000000e+00 1.0769090e-03 2.1049840e-04
     33     85 0.0000000e+00 6.5363790e-04 2.0248840e-04
     33     86 0.0000000e+00 2.4299110e-04 8.1657750e-05
     33     87 0.0000000e+00 5.1882830e-05 1.8344420e-05
     33     88 0.0000000e+00 3.9981550e-06 1.5177860e-06
     33     89 0.0000000e+00 2.0986120e-07 7.6229060e-08
     33     90 0.0000000e+00 2.8807100e-08 1.0426960e-08
     33     91 0.0000000e+00 1.7651630e-09 8.8258200e-10
     33     92 0.0000000e+00 1.1128900e-11 5.5644400e-12
     33     93 0.0000000e+00 5.0123000e-14 2.5061500e-14
     33     94 0.0000000e+00 0.0000000e+00 0.0000000e+00
     33     95 0.0000000e+00 0.0000000e+00 0.0000000e+00
     34     74 0.0000000e+00 0.0000000e+00 0.0000000e+00
     34     75 0.0000000e+00 3.0930700e-14 1.5465400e-14
     34     76 0.0000000e+00 5.2769700e-12 2.6384800e-12
     34     77 0.0000000e+00 8.1604600e-11 6.2463400e-11
     34     77 1.0000000e+00 6.0995900e-10 4.6688100e-10
     34     78 0.0000000e+00 3.2640670e-08 2.3658370e-08
     34     79 0.0000000e+00 4.2682060e-07 2.6845620e-07
     34     79 1.0000000e+00 1.4342160e-07 9.0209690e-08
     34     80 0.0000000e+00 5.1260330e-06 3.2888270e-06
     34     81 0.0000000e+00 1.7702240e-05 8.4521270e-06
     34     81 1.0000000e+00 2.3237260e-05 1.1093350e-05
     34     82 0.0000000e+00 2.7561740e-04 1.1712630e-04
     34     83 0.0000000e+00 6.4995900e-04 1.2236470e-04
     34     83 1.0000000e+00 2.5699430e-04 5.4228650e-05
     34     84 0.0000000e+00 2.4920690e-03 1.8793180e-04
     34     85 0.0000000e+00 2.6917910e-03 2.2494400e-04
     34     86 0.0000000e+00 3.4253610e-03 4.0348520e-04
     34     87 0.0000000e+00 1.7678220e-03 4.9320660e-04
     34     88 0.0000000e+00 6.9087260e-04 2.6153030e-04
     34     89 0.0000000e+00 1.2125570e-04 4.4524280e-05
     34     90 0.0000000e+00 4.3812230e-05 1.5925940e-05
     34     91 0.0000000e+00 5.8181650e-06 1.9960320e-06
     34     92 0.0000000e+00 2.1445910e-07 7.4660860e-08
     34     93 0.0000000e+00 3.2631840e-09 1.6315920e-09
     34     94 0.0000000e+00 9.5015800e-11 4.7507900e-11
     34     95 0.0000000e+00 2.7714800e-12 1.3857400e-12
     34     96 0.0000000e+00 0.0000000e+00 0.0000000e+00
     35     77 0.0000000e+00 0.0000000e+00 0.0000000e+00
     35     77 1.0000000e+00 8.7091300e-14 4.3545600e-14
     35     78 0.0000000e+00 5.2825300e-12 2.6412600e-12
     35     79 0.0000000e+00 6.6133800e-11 4.1598900e-11
     35     79 1.0000000e+00 2.5029600e-10 1.5744400e-10
     35     80 0.0000000e+00 1.1969110e-09 7.6849800e-10
     35     80 1.0000000e+00 4.1704050e-09 2.6777680e-09
     35     81 0.0000000e+00 1.7670970e-07 8.6437840e-08
     35     82 0.0000000e+00 1.1494390e-06 5.2831470e-07
     35     82 1.0000000e+00 1.8930150e-06 8.7010820e-07
     35     83 0.0000000e+00 5.7243490e-05 2.0263450e-05
     35     84 0.0000000e+00 9.3239400e-05 3.3161370e-05
     35     84 1.0000000e+00 1.4680230e-04 5.1976900e-05
     35     85 0.0000000e+00 9.5785070e-04 2.1791120e-04
     35     86 0.0000000e+00 2.3691530e-03 3.9788450e-04
     35     87 0.0000000e+00 5.7787280e-03 5.4718510e-04
     35     88 0.0000000e+00 4.6211460e-03 7.0005390e-04
     35     89 0.0000000e+00 4.8114650e-03 1.1081220e-03
     35     90 0.0000000e+00 1.2412620e-03 4.4331180e-04
     35     91 0.0000000e+00 6.8429280e-04 2.3908400e-04
     35     92 0.0000000e+00 1.2127660e-04 4.2471780e-05
     35     93 0.0000000e+00 9.8742390e-06 3.5687350e-06
     35     94 0.0000000e+00 5.1311540e-07 2.0004850e-07
     35     95 0.0000000e+00 7.2545080e-08 2.5705810e-08
     35     96 0.0000000e+00 1.6021340e-09 8.0106700e-10
     35     97 0.0000000e+00 1.9677500e-11 9.8387600e-12
     35     98 0.0000000e+00 2.9750000e-14 1.4875000e-14
     35     99 0.0000000e+00 0.0000000e+00 0.0000000e+00
     35    100 0.0000000e+00 0.0000000e+00 0.0000000e+00
     36     79 0.0000000e+00 0.0000000e+00 0.0000000e+00
     36     79 1.0000000e+00 0.0000000e+00 0.0000000e+00
     36     80 0.0000000e+00 4.0594400e-13 2.0297200e-13
     36     81 0.0000000e+00 2.9603600e-11 1.4801800e-11
     36     81 1.0000000e+00 3.9605700e-12 1.9802900e-12
     36     82 0.0000000e+00 2.7237660e-09 1.2527000e-09
     36     83 0.0000000e+00 1.6656350e-07 5.9663380e-08
     36     83 1.0000000e+00 5.6792810e-08 2.0343570e-08
     36     84 0.0000000e+00 2.6176620e-06 9.6354020e-07
     36     85 0.0000000e+00 1.4748480e-05 5.2098390e-06
     36     85 1.0000000e+00 5.7306850e-06 2.0245260e-06
     36     86 0.0000000e+00 2.2299720e-04 6.4259660e-05
     36     87 0.0000000e+00 9.4305830e-04 2.1739070e-04
     36     88 0.0000000e+00 4.2451990e-03 5.4308440e-04
     36     89 0.0000000e+00 7.8632700e-03 8.6133930e-04
     36     90 0.0000000e+00 1.2785680e-02 7.6520010e-04
     36     91 0.0000000e+00 1.0782930e-02 1.4244930e-03
     36     92 0.0000000e+00 6.4189170e-03 1.7584110e-03
     36     93 0.0000000e+00 1.5383660e-03 5.8815210e-04
     36     94 0.0000000e+00 4.5594860e-04 1.8354690e-04
     36     95 0.0000000e+00 8.9713850e-05 3.1987310e-05
     36     96 0.0000000e+00 8.5761770e-06 2.8489680e-06
     36     97 0.0000000e+00 3.1683160e-07 1.1077930e-07
     36     98 0.0000000e+00 3.8501750e-09 1.9250870e-09
     36     99 0.0000000e+00 5.6372200e-11 2.8186100e-11
     36    100 0.0000000e+00 3.0293000e-12 1.5146500e-12
     36    101 0.0000000e+00 0.0000000e+00 0.0000000e+00
     36    102 0.0000000e+00 0.0000000e+00 0.0000000e+00
     37     81 0.0000000e+00 0.0000000e+00 0.0000000e+00
     37     81 1.0000000e+00 0.0000000e+00 0.0000000e+00
     37     82 0.0000000e+00 0.0000000e+00 0.0000000e+00
     37     82 1.0000000e+00 0.0000000e+00 0.0000000e+00
     37     83 0.0000000e+00 4.2685800e-11 2.1342900e-11
     37     84 0.0000000e+00 9.0824700e-11 3.3623000e-11
     37     84 1.0000000e+00 7.8184400e-10 2.8943000e-10
     37     85 0.0000000e+00 2.4463540e-08 8.7818950e-09
     37     86 0.0000000e+00 3.5808400e-07 1.2244650e-07
     37     86 1.0000000e+00 2.6529950e-07 9.0716640e-08
     37     87 0.0000000e+00 1.3883050e-05 4.8912690e-06
     37     88 0.0000000e+00 1.8325290e-04 6.7863100e-05
     37     89 0.0000000e+00 1.2901640e-03 4.0653580e-04
     37     90 0.0000000e+00 1.2893510e-03 3.5215720e-04
     37     90 1.0000000e+00 2.4938450e-03 6.3146220e-04
     37     91 0.0000000e+00 9.7470650e-03 1.4007180e-03
     37     92 0.0000000e+00 1.5208970e-02 1.8639030e-03
     37     93 0.0000000e+00 1.9427390e-02 2.0006230e-03
     37     94 0.0000000e+00 5.3878790e-03 1.7662280e-03
     37     95 0.0000000e+00 4.0083770e-03 1.4051200e-03
     37     96 0.0000000e+00 9.9658790e-04 3.3747260e-04
     37     97 0.0000000e+00 2.4453420e-04 8.6366690e-05
     37     98 0.0000000e+00 8.2032170e-06 3.0340750e-06
     37     98 1.0000000e+00 4.3516390e-06 1.6095150e-06
     37     99 0.0000000e+00 8.2538920e-07 2.9225940e-07
     37    100 0.0000000e+00 8.3781270e-08 2.9473610e-08
     37    101 0.0000000e+00 6.0426400e-09 3.0213200e-09
     37    102 0.0000000e+00 5.0702100e-11 2.5351100e-11
     37    103 0.0000000e+00 6.4645800e-14 3.2322900e-14
     37    104 0.0000000e+00 0.0000000e+00 0.0000000e+00
     37    105 0.0000000e+00 0.0000000e+00 0.0000000e+00
     38     83 0.0000000e+00 0.0000000e+00 0.0000000e+00
     38     83 1.0000000e+00 0.0000000e+00 0.0000000e+00
     38     84 0.0000000e+00 2.2639700e-14 1.1319800e-14
     38     85 0.0000000e+00 1.1502400e-12 5.7512200e-13
     38     85 1.0000000e+00 2.3226000e-13 1.1613000e-13
     38     86 0.0000000e+00 1.4351400e-10 7.1757000e-11
     38     87 0.0000000e+00 7.3153300e-09 2.5928870e-09
     38     87 1.0000000e+00 1.4771300e-09 5.2356300e-10
     38     88 0.0000000e+00 7.8874180e-07 2.9910900e-07
     38     89 0.0000000e+00 1.2940610e-05 4.6769470e-06
     38     90 0.0000000e+00 1.3409440e-04 4.6196430e-05
     38     91 0.0000000e+00 6.8068960e-04 1.9900280e-04
     38     92 0.0000000e+00 4.9867590e-03 9.8747530e-04
     38     93 0.0000000e+00 1.3284870e-02 1.8201480e-03
     38     94 0.0000000e+00 2.9353920e-02 1.8665510e-03
     38     95 0.0000000e+00 2.8344770e-02 2.4383480e-03
     38     96 0.0000000e+00 2.4038250e-02 2.5290450e-03
     38     97 0.0000000e+00 1.0446310e-02 2.7675670e-03
     38     98 0.0000000e+00 2.9871970e-03 1.1350760e-03
     38     99 0.0000000e+00 5.1834950e-04 1.8704730e-04
     38    100 0.0000000e+00 1.5617280e-04 5.5253350e-05
     38    101 0.0000000e+00 2.0009970e-05 6.8839410e-06
     38    102 0.0000000e+00 8.6797990e-07 3.0418390e-07
     38    103 0.0000000e+00 6.0412250e-09 3.0206120e-09
     38    104 0.0000000e+00 1.7136300e-10 8.5681600e-11
     38    105 0.0000000e+00 3.2826700e-12 1.6413400e-12
     38    106 0.0000000e+00 1.2037100e-13 6.0185300e-14
     38    107 0.0000000e+00 0.0000000e+00 0.0000000e+00
     39     86 0.0000000e+00 0.0000000e+00 0.0000000e+00
     39     86 1.0000000e+00 0.0000000e+00 0.0000000e+00
     39     87 0.0000000e+00 2.5577800e-13 1.2788900e-13
     39     87 1.0000000e+00 0.0000000e+00 0.0000000e+00
     39     88 0.0000000e+00 7.7397300e-11 3.8698600e-11
     39     88 1.0000000e+00 0.0000000e+00 0.0000000e+00
     39     88 2.0000000e+00 0.0000000e+00 0.0000000e+00
     39     89 0.0000000e+00 9.8823300e-10 3.5896800e-10
     39     89 1.0000000e+00 4.8940980e-09 1.7776900e-09
     39     90 0.0000000e+00 8.9090770e-08 3.2242790e-08
     39     90 1.0000000e+00 6.7277410e-08 2.4348220e-08
     39     91 0.0000000e+00 9.0921180e-07 3.1125640e-07
     39     91 1.0000000e+00 1.9190830e-06 6.5696870e-07
     39     92 0.0000000e+00 6.7000160e-05 2.3163230e-05
     39     93 0.0000000e+00 3.1258330e-04 1.0771240e-04
     39     93 1.0000000e+00 5.3168870e-04 1.8313040e-04
     39     94 0.0000000e+00 4.0537150e-03 1.3169710e-03
     39     95 0.0000000e+00 1.1611750e-02 2.3233820e-03
     39     96 0.0000000e+00 1.2544100e-02 2.1826880e-03
     39     96 1.0000000e+00 7.4780870e-03 1.4036690e-03
     39     97 0.0000000e+00 8.2452570e-03 1.2987070e-03
     39     97 1.0000000e+00 2.4030860e-02 2.8951830e-03
     39     97 2.0000000e+00 0.0000000e+00 0.0000000e+00
     39     98 0.0000000e+00 1.0051680e-02 2.3998190e-03
     39     98 1.0000000e+00 1.4817020e-02 3.0941490e-03
     39     99 0.0000000e+00 1.6458650e-02 3.6516590e-03
     39    100 0.0000000e+00 7.6427750e-03 2.4878790e-03
     39    100 1.0000000e+00 7.6505360e-04 2.7407230e-04
     39    101 0.0000000e+00 3.2389670e-03 1.1346730e-03
     39    102 0.0000000e+00 3.0380090e-04 1.0748920e-04
     39    102 1.0000000e+00 1.2459460e-04 4.4085940e-05
     39    103 0.0000000e+00 2.2739620e-05 8.4738810e-06
     39    104 0.0000000e+00 1.5937790e-06 6.3282040e-07
     39    105 0.0000000e+00 1.0785230e-07 4.0118880e-08
     39    106 0.0000000e+00 6.2366330e-09 3.1183160e-09
     39    107 0.0000000e+00 6.2724500e-11 3.1362200e-11
     39    108 0.0000000e+00 1.9388200e-13 9.6941100e-14
     39    109 0.0000000e+00 0.0000000e+00 0.0000000e+00
     40     88 0.0000000e+00 0.0000000e+00 0.0000000e+00
     40     89 0.0000000e+00 8.7993500e-14 4.3996800e-14
     40     89 1.0000000e+00 0.0000000e+00 0.0000000e+00
     40     90 0.0000000e+00 2.4461400e-12 1.2230700e-12
     40     90 1.0000000e+00 1.1858800e-11 5.9293800e-12
     40     91 0.0000000e+00 5.7158800e-10 2.8579400e-10
     40     92 0.0000000e+00 7.8282270e-08 2.7249580e-08
     40     93 0.0000000e+00 3.1663920e-06 1.1408200e-06
     40     94 0.0000000e+00 6.0419530e-05 2.3325180e-05
     40     95 0.0000000e+00 3.2689090e-04 1.1111220e-04
     40     96 0.0000000e+00 2.2588580e-03 6.1587440e-04
     40     97 0.0000000e+00 8.5300690e-03 1.8718430e-03
     40     98 0.0000000e+00 2.5919570e-02 2.9839030e-03
     40     99 0.0000000e+00 3.5986130e-02 3.5647140e-03
     40    100 0.0000000e+00 4.6468190e-02 3.1540470e-03
     40    101 0.0000000e+00 3.2651370e-02 4.4211290e-03
     40    102 0.0000000e+00 1.8741690e-02 4.7778300e-03
     40    103 0.0000000e+00 3.7820110e-03 1.4897340e-03
     40    104 0.0000000e+00 9.9828400e-04 4.1237080e-04
     40    105 0.0000000e+00 1.4483610e-04 5.4244720e-05
     40    106 0.0000000e+00 2.3389640e-05 7.8754240e-06
     40    107 0.0000000e+00 8.3681950e-07 3.4279990e-07
     40    108 0.0000000e+00 1.1833110e-08 5.1459290e-09
     40    109 0.0000000e+00 0.0000000e+00 0.0000000e+00
     40    110 0.0000000e+00 0.0000000e+00 0.0000000e+00
     40    111 0.0000000e+00 0.0000000e+00 0.0000000e+00
     40    112 0.0000000e+00 0.0000000e+00 0.0000000e+00
     41     90 0.0000000e+00 0.0000000e+00 0.0000000e+00
     41     90 1.0000000e+00 0.0000000e+00 0.0000000e+00
     41     91 0.0000000e+00 5.2060600e-15 2.6030300e-15
     41     91 1.0000000e+00 0.0000000e+00 0.0000000e+00
     41     92 0.0000000e+00 2.5826400e-12 1.2913200e-12
     41     92 1.0000000e+00 0.0000000e+00 0.0000000e+00
     41     93 0.0000000e+00 4.8613300e-10 2.4306700e-10
     41     93 1.0000000e+00 9.8161500e-11 4.9080800e-11
     41     94 0.0000000e+00 1.8197280e-08 7.0946670e-09
     41     94 1.0000000e+00 1.0871880e-08 4.2388600e-09
     41     95 0.0000000e+00 4.7845390e-07 1.6952670e-07
     41     95 1.0000000e+00 3.8554890e-08 1.3660700e-08
     41     96 0.0000000e+00 9.2333630e-06 3.0608220e-06
     41     97 0.0000000e+00 1.3875630e-04 4.7956250e-05
     41     97 1.0000000e+00 1.9372340e-05 6.6955300e-06
     41     98 0.0000000e+00 7.8358030e-04 2.7795080e-04
     41     98 1.0000000e+00 4.3734920e-04 1.5525640e-04
     41     99 0.0000000e+00 5.3875370e-03 1.5844040e-03
     41     99 1.0000000e+00 8.9120450e-04 2.6957060e-04
     41    100 0.0000000e+00 8.3016930e-03 2.0275740e-03
     41    100 1.0000000e+00 4.4067950e-03 1.1230330e-03
     41    101 0.0000000e+00 2.7089560e-02 4.0561100e-03
     41    102 0.0000000e+00 3.3526060e-02 4.8452710e-03
     41    102 1.0000000e+00 3.6875730e-03 7.1934950e-04
     41    103 0.0000000e+00 3.5379790e-02 4.8713260e-03
     41    104 0.0000000e+00 1.1860160e-02 3.9128970e-03
     41    104 1.0000000e+00 7.6958940e-03 2.8588630e-03
     41    105 0.0000000e+00 9.0891190e-03 3.2363480e-03
     41    106 0.0000000e+00 2.6716540e-03 9.2536240e-04
     41    107 0.0000000e+00 4.6029140e-04 1.9276440e-04
     41    108 0.0000000e+00 2.0774230e-05 9.0679110e-06
     41    109 0.0000000e+00 2.7722500e-12 1.0414800e-12
     41    110 0.0000000e+00 2.4613300e-14 1.2078000e-14
     41    111 0.0000000e+00 5.5510900e-16 2.7755400e-16
     41    112 0.0000000e+00 1.1531500e-18 5.7657300e-19
     41    113 0.0000000e+00 1.5020700e-20 7.5103400e-21
     41    114 0.0000000e+00 4.0833800e-12 2.0416900e-12
     41    115 0.0000000e+00 9.0568800e-15 4.5284400e-15
     42     92 0.0000000e+00 0.0000000e+00 0.0000000e+00
     42     93 0.0000000e+00 0.0000000e+00 0.0000000e+00
     42     93 1.0000000e+00 0.0000000e+00 0.0000000e+00
     42     94 0.0000000e+00 1.0571600e-12 5.2858200e-13
     42     95 0.0000000e+00 3.9343500e-11 1.9671800e-11
     42     96 0.0000000e+00 3.1155490e-09 1.0341450e-09
     42     97 0.0000000e+00 1.5770350e-07 5.5126040e-08
     42     98 0.0000000e+00 5.0442300e-06 1.8588190e-06
     42     99 0.0000000e+00 6.6485930e-05 2.3308140e-05
     42    100 0.0000000e+00 3.7341120e-04 1.2321490e-04
     42    101 0.0000000e+00 1.7915230e-03 5.1271860e-04
     42    102 0.0000000e+00 1.0168070e-02 2.0473580e-03
     42    103 0.0000000e+00 2.5585450e-02 4.0124990e-03
     42    104 0.0000000e+00 4.3087990e-02 4.1788220e-03
     42    105 0.0000000e+00 3.5388570e-02 4.0584780e-03
     42    106 0.0000000e+00 2.9880520e-02 3.3820750e-03
     42    107 0.0000000e+00 1.2418000e-02 4.0668640e-03
     42    108 0.0000000e+00 2.7291950e-03 1.2665200e-03
     42    109 0.0000000e+00 5.3664320e-06 2.0334510e-06
     42    110 0.0000000e+00 3.0540980e-07 1.5039350e-07
     42    111 0.0000000e+00 2.0081360e-08 7.2226120e-09
     42    112 0.0000000e+00 3.4068700e-10 1.2192300e-10
     42    113 0.0000000e+00 1.3555300e-11 5.1596700e-12
     42    114 0.0000000e+00 4.2217960e-08 2.1108980e-08
     42    115 0.0000000e+00 3.0823200e-10 1.5411600e-10
     42    116 0.0000000e+00 1.4022000e-12 7.0110100e-13
     42    117 0.0000000e+00 1.7878300e-14 8.9391600e-15
     43     95 0.0000000e+00 0.0000000e+00 0.0000000e+00
     43     95 1.0000000e+00 0.0000000e+00 0.0000000e+00
     43     96 0.0000000e+00 0.0000000e+00 0.0000000e+00
     43     96 1.0000000e+00 0.0000000e+00 0.0000000e+00
     43     97 0.0000000e+00 6.0686400e-12 3.0343200e-12
     43     97 1.0000000e+00 1.2253900e-12 6.1269700e-13
     43     98 0.0000000e+00 5.5993900e-10 2.7997000e-10
     43     99 0.0000000e+00 2.7569640e-08 9.7596920e-09
     43     99 1.0000000e+00 5.5669650e-09 1.9705950e-09
     43    100 0.0000000e+00 3.3891990e-07 1.1920030e-07
     43    101 0.0000000e+00 7.1790320e-06 2.4595010e-06
     43    102 0.0000000e+00 9.3310570e-05 3.2234700e-05
     43    102 1.0000000e+00 2.5554890e-05 8.8281610e-06
     43    103 0.0000000e+00 1.3592170e-03 4.6652690e-04
     43    104 0.0000000e+00 4.7034320e-03 1.5345980e-03
     43    105 0.0000000e+00 1.0993500e-02 2.5027150e-03
     43    106 0.0000000e+00 1.7112390e-02 2.9839880e-03
     43    107 0.0000000e+00 2.3042410e-02 3.8173740e-03
     43    108 0.0000000e+00 1.4577650e-02 2.9806590e-03
     43    109 0.0000000e+00 4.9886570e-03 1.2713770e-03
     43    110 0.0000000e+00 9.8666100e-04 4.6882990e-04
     43    111 0.0000000e+00 2.6856390e-04 8.8603680e-05
     43    112 0.0000000e+00 2.2673430e-05 7.8136050e-06
     43    113 0.0000000e+00 4.4540190e-06 1.6518810e-06
     43    114 0.0000000e+00 1.3795480e-05 8.8883720e-06
     43    115 0.0000000e+00 5.5890760e-07 1.9699960e-07
     43    116 0.0000000e+00 1.2269720e-08 6.1348600e-09
     43    117 0.0000000e+00 6.1532300e-10 3.0766200e-10
     43    118 0.0000000e+00 6.8671300e-12 3.4335600e-12
     43    119 0.0000000e+00 3.4129600e-15 1.7064800e-15
     43    120 0.0000000e+00 0.0000000e+00 0.0000000e+00
     44     98 0.0000000e+00 0.0000000e+00 0.0000000e+00
     44     99 0.0000000e+00 6.7682800e-13 3.3841400e-13
     44    100 0.0000000e+00 2.0909300e-11 1.0454600e-11
     44    101 0.0000000e+00 1.4158280e-09 4.8661500e-10
     44    102 0.0000000e+00 1.1994780e-07 4.2027550e-08
     44    103 0.0000000e+00 1.5665820e-06 5.8027440e-07
     44    103 1.0000000e+00 2.3005670e-06 8.5217720e-07
     44    104 0.0000000e+00 4.8824260e-05 1.8946530e-05
     44    105 0.0000000e+00 2.2899750e-04 7.9401630e-05
     44    106 0.0000000e+00 1.2412680e-03 3.2715340e-04
     44    107 0.0000000e+00 3.3244830e-03 8.9583870e-04
     44    108 0.0000000e+00 1.0275790e-02 2.0923430e-03
     44    109 0.0000000e+00 1.2274300e-02 1.4307330e-03
     44    110 0.0000000e+00 8.0865220e-03 1.2951680e-03
     44    111 0.0000000e+00 4.1001790e-03 3.0312130e-04
     44    112 0.0000000e+00 1.7256370e-03 1.5230190e-04
     44    113 0.0000000e+00 8.6869280e-05 2.6935710e-05
     44    113 1.0000000e+00 7.2500060e-04 1.5860380e-04
     44    114 0.0000000e+00 3.6675060e-04 1.7751820e-04
     44    115 0.0000000e+00 5.4533620e-05 1.7506330e-05
     44    116 0.0000000e+00 8.1466410e-06 6.3249140e-06
     44    117 0.0000000e+00 1.0120790e-06 5.9049310e-07
     44    118 0.0000000e+00 5.5017210e-08 3.5394640e-08
     44    119 0.0000000e+00 2.0808900e-10 1.0404500e-10
     44    120 0.0000000e+00 2.7277300e-12 1.3638700e-12
     44    121 0.0000000e+00 3.1912100e-14 1.5956000e-14
     44    122 0.0000000e+00 0.0000000e+00 0.0000000e+00
     44    123 0.0000000e+00 0.0000000e+00 0.0000000e+00
     44    124 0.0000000e+00 0.0000000e+00 0.0000000e+00
     45    100 0.0000000e+00 0.0000000e+00 0.0000000e+00
     45    100 1.0000000e+00 0.0000000e+00 0.0000000e+00
     45    101 0.0000000e+00 0.0000000e+00 0.0000000e+00
     45    101 1.0000000e+00 2.5364700e-14 1.2682400e-14
     45    102 0.0000000e+00 9.3408300e-13 4.6704100e-13
     45    102 1.0000000e+00 2.5513000e-12 1.2756500e-12
     45    103 0.0000000e+00 5.6846700e-11 2.8423400e-11
     45    103 1.0000000e+00 4.2490500e-10 2.1245300e-10
     45    104 0.0000000e+00 3.2623560e-09 1.2946950e-09
     45    104 1.0000000e+00 1.1367060e-08 4.5110890e-09
     45    105 0.0000000e+00 1.8878860e-07 7.0134980e-08
     45    105 1.0000000e+00 4.4857760e-08 1.6664730e-08
     45    106 0.0000000e+00 4.5792480e-07 1.5351350e-07
     45    106 1.0000000e+00 2.9356190e-06 9.8413020e-07
     45    107 0.0000000e+00 2.9467860e-05 1.1786940e-05
     45    108 0.0000000e+00 2.0680590e-04 8.4807730e-05
     45    108 1.0000000e+00 1.4031780e-04 5.7546810e-05
     45    109 0.0000000e+00 1.9358880e-04 6.2302120e-05
     45    110 0.0000000e+00 1.1989960e-04 4.8646580e-05
     45    110 1.0000000e+00 2.1671730e-04 8.7897140e-05
     45    111 0.0000000e+00 5.0325240e-04 1.2778460e-04
     45    112 0.0000000e+00 3.6958590e-04 8.8024740e-05
     45    112 1.0000000e+00 1.6113860e-04 3.9247220e-05
     45    113 0.0000000e+00 6.7720420e-04 1.3097220e-04
     45    114 0.0000000e+00 1.9054160e-04 1.0417130e-04
     45    114 1.0000000e+00 2.6591110e-04 1.3840070e-04
     45    115 0.0000000e+00 3.5059200e-04 4.6007740e-05
     45    116 0.0000000e+00 7.3959470e-05 5.4962440e-05
     45    116 1.0000000e+00 9.7155870e-05 7.1463360e-05
     45    117 0.0000000e+00 7.9326600e-05 4.5313920e-05
     45    118 0.0000000e+00 1.3586780e-05 8.7355380e-06
     45    119 0.0000000e+00 5.4421210e-07 3.3408450e-07
     45    120 0.0000000e+00 2.3303970e-08 1.5865640e-08
     45    121 0.0000000e+00 1.1477510e-09 7.1566400e-10
     45    122 0.0000000e+00 3.3608100e-11 2.2131600e-11
     45    123 0.0000000e+00 1.1886000e-13 5.9429800e-14
     45    124 0.0000000e+00 0.0000000e+00 0.0000000e+00
     45    125 0.0000000e+00 0.0000000e+00 0.0000000e+00
     45    126 0.0000000e+00 0.0000000e+00 0.0000000e+00
     45    127 0.0000000e+00 0.0000000e+00 0.0000000e+00
     45    128 0.0000000e+00 0.0000000e+00 0.0000000e+00
     46    102 0.0000000e+00 0.0000000e+00 0.0000000e+00
     46    103 0.0000000e+00 0.0000000e+00 0.0000000e+00
     46    104 0.0000000e+00 2.9029900e-13 1.4515000e-13
     46    105 0.0000000e+00 1.0207400e-11 5.1037100e-12
     46    106 0.0000000e+00 7.3616100e-10 3.6808000e-10
     46    107 0.0000000e+00 4.2343580e-09 1.7339250e-09
     46    107 1.0000000e+00 7.9620750e-09 3.2603570e-09
     46    108 0.0000000e+00 1.1172130e-06 4.8514150e-07
     46    109 0.0000000e+00 7.1754100e-10 2.6841100e-10
     46    109 1.0000000e+00 1.7383620e-09 6.5026600e-10
     46    110 0.0000000e+00 2.4400180e-08 1.1803020e-08
     46    111 0.0000000e+00 3.4617460e-08 1.2129270e-08
     46    111 1.0000000e+00 6.0506370e-08 2.1200670e-08
     46    112 0.0000000e+00 6.8464280e-07 2.2867620e-07
     46    113 0.0000000e+00 7.1433040e-07 2.4362320e-07
     46    113 1.0000000e+00 1.5575680e-06 5.3118490e-07
     46    114 0.0000000e+00 7.3679530e-05 4.3296330e-05
     46    115 0.0000000e+00 3.1792840e-05 7.0262940e-06
     46    115 1.0000000e+00 1.6578870e-04 3.4120480e-05
     46    116 0.0000000e+00 4.1425730e-04 1.5120570e-04
     46    117 0.0000000e+00 9.5563050e-05 4.7826870e-05
     46    117 1.0000000e+00 2.9463360e-04 1.0217330e-04
     46    118 0.0000000e+00 2.7073750e-04 1.2144850e-04
     46    119 0.0000000e+00 5.7498830e-05 3.4716470e-05
     46    120 0.0000000e+00 1.2736640e-05 8.6272610e-06
     46    121 0.0000000e+00 1.7176750e-06 1.0439100e-06
     46    122 0.0000000e+00 1.8104730e-07 1.1824310e-07
     46    123 0.0000000e+00 2.7428190e-09 1.6508280e-09
     46    124 0.0000000e+00 0.0000000e+00 0.0000000e+00
     46    125 0.0000000e+00 0.0000000e+00 0.0000000e+00
     46    126 0.0000000e+00 0.0000000e+00 0.0000000e+00
     46    127 0.0000000e+00 0.0000000e+00 0.0000000e+00
     46    128 0.0000000e+00 0.0000000e+00 0.0000000e+00
     46    129 0.0000000e+00 0.0000000e+00 0.0000000e+00
     46    130 0.0000000e+00 1.0455000e-14 5.2274900e-15
     46    131 0.0000000e+00 0.0000000e+00 0.0000000e+00
     47    105 0.0000000e+00 0.0000000e+00 0.0000000e+00
     47    105 1.0000000e+00 0.0000000e+00 0.0000000e+00
     47    106 0.0000000e+00 0.0000000e+00 0.0000000e+00
     47    106 1.0000000e+00 0.0000000e+00 0.0000000e+00
     47    107 0.0000000e+00 2.4858200e-14 1.2429100e-14
     47    107 1.0000000e+00 1.8580400e-13 9.2902200e-14
     47    108 0.0000000e+00 2.9753900e-11 1.4876900e-11
     47    108 1.0000000e+00 8.1267900e-11 4.0633900e-11
     47    109 0.0000000e+00 0.0000000e+00 0.0000000e+00
     47    109 1.0000000e+00 0.0000000e+00 0.0000000e+00
     47    110 0.0000000e+00 0.0000000e+00 0.0000000e+00
     47    110 1.0000000e+00 0.0000000e+00 0.0000000e+00
     47    111 0.0000000e+00 2.9372700e-15 1.0576600e-15
     47    111 1.0000000e+00 1.3242500e-14 4.7684400e-15
     47    112 0.0000000e+00 2.8925700e-13 1.0366600e-13
     47    113 0.0000000e+00 8.5679000e-13 3.2451500e-13
     47    113 1.0000000e+00 3.6152100e-12 1.3693000e-12
     47    114 0.0000000e+00 1.1744310e-07 7.5491670e-08
     47    114 1.0000000e+00 3.7176040e-07 2.3897370e-07
     47    115 0.0000000e+00 9.5690650e-07 3.2919500e-07
     47    115 1.0000000e+00 8.2485430e-06 2.8365420e-06
     47    116 0.0000000e+00 1.9773150e-05 1.5020800e-05
     47    116 1.0000000e+00 3.4214960e-05 2.5939290e-05
     47    116 2.0000000e+00 0.0000000e+00 0.0000000e+00
     47    117 0.0000000e+00 4.4856180e-05 2.2889660e-05
     47    117 1.0000000e+00 1.1698020e-04 5.7441410e-05
     47    118 0.0000000e+00 2.1399860e-04 1.0646040e-04
     47    118 1.0000000e+00 5.5653490e-05 3.1689110e-05
     47    119 0.0000000e+00 3.3094900e-04 1.1728380e-04
     47    119 1.0000000e+00 1.8604270e-05 1.0020790e-05
     47    120 0.0000000e+00 1.0712910e-04 6.5781430e-05
     47    120 1.0000000e+00 1.0538640e-04 6.4763190e-05
     47    121 0.0000000e+00 1.0624320e-04 6.1779650e-05
     47    122 0.0000000e+00 1.6095560e-05 1.0537840e-05
     47    122 1.0000000e+00 1.1912310e-05 7.8002350e-06
     47    123 0.0000000e+00 2.8676940e-06 1.6809280e-06
     47    124 0.0000000e+00 1.9603200e-11 1.2486900e-11
     47    125 0.0000000e+00 1.0533800e-12 3.8496700e-13
     47    126 0.0000000e+00 1.7358300e-13 6.8555100e-14
     47    127 0.0000000e+00 1.7893400e-14 6.4848500e-15
     47    128 0.0000000e+00 0.0000000e+00 0.0000000e+00
     47    129 0.0000000e+00 9.4522100e-17 3.2543600e-17
     47    130 0.0000000e+00 8.7869900e-10 4.3935000e-10
     47    131 0.0000000e+00 1.4754200e-11 7.3770900e-12
     47    132 0.0000000e+00 2.4248800e-14 1.2124400e-14
     47    133 0.0000000e+00 0.0000000e+00 0.0000000e+00
     48    108 0.0000000e+00 0.0000000e+00 0.0000000e+00
     48    109 0.0000000e+00 0.0000000e+00 0.0000000e+00
     48    110 0.0000000e+00 0.0000000e+00 0.0000000e+00
     48    111 0.0000000e+00 0.0000000e+00 0.0000000e+00
     48    111 1.0000000e+00 0.0000000e+00 0.0000000e+00
     48    112 0.0000000e+00 0.0000000e+00 0.0000000e+00
     48    113 0.0000000e+00 0.0000000e+00 0.0000000e+00
     48    113 1.0000000e+00 0.0000000e+00 0.0000000e+00
     48    114 0.0000000e+00 2.7162100e-10 1.7613700e-10
     48    115 0.0000000e+00 4.5582230e-09 1.6201570e-09
     48    115 1.0000000e+00 2.3695810e-08 8.4224580e-09
     48    116 0.0000000e+00 7.5005080e-07 5.8024060e-07
     48    117 0.0000000e+00 7.7703710e-07 4.4342480e-07
     48    117 1.0000000e+00 4.3610780e-06 2.4885680e-06
     48    118 0.0000000e+00 3.5717130e-05 2.1969860e-05
     48    119 0.0000000e+00 8.1716840e-05 4.5473590e-05
     48    119 1.0000000e+00 9.0065450e-05 4.9904590e-05
     48    120 0.0000000e+00 4.0481170e-04 1.4653020e-04
     48    121 0.0000000e+00 3.0596960e-04 1.2497220e-04
     48    121 1.0000000e+00 1.2154130e-04 6.2441780e-05
     48    122 0.0000000e+00 3.9515730e-04 1.6447770e-04
     48    123 0.0000000e+00 3.3812990e-05 1.7380910e-05
     48    123 1.0000000e+00 1.1139440e-04 5.6562630e-05
     48    124 0.0000000e+00 4.9940290e-06 2.8615670e-06
     48    125 0.0000000e+00 5.7654870e-08 1.6793180e-08
     48    125 1.0000000e+00 7.6648540e-07 2.2325430e-07
     48    126 0.0000000e+00 5.7534700e-07 2.0982760e-07
     48    127 0.0000000e+00 1.5600620e-07 5.5453330e-08
     48    128 0.0000000e+00 3.5915240e-08 1.4088820e-08
     48    129 0.0000000e+00 8.3848060e-09 2.8879690e-09
     48    130 0.0000000e+00 5.2449350e-06 1.5444250e-06
     48    131 0.0000000e+00 2.7418530e-07 1.0169860e-07
     48    132 0.0000000e+00 3.0018540e-09 1.5009270e-09
     48    133 0.0000000e+00 2.9100200e-11 1.4550100e-11
     48    134 0.0000000e+00 7.3537900e-13 3.6768900e-13
     48    135 0.0000000e+00 0.0000000e+00 0.0000000e+00
     48    136 0.0000000e+00 0.0000000e+00 0.0000000e+00
     49    110 0.0000000e+00 0.0000000e+00 0.0000000e+00
     49    110 1.0000000e+00 0.0000000e+00 0.0000000e+00
     49    111 0.0000000e+00 0.0000000e+00 0.0000000e+00
     49    111 1.0000000e+00 0.0000000e+00 0.0000000e+00
     49    112 0.0000000e+00 0.0000000e+00 0.0000000e+00
     49    112 1.0000000e+00 0.0000000e+00 0.0000000e+00
     49    113 0.0000000e+00 0.0000000e+00 0.0000000e+00
     49    113 1.0000000e+00 0.0000000e+00 0.0000000e+00
     49    114 0.0000000e+00 0.0000000e+00 0.0000000e+00
     49    114 1.0000000e+00 0.0000000e+00 0.0000000e+00
     49    114 2.0000000e+00 0.0000000e+00 0.0000000e+00
     49    115 0.0000000e+00 4.1880800e-12 1.4903600e-12
     49    115 1.0000000e+00 8.4566700e-13 3.0094300e-13
     49    116 0.0000000e+00 3.6943700e-11 2.8688000e-11
     49    116 1.0000000e+00 3.3420000e-10 2.5951500e-10
     49    116 2.0000000e+00 0.0000000e+00 0.0000000e+00
     49    117 0.0000000e+00 8.7907720e-09 5.1568210e-09
     49    117 1.0000000e+00 9.1251700e-10 5.3528600e-10
     49    118 0.0000000e+00 3.8481710e-08 2.4734410e-08
     49    118 1.0000000e+00 1.6288780e-07 1.0469760e-07
     49    118 2.0000000e+00 0.0000000e+00 0.0000000e+00
     49    119 0.0000000e+00 5.3504440e-06 3.2683160e-06
     49    119 1.0000000e+00 8.0904950e-07 4.9428140e-07
     49    120 0.0000000e+00 2.3274570e-05 1.5742710e-05
     49    120 1.0000000e+00 1.6972660e-05 1.1487270e-05
     49    120 2.0000000e+00 0.0000000e+00 0.0000000e+00
     49    121 0.0000000e+00 1.2082990e-04 7.0130030e-05
     49    121 1.0000000e+00 2.0791430e-05 1.2586570e-05
     49    122 0.0000000e+00 6.2746850e-05 3.7986080e-05
     49    122 1.0000000e+00 2.4287320e-04 1.3219710e-04
     49    122 2.0000000e+00 0.0000000e+00 0.0000000e+00
     49    123 0.0000000e+00 4.8030790e-04 1.7416500e-04
     49    123 1.0000000e+00 5.8516310e-05 3.2352980e-05
     49    124 0.0000000e+00 2.7798800e-04 1.5718010e-04
     49    124 1.0000000e+00 2.8896420e-04 1.6243800e-04
     49    125 0.0000000e+00 2.7145840e-04 5.0876180e-05
     49    125 1.0000000e+00 7.6931440e-05 1.5240910e-05
     49    126 0.0000000e+00 3.7667670e-04 1.0514690e-04
     49    126 1.0000000e+00 1.8267210e-04 5.1456990e-05
     49    127 0.0000000e+00 3.6562770e-04 8.5961570e-05
     49    127 1.0000000e+00 1.9004600e-04 4.5045420e-05
     49    127 2.0000000e+00 0.0000000e+00 0.0000000e+00
     49    128 0.0000000e+00 2.3249420e-04 8.2757640e-05
     49    128 1.0000000e+00 1.1509830e-04 4.1047400e-05
     49    129 0.0000000e+00 2.7118820e-04 9.0516490e-05
     49    129 1.0000000e+00 2.6090020e-05 8.7153950e-06
     49    129 2.0000000e+00 0.0000000e+00 0.0000000e+00
     49    130 0.0000000e+00 5.1217650e-04 1.5336640e-04
     49    130 1.0000000e+00 3.1026670e-04 9.2989770e-05
     49    130 2.0000000e+00 0.0000000e+00 0.0000000e+00
     49    131 0.0000000e+00 1.7210740e-04 6.4657980e-05
     49    131 1.0000000e+00 7.5878810e-05 2.8509510e-05
     49    131 2.0000000e+00 0.0000000e+00 0.0000000e+00
     49    132 0.0000000e+00 1.1451840e-05 4.3141750e-06
     49    133 0.0000000e+00 5.4456970e-07 2.0815000e-07
     49    134 0.0000000e+00 2.9380260e-08 1.0752040e-08
     49    135 0.0000000e+00 2.0948300e-09 1.0474150e-09
     49    136 0.0000000e+00 4.6179500e-12 2.3089800e-12
     49    137 0.0000000e+00 0.0000000e+00 0.0000000e+00
     49    138 0.0000000e+00 0.0000000e+00 0.0000000e+00
     50    113 0.0000000e+00 0.0000000e+00 0.0000000e+00
     50    113 1.0000000e+00 0.0000000e+00 0.0000000e+00
     50    114 0.0000000e+00 0.0000000e+00 0.0000000e+00
     50    115 0.0000000e+00 0.0000000e+00 0.0000000e+00
     50    116 0.0000000e+00 0.0000000e+00 0.0000000e+00
     50    117 0.0000000e+00 1.9034300e-13 1.1167100e-13
     50    117 1.0000000e+00 7.2038900e-13 4.2262200e-13
     50    118 0.0000000e+00 9.2857300e-11 5.9740500e-11
     50    119 0.0000000e+00 6.2330900e-09 3.8459000e-09
     50    119 1.0000000e+00 5.5172590e-09 3.4043350e-09
     50    120 0.0000000e+00 3.7558340e-07 2.5559880e-07
     50    121 0.0000000e+00 6.4203550e-07 4.0045610e-07
     50    121 1.0000000e+00 2.6007320e-06 1.6220460e-06
     50    122 0.0000000e+00 3.0895130e-05 2.0071370e-05
     50    123 0.0000000e+00 1.4965680e-04 8.6576430e-05
     50    123 1.0000000e+00 2.9422780e-05 1.7577350e-05
     50    124 0.0000000e+00 5.2589840e-04 2.3659300e-04
     50    125 0.0000000e+00 4.0401560e-04 7.4373760e-05
     50    125 1.0000000e+00 1.3606160e-04 4.3070830e-05
     50    126 0.0000000e+00 2.1275820e-03 2.8462840e-04
     50    127 0.0000000e+00 2.5296050e-03 2.7238610e-04
     50    127 1.0000000e+00 9.4961940e-04 1.7375700e-04
     50    128 0.0000000e+00 4.0208560e-03 5.8154650e-04
     50    128 1.0000000e+00 2.1014050e-03 3.8215740e-04
     50    129 0.0000000e+00 5.0049770e-03 8.9523670e-04
     50    129 1.0000000e+00 4.4126110e-03 8.1101870e-04
     50    130 0.0000000e+00 7.6690720e-03 1.3016330e-03
     50    130 1.0000000e+00 4.1666470e-03 8.0172330e-04
     50    131 0.0000000e+00 4.8249140e-03 1.6860630e-03
     50    131 1.0000000e+00 4.8535630e-03 1.6930690e-03
     50    132 0.0000000e+00 3.3930940e-03 1.4318220e-03
     50    133 0.0000000e+00 4.9319340e-04 1.9359800e-04
     50    134 0.0000000e+00 8.4797150e-05 3.1161120e-05
     50    135 0.0000000e+00 1.0335750e-05 3.8049600e-06
     50    136 0.0000000e+00 1.4550140e-07 5.1812420e-08
     50    137 0.0000000e+00 5.3270100e-10 2.6635100e-10
     50    138 0.0000000e+00 2.2945200e-11 1.1472600e-11
     50    139 0.0000000e+00 7.1810400e-13 3.5905200e-13
     50    140 0.0000000e+00 0.0000000e+00 0.0000000e+00
     51    116 0.0000000e+00 0.0000000e+00 0.0000000e+00
     51    116 1.0000000e+00 0.0000000e+00 0.0000000e+00
     51    117 0.0000000e+00 0.0000000e+00 0.0000000e+00
     51    118 0.0000000e+00 0.0000000e+00 0.0000000e+00
     51    118 1.0000000e+00 0.0000000e+00 0.0000000e+00
     51    119 0.0000000e+00 7.8255100e-13 3.9127500e-13
     51    120 0.0000000e+00 3.1108900e-11 2.1179600e-11
     51    120 1.0000000e+00 5.2070100e-11 3.5451100e-11
     51    121 0.0000000e+00 2.9265420e-09 1.4632710e-09
     51    122 0.0000000e+00 5.7081420e-08 2.8540710e-08
     51    122 1.0000000e+00 4.1411230e-08 2.0705610e-08
     51    122 2.0000000e+00 0.0000000e+00 0.0000000e+00
     51    123 0.0000000e+00 3.4147130e-06 2.0571270e-06
     51    124 0.0000000e+00 3.1351950e-07 2.0035800e-07
     51    124 1.0000000e+00 6.3184130e-07 4.0377320e-07
     51    124 2.0000000e+00 0.0000000e+00 0.0000000e+00
     51    125 0.0000000e+00 3.5987440e-06 1.2945890e-06
     51    126 0.0000000e+00 1.2452660e-05 4.8730440e-06
     51    126 1.0000000e+00 1.6770710e-05 6.5626400e-06
     51    126 2.0000000e+00 0.0000000e+00 0.0000000e+00
     51    127 0.0000000e+00 1.3985060e-04 4.8268200e-05
     51    128 0.0000000e+00 2.8137970e-04 1.0326020e-04
     51    128 1.0000000e+00 1.8305820e-04 6.7330880e-05
     51    129 0.0000000e+00 1.4925770e-03 3.8357740e-04
     51    129 1.0000000e+00 2.8667270e-04 7.4758680e-05
     51    130 0.0000000e+00 3.6737480e-03 6.5674200e-04
     51    130 1.0000000e+00 3.4379250e-03 6.1676810e-04
     51    131 0.0000000e+00 2.1211120e-02 1.9928470e-03
     51    132 0.0000000e+00 1.8327120e-02 3.3803020e-03
     51    132 1.0000000e+00 5.9202330e-03 1.4300200e-03
     51    133 0.0000000e+00 1.9032980e-02 3.5066410e-03
     51    134 0.0000000e+00 2.4179610e-03 9.3274490e-04
     51    134 1.0000000e+00 4.2080420e-03 1.5813170e-03
     51    135 0.0000000e+00 1.3420930e-03 5.1243180e-04
     51    136 0.0000000e+00 1.2854030e-04 4.6009820e-05
     51    137 0.0000000e+00 2.4717380e-06 9.1030850e-07
     51    138 0.0000000e+00 3.1315730e-07 1.2116490e-07
     51    139 0.0000000e+00 2.9280680e-08 1.0609470e-08
     51    140 0.0000000e+00 4.3322500e-10 2.1661300e-10
     51    141 0.0000000e+00 1.4386800e-12 7.1934100e-13
     51    142 0.0000000e+00 0.0000000e+00 0.0000000e+00
     51    143 0.0000000e+00 0.0000000e+00 0.0000000e+00
     52    119 0.0000000e+00 0.0000000e+00 0.0000000e+00
     52    119 1.0000000e+00 0.0000000e+00 0.0000000e+00
     52    120 0.0000000e+00 0.0000000e+00 0.0000000e+00
     52    121 0.0000000e+00 2.4725800e-14 1.2362900e-14
     52    121 1.0000000e+00 9.3579600e-14 4.6789800e-14
     52    122 0.0000000e+00 2.5304700e-11 1.2652300e-11
     52    123 0.0000000e+00 7.7225000e-10 3.8612500e-10
     52    123 1.0000000e+00 2.9227320e-09 1.4613660e-09
     52    124 0.0000000e+00 1.5349500e-12 7.6747500e-13
     52    125 0.0000000e+00 4.1559300e-12 2.0779600e-12
     52    125 1.0000000e+00 1.2597800e-11 6.2988900e-12
     52    126 0.0000000e+00 5.2970500e-10 2.0911900e-10
     52    127 0.0000000e+00 1.3490420e-09 4.8760000e-10
     52    127 1.0000000e+00 4.8720410e-09 1.7609490e-09
     52    128 0.0000000e+00 8.1984570e-08 3.2100600e-08
     52    129 0.0000000e+00 2.3049780e-07 7.8129200e-08
     52    129 1.0000000e+00 4.7531650e-07 1.6111790e-07
     52    130 0.0000000e+00 5.3397100e-04 1.4234490e-04
     52    131 0.0000000e+00 1.3961360e-03 3.8575910e-04
     52    131 1.0000000e+00 2.6132130e-03 7.1324040e-04
     52    132 0.0000000e+00 2.1719290e-02 2.9531970e-03
     52    133 0.0000000e+00 1.4902590e-02 1.5526580e-03
     52    133 1.0000000e+00 2.6774810e-02 2.6680740e-03
     52    134 0.0000000e+00 5.0518480e-02 3.1121030e-03
     52    135 0.0000000e+00 3.1722220e-02 4.4555670e-03
     52    136 0.0000000e+00 9.9461120e-03 3.3134510e-03
     52    137 0.0000000e+00 1.1675780e-03 4.4497520e-04
     52    138 0.0000000e+00 3.1392420e-04 1.2322120e-04
     52    139 0.0000000e+00 5.7000170e-05 2.0678720e-05
     52    140 0.0000000e+00 3.6152230e-06 1.2174060e-06
     52    141 0.0000000e+00 4.7440200e-08 1.7819230e-08
     52    142 0.0000000e+00 5.4478800e-10 2.7239400e-10
     52    143 0.0000000e+00 7.9881100e-12 3.9940500e-12
     52    144 0.0000000e+00 1.8980600e-13 9.4903200e-14
     52    145 0.0000000e+00 0.0000000e+00 0.0000000e+00
     53    122 0.0000000e+00 0.0000000e+00 0.0000000e+00
     53    123 0.0000000e+00 2.0106300e-13 1.0053100e-13
     53    124 0.0000000e+00 0.0000000e+00 0.0000000e+00
     53    125 0.0000000e+00 0.0000000e+00 0.0000000e+00
     53    126 0.0000000e+00 0.0000000e+00 0.0000000e+00
     53    127 0.0000000e+00 0.0000000e+00 0.0000000e+00
     53    128 0.0000000e+00 0.0000000e+00 0.0000000e+00
     53    129 0.0000000e+00 1.3637300e-13 4.6947100e-14
     53    130 0.0000000e+00 1.3855810e-06 4.0782040e-07
     53    130 1.0000000e+00 2.5268630e-07 7.4375200e-08
     53    131 0.0000000e+00 5.3158960e-05 1.9585680e-05
     53    132 0.0000000e+00 6.7078950e-04 2.4624360e-04
     53    132 1.0000000e+00 3.7291600e-04 1.3695830e-04
     53    133 0.0000000e+00 6.5372030e-03 2.0809960e-03
     53    133 1.0000000e+00 1.3522530e-03 4.4837080e-04
     53    134 0.0000000e+00 1.1788950e-02 2.7873260e-03
     53    134 1.0000000e+00 5.1791820e-03 1.4059570e-03
     53    135 0.0000000e+00 3.8144900e-02 4.3393740e-03
     53    136 0.0000000e+00 3.1803670e-02 4.0449550e-03
     53    136 1.0000000e+00 5.3449420e-03 9.9284630e-04
     53    137 0.0000000e+00 2.9324750e-02 4.4276760e-03
     53    138 0.0000000e+00 1.3876090e-02 3.5987450e-03
     53    139 0.0000000e+00 3.3139580e-03 1.2234230e-03
     53    140 0.0000000e+00 7.0825720e-04 2.4064680e-04
     53    141 0.0000000e+00 7.5725430e-05 2.8569410e-05
     53    142 0.0000000e+00 3.4114640e-06 1.3083080e-06
     53    143 0.0000000e+00 1.9439310e-07 7.3351930e-08
     53    144 0.0000000e+00 9.9747820e-09 3.6198050e-09
     53    145 0.0000000e+00 4.1168600e-10 2.0584300e-10
     53    146 0.0000000e+00 1.2036500e-12 6.0182500e-13
     53    147 0.0000000e+00 2.0358000e-14 1.0179000e-14
     53    148 0.0000000e+00 0.0000000e+00 0.0000000e+00
     54    125 0.0000000e+00 0.0000000e+00 0.0000000e+00
     54    125 1.0000000e+00 0.0000000e+00 0.0000000e+00
     54    126 0.0000000e+00 0.0000000e+00 0.0000000e+00
     54    127 0.0000000e+00 0.0000000e+00 0.0000000e+00
     54    127 1.0000000e+00 0.0000000e+00 0.0000000e+00
     54    128 0.0000000e+00 0.0000000e+00 0.0000000e+00
     54    129 0.0000000e+00 0.0000000e+00 0.0000000e+00
     54    129 1.0000000e+00 0.0000000e+00 0.0000000e+00
     54    130 0.0000000e+00 3.8779000e-10 1.9389500e-10
     54    131 0.0000000e+00 9.5946640e-09 3.5586060e-09
     54    131 1.0000000e+00 2.8871700e-08 1.0708370e-08
     54    132 0.0000000e+00 3.8253630e-06 1.4382780e-06
     54    132 1.0000000e+00 8.7571720e-07 3.2924960e-07
     54    133 0.0000000e+00 3.1973980e-05 1.2172490e-05
     54    133 1.0000000e+00 7.3234720e-05 2.7879390e-05
     54    134 0.0000000e+00 4.2064640e-04 1.5061420e-04
     54    134 1.0000000e+00 2.4270820e-04 8.6923790e-05
     54    135 0.0000000e+00 1.1893960e-03 3.8595250e-04
     54    135 1.0000000e+00 1.9978810e-03 6.4729690e-04
     54    136 0.0000000e+00 1.9174810e-02 3.2679280e-03
     54    137 0.0000000e+00 3.1272040e-02 3.8762970e-03
     54    138 0.0000000e+00 4.1287810e-02 3.2153790e-03
     54    139 0.0000000e+00 3.6292190e-02 4.0976670e-03
     54    140 0.0000000e+00 2.3033920e-02 3.4768340e-03
     54    141 0.0000000e+00 5.9172400e-03 2.0424560e-03
     54    142 0.0000000e+00 1.3775050e-03 5.4277850e-04
     54    143 0.0000000e+00 2.0284230e-04 7.7218540e-05
     54    144 0.0000000e+00 3.2844200e-05 1.1943340e-05
     54    145 0.0000000e+00 2.5840240e-06 9.0044550e-07
     54    146 0.0000000e+00 4.3738640e-08 1.5027550e-08
     54    147 0.0000000e+00 1.1995320e-09 5.9976600e-10
     54    148 0.0000000e+00 8.2433500e-12 4.1216800e-12
     54    149 0.0000000e+00 2.3672600e-13 1.1836300e-13
     54    150 0.0000000e+00 0.0000000e+00 0.0000000e+00
     55    128 0.0000000e+00 0.0000000e+00 0.0000000e+00
     55    129 0.0000000e+00 0.0000000e+00 0.0000000e+00
     55    130 0.0000000e+00 0.0000000e+00 0.0000000e+00
     55    130 1.0000000e+00 0.0000000e+00 0.0000000e+00
     55    131 0.0000000e+00 1.3343700e-12 6.6718600e-13
     55    132 0.0000000e+00 7.0819700e-10 3.5409900e-10
     55    133 0.0000000e+00 7.6115180e-08 2.9092250e-08
     55    134 0.0000000e+00 5.7985780e-07 2.1219400e-07
     55    134 1.0000000e+00 4.2043160e-07 1.5385170e-07
     55    135 0.0000000e+00 1.4731040e-05 5.4194200e-06
     55    135 1.0000000e+00 3.8593690e-06 1.4197820e-06
     55    136 0.0000000e+00 3.0477740e-04 1.0803380e-04
     55    136 1.0000000e+00 1.0931670e-04 3.8753910e-05
     55    137 0.0000000e+00 3.7999890e-03 1.3017180e-03
     55    138 0.0000000e+00 3.8226160e-03 1.2398090e-03
     55    138 1.0000000e+00 4.9915500e-03 1.5965550e-03
     55    139 0.0000000e+00 1.9367510e-02 3.6971080e-03
     55    140 0.0000000e+00 2.7243880e-02 3.6129480e-03
     55    141 0.0000000e+00 3.0417610e-02 3.4138970e-03
     55    142 0.0000000e+00 1.8285740e-02 3.2600370e-03
     55    143 0.0000000e+00 9.3505650e-03 2.5388050e-03
     55    144 0.0000000e+00 3.1464920e-03 1.1092720e-03
     55    145 0.0000000e+00 7.7998630e-04 2.7401970e-04
     55    146 0.0000000e+00 5.0415920e-05 1.7368700e-05
     55    147 0.0000000e+00 3.9012840e-06 1.4162240e-06
     55    148 0.0000000e+00 1.1561760e-07 4.4869650e-08
     55    149 0.0000000e+00 9.2148340e-09 3.3457660e-09
     55    150 0.0000000e+00 1.3777500e-10 6.8887300e-11
     55    151 0.0000000e+00 1.5482300e-13 7.7411400e-14
     55    152 0.0000000e+00 1.6044500e-15 8.0222400e-16
     56    131 0.0000000e+00 0.0000000e+00 0.0000000e+00
     56    131 1.0000000e+00 0.0000000e+00 0.0000000e+00
     56    132 0.0000000e+00 0.0000000e+00 0.0000000e+00
     56    133 0.0000000e+00 2.6500400e-12 1.3250200e-12
     56    133 1.0000000e+00 0.0000000e+00 0.0000000e+00
     56    134 0.0000000e+00 1.1290100e-10 5.6450700e-11
     56    135 0.0000000e+00 1.4240320e-09 7.1201600e-10
     56    135 1.0000000e+00 4.8222720e-09 2.4111360e-09
     56    136 0.0000000e+00 4.6301570e-07 1.6487220e-07
     56    136 1.0000000e+00 3.8610260e-07 1.3748610e-07
     56    137 0.0000000e+00 9.0702650e-06 3.3355630e-06
     56    137 1.0000000e+00 1.4146940e-05 5.2025330e-06
     56    138 0.0000000e+00 1.9922070e-04 7.5967110e-05
     56    139 0.0000000e+00 7.9090520e-04 2.6968490e-04
     56    140 0.0000000e+00 4.0389370e-03 1.0809790e-03
     56    141 0.0000000e+00 1.3307120e-02 2.9598630e-03
     56    142 0.0000000e+00 2.7160050e-02 3.1862300e-03
     56    143 0.0000000e+00 2.7940240e-02 2.6363710e-03
     56    144 0.0000000e+00 2.5256740e-02 2.0330950e-03
     56    145 0.0000000e+00 1.2475510e-02 2.0278490e-03
     56    146 0.0000000e+00 4.0215720e-03 1.0606650e-03
     56    147 0.0000000e+00 7.3981910e-04 2.6937940e-04
     56    148 0.0000000e+00 1.1095460e-04 4.3533760e-05
     56    149 0.0000000e+00 1.6876900e-05 6.1344620e-06
     56    150 0.0000000e+00 1.0383250e-06 3.6152840e-07
     56    151 0.0000000e+00 7.1133340e-09 2.5002650e-09
     56    152 0.0000000e+00 2.1155700e-10 1.0577900e-10
     56    153 0.0000000e+00 1.5366800e-12 7.6833800e-13
     56    154 0.0000000e+00 3.3687800e-14 1.6843900e-14
     57    133 0.0000000e+00 0.0000000e+00 0.0000000e+00
     57    134 0.0000000e+00 0.0000000e+00 0.0000000e+00
     57    135 0.0000000e+00 1.1121100e-13 5.5605600e-14
     57    136 0.0000000e+00 0.0000000e+00 0.0000000e+00
     57    136 1.0000000e+00 0.0000000e+00 0.0000000e+00
     57    137 0.0000000e+00 7.3859720e-09 3.6929860e-09
     57    138 0.0000000e+00 1.2690840e-07 4.9100420e-08
     57    139 0.0000000e+00 1.8647000e-06 6.7565150e-07
     57    140 0.0000000e+00 2.5643250e-05 8.6155950e-06
     57    141 0.0000000e+00 4.3583140e-04 1.6188110e-04
     57    142 0.0000000e+00 2.0591740e-03 7.5768990e-04
     57    143 0.0000000e+00 6.7692840e-03 2.0117370e-03
     57    144 0.0000000e+00 1.0705690e-02 2.0995300e-03
     57    145 0.0000000e+00 1.5816750e-02 2.0312420e-03
     57    146 0.0000000e+00 6.0974460e-03 1.1008430e-03
     57    146 1.0000000e+00 8.5089640e-03 1.3620110e-03
     57    147 0.0000000e+00 9.2639860e-03 1.4264130e-03
     57    148 0.0000000e+00 3.5293410e-03 9.8117560e-04
     57    149 0.0000000e+00 1.4552920e-03 4.7698360e-04
     57    150 0.0000000e+00 2.5485630e-04 8.8189830e-05
     57    151 0.0000000e+00 1.3535570e-05 4.7574460e-06
     57    152 0.0000000e+00 8.5736830e-07 3.0909200e-07
     57    153 0.0000000e+00 3.3234930e-08 1.2540260e-08
     57    154 0.0000000e+00 1.4592000e-09 5.6584700e-10
     57    155 0.0000000e+00 5.4976800e-11 2.7488400e-11
     57    156 0.0000000e+00 2.5604400e-13 1.2802200e-13
     57    157 0.0000000e+00 2.2970100e-16 1.1485000e-16
     58    135 0.0000000e+00 0.0000000e+00 0.0000000e+00
     58    135 1.0000000e+00 0.0000000e+00 0.0000000e+00
     58    136 0.0000000e+00 0.0000000e+00 0.0000000e+00
     58    137 0.0000000e+00 1.1123800e-13 5.5619100e-14
     58    137 1.0000000e+00 0.0000000e+00 0.0000000e+00
     58    138 0.0000000e+00 5.8840500e-12 2.9420300e-12
     58    138 1.0000000e+00 0.0000000e+00 0.0000000e+00
     58    139 0.0000000e+00 4.4297300e-11 2.2148700e-11
     58    139 1.0000000e+00 1.2413300e-10 6.2066700e-11
     58    140 0.0000000e+00 1.2597170e-08 6.2985850e-09
     58    141 0.0000000e+00 8.0644720e-07 3.0288270e-07
     58    142 0.0000000e+00 1.3312820e-05 5.0940830e-06
     58    143 0.0000000e+00 1.0432920e-04 3.9029150e-05
     58    144 0.0000000e+00 4.7799140e-04 1.6636210e-04
     58    145 0.0000000e+00 1.6650150e-03 4.9419640e-04
     58    146 0.0000000e+00 6.6992500e-03 1.2628670e-03
     58    147 0.0000000e+00 1.0820820e-02 1.4337890e-03
     58    148 0.0000000e+00 1.1751260e-02 1.0167570e-03
     58    149 0.0000000e+00 8.0438520e-03 7.5851450e-04
     58    150 0.0000000e+00 4.9202790e-03 5.7751420e-04
     58    151 0.0000000e+00 1.1706510e-04 3.3401770e-05
     58    151 1.0000000e+00 9.7134260e-04 4.4053920e-04
     58    152 0.0000000e+00 2.4463060e-04 8.2298000e-05
     58    153 0.0000000e+00 2.9989260e-05 1.1224930e-05
     58    154 0.0000000e+00 3.9093760e-06 1.5109560e-06
     58    155 0.0000000e+00 2.8945020e-07 1.0703660e-07
     58    156 0.0000000e+00 6.8435980e-09 2.4488100e-09
     58    157 0.0000000e+00 3.2972900e-11 1.2336200e-11
     58    158 0.0000000e+00 8.1782700e-13 4.0891300e-13
     58    159 0.0000000e+00 1.4739000e-14 7.3695200e-15
     58    160 0.0000000e+00 0.0000000e+00 0.0000000e+00
     59    138 0.0000000e+00 0.0000000e+00 0.0000000e+00
     59    138 1.0000000e+00 0.0000000e+00 0.0000000e+00
     59    139 0.0000000e+00 0.0000000e+00 0.0000000e+00
     59    140 0.0000000e+00 1.5113100e-13 7.5565500e-14
     59    141 0.0000000e+00 7.2658600e-11 3.6329300e-11
     59    142 0.0000000e+00 6.9926600e-10 3.4963300e-10
     59    142 1.0000000e+00 1.9099410e-09 9.5497100e-10
     59    143 0.0000000e+00 7.7877470e-08 2.9385770e-08
     59    144 0.0000000e+00 1.7371230e-07 6.3029010e-08
     59    144 1.0000000e+00 5.6925130e-07 2.0654030e-07
     59    145 0.0000000e+00 1.1148760e-05 3.8805890e-06
     59    146 0.0000000e+00 1.5283690e-04 5.2267780e-05
     59    147 0.0000000e+00 1.1904070e-03 4.1557690e-04
     59    148 0.0000000e+00 2.0389880e-03 6.8163720e-04
     59    148 1.0000000e+00 2.6331430e-04 9.4253640e-05
     59    149 0.0000000e+00 3.7052060e-03 7.6870530e-04
     59    150 0.0000000e+00 5.0482030e-03 6.1953650e-04
     59    151 0.0000000e+00 5.3165800e-03 5.6760910e-04
     59    152 0.0000000e+00 2.6418570e-03 4.4023790e-04
     59    153 0.0000000e+00 1.2132910e-03 3.0038660e-04
     59    154 0.0000000e+00 3.0282580e-04 1.0282790e-04
     59    155 0.0000000e+00 7.3521520e-05 2.5950770e-05
     59    156 0.0000000e+00 5.7629620e-06 2.0483090e-06
     59    157 0.0000000e+00 1.9319340e-07 7.2150670e-08
     59    158 0.0000000e+00 8.9605690e-09 6.8545330e-09
     59    159 0.0000000e+00 4.5953700e-10 1.7542800e-10
     59    160 0.0000000e+00 7.6391800e-12 3.8195900e-12
     59    161 0.0000000e+00 5.9617100e-14 2.9808500e-14
     59    162 0.0000000e+00 6.8319500e-17 3.4159700e-17
     60    141 0.0000000e+00 0.0000000e+00 0.0000000e+00
     60    141 1.0000000e+00 0.0000000e+00 0.0000000e+00
     60    142 0.0000000e+00 3.1814000e-14 1.5907000e-14
     60    143 0.0000000e+00 2.4640900e-12 1.2320400e-12
     60    144 0.0000000e+00 7.5107700e-11 3.7553800e-11
     60    145 0.0000000e+00 3.8395730e-09 1.9197860e-09
     60    146 0.0000000e+00 2.9123760e-07 1.0004140e-07
     60    147 0.0000000e+00 9.9866890e-06 3.6201580e-06
     60    148 0.0000000e+00 4.6386160e-05 1.7896450e-05
     60    149 0.0000000e+00 1.3052260e-04 4.6363280e-05
     60    150 0.0000000e+00 6.2604530e-04 1.9636370e-04
     60    151 0.0000000e+00 2.0330640e-03 4.7841780e-04
     60    152 0.0000000e+00 3.3862000e-03 4.4226850e-04
     60    153 0.0000000e+00 3.2129330e-03 3.6571400e-04
     60    154 0.0000000e+00 2.0421520e-03 1.7425520e-04
     60    155 0.0000000e+00 1.0269570e-03 1.5390060e-04
     60    156 0.0000000e+00 3.5145340e-04 7.5446560e-05
     60    157 0.0000000e+00 4.7767590e-05 1.5702130e-05
     60    158 0.0000000e+00 6.7761310e-06 5.0826650e-06
     60    159 0.0000000e+00 6.6608950e-07 2.5416020e-07
     60    160 0.0000000e+00 3.9827150e-08 3.0961400e-08
     60    161 0.0000000e+00 9.3526800e-10 3.3942400e-10
     60    162 0.0000000e+00 5.9445900e-12 2.9722900e-12
     60    163 0.0000000e+00 2.1811200e-14 1.0905600e-14
     60    164 0.0000000e+00 0.0000000e+00 0.0000000e+00
     61    144 0.0000000e+00 0.0000000e+00 0.0000000e+00
     61    145 0.0000000e+00 6.1416100e-14 3.0708100e-14
     61    146 0.0000000e+00 1.8107700e-11 9.0538700e-12
     61    147 0.0000000e+00 5.2833040e-09 2.6416520e-09
     61    148 0.0000000e+00 9.1501770e-09 3.5507730e-09
     61    148 1.0000000e+00 2.4992290e-08 9.6992700e-09
     61    149 0.0000000e+00 2.6111350e-07 9.4805060e-08
     61    150 0.0000000e+00 3.3963770e-06 1.1821380e-06
     61    151 0.0000000e+00 5.3136600e-05 1.8652610e-05
     61    152 0.0000000e+00 1.0192880e-04 3.6540890e-05
     61    152 1.0000000e+00 1.3402840e-04 4.8017920e-05
     61    152 2.0000000e+00 0.0000000e+00 0.0000000e+00
     61    153 0.0000000e+00 6.8077210e-04 2.3598370e-04
     61    154 0.0000000e+00 1.6719800e-04 5.9552600e-05
     61    154 1.0000000e+00 5.5366940e-04 1.6466900e-04
     61    155 0.0000000e+00 1.1509160e-03 1.8577820e-04
     61    156 0.0000000e+00 1.0151190e-03 1.4010070e-04
     61    157 0.0000000e+00 6.1845200e-04 1.1721050e-04
     61    158 0.0000000e+00 1.7959570e-04 1.2165790e-04
     61    159 0.0000000e+00 4.7264750e-05 1.5168210e-05
     61    160 0.0000000e+00 6.9261790e-06 5.2573270e-06
     61    161 0.0000000e+00 6.9196770e-07 2.5047610e-07
     61    162 0.0000000e+00 1.8541570e-08 1.4942560e-08
     61    163 0.0000000e+00 3.2865300e-10 2.6791100e-10
     61    164 0.0000000e+00 1.5353900e-11 7.6769300e-12
     61    165 0.0000000e+00 7.3892700e-13 3.6946400e-13
     61    166 0.0000000e+00 5.3540200e-15 2.6770100e-15
     62    146 0.0000000e+00 0.0000000e+00 0.0000000e+00
     62    147 0.0000000e+00 0.0000000e+00 0.0000000e+00
     62    148 0.0000000e+00 1.7708800e-12 8.8544000e-13
     62    149 0.0000000e+00 2.5583800e-11 1.2791900e-11
     62    150 0.0000000e+00 1.3813460e-09 6.9067300e-10
     62    151 0.0000000e+00 6.9101040e-08 2.4288300e-08
     62    152 0.0000000e+00 1.5171990e-06 5.4677690e-07
     62    153 0.0000000e+00 3.9046150e-06 1.4716220e-06
     62    153 1.0000000e+00 5.0511300e-06 1.9037220e-06
     62    154 0.0000000e+00 2.5982170e-05 1.0017670e-05
     62    155 0.0000000e+00 1.0286870e-04 3.6611200e-05
     62    156 0.0000000e+00 3.6082760e-04 1.0334490e-04
     62    157 0.0000000e+00 5.9431120e-04 1.1945100e-04
     62    158 0.0000000e+00 5.0789430e-04 1.8781380e-04
     62    159 0.0000000e+00 2.2176660e-04 2.2830390e-05
     62    160 0.0000000e+00 1.0009850e-04 5.4119860e-05
     62    161 0.0000000e+00 2.6797710e-05 5.5840920e-06
     62    162 0.0000000e+00 3.5718860e-06 2.8215200e-06
     62    163 0.0000000e+00 2.0952030e-07 1.7057850e-07
     62    164 0.0000000e+00 2.7660320e-08 2.1842600e-08
     62    165 0.0000000e+00 2.2349160e-09 2.4202590e-09
     62    166 0.0000000e+00 6.9623700e-11 3.4811800e-11
     62    167 0.0000000e+00 4.5549000e-13 2.2774500e-13
     62    168 0.0000000e+00 6.2240100e-15 3.1120000e-15
     63    149 0.0000000e+00 0.0000000e+00 0.0000000e+00
     63    150 0.0000000e+00 0.0000000e+00 0.0000000e+00
     63    150 1.0000000e+00 0.0000000e+00 0.0000000e+00
     63    151 0.0000000e+00 3.8814700e-12 1.9407400e-12
     63    152 0.0000000e+00 1.5156400e-10 7.5782100e-11
     63    152 1.0000000e+00 1.4859300e-11 7.4296300e-12
     63    152 2.0000000e+00 1.6345200e-10 8.1725900e-11
     63    153 0.0000000e+00 5.6674520e-09 2.8337260e-09
     63    154 0.0000000e+00 1.3428070e-08 5.2067050e-09
     63    154 1.0000000e+00 1.8809100e-08 7.2928790e-09
     63    155 0.0000000e+00 5.7737740e-07 2.1344460e-07
     63    156 0.0000000e+00 6.2119750e-06 2.2170440e-06
     63    157 0.0000000e+00 4.1872710e-05 1.5537940e-05
     63    158 0.0000000e+00 8.2243350e-05 6.1741310e-05
     63    159 0.0000000e+00 8.6862250e-05 2.4090880e-05
     63    160 0.0000000e+00 7.9636130e-05 4.9992120e-05
     63    161 0.0000000e+00 7.3864680e-05 1.0180620e-05
     63    162 0.0000000e+00 3.2636240e-05 1.8233810e-05
     63    163 0.0000000e+00 6.3235590e-06 4.3652390e-06
     63    164 0.0000000e+00 1.5559380e-06 1.1329010e-06
     63    165 0.0000000e+00 3.3539380e-07 3.6119270e-07
     63    166 0.0000000e+00 2.9473800e-08 3.1369870e-08
     63    167 0.0000000e+00 1.1069760e-09 1.1715060e-09
     63    168 0.0000000e+00 3.9126200e-11 1.9563100e-11
     63    169 0.0000000e+00 3.7600900e-12 1.8800500e-12
     63    170 0.0000000e+00 5.9574500e-14 2.9787300e-14
     64    151 0.0000000e+00 0.0000000e+00 0.0000000e+00
     64    152 0.0000000e+00 0.0000000e+00 0.0000000e+00
     64    153 0.0000000e+00 1.4883600e-13 7.4417900e-14
     64    154 0.0000000e+00 2.5132500e-12 1.2566200e-12
     64    155 0.0000000e+00 1.2953300e-11 6.4766500e-12
     64    155 1.0000000e+00 1.5043700e-10 7.5218600e-11
     64    156 0.0000000e+00 8.4832300e-09 3.0355750e-09
     64    157 0.0000000e+00 1.6328770e-07 6.1092820e-08
     64    158 0.0000000e+00 1.3108450e-06 1.0026850e-06
     64    159 0.0000000e+00 2.4859430e-06 9.4755960e-07
     64    160 0.0000000e+00 7.2817070e-06 5.5831980e-06
     64    161 0.0000000e+00 1.7066560e-05 5.5227530e-06
     64    162 0.0000000e+00 3.0655820e-05 1.8212350e-05
     64    163 0.0000000e+00 1.3060720e-05 5.7858640e-06
     64    164 0.0000000e+00 7.8981650e-06 3.4202640e-06
     64    165 0.0000000e+00 3.0210650e-06 2.0381690e-06
     64    166 0.0000000e+00 9.8835250e-07 9.1534120e-07
     64    167 0.0000000e+00 1.3317940e-07 1.3956460e-07
     64    168 0.0000000e+00 1.7035670e-08 1.7980060e-08
     64    169 0.0000000e+00 3.5041090e-09 1.3674730e-09
     64    170 0.0000000e+00 1.5853000e-10 7.9265100e-11
     64    171 0.0000000e+00 6.2410400e-12 3.1205200e-12
     64    172 0.0000000e+00 6.0001500e-14 3.0000800e-14
     65    154 0.0000000e+00 0.0000000e+00 0.0000000e+00
     65    154 1.0000000e+00 0.0000000e+00 0.0000000e+00
     65    154 2.0000000e+00 0.0000000e+00 0.0000000e+00
     65    155 0.0000000e+00 0.0000000e+00 0.0000000e+00
     65    156 0.0000000e+00 3.4118600e-13 1.7059300e-13
     65    156 1.0000000e+00 3.3286300e-14 1.6643100e-14
     65    156 2.0000000e+00 0.0000000e+00 0.0000000e+00
     65    157 0.0000000e+00 2.8158100e-11 1.4079000e-11
     65    158 0.0000000e+00 2.7254500e-10 1.3627200e-10
     65    158 1.0000000e+00 2.6589800e-11 1.3294900e-11
     65    158 2.0000000e+00 4.5592100e-10 2.2796000e-10
     65    159 0.0000000e+00 3.9258230e-09 1.4986480e-09
     65    160 0.0000000e+00 2.7619930e-08 2.1471280e-08
     65    161 0.0000000e+00 2.6792980e-07 9.7184310e-08
     65    162 0.0000000e+00 1.7498780e-06 1.4079580e-06
     65    163 0.0000000e+00 2.0566200e-06 1.6485010e-06
     65    164 0.0000000e+00 2.1050160e-06 1.5891530e-06
     65    165 0.0000000e+00 2.2181460e-06 1.9230310e-06
     65    166 0.0000000e+00 1.6727510e-06 1.1021410e-06
     65    167 0.0000000e+00 1.0248320e-06 6.7070090e-07
     65    168 0.0000000e+00 2.8892450e-07 2.6929110e-07
     65    169 0.0000000e+00 1.7099610e-07 5.7286460e-08
     65    170 0.0000000e+00 1.4646290e-08 1.5325250e-08
     65    171 0.0000000e+00 2.1162510e-09 2.2312270e-09
     65    172 0.0000000e+00 7.8968800e-11 3.9484400e-11
     66    157 0.0000000e+00 0.0000000e+00 0.0000000e+00
     66    157 1.0000000e+00 0.0000000e+00 0.0000000e+00
     66    158 0.0000000e+00 2.9522300e-14 1.4761200e-14
     66    159 0.0000000e+00 2.9807800e-13 1.4903900e-13
     66    160 0.0000000e+00 7.6295500e-12 3.8147800e-12
     66    161 0.0000000e+00 2.2262100e-10 8.0789000e-11
     66    162 0.0000000e+00 7.6309490e-09 6.1497680e-09
     66    163 0.0000000e+00 1.9243650e-08 1.5686800e-08
     66    164 0.0000000e+00 5.3161230e-08 4.1969190e-08
     66    165 0.0000000e+00 1.1260500e-07 1.2178600e-07
     66    165 1.0000000e+00 1.0160170e-08 1.0993280e-08
     66    166 0.0000000e+00 3.3635120e-07 3.5084090e-07
     66    167 0.0000000e+00 6.3226800e-07 5.7360510e-07
     66    168 0.0000000e+00 5.4776410e-07 3.3286400e-07
     66    169 0.0000000e+00 5.8798350e-07 9.8245400e-08
     66    170 0.0000000e+00 1.2367450e-07 7.1766110e-08
     66    171 0.0000000e+00 4.0907770e-08 3.6356150e-08
     66    172 0.0000000e+00 7.6794660e-09 7.8566150e-09
     67    160 0.0000000e+00 0.0000000e+00 0.0000000e+00
     67    160 1.0000000e+00 0.0000000e+00 0.0000000e+00
     67    160 2.0000000e+00 0.0000000e+00 0.0000000e+00
     67    161 0.0000000e+00 8.6913700e-15 4.3456800e-15
     67    161 1.0000000e+00 0.0000000e+00 0.0000000e+00
     67    162 0.0000000e+00 3.4074700e-13 1.7037400e-13
     67    162 1.0000000e+00 9.3069700e-13 4.6534800e-13
     67    163 0.0000000e+00 7.3825700e-12 3.6912900e-12
     67    163 1.0000000e+00 9.8769100e-13 4.9384500e-13
     67    164 0.0000000e+00 1.1962400e-11 9.4477700e-12
     67    164 1.0000000e+00 3.2673400e-11 2.5804700e-11
     67    165 0.0000000e+00 3.9469100e-10 4.2741800e-10
     67    166 0.0000000e+00 6.5433100e-10 6.9657800e-10
     67    166 1.0000000e+00 2.3454000e-09 2.4968350e-09
     67    167 0.0000000e+00 2.8538770e-08 3.0179800e-08
     67    168 0.0000000e+00 4.1019390e-08 4.3162540e-08
     67    168 1.0000000e+00 1.4704390e-08 1.5498700e-08
     67    169 0.0000000e+00 1.6146960e-07 5.2449490e-08
     67    170 0.0000000e+00 5.6345360e-08 5.3480130e-08
     67    170 1.0000000e+00 4.1349160e-09 4.2444450e-09
     67    171 0.0000000e+00 6.0792170e-08 4.0998040e-08
     67    172 0.0000000e+00 3.4141220e-08 2.1680300e-08
     68    163 0.0000000e+00 0.0000000e+00 0.0000000e+00
     68    164 0.0000000e+00 0.0000000e+00 0.0000000e+00
     68    165 0.0000000e+00 6.2194500e-14 3.1097300e-14
     68    166 0.0000000e+00 1.9946800e-12 9.9733800e-13
     68    167 0.0000000e+00 6.5423400e-11 6.9241200e-11
     68    167 1.0000000e+00 8.7528000e-12 9.2636800e-12
     68    168 0.0000000e+00 5.1265700e-10 5.4184800e-10
     68    169 0.0000000e+00 3.0399140e-09 1.1857640e-09
     68    170 0.0000000e+00 3.0344910e-09 3.1906620e-09
     68    171 0.0000000e+00 7.1263920e-09 7.4416310e-09
     68    172 0.0000000e+00 1.8237200e-08 1.6796230e-08
     69    166 0.0000000e+00 0.0000000e+00 0.0000000e+00
     69    166 1.0000000e+00 0.0000000e+00 0.0000000e+00
     69    167 0.0000000e+00 0.0000000e+00 0.0000000e+00
     69    168 0.0000000e+00 1.6540800e-13 8.2703900e-14
     69    169 0.0000000e+00 3.0391700e-12 1.5195900e-12
     69    170 0.0000000e+00 5.8786600e-12 6.1937600e-12
     69    171 0.0000000e+00 5.1162200e-11 5.3981500e-11
     69    172 0.0000000e+00 4.6215700e-10 4.8448200e-10
     70    168 0.0000000e+00 0.0000000e+00 0.0000000e+00
     70    169 0.0000000e+00 0.0000000e+00 0.0000000e+00
     70    169 1.0000000e+00 0.0000000e+00 0.0000000e+00
     70    170 0.0000000e+00 0.0000000e+00 0.0000000e+00
     70    171 0.0000000e+00 2.4756700e-16 1.2378300e-16
     70    171 1.0000000e+00 1.8020200e-14 9.0101200e-15
     70    172 0.0000000e+00 9.2948000e-13 4.6474000e-13
     71    172 0.0000000e+00 0.0000000e+00 0.0000000e+00
     71    172 1.0000000e+00 0.0000000e+00 0.0000000e+00


