# header:
#   title: "Pu240+n induced fission product yield"
#   source: "ENDF"
#   creator: "Shin Okumura"
#   date: 2023-07-14
#   format: "YANDF-0.1"
# endf:
#   library: "jendl5.0"
#   author: "K.Tsubakihara"
#   year: 2020
# target:
#   Z: 94
#   A: 240
#   nuclide: "Pu240"
# reaction:
#   type: "(n,f)"
#   Incident energy [MeV]: 1.4000000e+07
# datablock:
#   quantity: "independent fission product yield"
#   columns: 4
#   entries: 1299
##   A      Z  ISO           Yield         dYield
##                           %/fission     %/fission
      1      1 0.0000000e+00 2.7216500e-05 4.3546400e-06
      1      2 0.0000000e+00 8.3175900e-06 1.1894200e-06
      1      3 0.0000000e+00 1.1866600e-04 9.4932700e-06
      2      3 0.0000000e+00 0.0000000e+00 0.0000000e+00
      2      4 0.0000000e+00 2.0350000e-03 1.3024000e-04
      2      6 0.0000000e+00 2.8417900e-05 4.2058500e-06
      2      8 0.0000000e+00 5.3125100e-07 1.3175000e-07
      3      6 0.0000000e+00 1.9593300e-06 2.8998000e-07
      3      7 0.0000000e+00 6.0784500e-08 1.1488300e-08
      3      8 0.0000000e+00 3.6628000e-08 9.0837600e-09
      3      9 0.0000000e+00 4.3260300e-08 1.0079700e-08
      4      7 0.0000000e+00 7.5090800e-07 1.4192200e-07
      4      8 0.0000000e+00 4.5248900e-07 1.1221700e-07
      4      9 0.0000000e+00 5.3442100e-07 1.2452000e-07
      4     10 0.0000000e+00 5.3442100e-07 8.9248400e-08
     23     66 0.0000000e+00 4.1565400e-14 2.6601800e-14
     24     66 0.0000000e+00 8.0249200e-11 5.1359500e-11
     24     67 0.0000000e+00 1.4563400e-11 9.3205600e-12
     24     68 0.0000000e+00 1.6379700e-12 1.0483000e-12
     24     69 0.0000000e+00 1.4097900e-13 9.0226600e-14
     24     70 0.0000000e+00 0.0000000e+00 0.0000000e+00
     25     66 0.0000000e+00 1.1053790e-08 7.0744300e-09
     25     67 0.0000000e+00 4.7531260e-09 3.0420100e-09
     25     68 0.0000000e+00 1.2762090e-09 8.1677500e-10
     25     69 0.0000000e+00 2.7218400e-10 1.7419800e-10
     25     70 0.0000000e+00 4.0798500e-11 2.6111100e-11
     25     71 0.0000000e+00 4.6727400e-12 2.9905600e-12
     25     72 0.0000000e+00 5.1501600e-13 3.2961000e-13
     25     73 0.0000000e+00 0.0000000e+00 0.0000000e+00
     26     66 0.0000000e+00 1.7183590e-07 1.0997500e-07
     26     67 0.0000000e+00 1.6681190e-07 1.0676000e-07
     26     68 0.0000000e+00 1.0249890e-07 6.5599300e-08
     26     69 0.0000000e+00 5.1450360e-08 3.2928300e-08
     26     70 0.0000000e+00 1.8288990e-08 1.1705000e-08
     26     71 0.0000000e+00 5.0545960e-09 3.2349500e-09
     26     72 0.0000000e+00 9.9432600e-10 6.3636900e-10
     26     73 0.0000000e+00 1.2058700e-10 7.7175700e-11
     26     74 0.0000000e+00 1.1154300e-11 7.1387500e-12
     26     75 0.0000000e+00 1.5086400e-12 9.6552400e-13
     26     76 0.0000000e+00 3.1754500e-14 2.0322900e-14
     27     66 0.0000000e+00 3.4166270e-07 2.1866500e-07
     27     67 0.0000000e+00 7.1246750e-07 4.5597900e-07
     27     68 0.0000000e+00 4.6902360e-07 3.0017500e-07
     27     68 1.0000000e+00 2.8998380e-07 2.3198700e-07
     27     69 0.0000000e+00 1.0752390e-06 6.8814900e-07
     27     70 0.0000000e+00 4.7782960e-07 3.0581100e-07
     27     70 1.0000000e+00 2.2485880e-07 1.7988700e-07
     27     71 0.0000000e+00 5.5670860e-07 3.5629400e-07
     27     72 0.0000000e+00 2.5825680e-07 1.6528500e-07
     27     73 0.0000000e+00 7.5065240e-08 4.8041800e-08
     27     74 0.0000000e+00 1.6681190e-08 1.0676000e-08
     27     75 0.0000000e+00 2.9126680e-09 1.8641100e-09
     27     76 0.0000000e+00 2.7534000e-10 1.7621700e-10
     27     77 0.0000000e+00 1.7687400e-11 1.1319900e-11
     27     78 0.0000000e+00 1.8675800e-12 1.1952600e-12
     28     66 0.0000000e+00 9.3454830e-08 5.9811100e-08
     28     67 0.0000000e+00 4.1602470e-07 2.6625600e-07
     28     68 0.0000000e+00 1.1958190e-06 7.6532500e-07
     28     69 0.0000000e+00 2.2345680e-06 1.4301200e-06
     28     69 1.0000000e+00 3.1760180e-07 2.5408200e-07
     28     70 0.0000000e+00 4.9641560e-06 3.1770600e-06
     28     71 0.0000000e+00 6.9739350e-06 4.4633200e-06
     28     72 0.0000000e+00 7.2854550e-06 4.6626900e-06
     28     73 0.0000000e+00 4.8536160e-06 3.1063100e-06
     28     74 0.0000000e+00 2.5122280e-06 1.6078300e-06
     28     75 0.0000000e+00 1.0149390e-06 6.4956100e-07
     28     76 0.0000000e+00 2.3011980e-07 1.4727600e-07
     28     77 0.0000000e+00 3.4148570e-08 2.1855100e-08
     28     78 0.0000000e+00 3.6056870e-09 2.3076400e-09
     28     79 0.0000000e+00 1.5346400e-10 9.8217100e-11
     28     80 0.0000000e+00 1.0651900e-11 6.8171800e-12
     28     81 0.0000000e+00 0.0000000e+00 0.0000000e+00
     28     82 0.0000000e+00 0.0000000e+00 0.0000000e+00
     29     66 0.0000000e+00 3.1653980e-09 2.0258600e-09
     29     67 0.0000000e+00 3.1653980e-08 2.0258600e-08
     29     68 0.0000000e+00 3.6158770e-08 2.3141600e-08
     29     68 1.0000000e+00 1.6361390e-07 1.0471200e-07
     29     69 0.0000000e+00 1.0249890e-06 6.5599300e-07
     29     70 0.0000000e+00 2.4292580e-06 1.5547300e-06
     29     70 1.0000000e+00 8.5176940e-07 5.4513200e-07
     29     70 2.0000000e+00 5.4026760e-07 4.3221500e-07
     29     71 0.0000000e+00 1.1415490e-05 7.3059600e-06
     29     72 0.0000000e+00 2.5483980e-05 1.6309800e-05
     29     73 0.0000000e+00 3.6849270e-05 2.3583600e-05
     29     74 0.0000000e+00 4.2275670e-05 2.7056500e-05
     29     75 0.0000000e+00 3.8065270e-05 2.4361700e-05
     29     76 0.0000000e+00 1.4339190e-05 9.1770900e-06
     29     76 1.0000000e+00 2.9659180e-06 2.3727300e-06
     29     77 0.0000000e+00 6.9136450e-06 4.4247300e-06
     29     78 0.0000000e+00 1.7384590e-06 1.1126200e-06
     29     79 0.0000000e+00 2.9628980e-07 1.8962500e-07
     29     80 0.0000000e+00 3.2055980e-08 2.0515800e-08
     29     81 0.0000000e+00 2.3413880e-09 1.4984900e-09
     29     82 0.0000000e+00 1.0651900e-10 6.8171800e-11
     29     83 0.0000000e+00 7.4391000e-12 4.7610300e-12
     29     84 0.0000000e+00 0.0000000e+00 0.0000000e+00
     30     66 0.0000000e+00 1.1556200e-11 7.3959900e-12
     30     67 0.0000000e+00 2.7132100e-10 1.7364500e-10
     30     68 0.0000000e+00 4.0095170e-09 2.5660900e-09
     30     69 0.0000000e+00 5.2480960e-09 3.3587800e-09
     30     69 1.0000000e+00 4.1609870e-08 2.6630400e-08
     30     70 0.0000000e+00 3.8989770e-07 2.4953400e-07
     30     71 0.0000000e+00 2.8463280e-07 1.8216500e-07
     30     71 1.0000000e+00 2.2567380e-06 1.4443100e-06
     30     72 0.0000000e+00 1.2199390e-05 7.8076000e-06
     30     73 0.0000000e+00 2.2223280e-07 1.4222900e-07
     30     73 1.0000000e+00 3.4650170e-05 2.7720200e-05
     30     74 0.0000000e+00 9.1414830e-05 5.8505500e-05
     30     75 0.0000000e+00 1.7327290e-04 1.1089500e-04
     30     76 0.0000000e+00 1.9746090e-04 1.2637500e-04
     30     77 0.0000000e+00 1.3092290e-04 8.3790600e-05
     30     77 1.0000000e+00 1.1804690e-05 9.4437800e-06
     30     78 0.0000000e+00 8.8098730e-05 5.6383200e-05
     30     79 0.0000000e+00 3.5713770e-05 2.2856900e-05
     30     80 0.0000000e+00 9.5364030e-06 6.1033000e-06
     30     81 0.0000000e+00 1.7485090e-06 1.1190500e-06
     30     82 0.0000000e+00 2.0499680e-07 1.3119900e-07
     30     83 0.0000000e+00 1.4362490e-08 9.1920000e-09
     30     84 0.0000000e+00 6.3810400e-10 4.0838700e-10
     30     85 0.0000000e+00 4.3906400e-11 2.8100100e-11
     30     86 0.0000000e+00 4.5722500e-13 2.9262400e-13
     31     67 0.0000000e+00 2.3816000e-13 1.5242200e-13
     31     68 0.0000000e+00 8.4511200e-12 5.4087300e-12
     31     69 0.0000000e+00 2.3514400e-10 1.5049300e-10
     31     70 0.0000000e+00 4.5923570e-09 2.9391100e-09
     31     71 0.0000000e+00 6.9236950e-08 4.4311700e-08
     31     72 0.0000000e+00 3.7381870e-07 2.3924400e-07
     31     72 1.0000000e+00 3.7381870e-07 2.3924400e-07
     31     73 0.0000000e+00 5.1148960e-06 3.2735300e-06
     31     74 0.0000000e+00 2.5482680e-05 1.6308900e-05
     31     74 1.0000000e+00 1.5689990e-06 1.0041600e-06
     31     75 0.0000000e+00 1.0740290e-04 6.8737700e-05
     31     76 0.0000000e+00 2.5980380e-04 1.6627500e-04
     31     77 0.0000000e+00 4.3092770e-04 2.7579400e-04
     31     78 0.0000000e+00 5.3362660e-04 3.4152100e-04
     31     79 0.0000000e+00 4.8681960e-04 3.1156400e-04
     31     80 0.0000000e+00 3.0578780e-04 1.9570400e-04
     31     81 0.0000000e+00 1.3469590e-04 8.6205200e-05
     31     82 0.0000000e+00 3.9753370e-05 2.5442200e-05
     31     83 0.0000000e+00 7.2251650e-06 4.6241100e-06
     31     84 0.0000000e+00 8.5013640e-07 5.4408800e-07
     31     85 0.0000000e+00 8.4768840e-08 5.4252100e-08
     31     86 0.0000000e+00 4.2506870e-09 2.7204400e-09
     31     87 0.0000000e+00 1.9560200e-10 1.2518500e-10
     31     88 0.0000000e+00 0.0000000e+00 0.0000000e+00
     31     89 0.0000000e+00 0.0000000e+00 0.0000000e+00
     32     69 0.0000000e+00 1.1857700e-13 7.5889300e-14
     32     70 0.0000000e+00 5.5771400e-12 3.5693700e-12
     32     71 0.0000000e+00 2.2509600e-11 1.4406100e-11
     32     71 1.0000000e+00 1.7846900e-10 1.1422000e-10
     32     72 0.0000000e+00 5.1450360e-09 3.2928300e-09
     32     73 0.0000000e+00 7.5804440e-08 4.8514900e-08
     32     73 1.0000000e+00 9.5609230e-09 6.1189900e-09
     32     74 0.0000000e+00 9.9685130e-07 6.3798500e-07
     32     75 0.0000000e+00 6.7031350e-07 4.2900100e-07
     32     75 1.0000000e+00 8.0350540e-06 5.1424400e-06
     32     76 0.0000000e+00 4.6285270e-05 2.9622500e-05
     32     77 0.0000000e+00 1.5282690e-04 9.7809000e-05
     32     77 1.0000000e+00 1.2749290e-05 8.1595800e-06
     32     78 0.0000000e+00 4.3657470e-04 2.7940800e-04
     32     79 0.0000000e+00 6.6416850e-05 4.2506900e-05
     32     79 1.0000000e+00 7.9613940e-04 5.0953100e-04
     32     80 0.0000000e+00 1.2032490e-03 7.7007800e-04
     32     81 0.0000000e+00 9.5031830e-04 6.0820300e-04
     32     81 1.0000000e+00 1.3458590e-04 1.0766900e-04
     32     82 0.0000000e+00 8.4664040e-04 5.4185000e-04
     32     83 0.0000000e+00 3.8295270e-04 2.4509100e-04
     32     84 0.0000000e+00 1.1459790e-04 7.3342600e-05
     32     85 0.0000000e+00 2.8960980e-05 1.8535100e-05
     32     86 0.0000000e+00 3.8185870e-06 2.4438900e-06
     32     87 0.0000000e+00 3.7764270e-07 2.4169200e-07
     32     88 0.0000000e+00 2.3313480e-08 1.4920600e-08
     32     89 0.0000000e+00 8.8436900e-10 5.6599600e-10
     32     90 0.0000000e+00 1.3043500e-10 8.3478500e-11
     32     91 0.0000000e+00 0.0000000e+00 0.0000000e+00
     33     72 0.0000000e+00 3.5874600e-12 2.2959700e-12
     33     73 0.0000000e+00 1.4369900e-10 9.1967600e-11
     33     74 0.0000000e+00 3.9944370e-09 2.1464300e-09
     33     75 0.0000000e+00 8.0290740e-08 5.1386100e-08
     33     76 0.0000000e+00 9.9082130e-07 6.3412600e-07
     33     77 0.0000000e+00 8.0692640e-06 5.1643400e-06
     33     78 0.0000000e+00 4.7410760e-05 3.0342900e-05
     33     79 0.0000000e+00 2.0856480e-04 1.3348100e-04
     33     80 0.0000000e+00 6.5132950e-04 4.1685100e-04
     33     81 0.0000000e+00 1.4389190e-03 9.2091100e-04
     33     82 0.0000000e+00 3.4204470e-04 2.1891000e-04
     33     82 1.0000000e+00 1.9382590e-03 1.2404900e-03
     33     83 0.0000000e+00 2.4151980e-03 1.5457200e-03
     33     84 0.0000000e+00 1.7345990e-03 1.0151600e-03
     33     85 0.0000000e+00 1.0576690e-03 6.7690700e-04
     33     86 0.0000000e+00 3.5152070e-04 2.2497400e-04
     33     87 0.0000000e+00 8.7576130e-05 5.6048800e-05
     33     88 0.0000000e+00 1.4148890e-05 9.0552700e-06
     33     89 0.0000000e+00 1.7074290e-06 1.0927600e-06
     33     90 0.0000000e+00 2.5182780e-07 1.6117000e-07
     33     91 0.0000000e+00 3.3605970e-09 2.1507800e-09
     33     92 0.0000000e+00 3.0172600e-10 1.9310500e-10
     33     93 0.0000000e+00 0.0000000e+00 0.0000000e+00
     33     94 0.0000000e+00 0.0000000e+00 0.0000000e+00
     33     95 0.0000000e+00 0.0000000e+00 0.0000000e+00
     34     74 0.0000000e+00 1.5877300e-12 1.0161500e-12
     34     75 0.0000000e+00 7.5567700e-11 4.8363400e-11
     34     76 0.0000000e+00 2.2408980e-09 1.4341800e-09
     34     77 0.0000000e+00 3.3387970e-09 2.1368300e-09
     34     77 1.0000000e+00 4.0022170e-08 2.5614200e-08
     34     78 0.0000000e+00 5.9690460e-07 3.8202000e-07
     34     79 0.0000000e+00 5.7144060e-06 3.6572200e-06
     34     79 1.0000000e+00 4.7671660e-07 3.0509800e-07
     34     80 0.0000000e+00 4.5541570e-05 2.9146600e-05
     34     81 0.0000000e+00 1.7822890e-05 1.1406600e-05
     34     81 1.0000000e+00 2.1364380e-04 1.3673200e-04
     34     82 0.0000000e+00 8.4190740e-04 5.3882000e-04
     34     83 0.0000000e+00 1.8266590e-03 1.1690600e-03
     34     83 1.0000000e+00 2.3038980e-04 1.4745000e-04
     34     84 0.0000000e+00 3.3061680e-03 2.1159500e-03
     34     85 0.0000000e+00 4.7029460e-03 2.1283300e-03
     34     86 0.0000000e+00 3.7133470e-03 2.3765500e-03
     34     87 0.0000000e+00 2.2141680e-03 1.4170700e-03
     34     88 0.0000000e+00 8.9441230e-04 5.7242500e-04
     34     89 0.0000000e+00 2.6299980e-04 1.6832000e-04
     34     90 0.0000000e+00 4.8756460e-05 3.1204300e-05
     34     91 0.0000000e+00 6.4882350e-06 4.1524700e-06
     34     92 0.0000000e+00 5.8253460e-07 3.7282200e-07
     34     93 0.0000000e+00 1.0690490e-08 6.8419000e-09
     34     94 0.0000000e+00 1.3264490e-09 8.4893200e-10
     34     95 0.0000000e+00 1.9034400e-10 1.2182000e-10
     34     96 0.0000000e+00 7.2553100e-13 4.6434000e-13
     35     77 0.0000000e+00 3.2475500e-12 2.0784400e-12
     35     77 1.0000000e+00 2.0116100e-11 1.2874300e-11
     35     78 0.0000000e+00 7.7778400e-10 4.9778300e-10
     35     79 0.0000000e+00 2.7447080e-09 1.7566100e-09
     35     79 1.0000000e+00 1.7001390e-08 1.0880900e-08
     35     80 0.0000000e+00 5.3902360e-08 3.4497500e-08
     35     80 1.0000000e+00 3.0544680e-07 1.9548500e-07
     35     81 0.0000000e+00 4.4416170e-06 2.8426400e-06
     35     82 0.0000000e+00 3.2187680e-05 2.0600100e-05
     35     82 1.0000000e+00 7.1135250e-06 4.5526600e-06
     35     83 0.0000000e+00 2.3287380e-04 1.4903900e-04
     35     84 0.0000000e+00 2.0179880e-04 1.2915200e-04
     35     84 1.0000000e+00 7.0720450e-04 4.5261200e-04
     35     85 0.0000000e+00 2.8654880e-03 1.8339200e-03
     35     86 0.0000000e+00 5.1928760e-03 2.3500300e-03
     35     87 0.0000000e+00 6.9477150e-03 4.4465400e-03
     35     88 0.0000000e+00 6.6501150e-03 4.2560800e-03
     35     89 0.0000000e+00 4.5232670e-03 2.8949000e-03
     35     90 0.0000000e+00 2.0400380e-03 1.3056300e-03
     35     91 0.0000000e+00 6.8361650e-04 4.3751500e-04
     35     92 0.0000000e+00 1.5495390e-04 9.9170700e-05
     35     93 0.0000000e+00 2.0639780e-05 1.3209400e-05
     35     94 0.0000000e+00 2.3413880e-06 1.4984900e-06
     35     95 0.0000000e+00 3.6749170e-07 2.3519500e-07
     35     96 0.0000000e+00 8.3305440e-09 5.3315500e-09
     35     97 0.0000000e+00 4.2137600e-10 2.6968100e-10
     35     98 0.0000000e+00 0.0000000e+00 0.0000000e+00
     35     99 0.0000000e+00 0.0000000e+00 0.0000000e+00
     35    100 0.0000000e+00 0.0000000e+00 0.0000000e+00
     36     79 0.0000000e+00 4.7818800e-13 3.0604000e-13
     36     79 1.0000000e+00 5.7320500e-12 3.6685100e-12
     36     80 0.0000000e+00 2.8739800e-10 1.8393500e-10
     36     81 0.0000000e+00 8.2576540e-09 5.2849000e-09
     36     81 1.0000000e+00 6.8888300e-10 4.4088600e-10
     36     82 0.0000000e+00 2.0198280e-07 1.2926900e-07
     36     83 0.0000000e+00 2.7269980e-06 1.7452800e-06
     36     83 1.0000000e+00 3.4394570e-07 2.2012500e-07
     36     84 0.0000000e+00 3.0066380e-05 1.9242500e-05
     36     85 0.0000000e+00 2.0199980e-04 1.2928000e-04
     36     85 1.0000000e+00 2.5477380e-05 1.6305600e-05
     36     86 0.0000000e+00 9.8506330e-04 6.3044100e-04
     36     87 0.0000000e+00 2.8998680e-03 1.8559100e-03
     36     88 0.0000000e+00 6.3113850e-03 2.8401200e-03
     36     89 0.0000000e+00 9.8793330e-03 3.1613800e-03
     36     90 0.0000000e+00 1.0246090e-02 3.2787500e-03
     36     91 0.0000000e+00 8.1912040e-03 5.2423700e-03
     36     92 0.0000000e+00 4.4573270e-03 2.8527000e-03
     36     93 0.0000000e+00 1.4581290e-03 9.3320100e-04
     36     94 0.0000000e+00 4.1366270e-04 2.6474500e-04
     36     95 0.0000000e+00 7.1150350e-05 4.5536300e-05
     36     96 0.0000000e+00 9.2148430e-06 5.8975100e-06
     36     97 0.0000000e+00 8.1354040e-07 5.2066500e-07
     36     98 0.0000000e+00 5.4264060e-08 3.4729000e-08
     36     99 0.0000000e+00 1.7072890e-09 1.0926600e-09
     36    100 0.0000000e+00 7.4562800e-11 4.7720300e-11
     36    101 0.0000000e+00 0.0000000e+00 0.0000000e+00
     36    102 0.0000000e+00 0.0000000e+00 0.0000000e+00
     37     81 0.0000000e+00 3.3977000e-14 2.1745400e-14
     37     81 1.0000000e+00 0.0000000e+00 0.0000000e+00
     37     82 0.0000000e+00 1.8082100e-11 1.4465700e-11
     37     82 1.0000000e+00 1.0246500e-10 8.1972200e-11
     37     83 0.0000000e+00 4.1803370e-09 2.6754200e-09
     37     84 0.0000000e+00 5.2991960e-09 3.3914800e-09
     37     84 1.0000000e+00 9.0922730e-08 7.2738200e-08
     37     85 0.0000000e+00 2.0499680e-06 1.3119900e-06
     37     86 0.0000000e+00 4.9971360e-06 3.1981600e-06
     37     86 1.0000000e+00 1.7512490e-05 1.1208000e-05
     37     87 0.0000000e+00 1.6799790e-04 1.0751900e-04
     37     88 0.0000000e+00 8.8958830e-04 5.6933700e-04
     37     89 0.0000000e+00 2.9486780e-03 1.8871600e-03
     37     90 0.0000000e+00 7.9516240e-04 5.0890400e-04
     37     90 1.0000000e+00 6.2416750e-03 3.9946800e-03
     37     91 0.0000000e+00 1.2984490e-02 4.1550400e-03
     37     92 0.0000000e+00 1.5908890e-02 5.0908600e-03
     37     93 0.0000000e+00 1.2026390e-02 3.8484700e-03
     37     94 0.0000000e+00 8.0853440e-03 5.1746300e-03
     37     95 0.0000000e+00 3.3219480e-03 2.1260500e-03
     37     96 0.0000000e+00 1.0383790e-03 6.6456600e-04
     37     97 0.0000000e+00 2.2135680e-04 1.4166900e-04
     37     98 0.0000000e+00 2.9237480e-07 1.8712000e-07
     37     98 1.0000000e+00 3.2830380e-05 2.6264400e-05
     37     99 0.0000000e+00 3.2962280e-06 2.1095900e-06
     37    100 0.0000000e+00 3.0448180e-07 1.9486900e-07
     37    101 0.0000000e+00 8.2922640e-09 5.3070500e-09
     37    102 0.0000000e+00 7.0229400e-10 4.4946800e-10
     37    103 0.0000000e+00 0.0000000e+00 0.0000000e+00
     37    104 0.0000000e+00 0.0000000e+00 0.0000000e+00
     37    105 0.0000000e+00 0.0000000e+00 0.0000000e+00
     38     83 0.0000000e+00 4.7085200e-13 3.0134600e-13
     38     83 1.0000000e+00 0.0000000e+00 0.0000000e+00
     38     84 0.0000000e+00 3.7984900e-11 2.4310400e-11
     38     85 0.0000000e+00 1.6776090e-09 1.0736700e-09
     38     85 1.0000000e+00 2.1159000e-10 1.3541700e-10
     38     86 0.0000000e+00 5.4565560e-08 3.4921900e-08
     38     87 0.0000000e+00 9.1822030e-07 5.8766200e-07
     38     87 1.0000000e+00 1.1581190e-07 7.4119700e-08
     38     88 0.0000000e+00 1.3988090e-05 8.9523700e-06
     38     89 0.0000000e+00 1.1348190e-04 7.2628700e-05
     38     90 0.0000000e+00 6.3340150e-04 4.0537800e-04
     38     91 0.0000000e+00 2.7380980e-03 1.7523800e-03
     38     92 0.0000000e+00 7.6816040e-03 3.4567300e-03
     38     93 0.0000000e+00 1.2995490e-02 4.1585600e-03
     38     94 0.0000000e+00 2.0042280e-02 6.4135300e-03
     38     95 0.0000000e+00 1.8497090e-02 5.9190500e-03
     38     96 0.0000000e+00 1.3267190e-02 4.2455100e-03
     38     97 0.0000000e+00 6.5075150e-03 4.1648200e-03
     38     98 0.0000000e+00 2.4927780e-03 1.5953800e-03
     38     99 0.0000000e+00 6.3818450e-04 4.0843800e-04
     38    100 0.0000000e+00 1.2197390e-04 7.8063200e-05
     38    101 0.0000000e+00 1.6009590e-05 1.0246200e-05
     38    102 0.0000000e+00 1.3558990e-06 8.6777600e-07
     38    103 0.0000000e+00 2.1999980e-08 1.4080000e-08
     38    104 0.0000000e+00 2.3112480e-09 1.4792000e-09
     38    105 0.0000000e+00 2.5907900e-10 1.6581000e-10
     38    106 0.0000000e+00 0.0000000e+00 0.0000000e+00
     38    107 0.0000000e+00 0.0000000e+00 0.0000000e+00
     39     86 0.0000000e+00 0.0000000e+00 0.0000000e+00
     39     86 1.0000000e+00 0.0000000e+00 0.0000000e+00
     39     87 0.0000000e+00 8.0422100e-12 5.1470200e-12
     39     87 1.0000000e+00 6.6302400e-10 5.3041900e-10
     39     88 0.0000000e+00 3.6475270e-09 2.3344300e-09
     39     88 1.0000000e+00 1.6253190e-09 1.3002600e-09
     39     88 2.0000000e+00 1.2329190e-08 9.8633800e-09
     39     89 0.0000000e+00 5.2345960e-08 3.3501500e-08
     39     89 1.0000000e+00 4.1502870e-07 2.6561900e-07
     39     90 0.0000000e+00 1.7619990e-06 1.1276800e-06
     39     90 1.0000000e+00 5.0410960e-06 3.2263100e-06
     39     91 0.0000000e+00 8.2339940e-06 5.2697500e-06
     39     91 1.0000000e+00 6.5283850e-05 4.1781600e-05
     39     92 0.0000000e+00 5.0827260e-04 3.2529500e-04
     39     93 0.0000000e+00 1.7715090e-03 1.1337600e-03
     39     93 1.0000000e+00 1.4778490e-04 9.4582600e-05
     39     94 0.0000000e+00 6.8467550e-03 4.3819300e-03
     39     95 0.0000000e+00 1.4003090e-02 4.4809800e-03
     39     96 0.0000000e+00 1.2863890e-03 8.2329200e-04
     39     96 1.0000000e+00 2.0892680e-02 6.6856900e-03
     39     97 0.0000000e+00 2.3470780e-03 1.5021300e-03
     39     97 1.0000000e+00 1.8681790e-02 1.1956400e-02
     39     97 2.0000000e+00 2.6758480e-03 2.1406800e-03
     39     98 0.0000000e+00 1.8134690e-03 5.8031200e-04
     39     98 1.0000000e+00 1.8336190e-02 5.8676000e-03
     39     99 0.0000000e+00 1.1763790e-02 3.7644200e-03
     39    100 0.0000000e+00 4.2043470e-05 2.6907900e-05
     39    100 1.0000000e+00 4.7051960e-03 3.7641600e-03
     39    101 0.0000000e+00 1.6138390e-03 1.0328600e-03
     39    102 0.0000000e+00 2.4258880e-04 1.5525800e-04
     39    102 1.0000000e+00 5.0158260e-05 4.0126600e-05
     39    103 0.0000000e+00 4.2474870e-05 2.7183900e-05
     39    104 0.0000000e+00 3.8889270e-06 2.4889100e-06
     39    105 0.0000000e+00 5.0019560e-07 3.2012600e-07
     39    106 0.0000000e+00 4.6247270e-09 2.9598300e-09
     39    107 0.0000000e+00 4.3324200e-10 2.7727500e-10
     39    108 0.0000000e+00 0.0000000e+00 0.0000000e+00
     39    109 0.0000000e+00 0.0000000e+00 0.0000000e+00
     40     88 0.0000000e+00 3.6578000e-12 2.3409900e-12
     40     89 0.0000000e+00 1.4976400e-10 9.5849000e-11
     40     89 1.0000000e+00 0.0000000e+00 0.0000000e+00
     40     90 0.0000000e+00 8.1190000e-10 5.1961600e-10
     40     90 1.0000000e+00 6.3730550e-09 4.0787600e-09
     40     91 0.0000000e+00 2.0399280e-07 1.3055600e-07
     40     92 0.0000000e+00 3.4970170e-06 2.2381000e-06
     40     93 0.0000000e+00 3.4457670e-05 2.2052900e-05
     40     94 0.0000000e+00 2.9350780e-04 1.8784500e-04
     40     95 0.0000000e+00 1.3984390e-03 8.9499900e-04
     40     96 0.0000000e+00 5.0463360e-03 3.2296600e-03
     40     97 0.0000000e+00 1.1800890e-02 3.7762700e-03
     40     98 0.0000000e+00 2.1720380e-02 6.9505300e-03
     40     99 0.0000000e+00 2.7536880e-02 8.8118200e-03
     40    100 0.0000000e+00 2.6694480e-02 8.5422200e-03
     40    101 0.0000000e+00 1.8591090e-02 5.9491600e-03
     40    102 0.0000000e+00 9.0562030e-03 5.7959700e-03
     40    103 0.0000000e+00 2.8703980e-03 1.8370500e-03
     40    104 0.0000000e+00 6.5668650e-04 4.2027900e-04
     40    105 0.0000000e+00 9.6843330e-05 6.1979700e-05
     40    106 0.0000000e+00 8.9288430e-06 5.7144700e-06
     40    107 0.0000000e+00 8.3644840e-07 5.3532700e-07
     40    108 0.0000000e+00 3.2658880e-08 2.0901800e-08
     40    109 0.0000000e+00 2.3461880e-09 1.5015600e-09
     40    110 0.0000000e+00 5.6273900e-10 3.6015300e-10
     40    111 0.0000000e+00 8.1438400e-11 5.2120600e-11
     40    112 0.0000000e+00 0.0000000e+00 0.0000000e+00
     41     90 0.0000000e+00 2.7655300e-13 1.7699400e-13
     41     90 1.0000000e+00 0.0000000e+00 0.0000000e+00
     41     91 0.0000000e+00 4.3978200e-11 2.8146100e-11
     41     91 1.0000000e+00 0.0000000e+00 0.0000000e+00
     41     92 0.0000000e+00 1.3683790e-09 8.7576400e-10
     41     92 1.0000000e+00 6.6848300e-10 5.3478700e-10
     41     93 0.0000000e+00 5.6253260e-08 3.6002100e-08
     41     93 1.0000000e+00 7.0950050e-09 4.5408100e-09
     41     94 0.0000000e+00 1.0171590e-06 6.5098000e-07
     41     94 1.0000000e+00 3.5552470e-07 2.2753500e-07
     41     95 0.0000000e+00 1.4455990e-05 9.2518100e-06
     41     95 1.0000000e+00 1.8232790e-06 1.1668900e-06
     41     96 0.0000000e+00 8.4651940e-05 5.0791300e-06
     41     97 0.0000000e+00 6.9011050e-04 4.4167100e-04
     41     97 1.0000000e+00 8.7040930e-05 5.5706300e-05
     41     98 0.0000000e+00 2.6822080e-03 1.7166100e-03
     41     98 1.0000000e+00 4.7332960e-04 3.0293100e-04
     41     99 0.0000000e+00 7.8461040e-03 5.0215100e-03
     41     99 1.0000000e+00 9.8959930e-04 6.3334400e-04
     41    100 0.0000000e+00 2.1061380e-03 1.3479300e-03
     41    100 1.0000000e+00 1.6532190e-02 1.0580600e-02
     41    101 0.0000000e+00 2.8102480e-02 8.9927900e-03
     41    102 0.0000000e+00 4.5642870e-03 2.9211600e-03
     41    102 1.0000000e+00 2.5864280e-02 1.6553200e-02
     41    103 0.0000000e+00 2.2726780e-02 7.2725800e-03
     41    104 0.0000000e+00 1.8452390e-03 1.1809500e-03
     41    104 1.0000000e+00 1.0456290e-02 6.6920600e-03
     41    105 0.0000000e+00 4.4235970e-03 2.8311100e-03
     41    106 0.0000000e+00 1.0066990e-03 6.4428800e-04
     41    107 0.0000000e+00 1.6194590e-04 1.0364500e-04
     41    108 0.0000000e+00 2.1193180e-05 1.3563600e-05
     41    109 0.0000000e+00 4.5297070e-06 2.8990100e-06
     41    110 0.0000000e+00 1.0651890e-06 6.8171800e-07
     41    111 0.0000000e+00 1.5723090e-07 1.0062800e-07
     41    112 0.0000000e+00 2.1484980e-09 1.3750400e-09
     41    113 0.0000000e+00 2.8309600e-10 1.8118100e-10
     41    114 0.0000000e+00 1.2589300e-11 8.0571300e-12
     41    115 0.0000000e+00 0.0000000e+00 0.0000000e+00
     42     92 0.0000000e+00 1.6982700e-13 1.0868900e-13
     42     93 0.0000000e+00 4.8146300e-12 3.0813700e-12
     42     93 1.0000000e+00 6.5406200e-12 4.1860100e-12
     42     94 0.0000000e+00 6.4513900e-10 4.1288900e-10
     42     95 0.0000000e+00 1.9293890e-08 1.2348100e-08
     42     96 0.0000000e+00 3.3462870e-07 2.1416300e-07
     42     97 0.0000000e+00 5.5972460e-06 3.5822400e-06
     42     98 0.0000000e+00 5.4203760e-05 3.4690400e-05
     42     99 0.0000000e+00 3.5494670e-04 2.2716700e-04
     42    100 0.0000000e+00 1.7127890e-03 1.0961900e-03
     42    101 0.0000000e+00 5.7758560e-03 3.6965500e-03
     42    102 0.0000000e+00 1.3994990e-02 4.4784000e-03
     42    103 0.0000000e+00 2.4050180e-02 7.6960500e-03
     42    104 0.0000000e+00 2.9368480e-02 9.3979400e-03
     42    105 0.0000000e+00 2.4185080e-02 7.7392600e-03
     42    106 0.0000000e+00 1.2881090e-02 4.1219600e-03
     42    107 0.0000000e+00 4.7866660e-03 3.0634700e-03
     42    108 0.0000000e+00 1.4311690e-03 9.1595200e-04
     42    109 0.0000000e+00 5.3428960e-04 3.4194600e-04
     42    110 0.0000000e+00 2.0077680e-04 1.2849700e-04
     42    111 0.0000000e+00 3.0441580e-05 1.9482700e-05
     42    112 0.0000000e+00 4.1480470e-06 2.6547500e-06
     42    113 0.0000000e+00 5.4656460e-07 3.4980200e-07
     42    114 0.0000000e+00 2.4305680e-08 1.5555700e-08
     42    115 0.0000000e+00 6.1026700e-10 3.9057100e-10
     42    116 0.0000000e+00 5.6273900e-11 3.6015300e-11
     42    117 0.0000000e+00 0.0000000e+00 0.0000000e+00
     43     95 0.0000000e+00 1.9658300e-12 1.2581300e-12
     43     95 1.0000000e+00 2.4794300e-13 1.5868400e-13
     43     96 0.0000000e+00 0.0000000e+00 0.0000000e+00
     43     96 1.0000000e+00 0.0000000e+00 0.0000000e+00
     43     97 0.0000000e+00 3.6229170e-09 2.3186700e-09
     43     97 1.0000000e+00 4.5694500e-10 2.9244400e-10
     43     98 0.0000000e+00 9.7373930e-08 6.2319400e-08
     43     99 0.0000000e+00 1.3831290e-06 8.8520500e-07
     43     99 1.0000000e+00 1.7444890e-07 1.1164700e-07
     43    100 0.0000000e+00 1.8057790e-05 1.1557100e-05
     43    101 0.0000000e+00 1.4403090e-04 9.2179900e-05
     43    102 0.0000000e+00 9.3337930e-05 5.9736400e-05
     43    102 1.0000000e+00 7.3266150e-04 4.6890400e-04
     43    103 0.0000000e+00 3.4190370e-03 2.1881800e-03
     43    104 0.0000000e+00 9.6174630e-03 6.1551800e-03
     43    105 0.0000000e+00 1.6807690e-02 5.3784600e-03
     43    106 0.0000000e+00 2.1500880e-02 6.8802900e-03
     43    107 0.0000000e+00 1.7434390e-02 5.5790100e-03
     43    108 0.0000000e+00 1.1331490e-02 3.6260700e-03
     43    109 0.0000000e+00 7.1305950e-03 4.5635800e-03
     43    110 0.0000000e+00 4.1849370e-03 2.6783600e-03
     43    111 0.0000000e+00 1.4528890e-03 9.2985100e-04
     43    112 0.0000000e+00 4.3725770e-04 2.7984500e-04
     43    113 0.0000000e+00 1.0582090e-04 6.7725400e-05
     43    114 0.0000000e+00 1.3756890e-05 8.8044500e-06
     43    115 0.0000000e+00 1.1782290e-06 7.5406500e-07
     43    116 0.0000000e+00 1.6580690e-07 1.0611700e-07
     43    117 0.0000000e+00 3.9848570e-09 2.5503100e-09
     43    118 0.0000000e+00 6.6067600e-10 4.2283300e-10
     43    119 0.0000000e+00 7.5431500e-11 4.8276200e-11
     43    120 0.0000000e+00 0.0000000e+00 0.0000000e+00
     44     98 0.0000000e+00 1.7083200e-11 1.0933200e-11
     44     99 0.0000000e+00 6.7930600e-10 4.3475600e-10
     44    100 0.0000000e+00 1.9494890e-08 1.2476700e-08
     44    101 0.0000000e+00 3.8185870e-07 2.4438900e-07
     44    102 0.0000000e+00 5.4364560e-06 3.4793400e-06
     44    103 0.0000000e+00 1.8400990e-06 1.1776600e-06
     44    103 1.0000000e+00 4.7630460e-05 3.8104400e-05
     44    104 0.0000000e+00 3.9476070e-04 2.5264700e-04
     44    105 0.0000000e+00 2.3378780e-03 1.4962500e-03
     44    106 0.0000000e+00 4.8934860e-03 3.1318300e-03
     44    107 0.0000000e+00 8.6840630e-03 5.5578000e-03
     44    108 0.0000000e+00 1.1990590e-02 3.8370200e-03
     44    109 0.0000000e+00 1.2381190e-02 5.6031000e-03
     44    110 0.0000000e+00 1.1049790e-02 3.5359300e-03
     44    111 0.0000000e+00 8.2759340e-03 5.2966000e-03
     44    112 0.0000000e+00 5.2529660e-03 3.3619000e-03
     44    113 0.0000000e+00 1.3016690e-04 8.3306900e-05
     44    113 1.0000000e+00 2.2453880e-03 1.7963100e-03
     44    114 0.0000000e+00 8.1371940e-04 5.2078100e-04
     44    115 0.0000000e+00 2.2811780e-04 1.4599500e-04
     44    116 0.0000000e+00 4.8164360e-05 3.0825200e-05
     44    117 0.0000000e+00 7.6934740e-06 4.9238300e-06
     44    118 0.0000000e+00 1.2755490e-06 8.1635300e-07
     44    119 0.0000000e+00 1.4563390e-07 9.3205600e-08
     44    120 0.0000000e+00 1.2159190e-08 7.7818700e-09
     44    121 0.0000000e+00 5.7744100e-10 3.6956200e-10
     44    122 0.0000000e+00 3.1453100e-11 2.0130000e-11
     44    123 0.0000000e+00 0.0000000e+00 0.0000000e+00
     44    124 0.0000000e+00 1.9997300e-14 1.2798200e-14
     45    100 0.0000000e+00 0.0000000e+00 0.0000000e+00
     45    100 1.0000000e+00 0.0000000e+00 0.0000000e+00
     45    101 0.0000000e+00 1.1176000e-11 7.1526500e-12
     45    101 1.0000000e+00 8.8609600e-11 5.6710200e-11
     45    102 0.0000000e+00 6.5478400e-10 4.1906400e-10
     45    102 1.0000000e+00 2.9628080e-09 1.8962100e-09
     45    103 0.0000000e+00 7.7879540e-09 4.9842900e-09
     45    103 1.0000000e+00 9.3354230e-08 5.9746700e-08
     45    104 0.0000000e+00 2.6589480e-07 1.7017300e-07
     45    104 1.0000000e+00 1.5067390e-06 9.6430900e-07
     45    105 0.0000000e+00 1.6556090e-05 1.0595900e-05
     45    105 1.0000000e+00 1.3811690e-06 8.8394800e-07
     45    106 0.0000000e+00 2.3815980e-05 1.5242300e-05
     45    106 1.0000000e+00 1.0776390e-04 6.8969300e-05
     45    107 0.0000000e+00 5.5792460e-04 3.5707200e-04
     45    108 0.0000000e+00 2.5566780e-04 1.6362800e-04
     45    108 1.0000000e+00 1.4487890e-03 9.2722400e-04
     45    109 0.0000000e+00 2.9319780e-03 1.3268600e-03
     45    110 0.0000000e+00 4.5177970e-04 2.8914000e-04
     45    110 1.0000000e+00 3.5462670e-03 2.2696200e-03
     45    111 0.0000000e+00 6.3802350e-03 4.0833500e-03
     45    112 0.0000000e+00 1.0538790e-04 4.7424700e-05
     45    112 1.0000000e+00 7.3306240e-03 5.8645000e-03
     45    113 0.0000000e+00 9.6352230e-03 6.1665400e-03
     45    114 0.0000000e+00 1.2806790e-04 8.1963600e-05
     45    114 1.0000000e+00 4.8322860e-03 3.8658300e-03
     45    115 0.0000000e+00 3.4007470e-03 2.1764900e-03
     45    116 0.0000000e+00 4.9515960e-05 3.1690100e-05
     45    116 1.0000000e+00 1.2344590e-03 9.8757000e-04
     45    117 0.0000000e+00 4.9713960e-04 3.1817000e-04
     45    118 0.0000000e+00 1.7644790e-04 1.1292700e-04
     45    119 0.0000000e+00 4.3350970e-05 2.7744600e-05
     45    120 0.0000000e+00 8.1094640e-06 5.1900600e-06
     45    121 0.0000000e+00 1.1148490e-06 7.1350500e-07
     45    122 0.0000000e+00 1.1154290e-07 7.1387500e-08
     45    123 0.0000000e+00 7.7979440e-09 4.9906900e-09
     45    124 0.0000000e+00 4.0597600e-10 2.5982500e-10
     45    125 0.0000000e+00 3.4438400e-11 2.2040600e-11
     45    126 0.0000000e+00 0.0000000e+00 0.0000000e+00
     45    127 0.0000000e+00 0.0000000e+00 0.0000000e+00
     45    128 0.0000000e+00 0.0000000e+00 0.0000000e+00
     46    102 0.0000000e+00 2.3012000e-13 1.4727600e-13
     46    103 0.0000000e+00 1.7284100e-11 1.1061800e-11
     46    104 0.0000000e+00 7.9185400e-10 5.0678700e-10
     46    105 0.0000000e+00 2.0097780e-08 1.2862600e-08
     46    106 0.0000000e+00 3.9190770e-07 2.5082100e-07
     46    107 0.0000000e+00 8.5616640e-07 5.4794700e-07
     46    107 1.0000000e+00 3.1633980e-06 2.0245800e-06
     46    108 0.0000000e+00 2.8639380e-05 1.8329200e-05
     46    109 0.0000000e+00 1.8154990e-05 1.1619200e-05
     46    109 1.0000000e+00 6.7079750e-05 4.2931000e-05
     46    110 0.0000000e+00 1.8266890e-04 1.1690800e-04
     46    111 0.0000000e+00 1.3863490e-04 8.8726000e-05
     46    111 1.0000000e+00 5.1223260e-04 3.2783000e-04
     46    112 0.0000000e+00 1.7707590e-03 1.1332800e-03
     46    113 0.0000000e+00 1.4058490e-04 8.9974700e-05
     46    113 1.0000000e+00 3.6395570e-03 2.9116500e-03
     46    114 0.0000000e+00 5.3489460e-03 3.4233300e-03
     46    115 0.0000000e+00 2.9910680e-04 1.9142900e-04
     46    115 1.0000000e+00 5.1659360e-03 4.1327600e-03
     46    116 0.0000000e+00 5.8491360e-03 3.7434500e-03
     46    117 0.0000000e+00 1.7134790e-04 1.0966300e-04
     46    117 1.0000000e+00 2.9697380e-03 2.3757900e-03
     46    118 0.0000000e+00 2.7301580e-03 1.7473000e-03
     46    119 0.0000000e+00 1.3899390e-03 8.8956400e-04
     46    120 0.0000000e+00 5.6004560e-04 3.5842900e-04
     46    121 0.0000000e+00 1.7223790e-04 1.1023200e-04
     46    122 0.0000000e+00 3.8929470e-05 2.4914800e-05
     46    123 0.0000000e+00 6.3810450e-06 4.0838700e-06
     46    124 0.0000000e+00 7.8381440e-07 5.0164200e-07
     46    125 0.0000000e+00 6.6489250e-08 4.2553100e-08
     46    126 0.0000000e+00 4.5722470e-09 2.9262400e-09
     46    127 0.0000000e+00 3.2409600e-10 2.0742200e-10
     46    128 0.0000000e+00 4.5722500e-11 2.9262400e-11
     46    129 0.0000000e+00 0.0000000e+00 0.0000000e+00
     46    130 0.0000000e+00 2.7936000e-14 1.7879000e-14
     46    131 0.0000000e+00 0.0000000e+00 0.0000000e+00
     47    105 0.0000000e+00 1.7332400e-13 1.1092700e-13
     47    105 1.0000000e+00 2.0776300e-12 1.3296800e-12
     47    106 0.0000000e+00 2.0807700e-11 1.3316900e-11
     47    106 1.0000000e+00 9.4151700e-11 6.0257200e-11
     47    107 0.0000000e+00 2.2539800e-10 1.4425500e-10
     47    107 1.0000000e+00 2.7018480e-09 1.7291800e-09
     47    108 0.0000000e+00 9.0942630e-09 5.8203400e-09
     47    108 1.0000000e+00 4.1150270e-08 2.6336200e-08
     47    109 0.0000000e+00 2.0195280e-08 1.2925000e-08
     47    109 1.0000000e+00 2.4208180e-07 1.5493200e-07
     47    110 0.0000000e+00 9.3561730e-07 5.9879400e-07
     47    110 1.0000000e+00 4.2335370e-06 6.7736700e-07
     47    111 0.0000000e+00 5.9045960e-07 3.7789500e-07
     47    111 1.0000000e+00 7.0778550e-06 4.5298300e-06
     47    112 0.0000000e+00 4.5119570e-05 2.8876500e-05
     47    113 0.0000000e+00 2.0149580e-05 1.2895700e-05
     47    113 1.0000000e+00 2.4153380e-04 1.5458200e-04
     47    114 0.0000000e+00 1.5112290e-05 9.6718800e-06
     47    114 1.0000000e+00 5.7398560e-04 4.5918900e-04
     47    115 0.0000000e+00 1.3172090e-04 8.4301600e-05
     47    115 1.0000000e+00 1.5789390e-03 1.0105200e-03
     47    116 0.0000000e+00 1.3607990e-04 8.7091300e-05
     47    116 1.0000000e+00 2.1896580e-03 1.4013800e-03
     47    116 2.0000000e+00 7.6896740e-04 6.1517400e-04
     47    117 0.0000000e+00 2.9608480e-04 1.8949500e-04
     47    117 1.0000000e+00 3.5491770e-03 2.2714700e-03
     47    118 0.0000000e+00 6.1592450e-04 3.9419200e-04
     47    118 1.0000000e+00 4.8347360e-03 3.0942300e-03
     47    119 0.0000000e+00 4.6761960e-03 2.9927600e-03
     47    119 1.0000000e+00 4.2243570e-04 3.3794900e-04
     47    120 0.0000000e+00 1.1725190e-03 7.5041200e-04
     47    120 1.0000000e+00 3.3545770e-03 2.1469300e-03
     47    121 0.0000000e+00 2.9633180e-03 1.8965200e-03
     47    122 0.0000000e+00 1.3224990e-03 8.4639800e-04
     47    122 1.0000000e+00 1.3079590e-04 8.3709700e-05
     47    123 0.0000000e+00 5.3831960e-04 3.4452400e-04
     47    124 0.0000000e+00 1.5162790e-04 9.7041900e-05
     47    125 0.0000000e+00 2.9895480e-05 1.9133100e-05
     47    126 0.0000000e+00 4.9440560e-06 3.1642000e-06
     47    127 0.0000000e+00 6.2572250e-07 4.0046200e-07
     47    128 0.0000000e+00 1.7786590e-07 1.1383400e-07
     47    129 0.0000000e+00 6.0761450e-09 3.8887300e-09
     47    130 0.0000000e+00 6.3710000e-10 4.0774400e-10
     47    131 0.0000000e+00 4.9680800e-11 3.1795700e-11
     47    132 0.0000000e+00 0.0000000e+00 0.0000000e+00
     47    133 0.0000000e+00 0.0000000e+00 0.0000000e+00
     48    108 0.0000000e+00 8.6119000e-12 5.5116300e-12
     48    109 0.0000000e+00 8.0793100e-11 5.1707700e-11
     48    110 0.0000000e+00 4.6124500e-10 2.9519700e-10
     48    111 0.0000000e+00 1.2948290e-09 8.2869200e-10
     48    111 1.0000000e+00 8.0205040e-09 5.1331300e-09
     48    112 0.0000000e+00 1.2561090e-07 8.0391300e-08
     48    113 0.0000000e+00 2.3885180e-07 1.5286500e-07
     48    113 1.0000000e+00 1.4795090e-06 9.4688800e-07
     48    114 0.0000000e+00 9.8881230e-06 6.3284100e-06
     48    115 0.0000000e+00 7.6963540e-06 4.9256700e-06
     48    115 1.0000000e+00 4.7673060e-05 3.0510800e-05
     48    116 0.0000000e+00 2.1171980e-04 1.3550100e-04
     48    117 0.0000000e+00 7.2831750e-05 4.6612300e-05
     48    117 1.0000000e+00 4.5113770e-04 2.8872900e-04
     48    118 0.0000000e+00 1.4880590e-03 9.5236000e-04
     48    119 0.0000000e+00 5.2994460e-04 3.3916500e-04
     48    119 1.0000000e+00 2.4306380e-03 1.5556100e-03
     48    120 0.0000000e+00 4.8877060e-03 3.1281400e-03
     48    121 0.0000000e+00 1.1699190e-03 7.4874800e-04
     48    121 1.0000000e+00 5.3659260e-03 3.4342000e-03
     48    122 0.0000000e+00 6.6136850e-03 4.2327600e-03
     48    123 0.0000000e+00 1.6809490e-04 1.0758100e-04
     48    123 1.0000000e+00 4.2994070e-03 3.4395300e-03
     48    124 0.0000000e+00 3.2289280e-03 2.0665200e-03
     48    125 0.0000000e+00 4.5486170e-05 2.9111100e-05
     48    125 1.0000000e+00 1.1480190e-03 9.1841800e-04
     48    126 0.0000000e+00 5.4447960e-04 3.4846700e-04
     48    127 0.0000000e+00 1.4185090e-04 9.0784200e-05
     48    128 0.0000000e+00 6.8252150e-05 4.3681400e-05
     48    129 0.0000000e+00 1.1730990e-05 7.5078700e-06
     48    130 0.0000000e+00 1.3867490e-06 8.8752000e-07
     48    131 0.0000000e+00 9.5917330e-08 6.1387100e-08
     48    132 0.0000000e+00 3.5372170e-09 2.2638200e-09
     48    133 0.0000000e+00 2.0808700e-10 1.3317600e-10
     48    134 0.0000000e+00 1.7786600e-12 1.1383400e-12
     48    135 0.0000000e+00 0.0000000e+00 0.0000000e+00
     48    136 0.0000000e+00 0.0000000e+00 0.0000000e+00
     49    110 0.0000000e+00 0.0000000e+00 0.0000000e+00
     49    110 1.0000000e+00 0.0000000e+00 0.0000000e+00
     49    111 0.0000000e+00 8.6371400e-13 5.5277800e-13
     49    111 1.0000000e+00 0.0000000e+00 0.0000000e+00
     49    112 0.0000000e+00 3.8789600e-12 2.4825400e-12
     49    112 1.0000000e+00 3.0448200e-11 1.9486800e-11
     49    113 0.0000000e+00 1.0128090e-09 6.4819800e-10
     49    113 1.0000000e+00 1.2774200e-10 8.1754700e-11
     49    114 0.0000000e+00 1.5890290e-09 1.0169800e-09
     49    114 1.0000000e+00 8.9893730e-09 5.7532100e-09
     49    114 2.0000000e+00 4.6013670e-09 3.6811000e-09
     49    115 0.0000000e+00 1.7445290e-07 1.1165000e-07
     49    115 1.0000000e+00 2.2003080e-08 1.4082000e-08
     49    116 0.0000000e+00 1.7135390e-07 1.0966700e-07
     49    116 1.0000000e+00 9.6937230e-07 6.2039900e-07
     49    116 2.0000000e+00 4.8958260e-07 3.1333300e-07
     49    117 0.0000000e+00 7.6000840e-06 4.8640600e-06
     49    117 1.0000000e+00 9.5856930e-07 6.1348500e-07
     49    118 0.0000000e+00 5.2820060e-06 3.3804800e-06
     49    118 1.0000000e+00 2.9881080e-05 1.9123900e-05
     49    118 2.0000000e+00 1.5091390e-05 9.6585200e-06
     49    119 0.0000000e+00 1.8382290e-04 1.1764600e-04
     49    119 1.0000000e+00 2.3184880e-05 1.4838300e-05
     49    120 0.0000000e+00 7.4448140e-05 4.7646800e-05
     49    120 1.0000000e+00 4.2116370e-04 2.6954500e-04
     49    120 2.0000000e+00 2.1270880e-04 1.3613400e-04
     49    121 0.0000000e+00 1.7526290e-03 1.1216800e-03
     49    121 1.0000000e+00 2.2105180e-04 1.4147300e-04
     49    122 0.0000000e+00 4.3051670e-04 2.7553200e-04
     49    122 1.0000000e+00 2.4354880e-03 1.5587100e-03
     49    122 2.0000000e+00 1.2300490e-03 7.8722800e-04
     49    123 0.0000000e+00 6.0094250e-03 3.8460400e-03
     49    123 1.0000000e+00 7.5794540e-04 4.8508600e-04
     49    124 0.0000000e+00 2.9835180e-03 1.9094600e-03
     49    124 1.0000000e+00 5.7147960e-03 3.6574700e-03
     49    125 0.0000000e+00 7.1807150e-03 4.5956700e-03
     49    125 1.0000000e+00 9.0567630e-04 5.7963400e-04
     49    126 0.0000000e+00 2.3398980e-03 1.4975400e-03
     49    126 1.0000000e+00 4.4819670e-03 2.8684600e-03
     49    127 0.0000000e+00 1.6778490e-03 1.0738300e-03
     49    127 1.0000000e+00 2.1060880e-04 1.3479000e-04
     49    127 2.0000000e+00 1.6769290e-03 1.3415400e-03
     49    128 0.0000000e+00 9.5361830e-04 6.1031400e-04
     49    128 1.0000000e+00 1.8266090e-03 1.1690300e-03
     49    129 0.0000000e+00 5.3296160e-04 3.4109500e-04
     49    129 1.0000000e+00 6.7267050e-05 4.3050900e-05
     49    129 2.0000000e+00 4.3985470e-04 3.5188400e-04
     49    130 0.0000000e+00 3.5040070e-05 2.2425600e-05
     49    130 1.0000000e+00 6.6785650e-05 4.2742900e-05
     49    130 2.0000000e+00 1.9766190e-04 1.2650400e-04
     49    131 0.0000000e+00 2.3389780e-05 1.4969500e-05
     49    131 1.0000000e+00 2.9170980e-06 1.8669500e-06
     49    131 2.0000000e+00 2.5909180e-05 2.0727300e-05
     49    132 0.0000000e+00 5.0545960e-06 3.2349500e-06
     49    133 0.0000000e+00 4.0174770e-07 2.5711900e-07
     49    134 0.0000000e+00 1.7686090e-08 1.1319000e-08
     49    135 0.0000000e+00 6.6587800e-10 4.2616300e-10
     49    136 0.0000000e+00 1.1355200e-11 7.2673700e-12
     49    137 0.0000000e+00 0.0000000e+00 0.0000000e+00
     49    138 0.0000000e+00 0.0000000e+00 0.0000000e+00
     50    113 0.0000000e+00 5.6098000e-15 3.5902800e-15
     50    113 1.0000000e+00 6.7244600e-14 4.3036700e-14
     50    114 0.0000000e+00 2.2509500e-12 1.4406100e-12
     50    115 0.0000000e+00 6.7930500e-11 4.3475600e-11
     50    116 0.0000000e+00 1.2762090e-09 8.1677500e-10
     50    117 0.0000000e+00 1.9974190e-09 1.2783500e-09
     50    117 1.0000000e+00 1.2372490e-08 7.9184000e-09
     50    118 0.0000000e+00 1.8389490e-07 1.1769300e-07
     50    119 0.0000000e+00 2.2725880e-07 1.4544600e-07
     50    119 1.0000000e+00 1.4076990e-06 9.0092700e-07
     50    120 0.0000000e+00 1.2179290e-05 7.7947400e-06
     50    121 0.0000000e+00 6.1018050e-05 3.9051600e-05
     50    121 1.0000000e+00 1.3303590e-05 8.5143000e-06
     50    122 0.0000000e+00 3.3223680e-04 2.1263200e-04
     50    123 0.0000000e+00 9.6981330e-04 6.2068100e-04
     50    123 1.0000000e+00 2.1144480e-04 1.3532500e-04
     50    124 0.0000000e+00 3.2108580e-03 2.0549600e-03
     50    125 0.0000000e+00 4.9570260e-03 3.1725000e-03
     50    125 1.0000000e+00 1.0807690e-03 6.9168900e-04
     50    126 0.0000000e+00 1.1073090e-02 3.5433800e-03
     50    127 0.0000000e+00 1.0815090e-02 1.7304100e-03
     50    127 1.0000000e+00 2.3579680e-03 1.5091000e-03
     50    128 0.0000000e+00 2.0603380e-03 1.3186200e-03
     50    128 1.0000000e+00 9.3227530e-03 5.9665700e-03
     50    129 0.0000000e+00 1.8819390e-03 1.2044400e-03
     50    129 1.0000000e+00 8.6316940e-03 5.5242600e-03
     50    130 0.0000000e+00 1.2849090e-03 8.2234400e-04
     50    130 1.0000000e+00 5.8140460e-03 3.7209900e-03
     50    131 0.0000000e+00 5.4939960e-04 3.5161600e-04
     50    131 1.0000000e+00 2.5198780e-03 1.6127200e-03
     50    132 0.0000000e+00 7.2876650e-04 4.6641100e-04
     50    133 0.0000000e+00 1.5030190e-04 9.6193000e-05
     50    134 0.0000000e+00 1.7022890e-05 1.0894600e-05
     50    135 0.0000000e+00 1.2855890e-06 8.2278000e-07
     50    136 0.0000000e+00 7.3859440e-08 4.7270100e-08
     50    137 0.0000000e+00 2.2308580e-09 1.4277500e-09
     50    138 0.0000000e+00 6.4212600e-11 4.1096100e-11
     50    139 0.0000000e+00 0.0000000e+00 0.0000000e+00
     50    140 0.0000000e+00 0.0000000e+00 0.0000000e+00
     51    116 0.0000000e+00 0.0000000e+00 0.0000000e+00
     51    116 1.0000000e+00 0.0000000e+00 0.0000000e+00
     51    117 0.0000000e+00 2.3413900e-12 1.4984900e-12
     51    118 0.0000000e+00 1.7229700e-11 1.1027000e-11
     51    118 1.0000000e+00 4.9294100e-11 3.1548300e-11
     51    119 0.0000000e+00 1.3063590e-09 8.3606900e-10
     51    120 0.0000000e+00 5.6633860e-09 3.6245700e-09
     51    120 1.0000000e+00 1.6202990e-08 1.0369900e-08
     51    121 0.0000000e+00 3.0448180e-07 1.9486900e-07
     51    122 0.0000000e+00 3.9166670e-07 2.5066700e-07
     51    122 1.0000000e+00 1.7655590e-06 1.1299600e-06
     51    122 2.0000000e+00 9.1426730e-07 7.3141500e-07
     51    123 0.0000000e+00 2.4730380e-05 1.5827400e-05
     51    124 0.0000000e+00 2.3382780e-05 1.4965000e-05
     51    124 1.0000000e+00 8.1689740e-05 5.2281500e-05
     51    124 2.0000000e+00 4.4816870e-05 2.8682900e-05
     51    125 0.0000000e+00 6.3595450e-04 4.0701200e-04
     51    126 0.0000000e+00 9.8871130e-04 6.3277800e-04
     51    126 1.0000000e+00 7.4153340e-04 4.7458200e-04
     51    126 2.0000000e+00 5.1682660e-04 3.3076900e-04
     51    127 0.0000000e+00 3.0183180e-03 1.9317200e-03
     51    128 0.0000000e+00 8.1469040e-03 4.8881600e-04
     51    128 1.0000000e+00 6.1208750e-03 3.9173600e-03
     51    129 0.0000000e+00 2.5370180e-03 8.1184800e-04
     51    129 1.0000000e+00 8.2638340e-03 6.6110700e-03
     51    130 0.0000000e+00 1.4366990e-02 8.6202600e-04
     51    130 1.0000000e+00 1.0794190e-02 6.9082600e-03
     51    131 0.0000000e+00 2.1032080e-02 6.7302900e-03
     51    132 0.0000000e+00 4.5410470e-03 2.9062700e-03
     51    132 1.0000000e+00 7.2233250e-03 4.6229300e-03
     51    133 0.0000000e+00 5.9898960e-03 3.8335300e-03
     51    134 0.0000000e+00 3.0366680e-04 1.9434600e-04
     51    134 1.0000000e+00 1.3740490e-03 8.7939100e-04
     51    135 0.0000000e+00 3.1916380e-04 2.0426500e-04
     51    136 0.0000000e+00 4.6908260e-05 3.0021400e-05
     51    137 0.0000000e+00 3.6577970e-06 2.3409900e-06
     51    138 0.0000000e+00 2.6830580e-07 1.7171500e-07
     51    139 0.0000000e+00 1.2762090e-08 8.1677500e-09
     51    140 0.0000000e+00 4.9576700e-10 3.1729100e-10
     51    141 0.0000000e+00 0.0000000e+00 0.0000000e+00
     51    142 0.0000000e+00 0.0000000e+00 0.0000000e+00
     51    143 0.0000000e+00 0.0000000e+00 0.0000000e+00
     52    119 0.0000000e+00 1.9396100e-15 1.2413500e-15
     52    119 1.0000000e+00 0.0000000e+00 0.0000000e+00
     52    120 0.0000000e+00 3.8386800e-12 2.4567600e-12
     52    121 0.0000000e+00 1.7180600e-11 1.0995600e-11
     52    121 1.0000000e+00 1.0642100e-10 6.8109400e-11
     52    122 0.0000000e+00 2.8840380e-09 1.8457900e-09
     52    123 0.0000000e+00 7.5999640e-09 4.8639800e-09
     52    123 1.0000000e+00 4.7076060e-08 3.0128700e-08
     52    124 0.0000000e+00 7.6974540e-07 4.9263800e-07
     52    125 0.0000000e+00 1.0657590e-06 6.8208300e-07
     52    125 1.0000000e+00 6.6015550e-06 4.2250000e-06
     52    126 0.0000000e+00 6.1137550e-05 3.9128100e-05
     52    127 0.0000000e+00 5.0796860e-05 3.2510000e-05
     52    127 1.0000000e+00 2.3298480e-04 1.4911000e-04
     52    128 0.0000000e+00 8.1180040e-04 5.1955300e-04
     52    129 0.0000000e+00 5.3934960e-04 3.4518400e-04
     52    129 1.0000000e+00 2.4737780e-03 1.5832200e-03
     52    130 0.0000000e+00 8.6257040e-03 5.5204600e-03
     52    131 0.0000000e+00 3.2250080e-03 2.0640000e-03
     52    131 1.0000000e+00 1.4791790e-02 1.1833500e-03
     52    132 0.0000000e+00 2.4441780e-02 3.9107000e-03
     52    133 0.0000000e+00 5.1877160e-03 3.3201400e-03
     52    133 1.0000000e+00 2.3793980e-02 7.6140700e-03
     52    134 0.0000000e+00 1.8908090e-02 6.0505900e-03
     52    135 0.0000000e+00 8.6041440e-03 5.5066700e-03
     52    136 0.0000000e+00 3.0988180e-03 1.9832400e-03
     52    137 0.0000000e+00 6.0404950e-04 3.8659200e-04
     52    138 0.0000000e+00 1.1001490e-04 7.0409900e-05
     52    139 0.0000000e+00 1.2872590e-05 8.2385000e-06
     52    140 0.0000000e+00 9.5716430e-07 6.1258600e-07
     52    141 0.0000000e+00 1.6589690e-08 1.0617500e-08
     52    142 0.0000000e+00 2.2408980e-09 1.4341800e-09
     52    143 0.0000000e+00 2.0307500e-10 1.2996800e-10
     52    144 0.0000000e+00 0.0000000e+00 0.0000000e+00
     52    145 0.0000000e+00 0.0000000e+00 0.0000000e+00
     53    122 0.0000000e+00 0.0000000e+00 0.0000000e+00
     53    123 0.0000000e+00 1.1857700e-11 7.5889300e-12
     53    124 0.0000000e+00 4.6027900e-10 3.6822300e-10
     53    125 0.0000000e+00 9.3153330e-09 5.9618200e-09
     53    126 0.0000000e+00 1.7786590e-07 1.1383400e-07
     53    127 0.0000000e+00 1.7083190e-06 1.0933200e-06
     53    128 0.0000000e+00 8.1898540e-06 5.2415100e-06
     53    129 0.0000000e+00 6.4333050e-05 4.1173100e-05
     53    130 0.0000000e+00 1.7349190e-03 6.9396800e-05
     53    130 1.0000000e+00 3.8341970e-04 2.4538900e-04
     53    131 0.0000000e+00 2.6163580e-03 1.6744700e-03
     53    132 0.0000000e+00 3.3815370e-03 2.1641900e-03
     53    132 1.0000000e+00 5.4938960e-03 3.5161000e-03
     53    133 0.0000000e+00 8.0841940e-03 5.1738900e-03
     53    133 1.0000000e+00 1.0982290e-02 7.0286800e-03
     53    134 0.0000000e+00 1.0825890e-02 3.4642700e-03
     53    134 1.0000000e+00 1.7220390e-02 3.9607100e-03
     53    135 0.0000000e+00 2.8903080e-02 4.6244900e-03
     53    136 0.0000000e+00 4.3488370e-03 1.3916300e-03
     53    136 1.0000000e+00 1.9677890e-02 6.2969300e-03
     53    137 0.0000000e+00 1.1074990e-02 3.5440000e-03
     53    138 0.0000000e+00 4.7848860e-03 3.0623300e-03
     53    139 0.0000000e+00 1.3266590e-03 8.4906700e-04
     53    140 0.0000000e+00 2.3773680e-04 1.5215200e-04
     53    141 0.0000000e+00 3.2029280e-05 2.0498800e-05
     53    142 0.0000000e+00 3.5070670e-06 2.2445200e-06
     53    143 0.0000000e+00 3.9207070e-07 2.5092500e-07
     53    144 0.0000000e+00 3.6571270e-09 2.3405700e-09
     53    145 0.0000000e+00 2.6531100e-10 1.6979900e-10
     53    146 0.0000000e+00 0.0000000e+00 0.0000000e+00
     53    147 0.0000000e+00 0.0000000e+00 0.0000000e+00
     53    148 0.0000000e+00 0.0000000e+00 0.0000000e+00
     54    125 0.0000000e+00 1.2267700e-13 7.8513300e-14
     54    125 1.0000000e+00 9.7265300e-13 6.2249800e-13
     54    126 0.0000000e+00 5.1048500e-11 3.2671000e-11
     54    127 0.0000000e+00 1.1592400e-10 7.4191500e-11
     54    127 1.0000000e+00 9.1911300e-10 5.8823200e-10
     54    128 0.0000000e+00 8.4511240e-09 5.4087300e-09
     54    129 0.0000000e+00 2.0672580e-08 1.3230500e-08
     54    129 1.0000000e+00 1.2805090e-07 8.1952800e-08
     54    130 0.0000000e+00 2.5725280e-06 1.6464200e-06
     54    131 0.0000000e+00 6.1643250e-06 3.9451700e-06
     54    131 1.0000000e+00 2.8273180e-05 1.8094900e-05
     54    132 0.0000000e+00 2.7209080e-05 1.7413800e-05
     54    132 1.0000000e+00 1.8038490e-04 1.4430800e-04
     54    133 0.0000000e+00 2.8697380e-04 1.8366300e-04
     54    133 1.0000000e+00 1.3162290e-03 8.4238700e-04
     54    134 0.0000000e+00 1.0223290e-03 6.5428800e-04
     54    134 1.0000000e+00 4.6258870e-03 2.9605700e-03
     54    135 0.0000000e+00 2.6960880e-03 1.7255000e-03
     54    135 1.0000000e+00 1.2365890e-02 3.9570800e-03
     54    136 0.0000000e+00 2.4936180e-02 1.1221300e-02
     54    137 0.0000000e+00 2.5880280e-02 8.2817200e-03
     54    138 0.0000000e+00 2.5079080e-02 8.0253000e-03
     54    139 0.0000000e+00 1.5599690e-02 4.9918900e-03
     54    140 0.0000000e+00 6.4099250e-03 4.1023600e-03
     54    141 0.0000000e+00 2.0703580e-03 1.3250200e-03
     54    142 0.0000000e+00 5.5348360e-04 3.5423000e-04
     54    143 0.0000000e+00 7.5908940e-05 3.4352500e-05
     54    144 0.0000000e+00 7.0607150e-06 4.5188600e-06
     54    145 0.0000000e+00 5.1222860e-07 3.2782700e-07
     54    146 0.0000000e+00 1.9394390e-08 1.2412400e-08
     54    147 0.0000000e+00 4.8889800e-10 3.1289500e-10
     54    148 0.0000000e+00 9.1143500e-12 5.8331900e-12
     54    149 0.0000000e+00 0.0000000e+00 0.0000000e+00
     54    150 0.0000000e+00 0.0000000e+00 0.0000000e+00
     55    128 0.0000000e+00 0.0000000e+00 0.0000000e+00
     55    129 0.0000000e+00 3.3764300e-11 2.1609200e-11
     55    130 0.0000000e+00 1.9363100e-10 1.5490500e-10
     55    130 1.0000000e+00 1.0972390e-09 8.7779600e-10
     55    131 0.0000000e+00 5.1450360e-08 3.2928300e-08
     55    132 0.0000000e+00 1.7686090e-05 1.1319000e-05
     55    133 0.0000000e+00 1.5867190e-05 1.0155000e-05
     55    134 0.0000000e+00 2.5134280e-04 1.6086000e-04
     55    134 1.0000000e+00 3.9980470e-04 2.5587500e-04
     55    135 0.0000000e+00 3.3313780e-04 2.1320800e-04
     55    135 1.0000000e+00 4.5256470e-04 2.8964100e-04
     55    136 0.0000000e+00 2.1816680e-03 1.3962600e-03
     55    136 1.0000000e+00 2.9037980e-03 1.8584300e-03
     55    137 0.0000000e+00 8.2837040e-03 5.3015700e-03
     55    138 0.0000000e+00 6.0047650e-03 2.7021400e-03
     55    138 1.0000000e+00 1.7179690e-02 1.0995000e-02
     55    139 0.0000000e+00 2.4058480e-02 7.6987100e-03
     55    140 0.0000000e+00 2.1544180e-02 6.8941500e-03
     55    141 0.0000000e+00 1.5728790e-02 5.0332100e-03
     55    142 0.0000000e+00 9.7262130e-03 6.2247800e-03
     55    143 0.0000000e+00 3.1767280e-03 2.0331100e-03
     55    144 0.0000000e+00 7.4457340e-04 4.7652700e-04
     55    145 0.0000000e+00 1.3933790e-04 8.9176500e-05
     55    146 0.0000000e+00 1.3807190e-05 8.8366000e-06
     55    147 0.0000000e+00 9.4390230e-07 6.0409800e-07
     55    148 0.0000000e+00 4.5923570e-08 2.9391100e-08
     55    149 0.0000000e+00 9.9361400e-10 6.3591400e-10
     55    150 0.0000000e+00 2.6931100e-11 1.7235900e-11
     55    151 0.0000000e+00 0.0000000e+00 0.0000000e+00
     55    152 0.0000000e+00 0.0000000e+00 0.0000000e+00
     56    131 0.0000000e+00 9.3783800e-14 6.0021700e-14
     56    131 1.0000000e+00 0.0000000e+00 0.0000000e+00
     56    132 0.0000000e+00 3.5472570e-09 2.2702500e-09
     56    133 0.0000000e+00 3.0870700e-10 1.9757300e-10
     56    133 1.0000000e+00 1.4323990e-08 1.1459200e-08
     56    134 0.0000000e+00 1.0249890e-06 6.5599300e-07
     56    135 0.0000000e+00 9.2635730e-07 5.9287100e-07
     56    135 1.0000000e+00 4.2488270e-06 2.7192600e-06
     56    136 0.0000000e+00 1.2786490e-05 8.1833800e-06
     56    136 1.0000000e+00 5.7857360e-05 3.7028700e-05
     56    137 0.0000000e+00 6.2657750e-05 4.0100900e-05
     56    137 1.0000000e+00 2.8738580e-04 1.8392700e-04
     56    138 0.0000000e+00 1.6786190e-03 1.0743100e-03
     56    139 0.0000000e+00 5.0482260e-03 3.2308700e-03
     56    140 0.0000000e+00 9.9062630e-03 4.4578200e-03
     56    141 0.0000000e+00 1.6001990e-02 5.1206600e-03
     56    142 0.0000000e+00 2.1873180e-02 6.9994400e-03
     56    143 0.0000000e+00 1.6001690e-02 5.1205600e-03
     56    144 0.0000000e+00 8.9387630e-03 5.7208100e-03
     56    145 0.0000000e+00 4.0966870e-03 2.6218900e-03
     56    146 0.0000000e+00 1.0185990e-03 6.5190200e-04
     56    147 0.0000000e+00 1.8274890e-04 1.1696000e-04
     56    148 0.0000000e+00 2.2640180e-05 1.4489700e-05
     56    149 0.0000000e+00 1.9183490e-06 1.2277400e-06
     56    150 0.0000000e+00 9.5464630e-08 6.1097400e-08
     56    151 0.0000000e+00 1.4774190e-09 9.4554800e-10
     56    152 0.0000000e+00 7.7778400e-11 4.9778300e-11
     56    153 0.0000000e+00 0.0000000e+00 0.0000000e+00
     56    154 0.0000000e+00 1.5676300e-14 1.0032800e-14
     57    133 0.0000000e+00 1.5575800e-12 9.9685200e-13
     57    134 0.0000000e+00 0.0000000e+00 0.0000000e+00
     57    135 0.0000000e+00 3.4367270e-09 2.1995000e-09
     57    136 0.0000000e+00 2.6888480e-08 2.1510800e-08
     57    136 1.0000000e+00 7.6927940e-08 6.1542400e-08
     57    137 0.0000000e+00 1.5374790e-06 9.8399000e-07
     57    138 0.0000000e+00 1.8097990e-05 1.1582800e-05
     57    139 0.0000000e+00 1.2565190e-04 8.0417000e-05
     57    140 0.0000000e+00 6.2304250e-04 3.9874800e-04
     57    141 0.0000000e+00 2.1869280e-03 1.3996300e-03
     57    142 0.0000000e+00 6.7396650e-03 4.3133900e-03
     57    143 0.0000000e+00 1.0958190e-02 3.5066200e-03
     57    144 0.0000000e+00 1.4073790e-02 4.5036200e-03
     57    145 0.0000000e+00 1.4923390e-02 4.7754900e-03
     57    146 0.0000000e+00 1.9451990e-03 1.2449300e-03
     57    146 1.0000000e+00 6.8169650e-03 4.3628500e-03
     57    147 0.0000000e+00 3.8289470e-03 2.4505400e-03
     57    148 0.0000000e+00 1.1735290e-03 7.5105300e-04
     57    149 0.0000000e+00 2.5864880e-04 1.6553500e-04
     57    150 0.0000000e+00 3.3352370e-05 2.1345500e-05
     57    151 0.0000000e+00 2.8524180e-06 1.8255400e-06
     57    152 0.0000000e+00 1.8590390e-07 1.1897900e-07
     57    153 0.0000000e+00 9.0339630e-09 5.7817400e-09
     57    154 0.0000000e+00 2.5021800e-10 1.6014000e-10
     57    155 0.0000000e+00 9.7280600e-12 6.2259700e-12
     57    156 0.0000000e+00 0.0000000e+00 0.0000000e+00
     57    157 0.0000000e+00 0.0000000e+00 0.0000000e+00
     58    135 0.0000000e+00 4.2325900e-15 2.7088500e-15
     58    135 1.0000000e+00 0.0000000e+00 0.0000000e+00
     58    136 0.0000000e+00 0.0000000e+00 0.0000000e+00
     58    137 0.0000000e+00 2.1475900e-11 1.3744600e-11
     58    137 1.0000000e+00 0.0000000e+00 0.0000000e+00
     58    138 0.0000000e+00 6.5513100e-10 4.1928300e-10
     58    138 1.0000000e+00 1.8701490e-08 1.4961200e-08
     58    139 0.0000000e+00 6.0995750e-08 3.9037300e-08
     58    139 1.0000000e+00 2.7976280e-07 1.7904800e-07
     58    140 0.0000000e+00 4.0999570e-06 2.6239800e-06
     58    141 0.0000000e+00 3.5080670e-05 2.2451600e-05
     58    142 0.0000000e+00 2.4432880e-04 1.5637100e-04
     58    143 0.0000000e+00 9.8611830e-04 6.3111700e-04
     58    144 0.0000000e+00 3.0068480e-03 1.9243800e-03
     58    145 0.0000000e+00 7.3812640e-03 4.7240100e-03
     58    146 0.0000000e+00 1.0036490e-02 6.4233600e-03
     58    147 0.0000000e+00 1.0109890e-02 3.2351600e-03
     58    148 0.0000000e+00 7.2549350e-03 4.6431600e-03
     58    149 0.0000000e+00 3.9181370e-03 2.5076100e-03
     58    150 0.0000000e+00 1.2451490e-03 7.9689600e-04
     58    151 0.0000000e+00 1.2209690e-05 7.8142200e-06
     58    151 1.0000000e+00 2.1115180e-04 1.6892200e-04
     58    152 0.0000000e+00 4.3994170e-05 2.8156300e-05
     58    153 0.0000000e+00 5.4766460e-06 3.5050600e-06
     58    154 0.0000000e+00 3.8286270e-07 2.4503200e-07
     58    155 0.0000000e+00 1.8781690e-08 1.2020300e-08
     58    156 0.0000000e+00 8.6722000e-10 5.5502200e-10
     58    157 0.0000000e+00 2.7333000e-11 1.7493200e-11
     58    158 0.0000000e+00 5.4666000e-13 3.4986300e-13
     58    159 0.0000000e+00 0.0000000e+00 0.0000000e+00
     58    160 0.0000000e+00 0.0000000e+00 0.0000000e+00
     59    138 0.0000000e+00 0.0000000e+00 0.0000000e+00
     59    138 1.0000000e+00 0.0000000e+00 0.0000000e+00
     59    139 0.0000000e+00 9.1243900e-11 5.8396200e-11
     59    140 0.0000000e+00 2.7232480e-09 1.7428800e-09
     59    141 0.0000000e+00 6.0293450e-08 3.8587800e-08
     59    142 0.0000000e+00 1.8552290e-07 1.1873500e-07
     59    142 1.0000000e+00 8.3946640e-07 5.3725800e-07
     59    143 0.0000000e+00 1.0199690e-05 6.5277700e-06
     59    144 0.0000000e+00 4.6807560e-06 2.9956900e-06
     59    144 1.0000000e+00 7.6021940e-05 4.8654100e-05
     59    145 0.0000000e+00 4.7757460e-04 3.0564800e-04
     59    146 0.0000000e+00 1.5490290e-03 9.9137900e-04
     59    147 0.0000000e+00 3.6562170e-03 2.3399800e-03
     59    148 0.0000000e+00 6.8417950e-04 4.3787600e-04
     59    148 1.0000000e+00 5.3705060e-03 3.4371300e-03
     59    149 0.0000000e+00 7.3541240e-03 3.3093600e-03
     59    150 0.0000000e+00 5.6672060e-03 3.6270200e-03
     59    151 0.0000000e+00 2.9114080e-03 1.8633100e-03
     59    152 0.0000000e+00 1.1365990e-03 7.2742600e-04
     59    153 0.0000000e+00 3.4620470e-04 2.2157100e-04
     59    154 0.0000000e+00 5.9137760e-05 3.7848200e-05
     59    155 0.0000000e+00 7.2050550e-06 4.6112400e-06
     59    156 0.0000000e+00 7.9587340e-07 5.0935900e-07
     59    157 0.0000000e+00 5.9188060e-08 3.7880300e-08
     59    158 0.0000000e+00 2.8940880e-09 1.8522200e-09
     59    159 0.0000000e+00 9.3555300e-11 5.9875500e-11
     59    160 0.0000000e+00 2.5624700e-12 1.6399800e-12
     59    161 0.0000000e+00 0.0000000e+00 0.0000000e+00
     59    162 0.0000000e+00 0.0000000e+00 0.0000000e+00
     60    141 0.0000000e+00 3.1553700e-13 2.0194400e-13
     60    141 1.0000000e+00 0.0000000e+00 0.0000000e+00
     60    142 0.0000000e+00 4.2707800e-10 2.7333000e-10
     60    143 0.0000000e+00 1.0752390e-08 6.8814900e-09
     60    144 0.0000000e+00 2.2408980e-07 1.4341800e-07
     60    145 0.0000000e+00 3.2759380e-06 2.0966000e-06
     60    146 0.0000000e+00 2.8418280e-05 1.8187700e-05
     60    147 0.0000000e+00 1.6713290e-04 1.0696600e-04
     60    148 0.0000000e+00 6.7131750e-04 4.2964300e-04
     60    149 0.0000000e+00 2.1498380e-03 1.3759000e-03
     60    150 0.0000000e+00 3.5128870e-03 2.2482500e-03
     60    151 0.0000000e+00 4.1510770e-03 2.6566900e-03
     60    152 0.0000000e+00 3.6682070e-03 2.3476500e-03
     60    153 0.0000000e+00 2.5762680e-03 1.6488200e-03
     60    154 0.0000000e+00 1.0174590e-03 6.5117600e-04
     60    155 0.0000000e+00 2.9346780e-04 1.8782000e-04
     60    156 0.0000000e+00 7.5065240e-05 4.8041800e-05
     60    157 0.0000000e+00 1.2832390e-05 8.2127700e-06
     60    158 0.0000000e+00 1.4872390e-06 9.5183200e-07
     60    159 0.0000000e+00 1.1656790e-07 7.4603100e-08
     60    160 0.0000000e+00 7.6974540e-09 4.9263800e-09
     60    161 0.0000000e+00 3.1654000e-10 2.0258600e-10
     60    162 0.0000000e+00 9.5665500e-12 6.1226000e-12
     60    163 0.0000000e+00 2.1203200e-13 1.3570100e-13
     60    164 0.0000000e+00 0.0000000e+00 0.0000000e+00
     61    144 0.0000000e+00 6.1398800e-11 3.9295200e-11
     61    145 0.0000000e+00 2.3916380e-09 1.5306500e-09
     61    146 0.0000000e+00 5.4766460e-08 3.5050600e-08
     61    147 0.0000000e+00 8.3405940e-07 5.3379800e-07
     61    148 0.0000000e+00 1.5660290e-06 1.0022600e-06
     61    148 1.0000000e+00 7.0860750e-06 4.5350900e-06
     61    149 0.0000000e+00 6.3639750e-05 4.0729400e-05
     61    150 0.0000000e+00 2.8465580e-04 1.8218000e-04
     61    151 0.0000000e+00 8.0171140e-04 5.1309600e-04
     61    152 0.0000000e+00 1.3779590e-04 8.8189500e-05
     61    152 1.0000000e+00 1.0861590e-03 6.9514100e-04
     61    152 2.0000000e+00 3.9555470e-04 2.5315600e-04
     61    153 0.0000000e+00 2.5562880e-03 1.6360200e-03
     61    154 0.0000000e+00 2.0983380e-03 1.3429300e-03
     61    154 1.0000000e+00 1.4587390e-04 9.3358800e-05
     61    155 0.0000000e+00 1.4489690e-03 9.2734200e-04
     61    156 0.0000000e+00 8.1202140e-04 5.1969400e-04
     61    157 0.0000000e+00 3.0414980e-04 1.9465600e-04
     61    158 0.0000000e+00 8.0793140e-05 5.1707700e-05
     61    159 0.0000000e+00 1.4641290e-05 9.3704000e-06
     61    160 0.0000000e+00 2.2911480e-06 1.4663400e-06
     61    161 0.0000000e+00 2.2509480e-07 1.4406100e-07
     61    162 0.0000000e+00 1.6480190e-08 1.0547300e-08
     61    163 0.0000000e+00 8.8731800e-10 5.6788400e-10
     61    164 0.0000000e+00 3.0749600e-11 1.9679800e-11
     61    165 0.0000000e+00 8.2702400e-13 5.2929600e-13
     61    166 0.0000000e+00 4.5259000e-14 2.8965700e-14
     62    146 0.0000000e+00 1.0249900e-11 6.5599300e-12
     62    147 0.0000000e+00 4.1904000e-10 2.6818500e-10
     62    148 0.0000000e+00 1.1556190e-08 7.3959900e-09
     62    149 0.0000000e+00 2.2609980e-07 1.4470400e-07
     62    150 0.0000000e+00 2.6227680e-06 1.6785700e-06
     62    151 0.0000000e+00 1.8881890e-05 1.2084400e-05
     62    152 0.0000000e+00 9.1696230e-05 5.8685600e-05
     62    153 0.0000000e+00 1.0998090e-05 7.0387900e-06
     62    153 1.0000000e+00 2.8264780e-04 2.2611800e-04
     62    154 0.0000000e+00 6.7767750e-04 4.3371400e-04
     62    155 0.0000000e+00 9.7235230e-04 6.2230600e-04
     62    156 0.0000000e+00 1.1553490e-03 7.3942600e-04
     62    157 0.0000000e+00 9.0576830e-04 5.7969200e-04
     62    158 0.0000000e+00 5.2049260e-04 3.3311500e-04
     62    159 0.0000000e+00 2.0814280e-04 1.3321200e-04
     62    160 0.0000000e+00 7.3547840e-05 4.7070700e-05
     62    161 0.0000000e+00 1.6630890e-05 1.0643800e-05
     62    162 0.0000000e+00 2.8438380e-06 1.8200600e-06
     62    163 0.0000000e+00 3.6376970e-07 2.3281300e-07
     62    164 0.0000000e+00 3.0347680e-08 1.9422600e-08
     62    165 0.0000000e+00 1.9695890e-09 1.2605400e-09
     62    166 0.0000000e+00 8.7380100e-11 5.5923400e-11
     62    167 0.0000000e+00 2.7232500e-12 1.7428800e-12
     62    168 0.0000000e+00 6.1097300e-14 3.9102300e-14
     63    149 0.0000000e+00 8.0190200e-11 5.1321700e-11
     63    150 0.0000000e+00 2.2729680e-09 1.8183800e-09
     63    150 1.0000000e+00 2.8956700e-10 2.3165400e-10
     63    151 0.0000000e+00 4.6827860e-08 2.9969900e-08
     63    152 0.0000000e+00 1.9380690e-07 1.2403700e-07
     63    152 1.0000000e+00 1.2112890e-08 7.7523100e-09
     63    152 2.0000000e+00 3.7088570e-07 2.3736800e-07
     63    153 0.0000000e+00 5.0244560e-06 3.2156500e-06
     63    154 0.0000000e+00 8.7513930e-06 5.6008700e-06
     63    154 1.0000000e+00 1.6762890e-05 1.0728200e-05
     63    155 0.0000000e+00 8.5686940e-05 5.4839700e-05
     63    156 0.0000000e+00 2.2360880e-04 1.4310900e-04
     63    157 0.0000000e+00 3.6955770e-04 2.3651700e-04
     63    158 0.0000000e+00 4.5189870e-04 2.8921600e-04
     63    159 0.0000000e+00 3.8375670e-04 2.4560500e-04
     63    160 0.0000000e+00 2.9046380e-04 1.8589600e-04
     63    161 0.0000000e+00 1.4304590e-04 9.1549600e-05
     63    162 0.0000000e+00 5.4364560e-05 3.4793400e-05
     63    163 0.0000000e+00 1.5826990e-05 1.0129300e-05
     63    164 0.0000000e+00 3.0548680e-06 1.9551100e-06
     63    165 0.0000000e+00 4.6727360e-07 2.9905600e-07
     63    166 0.0000000e+00 4.9440560e-08 3.1642000e-08
     63    167 0.0000000e+00 3.7080470e-09 2.3731500e-09
     63    168 0.0000000e+00 2.0198300e-10 1.2926900e-10
     63    169 0.0000000e+00 8.3204900e-12 5.3251100e-12
     63    170 0.0000000e+00 2.3313500e-13 1.4920600e-13
     64    151 0.0000000e+00 1.1355200e-11 7.2673700e-12
     64    152 0.0000000e+00 3.6578000e-10 2.3409900e-10
     64    153 0.0000000e+00 8.2300540e-09 5.2672400e-09
     64    154 0.0000000e+00 1.0450790e-07 6.6885500e-08
     64    155 0.0000000e+00 2.8430580e-08 1.8195600e-08
     64    155 1.0000000e+00 7.1751750e-07 5.7401400e-07
     64    156 0.0000000e+00 5.1249460e-06 3.2799700e-06
     64    157 0.0000000e+00 1.8962290e-05 1.2135900e-05
     64    158 0.0000000e+00 5.2224160e-05 3.3423500e-05
     64    159 0.0000000e+00 9.6630230e-05 6.1843400e-05
     64    160 0.0000000e+00 1.5666190e-04 1.0026400e-04
     64    161 0.0000000e+00 1.6384690e-04 1.0486200e-04
     64    162 0.0000000e+00 1.3250390e-04 8.4803200e-05
     64    163 0.0000000e+00 8.3094340e-05 5.3180500e-05
     64    164 0.0000000e+00 3.5201270e-05 2.2528800e-05
     64    165 0.0000000e+00 1.2078790e-05 7.7304200e-06
     64    166 0.0000000e+00 2.9242280e-06 1.8715100e-06
     64    167 0.0000000e+00 5.1148960e-07 3.2735300e-07
     64    168 0.0000000e+00 6.5920750e-08 4.2189300e-08
     64    169 0.0000000e+00 6.3509050e-09 4.0645900e-09
     64    170 0.0000000e+00 4.2908900e-10 2.7461700e-10
     64    171 0.0000000e+00 2.3200900e-11 1.4848700e-11
     64    172 0.0000000e+00 8.6822500e-13 5.5566500e-13
     65    154 0.0000000e+00 0.0000000e+00 0.0000000e+00
     65    154 1.0000000e+00 0.0000000e+00 0.0000000e+00
     65    154 2.0000000e+00 0.0000000e+00 0.0000000e+00
     65    155 0.0000000e+00 9.1646000e-10 5.8653500e-10
     65    156 0.0000000e+00 3.7778070e-09 2.4178000e-09
     65    156 1.0000000e+00 2.2895800e-10 1.4653300e-10
     65    156 2.0000000e+00 8.9998830e-09 7.1999100e-09
     65    157 0.0000000e+00 1.0953290e-07 7.0101100e-08
     65    158 0.0000000e+00 2.0891680e-07 1.3370700e-07
     65    158 1.0000000e+00 1.2661590e-08 8.1034500e-09
     65    158 2.0000000e+00 4.8695260e-07 3.8956200e-07
     65    159 0.0000000e+00 3.1453080e-06 2.0130000e-06
     65    160 0.0000000e+00 1.5374790e-06 2.4599700e-07
     65    161 0.0000000e+00 2.5293080e-05 1.6187500e-05
     65    162 0.0000000e+00 4.4255370e-05 2.0027800e-05
     65    163 0.0000000e+00 5.9177960e-05 3.7873900e-05
     65    164 0.0000000e+00 5.3208860e-05 3.4053700e-05
     65    165 0.0000000e+00 3.8979670e-05 2.4947000e-05
     65    166 0.0000000e+00 2.0459580e-05 1.3094200e-05
     65    167 0.0000000e+00 7.9185340e-06 5.0678700e-06
     65    168 0.0000000e+00 2.3011980e-06 1.4727600e-06
     65    169 0.0000000e+00 5.0144060e-07 3.2092200e-07
     65    170 0.0000000e+00 7.9386340e-08 5.0807200e-08
     65    171 0.0000000e+00 1.0249890e-08 6.5599300e-09
     65    172 0.0000000e+00 9.1646000e-10 5.8653500e-10
     66    157 0.0000000e+00 2.0188000e-12 1.2920300e-12
     66    157 1.0000000e+00 3.9436300e-11 3.1549000e-11
     66    158 0.0000000e+00 9.8077200e-10 6.2769500e-10
     66    159 0.0000000e+00 1.0450790e-08 6.6885500e-09
     66    160 0.0000000e+00 4.9239660e-08 3.1513400e-08
     66    161 0.0000000e+00 4.6626870e-07 2.9841200e-07
     66    162 0.0000000e+00 1.8590390e-06 1.1897900e-06
     66    163 0.0000000e+00 5.5570460e-06 3.5565100e-06
     66    164 0.0000000e+00 1.0933190e-05 6.9972600e-06
     66    165 0.0000000e+00 1.5897590e-05 1.0174500e-05
     66    165 1.0000000e+00 1.3262390e-06 8.4879200e-07
     66    166 0.0000000e+00 1.9233590e-05 1.2309500e-05
     66    167 0.0000000e+00 1.5816990e-05 1.0122900e-05
     66    168 0.0000000e+00 9.8780730e-06 6.3219700e-06
     66    169 0.0000000e+00 4.5822970e-06 2.9326700e-06
     66    170 0.0000000e+00 1.6178690e-06 1.0354300e-06
     66    171 0.0000000e+00 4.7430760e-07 3.0355700e-07
     66    172 0.0000000e+00 9.8780730e-08 6.3219700e-08
     67    160 0.0000000e+00 2.6645000e-11 2.1316000e-11
     67    160 1.0000000e+00 5.8794200e-12 4.7035400e-12
     67    160 2.0000000e+00 3.0022600e-11 2.4018100e-11
     67    161 0.0000000e+00 8.2873300e-10 5.3039000e-10
     67    161 1.0000000e+00 6.9135900e-11 4.4247100e-11
     67    162 0.0000000e+00 1.5387490e-09 9.8480100e-10
     67    162 1.0000000e+00 6.9626150e-09 4.4560800e-09
     67    163 0.0000000e+00 5.5251960e-08 3.5361300e-08
     67    163 1.0000000e+00 4.6093170e-09 2.9499600e-09
     67    164 0.0000000e+00 4.9436260e-08 3.1639300e-08
     67    164 1.0000000e+00 2.2369280e-07 1.4316300e-07
     67    165 0.0000000e+00 9.7474430e-07 6.2383600e-07
     67    166 0.0000000e+00 4.3707070e-07 2.7972500e-07
     67    166 1.0000000e+00 1.9776790e-06 1.2657200e-06
     67    167 0.0000000e+00 4.3210270e-06 2.7654600e-06
     67    168 0.0000000e+00 3.8692770e-07 2.4763400e-07
     67    168 1.0000000e+00 4.2844070e-06 3.4275300e-06
     67    169 0.0000000e+00 5.5771360e-06 3.5693700e-06
     67    170 0.0000000e+00 3.4401570e-06 2.2017000e-06
     67    170 1.0000000e+00 7.6027840e-07 4.8657900e-07
     67    171 0.0000000e+00 2.6428580e-06 1.6914300e-06
     67    172 0.0000000e+00 1.2159190e-06 7.7818700e-07
     68    163 0.0000000e+00 6.6322700e-11 4.2446600e-11
     68    164 0.0000000e+00 7.2352100e-10 4.6305400e-10
     68    165 0.0000000e+00 6.1298350e-09 3.9231000e-09
     68    166 0.0000000e+00 3.5573070e-08 2.2766800e-08
     68    167 0.0000000e+00 1.3467490e-07 8.6192100e-08
     68    167 1.0000000e+00 1.1235090e-08 7.1904400e-09
     68    168 0.0000000e+00 4.3913770e-07 2.8104800e-07
     68    169 0.0000000e+00 9.1545530e-07 5.8589100e-07
     68    170 0.0000000e+00 1.4872390e-06 9.5183200e-07
     68    171 0.0000000e+00 1.9997280e-06 1.2798200e-06
     68    172 0.0000000e+00 1.9394390e-06 1.2412400e-06
     69    166 0.0000000e+00 2.6793000e-12 1.7147600e-12
     69    166 1.0000000e+00 4.2901200e-11 3.4321000e-11
     69    167 0.0000000e+00 5.3359700e-10 3.4150200e-10
     69    168 0.0000000e+00 3.7783870e-09 2.4181700e-09
     69    169 0.0000000e+00 1.7485090e-08 1.1190500e-08
     69    170 0.0000000e+00 6.6523750e-08 4.2575300e-08
     69    171 0.0000000e+00 1.9997280e-07 1.2798200e-07
     69    172 0.0000000e+00 4.2506870e-07 2.7204400e-07
     70    168 0.0000000e+00 3.3261900e-12 2.1287600e-12
     70    169 0.0000000e+00 3.3409100e-11 2.1381800e-11
     70    169 1.0000000e+00 2.7871000e-12 1.7837500e-12
     70    170 0.0000000e+00 3.2658900e-10 2.0901800e-10
     70    171 0.0000000e+00 1.3643800e-11 8.7320200e-12
     70    171 1.0000000e+00 2.1509080e-09 1.7207300e-09
     70    172 0.0000000e+00 1.1355190e-08 7.2673700e-09
     71    172 0.0000000e+00 1.6078300e-11 1.0290100e-11
     71    172 1.0000000e+00 1.6078300e-11 1.0290100e-11


