   66   1.9650E-05
   67   2.4570E-05
   68   2.9480E-05
   69   3.7340E-05
   70   4.9131E-05
   71   5.8961E-05
   72   7.8611E-05
   73   9.8771E-05
   74   1.2775E-04
   75   1.6705E-04
   76   1.9653E-04
   77   2.5549E-04
   78   3.2428E-04
   79   4.2257E-04
   80   5.0122E-04
   81   6.8789E-04
   82   8.8442E-04
   83   9.6549E-04
   84   1.5971E-03
   85   2.2346E-03
   86   2.8675E-03
   87   2.8738E-03
   88   3.4566E-03
   89   4.7709E-03
   90   5.1376E-03
   91   5.6652E-03
   92   7.7285E-03
   93   9.5215E-03
   94   1.1374E-02
   95   1.4815E-02
   96   1.5316E-02
   97   1.5836E-02
   98   2.4832E-02
   99   3.2790E-02
  100   3.5688E-02
  101   4.0090E-02
  102   4.9569E-02
  103   5.3038E-02
  104   6.4740E-02
  105   6.5938E-02
  106   6.8256E-02
  107   7.2705E-02
  108   6.9396E-02
  109   6.3312E-02
  110   5.9481E-02
  111   4.9317E-02
  112   4.0953E-02
  113   3.5107E-02
  114   2.4694E-02
  115   2.0497E-02
  116   1.1792E-02
  117   4.9388E-03
  118   1.9654E-03
  119   1.1792E-03
  120   5.8961E-04
  121   2.7037E-04
  122   1.9653E-04
  123   1.8671E-04
  124   1.8671E-04
  125   2.1288E-04
  126   4.3972E-04
  127   1.1308E-03
  128   2.1497E-03
  129   3.9691E-03
  130   8.7940E-03
  131   1.7047E-02
  132   2.4596E-02
  133   3.9042E-02
  134   4.1591E-02
  135   4.6430E-02
  136   4.9046E-02
  137   5.4537E-02
  138   5.7367E-02
  139   6.1917E-02
  140   5.2492E-02
  141   5.8495E-02
  142   6.5444E-02
  143   5.5656E-02
  144   4.7435E-02
  145   4.9429E-02
  146   4.4485E-02
  147   3.8145E-02
  148   3.4603E-02
  149   3.2574E-02
  150   2.3612E-02
  151   2.0718E-02
  152   1.5741E-02
  153   1.2151E-02
  154   8.3624E-03
  155   6.8398E-03
  156   5.0810E-03
  157   4.1039E-03
  158   3.4199E-03
  159   2.5405E-03
  160   2.1496E-03
  161   1.6611E-03
  162   1.2702E-03
  163   1.0748E-03
  164   7.8169E-04
  165   6.2964E-04
  166   5.0810E-04
  167   4.0061E-04
  168   3.2244E-04
  169   2.4427E-04
  170   2.0519E-04
  171   1.5634E-04
  172   1.2702E-04
