66    0.0000000e+00
67    0.0000000e+00
68    0.0000000e+00
69    0.0000000e+00
70    2.4700000e-13
71    0.0000000e+00
72    0.0000000e+00
73    0.0000000e+00
74    0.0000000e+00
75    0.0000000e+00
76    2.4600000e-11
77    0.0000000e+00
78    0.0000000e+00
79    0.0000000e+00
80    8.6300100e-13
81    0.0000000e+00
82    2.9300000e-09
83    0.0000000e+00
84    1.2400000e-14
85    0.0000000e+00
86    1.2300000e-10
87    0.0000000e+00
88    0.0000000e+00
89    0.0000000e+00
90    0.0000000e+00
91    0.0000000e+00
92    0.0000000e+00
93    0.0000000e+00
94    9.6800100e-14
95    0.0000000e+00
96    0.0000000e+00
97    0.0000000e+00
98    0.0000000e+00
99    0.0000000e+00
100    3.0500000e-11
101    0.0000000e+00
102    0.0000000e+00
103    0.0000000e+00
104    4.5000100e-13
105    0.0000000e+00
106    0.0000000e+00
107    0.0000000e+00
108    0.0000000e+00
109    0.0000000e+00
110    5.4700100e-11
111    0.0000000e+00
112    0.0000000e+00
113    0.0000000e+00
114    0.0000000e+00
115    0.0000000e+00
116    0.0000000e+00
117    0.0000000e+00
118    0.0000000e+00
119    0.0000000e+00
120    0.0000000e+00
121    0.0000000e+00
122    3.2500000e-12
123    4.2800100e-14
124    0.0000000e+00
125    0.0000000e+00
126    0.0000000e+00
127    0.0000000e+00
128    0.0000000e+00
129    0.0000000e+00
130    4.5000100e-10
131    0.0000000e+00
132    0.0000000e+00
133    0.0000000e+00
134    1.1400000e-10
135    0.0000000e+00
136    3.1050000e-07
137    2.9900000e-14
138    4.3100100e-12
139    0.0000000e+00
140    0.0000000e+00
141    0.0000000e+00
142    1.4900000e-14
143    0.0000000e+00
144    0.0000000e+00
145    0.0000000e+00
146    0.0000000e+00
147    0.0000000e+00
148    2.2900000e-12
149    0.0000000e+00
150    6.9900100e-09
151    0.0000000e+00
152    0.0000000e+00
153    0.0000000e+00
154    2.1600000e-11
155    0.0000000e+00
156    0.0000000e+00
157    0.0000000e+00
158    2.3200000e-14
159    0.0000000e+00
160    4.4400100e-11
161    0.0000000e+00
162    0.0000000e+00
163    0.0000000e+00
164    7.7300100e-14
165    0.0000000e+00
166    0.0000000e+00
167    0.0000000e+00
168    0.0000000e+00
169    0.0000000e+00
170    2.2900000e-13
171    0.0000000e+00
172    0.0000000e+00
