66    0.0000000e+00
67    0.0000000e+00
68    0.0000000e+00
69    0.0000000e+00
70    9.1600100e-10
71    0.0000000e+00
72    0.0000000e+00
73    0.0000000e+00
74    2.3400000e-11
75    0.0000000e+00
76    3.9700100e-08
77    0.0000000e+00
78    0.0000000e+00
79    0.0000000e+00
80    6.1500100e-09
81    0.0000000e+00
82    2.0100000e-06
83    0.0000000e+00
84    1.1900000e-11
85    0.0000000e+00
86    3.5500100e-07
87    0.0000000e+00
88    0.0000000e+00
89    0.0000000e+00
90    0.0000000e+00
91    0.0000000e+00
92    0.0000000e+00
93    0.0000000e+00
94    3.7400100e-09
95    0.0000000e+00
96    0.0000000e+00
97    0.0000000e+00
98    1.4800000e-10
99    0.0000000e+00
100    3.4700100e-07
101    0.0000000e+00
102    2.8500000e-13
103    0.0000000e+00
104    1.7300000e-08
105    0.0000000e+00
106    0.0000000e+00
107    0.0000000e+00
108    3.9900100e-10
109    0.0000000e+00
110    5.3200100e-07
111    0.0000000e+00
112    1.8500000e-12
113    0.0000000e+00
114    0.0000000e+00
115    0.0000000e+00
116    0.0000000e+00
117    0.0000000e+00
118    0.0000000e+00
119    0.0000000e+00
120    0.0000000e+00
121    0.0000000e+00
122    6.9300100e-09
123    4.2800100e-14
124    0.0000000e+00
125    0.0000000e+00
126    0.0000000e+00
127    0.0000000e+00
128    0.0000000e+00
129    0.0000000e+00
130    1.7800000e-06
131    0.0000000e+00
132    4.1300100e-12
133    0.0000000e+00
134    9.5000100e-07
135    0.0000000e+00
136    3.4418100e-04
137    2.9900000e-14
138    2.7500000e-08
139    0.0000000e+00
140    0.0000000e+00
141    0.0000000e+00
142    1.2700000e-09
143    0.0000000e+00
144    0.0000000e+00
145    0.0000000e+00
146    5.2400100e-12
147    0.0000000e+00
148    4.1600100e-08
149    0.0000000e+00
150    9.9800200e-06
151    0.0000000e+00
152    1.6600000e-10
153    0.0000000e+00
154    1.2800000e-07
155    0.0000000e+00
156    0.0000000e+00
157    0.0000000e+00
158    9.8400200e-11
159    0.0000000e+00
160    1.1000000e-07
161    0.0000000e+00
162    0.0000000e+00
163    0.0000000e+00
164    4.5200100e-10
165    0.0000000e+00
166    0.0000000e+00
167    0.0000000e+00
168    0.0000000e+00
169    0.0000000e+00
170    1.0900000e-09
171    0.0000000e+00
172    0.0000000e+00
