# header:
#   title: "Np238+n induced fission product yield"
#   source: "ENDF"
#   creator: "Shin Okumura"
#   date: 2023-07-14
#   format: "YANDF-0.1"
# endf:
#   library: "jendl4.0"
#   author: "J. KATAKURA"
#   year: 2010
# target:
#   Z: 93
#   A: 238
#   nuclide: "Np238"
# reaction:
#   type: "(n,f)"
#   Incident energy [MeV]:  5.000000e+05
# datablock:
#   quantity: "independent fission product yield"
#   columns: 4
#   entries: 1241
##   A      Z  ISO           Yield         dYield
##                           %/fission     %/fission
      1      1 0.0000000e+00 2.5398500e-05 4.0637600e-06
      1      2 0.0000000e+00 7.7620100e-06 1.1099700e-06
      1      3 0.0000000e+00 1.1073900e-04 8.8591600e-06
      2      3 0.0000000e+00 0.0000000e+00 0.0000000e+00
      2      4 0.0000000e+00 2.0284400e-03 1.2982000e-04
      2      6 0.0000000e+00 2.8326400e-05 4.1923100e-06
      2      8 0.0000000e+00 5.2953900e-07 1.3132600e-07
      3      6 0.0000000e+00 0.0000000e+00 0.0000000e+00
      3      7 0.0000000e+00 1.1684300e-06 2.2083300e-07
      3      9 0.0000000e+00 8.3157100e-07 1.9375600e-07
      4      9 0.0000000e+00 0.0000000e+00 0.0000000e+00
      4     10 0.0000000e+00 7.7000000e-06 1.2859000e-06
     23     66 0.0000000e+00 7.5954300e-20 4.8610700e-20
     24     66 0.0000000e+00 1.1811600e-14 7.5594100e-15
     24     67 0.0000000e+00 1.4686200e-15 1.1748900e-15
     24     68 0.0000000e+00 0.0000000e+00 0.0000000e+00
     24     69 0.0000000e+00 3.9244800e-18 2.5116700e-18
     24     70 0.0000000e+00 0.0000000e+00 0.0000000e+00
     25     66 0.0000000e+00 1.1311200e-11 7.2391500e-12
     25     67 0.0000000e+00 5.2551900e-12 3.3633200e-12
     25     68 0.0000000e+00 1.4814600e-12 9.4813600e-13
     25     69 0.0000000e+00 2.0119500e-13 1.2876400e-13
     25     70 0.0000000e+00 1.1511400e-14 7.3672700e-15
     25     71 0.0000000e+00 0.0000000e+00 0.0000000e+00
     25     72 0.0000000e+00 8.0460000e-18 5.1494400e-18
     25     73 0.0000000e+00 4.2792000e-19 2.7386900e-19
     26     66 0.0000000e+00 4.0339800e-10 2.5817500e-10
     26     67 0.0000000e+00 6.3262400e-10 4.0488000e-10
     26     68 0.0000000e+00 6.2862000e-10 4.0231700e-10
     26     69 0.0000000e+00 3.0129700e-10 1.9283000e-10
     26     70 0.0000000e+00 6.4163300e-11 4.1064500e-11
     26     71 0.0000000e+00 1.0009900e-11 6.4063200e-12
     26     72 0.0000000e+00 1.2512300e-12 8.0078500e-13
     26     73 0.0000000e+00 4.8747700e-14 3.1198500e-14
     26     74 0.0000000e+00 0.0000000e+00 0.0000000e+00
     26     75 0.0000000e+00 1.2476300e-16 7.9848600e-17
     26     76 0.0000000e+00 0.0000000e+00 0.0000000e+00
     27     66 0.0000000e+00 7.8377400e-10 5.0161500e-10
     27     67 0.0000000e+00 3.5435000e-09 2.2678400e-09
     27     68 0.0000000e+00 1.0710600e-08 6.8547700e-09
     27     69 0.0000000e+00 1.6216000e-08 1.0378200e-08
     27     70 0.0000000e+00 1.1811700e-08 7.5594600e-09
     27     71 0.0000000e+00 6.6165300e-09 4.2345800e-09
     27     72 0.0000000e+00 3.0430000e-09 1.9475200e-09
     27     73 0.0000000e+00 4.4443900e-10 2.8444100e-10
     27     74 0.0000000e+00 4.9548900e-11 3.1711300e-11
     27     75 0.0000000e+00 6.3961900e-12 4.0935600e-12
     27     76 0.0000000e+00 2.0119900e-13 1.2876700e-13
     27     77 0.0000000e+00 2.7942200e-15 1.7883100e-15
     27     78 0.0000000e+00 1.0298900e-16 6.5912900e-17
     28     66 0.0000000e+00 9.6295100e-11 6.1628800e-11
     28     67 0.0000000e+00 1.2712500e-09 8.1360300e-10
     28     68 0.0000000e+00 1.0910800e-08 6.9828900e-09
     28     69 0.0000000e+00 4.5044500e-08 2.8828500e-08
     28     70 0.0000000e+00 9.6495200e-08 6.1757000e-08
     28     71 0.0000000e+00 1.6816600e-07 1.0762600e-07
     28     72 0.0000000e+00 2.5625300e-07 1.6400200e-07
     28     73 0.0000000e+00 1.3012800e-07 8.3282200e-08
     28     74 0.0000000e+00 5.0950300e-08 3.2608200e-08
     28     75 0.0000000e+00 2.4324000e-08 1.5567400e-08
     28     76 0.0000000e+00 2.8928600e-09 1.8514300e-09
     28     77 0.0000000e+00 3.1831100e-10 2.0371900e-10
     28     78 0.0000000e+00 1.6015700e-11 1.0250000e-11
     28     79 0.0000000e+00 2.1867800e-13 1.3995400e-13
     28     80 0.0000000e+00 0.0000000e+00 0.0000000e+00
     28     81 0.0000000e+00 3.8854400e-16 2.4866700e-16
     28     82 0.0000000e+00 0.0000000e+00 0.0000000e+00
     29     66 0.0000000e+00 5.2251600e-13 3.3441000e-13
     29     67 0.0000000e+00 2.3723400e-11 1.5183000e-11
     29     68 0.0000000e+00 1.7598200e-10 1.1262800e-10
     29     68 1.0000000e+00 4.8066600e-10 3.0762700e-10
     29     69 0.0000000e+00 8.0579500e-09 5.1570900e-09
     29     70 0.0000000e+00 1.1071700e-08 7.0859100e-09
     29     70 1.0000000e+00 3.8577300e-08 2.4689500e-08
     29     71 0.0000000e+00 2.4223900e-07 1.5503300e-07
     29     72 0.0000000e+00 1.0510400e-06 6.7266400e-07
     29     73 0.0000000e+00 1.6015800e-06 1.0250100e-06
     29     74 0.0000000e+00 1.9319100e-06 1.2364200e-06
     29     75 0.0000000e+00 3.1330900e-06 2.0051800e-06
     29     76 0.0000000e+00 1.3112900e-06 8.3922800e-07
     29     77 0.0000000e+00 5.2752100e-07 3.3761300e-07
     29     78 0.0000000e+00 9.9398100e-08 6.3614800e-08
     29     79 0.0000000e+00 1.1210900e-08 7.1749400e-09
     29     80 0.0000000e+00 6.3762900e-10 4.0808300e-10
     29     81 0.0000000e+00 1.9919300e-11 1.2748400e-11
     29     82 0.0000000e+00 2.6125800e-13 1.6720500e-13
     29     83 0.0000000e+00 3.3477900e-15 2.1425900e-15
     29     84 0.0000000e+00 0.0000000e+00 0.0000000e+00
     30     66 0.0000000e+00 1.1544900e-16 9.2359200e-17
     30     67 0.0000000e+00 1.5915700e-14 1.0186100e-14
     30     68 0.0000000e+00 1.6015800e-12 1.0250100e-12
     30     69 0.0000000e+00 1.1267100e-11 7.2109600e-12
     30     69 1.0000000e+00 5.5799100e-11 3.5711400e-11
     30     70 0.0000000e+00 1.3913700e-09 8.9047900e-10
     30     71 0.0000000e+00 3.6256600e-09 2.3204200e-09
     30     71 1.0000000e+00 1.7955600e-08 1.1491600e-08
     30     72 0.0000000e+00 2.7927600e-07 1.7873600e-07
     30     73 0.0000000e+00 1.2112000e-06 7.7516500e-07
     30     74 0.0000000e+00 3.9739200e-06 2.5433100e-06
     30     75 0.0000000e+00 1.8568300e-05 1.1883700e-05
     30     76 0.0000000e+00 2.3863600e-05 1.5272700e-05
     30     77 0.0000000e+00 3.1240800e-05 1.9994100e-05
     30     78 0.0000000e+00 2.0250000e-05 1.2960000e-05
     30     79 0.0000000e+00 7.9078100e-06 5.0610000e-06
     30     80 0.0000000e+00 1.6616400e-06 1.0634500e-06
     30     81 0.0000000e+00 2.0220000e-07 1.2940800e-07
     30     82 0.0000000e+00 1.0810700e-08 6.9188300e-09
     30     83 0.0000000e+00 3.8137300e-10 2.4407900e-10
     30     84 0.0000000e+00 6.8567700e-12 4.3883300e-12
     30     85 0.0000000e+00 8.7861500e-14 5.6231400e-14
     30     86 0.0000000e+00 0.0000000e+00 0.0000000e+00
     31     67 0.0000000e+00 0.0000000e+00 0.0000000e+00
     31     68 0.0000000e+00 0.0000000e+00 0.0000000e+00
     31     69 0.0000000e+00 1.8818600e-14 1.2043900e-14
     31     70 0.0000000e+00 1.4514300e-12 9.2891700e-13
     31     71 0.0000000e+00 8.1180100e-11 5.1955300e-11
     31     72 0.0000000e+00 3.6536100e-09 1.6534300e-09
     31     73 0.0000000e+00 5.2251600e-08 3.3441000e-08
     31     74 0.0000000e+00 4.7145200e-07 3.0173000e-07
     31     74 1.0000000e+00 4.6058500e-08 2.9477400e-08
     31     75 0.0000000e+00 7.0669800e-06 4.5228600e-06
     31     76 0.0000000e+00 2.5545200e-05 1.6348900e-05
     31     77 0.0000000e+00 9.4363100e-05 6.0392400e-05
     31     78 0.0000000e+00 1.8002800e-04 1.1521800e-04
     31     79 0.0000000e+00 2.1365100e-04 1.3673700e-04
     31     80 0.0000000e+00 1.4892700e-04 9.5313300e-05
     31     81 0.0000000e+00 6.5584700e-05 4.1974200e-05
     31     82 0.0000000e+00 1.3663500e-05 8.7446300e-06
     31     83 0.0000000e+00 1.9219000e-06 1.2300100e-06
     31     84 0.0000000e+00 1.4514300e-07 9.2891700e-08
     31     85 0.0000000e+00 4.5043600e-09 2.8827900e-09
     31     86 0.0000000e+00 1.0510400e-10 6.7266400e-11
     31     87 0.0000000e+00 4.3143500e-13 2.7611900e-13
     31     88 0.0000000e+00 9.0115300e-15 5.7673700e-15
     31     89 0.0000000e+00 0.0000000e+00 0.0000000e+00
     32     69 0.0000000e+00 0.0000000e+00 0.0000000e+00
     32     70 0.0000000e+00 0.0000000e+00 0.0000000e+00
     32     71 0.0000000e+00 1.3066300e-14 1.0453100e-14
     32     72 0.0000000e+00 1.6716500e-12 1.0698600e-12
     32     73 0.0000000e+00 7.3038500e-11 4.6744600e-11
     32     73 1.0000000e+00 1.4748200e-11 9.4388200e-12
     32     74 0.0000000e+00 3.0029600e-09 1.9219000e-09
     32     75 0.0000000e+00 1.6512700e-08 1.0568100e-08
     32     75 1.0000000e+00 1.2342500e-07 7.8992300e-08
     32     76 0.0000000e+00 1.6416200e-06 1.0506400e-06
     32     77 0.0000000e+00 1.6191900e-05 1.0362800e-05
     32     77 1.0000000e+00 2.1662600e-06 1.3864100e-06
     32     78 0.0000000e+00 1.0051900e-04 6.4332300e-05
     32     79 0.0000000e+00 3.8385500e-05 2.4566800e-05
     32     79 1.0000000e+00 2.8691600e-04 1.8362700e-04
     32     80 0.0000000e+00 6.4676800e-04 4.1393200e-04
     32     81 0.0000000e+00 6.1005700e-04 3.9043600e-04
     32     81 1.0000000e+00 1.4678600e-04 1.1742900e-04
     32     82 0.0000000e+00 6.2741900e-04 4.0154800e-04
     32     83 0.0000000e+00 3.2108700e-04 2.0549600e-04
     32     84 0.0000000e+00 9.5864600e-05 6.1353400e-05
     32     85 0.0000000e+00 1.2142000e-05 7.7708700e-06
     32     86 0.0000000e+00 1.1511400e-06 7.3672700e-07
     32     87 0.0000000e+00 4.9148100e-08 3.1454700e-08
     32     88 0.0000000e+00 1.4013700e-09 8.9687900e-10
     32     89 0.0000000e+00 8.8837800e-12 5.6856200e-12
     32     90 0.0000000e+00 2.5006600e-13 1.6004200e-13
     32     91 0.0000000e+00 1.8917800e-14 1.2107400e-14
     33     72 0.0000000e+00 0.0000000e+00 0.0000000e+00
     33     73 0.0000000e+00 0.0000000e+00 0.0000000e+00
     33     74 0.0000000e+00 5.7656900e-13 2.8702600e-13
     33     75 0.0000000e+00 1.0009900e-10 6.4063200e-11
     33     76 0.0000000e+00 4.2742200e-09 2.7355000e-09
     33     77 0.0000000e+00 1.6816600e-07 1.0762600e-07
     33     78 0.0000000e+00 3.0930500e-06 1.9795500e-06
     33     79 0.0000000e+00 3.0720300e-05 1.9661000e-05
     33     80 0.0000000e+00 1.8137900e-04 1.1608300e-04
     33     81 0.0000000e+00 7.1968000e-04 4.6059600e-04
     33     82 0.0000000e+00 3.3889800e-04 2.1689400e-04
     33     82 1.0000000e+00 1.1808200e-03 7.5572600e-04
     33     83 0.0000000e+00 2.3963400e-03 1.5336500e-03
     33     84 0.0000000e+00 2.0925900e-03 1.3392600e-03
     33     84 1.0000000e+00 3.4065400e-04 2.1801900e-04
     33     85 0.0000000e+00 1.1261600e-03 7.2074300e-04
     33     86 0.0000000e+00 3.9800300e-04 2.5472100e-04
     33     87 0.0000000e+00 6.8707800e-05 4.3973000e-05
     33     88 0.0000000e+00 7.5874900e-06 4.8559900e-06
     33     89 0.0000000e+00 4.5544100e-07 2.9148200e-07
     33     90 0.0000000e+00 9.3912400e-09 6.0103900e-09
     33     91 0.0000000e+00 9.6984800e-10 6.2070300e-10
     33     92 0.0000000e+00 9.7195700e-13 6.2205200e-13
     33     93 0.0000000e+00 1.1946500e-13 7.6457600e-14
     33     94 0.0000000e+00 0.0000000e+00 0.0000000e+00
     33     95 0.0000000e+00 0.0000000e+00 0.0000000e+00
     34     74 0.0000000e+00 0.0000000e+00 0.0000000e+00
     34     75 0.0000000e+00 0.0000000e+00 0.0000000e+00
     34     76 0.0000000e+00 3.5435000e-13 2.2678400e-13
     34     77 0.0000000e+00 6.2141100e-12 3.9770300e-12
     34     77 1.0000000e+00 4.6447900e-11 2.9726600e-11
     34     78 0.0000000e+00 3.5735300e-09 2.2870600e-09
     34     79 0.0000000e+00 1.0929900e-07 6.9951700e-08
     34     79 1.0000000e+00 1.4622800e-08 9.3586100e-09
     34     80 0.0000000e+00 2.5325000e-06 1.6208000e-06
     34     81 0.0000000e+00 4.0242300e-06 2.5755100e-06
     34     81 1.0000000e+00 3.0079400e-05 1.9250800e-05
     34     82 0.0000000e+00 2.3526200e-04 1.5056800e-04
     34     83 0.0000000e+00 9.4551100e-04 6.0512700e-04
     34     83 1.0000000e+00 1.9092100e-04 1.2218900e-04
     34     84 0.0000000e+00 3.4302300e-03 2.1953500e-03
     34     85 0.0000000e+00 5.0138400e-03 2.2690200e-03
     34     86 0.0000000e+00 5.6686400e-03 3.6279300e-03
     34     87 0.0000000e+00 3.4675900e-03 2.2192600e-03
     34     88 0.0000000e+00 1.3545500e-03 8.6691000e-04
     34     89 0.0000000e+00 3.2134700e-04 2.0566200e-04
     34     90 0.0000000e+00 4.3783800e-05 2.8021700e-05
     34     91 0.0000000e+00 3.3123000e-06 2.1198700e-06
     34     92 0.0000000e+00 1.5114800e-07 9.6734900e-08
     34     93 0.0000000e+00 1.3609100e-08 8.7098700e-09
     34     94 0.0000000e+00 6.8167300e-11 4.3627100e-11
     34     95 0.0000000e+00 6.2754300e-13 4.0162700e-13
     34     96 0.0000000e+00 0.0000000e+00 0.0000000e+00
     35     77 0.0000000e+00 0.0000000e+00 0.0000000e+00
     35     77 1.0000000e+00 0.0000000e+00 0.0000000e+00
     35     78 0.0000000e+00 1.2712500e-13 8.1360300e-14
     35     79 0.0000000e+00 3.3870500e-12 2.1677100e-12
     35     79 1.0000000e+00 1.2818900e-11 8.2041200e-12
     35     80 0.0000000e+00 2.7679300e-10 1.7714800e-10
     35     80 1.0000000e+00 9.6443200e-10 6.1723700e-10
     35     81 0.0000000e+00 6.3462600e-08 4.0616100e-08
     35     82 0.0000000e+00 1.2148600e-06 7.7750700e-07
     35     82 1.0000000e+00 4.4478300e-07 2.8466100e-07
     35     83 0.0000000e+00 2.8998600e-05 1.8559100e-05
     35     84 0.0000000e+00 1.0091400e-04 6.4585200e-05
     35     84 1.0000000e+00 2.1151400e-04 1.3536900e-04
     35     85 0.0000000e+00 1.4500800e-03 9.2805200e-04
     35     86 0.0000000e+00 4.8904000e-03 2.2131400e-03
     35     87 0.0000000e+00 8.9346600e-03 5.7181800e-03
     35     88 0.0000000e+00 1.0712100e-02 3.4278600e-03
     35     89 0.0000000e+00 8.6757700e-03 5.5524900e-03
     35     90 0.0000000e+00 4.0629400e-03 2.6002900e-03
     35     91 0.0000000e+00 1.1502300e-03 7.3614500e-04
     35     92 0.0000000e+00 1.9675400e-04 1.2592200e-04
     35     93 0.0000000e+00 2.0917000e-05 1.3386900e-05
     35     94 0.0000000e+00 1.3513300e-06 8.6485400e-07
     35     95 0.0000000e+00 3.2172000e-08 2.0590100e-08
     35     96 0.0000000e+00 9.8897600e-10 6.3294500e-10
     35     97 0.0000000e+00 3.8047200e-12 2.4350100e-12
     35     98 0.0000000e+00 7.2735900e-14 4.6550900e-14
     35     99 0.0000000e+00 0.0000000e+00 0.0000000e+00
     35    100 0.0000000e+00 0.0000000e+00 0.0000000e+00
     36     79 0.0000000e+00 0.0000000e+00 0.0000000e+00
     36     79 1.0000000e+00 0.0000000e+00 0.0000000e+00
     36     80 0.0000000e+00 1.8218000e-14 1.1659500e-14
     36     81 0.0000000e+00 3.2613300e-12 2.0872500e-12
     36     81 1.0000000e+00 4.3632300e-13 2.7924700e-13
     36     82 0.0000000e+00 3.9338800e-10 2.5176900e-10
     36     83 0.0000000e+00 2.2769400e-08 1.4572400e-08
     36     83 1.0000000e+00 4.5976600e-09 2.9425000e-09
     36     84 0.0000000e+00 1.1811700e-06 7.5594600e-07
     36     85 0.0000000e+00 1.7406000e-05 1.1139800e-05
     36     85 1.0000000e+00 3.5146700e-06 2.2493900e-06
     36     86 0.0000000e+00 2.4645300e-04 1.5773000e-04
     36     87 0.0000000e+00 1.5206300e-03 9.7320400e-04
     36     88 0.0000000e+00 5.2975000e-03 3.3904000e-03
     36     89 0.0000000e+00 1.3046800e-02 4.1749800e-03
     36     90 0.0000000e+00 1.8090400e-02 5.7889100e-03
     36     91 0.0000000e+00 1.6380600e-02 5.2417700e-03
     36     92 0.0000000e+00 9.3199000e-03 5.9647400e-03
     36     93 0.0000000e+00 3.4972100e-03 2.2382200e-03
     36     94 0.0000000e+00 8.3030000e-04 5.3139200e-04
     36     95 0.0000000e+00 1.0987600e-04 7.0320800e-05
     36     96 0.0000000e+00 8.7086000e-06 5.5735000e-06
     36     97 0.0000000e+00 4.3342400e-07 2.7739200e-07
     36     98 0.0000000e+00 1.1311100e-08 7.2391000e-09
     36     99 0.0000000e+00 8.5307100e-12 5.4596500e-12
     36    100 0.0000000e+00 2.1521200e-12 1.3773600e-12
     36    101 0.0000000e+00 9.8360900e-14 6.2950900e-14
     36    102 0.0000000e+00 0.0000000e+00 0.0000000e+00
     37     81 0.0000000e+00 0.0000000e+00 0.0000000e+00
     37     81 1.0000000e+00 0.0000000e+00 0.0000000e+00
     37     82 0.0000000e+00 0.0000000e+00 0.0000000e+00
     37     82 1.0000000e+00 0.0000000e+00 0.0000000e+00
     37     83 0.0000000e+00 7.8677700e-13 5.0353700e-13
     37     84 0.0000000e+00 1.4933800e-11 9.5576300e-12
     37     84 1.0000000e+00 1.3792700e-10 1.1034200e-10
     37     85 0.0000000e+00 1.0610500e-08 6.7907000e-09
     37     86 0.0000000e+00 1.5842600e-07 1.0139300e-07
     37     86 1.0000000e+00 3.3205800e-07 2.1251700e-07
     37     87 0.0000000e+00 1.2081900e-05 7.7324300e-06
     37     88 0.0000000e+00 1.4579400e-04 9.3308100e-05
     37     89 0.0000000e+00 1.2475100e-03 7.9840700e-04
     37     90 0.0000000e+00 8.9464400e-04 5.7257200e-04
     37     90 1.0000000e+00 4.3371900e-03 2.7758000e-03
     37     91 0.0000000e+00 1.4140600e-02 4.5249700e-03
     37     92 0.0000000e+00 2.3192400e-02 7.4215600e-03
     37     93 0.0000000e+00 2.6102600e-02 8.3528300e-03
     37     94 0.0000000e+00 1.9821300e-02 6.3427900e-03
     37     95 0.0000000e+00 8.6764600e-03 5.5529400e-03
     37     96 0.0000000e+00 2.4729700e-03 1.5827000e-03
     37     97 0.0000000e+00 4.4483900e-04 2.8469700e-04
     37     98 0.0000000e+00 4.4584000e-05 2.8533800e-05
     37     99 0.0000000e+00 4.3734000e-07 2.7989700e-07
     37    100 0.0000000e+00 1.2212100e-07 7.8157200e-08
     37    101 0.0000000e+00 5.0426300e-09 3.2272800e-09
     37    102 0.0000000e+00 5.9797900e-12 3.8270700e-12
     37    103 0.0000000e+00 4.3798000e-13 2.8030800e-13
     37    104 0.0000000e+00 2.7549500e-15 1.7631700e-15
     37    105 0.0000000e+00 0.0000000e+00 0.0000000e+00
     38     83 0.0000000e+00 0.0000000e+00 0.0000000e+00
     38     84 0.0000000e+00 0.0000000e+00 0.0000000e+00
     38     85 0.0000000e+00 1.3491700e-13 8.6347000e-14
     38     85 1.0000000e+00 2.7242900e-14 1.7435400e-14
     38     86 0.0000000e+00 3.0730300e-11 1.9667400e-11
     38     87 0.0000000e+00 2.6392100e-09 1.6891000e-09
     38     87 1.0000000e+00 5.3291800e-10 3.4106800e-10
     38     88 0.0000000e+00 1.4714500e-07 9.4173000e-08
     38     89 0.0000000e+00 5.0249600e-06 3.2159700e-06
     38     90 0.0000000e+00 7.5474500e-05 4.8303700e-05
     38     91 0.0000000e+00 7.1226300e-04 4.5584800e-04
     38     92 0.0000000e+00 3.6939900e-03 2.3641500e-03
     38     93 0.0000000e+00 1.2270100e-02 3.9264300e-03
     38     94 0.0000000e+00 2.6926700e-02 8.6165300e-03
     38     95 0.0000000e+00 3.3582700e-02 1.0746500e-02
     38     96 0.0000000e+00 2.9465600e-02 9.4289900e-03
     38     97 0.0000000e+00 1.6907100e-02 5.4102500e-03
     38     98 0.0000000e+00 5.9181200e-03 3.7876000e-03
     38     99 0.0000000e+00 1.4936300e-03 9.5592800e-04
     38    100 0.0000000e+00 2.1070800e-04 1.3485300e-04
     38    101 0.0000000e+00 1.7222000e-05 1.1022100e-05
     38    102 0.0000000e+00 9.2991200e-07 5.9514300e-07
     38    103 0.0000000e+00 4.9893700e-08 3.1932000e-08
     38    104 0.0000000e+00 4.2842000e-10 2.7418900e-10
     38    105 0.0000000e+00 1.1778100e-12 7.5380200e-13
     38    106 0.0000000e+00 8.8480300e-14 5.6627400e-14
     38    107 0.0000000e+00 0.0000000e+00 0.0000000e+00
     39     86 0.0000000e+00 0.0000000e+00 0.0000000e+00
     39     86 1.0000000e+00 0.0000000e+00 0.0000000e+00
     39     87 0.0000000e+00 6.9499600e-16 4.4479800e-16
     39     87 1.0000000e+00 0.0000000e+00 0.0000000e+00
     39     88 0.0000000e+00 4.5444900e-12 2.9084700e-12
     39     89 0.0000000e+00 1.1048500e-10 7.0710400e-11
     39     89 1.0000000e+00 5.4716400e-10 3.5018500e-10
     39     90 0.0000000e+00 1.4338400e-08 9.1765500e-09
     39     90 1.0000000e+00 2.3999500e-08 1.5359700e-08
     39     91 0.0000000e+00 2.3879600e-07 1.5282900e-07
     39     91 1.0000000e+00 1.1826100e-06 7.5686900e-07
     39     92 0.0000000e+00 2.6986600e-05 1.7271400e-05
     39     93 0.0000000e+00 2.7862500e-04 1.7832100e-04
     39     93 1.0000000e+00 3.7276400e-05 2.3857000e-05
     39     94 0.0000000e+00 2.2712400e-03 1.4535900e-03
     39     95 0.0000000e+00 8.4415300e-03 5.4025800e-03
     39     96 0.0000000e+00 1.9239700e-03 1.2313400e-03
     39     96 1.0000000e+00 1.9693600e-02 6.3019600e-03
     39     97 0.0000000e+00 5.8369400e-03 3.7356400e-03
     39     97 1.0000000e+00 2.8906800e-02 1.8500300e-02
     39     98 0.0000000e+00 4.8776500e-03 1.5608500e-03
     39     98 1.0000000e+00 3.1253100e-02 1.0001000e-02
     39     99 0.0000000e+00 2.7948300e-02 8.9434600e-03
     39    100 0.0000000e+00 2.3456300e-04 7.5060000e-05
     39    100 1.0000000e+00 1.0980400e-02 8.7842800e-03
     39    101 0.0000000e+00 3.7487000e-03 2.3991700e-03
     39    102 0.0000000e+00 7.2673700e-04 4.6511200e-04
     39    103 0.0000000e+00 7.6685900e-05 4.9078900e-05
     39    104 0.0000000e+00 4.9949300e-06 3.1967600e-06
     39    105 0.0000000e+00 6.0382600e-08 3.8644800e-08
     39    106 0.0000000e+00 3.3228900e-09 2.1266500e-09
     39    107 0.0000000e+00 0.0000000e+00 0.0000000e+00
     39    108 0.0000000e+00 0.0000000e+00 0.0000000e+00
     39    109 0.0000000e+00 0.0000000e+00 0.0000000e+00
     40     88 0.0000000e+00 0.0000000e+00 0.0000000e+00
     40     89 0.0000000e+00 0.0000000e+00 0.0000000e+00
     40     89 1.0000000e+00 0.0000000e+00 0.0000000e+00
     40     90 0.0000000e+00 9.9791500e-14 6.3866600e-14
     40     90 1.0000000e+00 4.8378500e-13 3.0962200e-13
     40     91 0.0000000e+00 8.8787600e-11 5.6824100e-11
     40     92 0.0000000e+00 6.6165300e-09 4.2345800e-09
     40     93 0.0000000e+00 2.9729300e-07 1.9026800e-07
     40     94 0.0000000e+00 8.0079000e-06 5.1250600e-06
     40     95 0.0000000e+00 1.0368200e-04 6.6356700e-05
     40     96 0.0000000e+00 9.0633500e-04 5.8005500e-04
     40     97 0.0000000e+00 4.5236700e-03 2.8951500e-03
     40     98 0.0000000e+00 1.4110800e-02 4.5154700e-03
     40     99 0.0000000e+00 3.0716100e-02 9.8291700e-03
     40    100 0.0000000e+00 3.9969200e-02 1.2790100e-02
     40    101 0.0000000e+00 3.5333500e-02 1.1306700e-02
     40    102 0.0000000e+00 2.1531000e-02 6.8899000e-03
     40    103 0.0000000e+00 7.8461700e-03 5.0215600e-03
     40    104 0.0000000e+00 1.8565500e-03 1.1881900e-03
     40    105 0.0000000e+00 2.0622400e-04 1.3198300e-04
     40    106 0.0000000e+00 1.5492000e-05 9.9148700e-06
     40    107 0.0000000e+00 9.6331900e-13 6.1652400e-13
     40    108 0.0000000e+00 1.6516300e-13 1.0570400e-13
     40    109 0.0000000e+00 2.9056000e-15 1.8595900e-15
     40    110 0.0000000e+00 0.0000000e+00 0.0000000e+00
     40    111 0.0000000e+00 3.2997900e-17 2.1118600e-17
     40    112 0.0000000e+00 3.5780800e-14 2.2899700e-14
     41     90 0.0000000e+00 0.0000000e+00 0.0000000e+00
     41     91 0.0000000e+00 0.0000000e+00 0.0000000e+00
     41     91 1.0000000e+00 0.0000000e+00 0.0000000e+00
     41     92 0.0000000e+00 1.8711000e-14 1.1975000e-14
     41     92 1.0000000e+00 0.0000000e+00 0.0000000e+00
     41     93 0.0000000e+00 7.1372900e-12 4.5678600e-12
     41     93 1.0000000e+00 1.4411800e-12 9.2235700e-13
     41     94 0.0000000e+00 5.6959600e-10 3.6454200e-10
     41     94 1.0000000e+00 3.4030200e-10 2.1779300e-10
     41     95 0.0000000e+00 3.6827400e-08 2.3569500e-08
     41     95 1.0000000e+00 7.4363000e-09 4.7592300e-09
     41     96 0.0000000e+00 1.4714500e-06 9.4173000e-07
     41     97 0.0000000e+00 2.1819900e-05 1.3964800e-05
     41     97 1.0000000e+00 4.4059500e-06 2.8198100e-06
     41     98 0.0000000e+00 2.2823800e-04 1.4607200e-04
     41     98 1.0000000e+00 6.1037100e-05 3.9063800e-05
     41     99 0.0000000e+00 1.6900800e-03 1.0816500e-03
     41     99 1.0000000e+00 3.4126600e-04 2.1841100e-04
     41    100 0.0000000e+00 1.3677600e-03 8.7536500e-04
     41    100 1.0000000e+00 6.6308400e-03 4.2437300e-03
     41    101 0.0000000e+00 2.0832500e-02 6.6664000e-03
     41    102 0.0000000e+00 7.9318200e-03 5.0763400e-03
     41    102 1.0000000e+00 2.7636900e-02 1.7687500e-02
     41    103 0.0000000e+00 3.8146100e-02 1.2206700e-02
     41    104 0.0000000e+00 6.2702200e-03 4.0129300e-03
     41    104 1.0000000e+00 2.1847300e-02 1.3982300e-02
     41    105 0.0000000e+00 1.0411900e-02 3.3317900e-03
     41    106 0.0000000e+00 2.8582400e-03 1.8292800e-03
     41    107 0.0000000e+00 1.2942800e-05 8.2833800e-06
     41    108 0.0000000e+00 9.9298000e-07 6.3550700e-07
     41    109 0.0000000e+00 3.9038500e-08 2.4984700e-08
     41    110 0.0000000e+00 9.2491300e-10 5.9194400e-10
     41    111 0.0000000e+00 4.4334700e-10 2.8374200e-10
     41    112 0.0000000e+00 1.3437600e-09 8.6000200e-10
     41    113 0.0000000e+00 1.4463500e-10 9.2566200e-11
     41    114 0.0000000e+00 7.9172700e-15 5.0670500e-15
     41    115 0.0000000e+00 1.4757000e-15 9.4444500e-16
     42     92 0.0000000e+00 0.0000000e+00 0.0000000e+00
     42     93 0.0000000e+00 0.0000000e+00 0.0000000e+00
     42     93 1.0000000e+00 0.0000000e+00 0.0000000e+00
     42     94 0.0000000e+00 0.0000000e+00 0.0000000e+00
     42     95 0.0000000e+00 5.6455700e-13 3.6131700e-13
     42     96 0.0000000e+00 7.4573600e-11 4.7727100e-11
     42     97 0.0000000e+00 5.0349700e-09 3.2223800e-09
     42     98 0.0000000e+00 2.1421100e-07 1.3709500e-07
     42     99 0.0000000e+00 5.4754000e-06 3.5042600e-06
     42    100 0.0000000e+00 7.5804800e-05 4.8515100e-05
     42    101 0.0000000e+00 6.8237400e-04 4.3671900e-04
     42    102 0.0000000e+00 3.6681000e-03 2.3475900e-03
     42    103 0.0000000e+00 1.1957500e-02 3.8264200e-03
     42    104 0.0000000e+00 2.5554600e-02 8.1774900e-03
     42    105 0.0000000e+00 2.7384400e-02 8.7630100e-03
     42    106 0.0000000e+00 2.3284300e-02 7.4509900e-03
     42    107 0.0000000e+00 8.2818300e-03 5.3003700e-03
     42    108 0.0000000e+00 2.6808400e-03 1.7157300e-03
     42    109 0.0000000e+00 5.0422800e-04 3.2270600e-04
     42    110 0.0000000e+00 6.4003200e-05 4.0962000e-05
     42    111 0.0000000e+00 5.5550400e-06 3.5552300e-06
     42    112 0.0000000e+00 6.2648400e-06 4.0095000e-06
     42    113 0.0000000e+00 4.9396800e-07 3.1613900e-07
     42    114 0.0000000e+00 1.2312100e-09 7.8797300e-10
     42    115 0.0000000e+00 1.6810800e-10 1.0758900e-10
     42    116 0.0000000e+00 5.8557800e-14 3.7477000e-14
     42    117 0.0000000e+00 1.2173600e-15 7.7911400e-16
     43     95 0.0000000e+00 0.0000000e+00 0.0000000e+00
     43     95 1.0000000e+00 0.0000000e+00 0.0000000e+00
     43     96 0.0000000e+00 0.0000000e+00 0.0000000e+00
     43     96 1.0000000e+00 0.0000000e+00 0.0000000e+00
     43     97 0.0000000e+00 2.3568900e-14 1.5084100e-14
     43     97 1.0000000e+00 4.7591000e-15 3.0458200e-15
     43     98 0.0000000e+00 4.8247600e-12 3.0878500e-12
     43     99 0.0000000e+00 3.9134300e-10 2.5046000e-10
     43     99 1.0000000e+00 7.9021200e-11 5.0573600e-11
     43    100 0.0000000e+00 2.4524200e-08 1.5695500e-08
     43    101 0.0000000e+00 8.4483400e-07 5.4069400e-07
     43    102 0.0000000e+00 2.7900500e-06 1.7856300e-06
     43    102 1.0000000e+00 1.3526100e-05 8.6566700e-06
     43    103 0.0000000e+00 1.8980700e-04 1.2147700e-04
     43    104 0.0000000e+00 1.3691600e-03 8.7626300e-04
     43    105 0.0000000e+00 4.6207000e-03 2.9572500e-03
     43    106 0.0000000e+00 1.1978900e-02 3.8332600e-03
     43    107 0.0000000e+00 1.5993500e-02 5.1179300e-03
     43    108 0.0000000e+00 1.3384300e-02 4.2829800e-03
     43    109 0.0000000e+00 7.5530500e-03 3.3988800e-03
     43    110 0.0000000e+00 3.4902700e-03 2.2337600e-03
     43    111 0.0000000e+00 1.1805300e-03 7.5553600e-04
     43    112 0.0000000e+00 3.1604200e-04 2.0226700e-04
     43    113 0.0000000e+00 2.6492600e-05 1.6955200e-05
     43    114 0.0000000e+00 2.2622300e-06 1.4478300e-06
     43    115 0.0000000e+00 2.5837900e-07 1.6536200e-07
     43    116 0.0000000e+00 2.5124800e-09 1.6079900e-09
     43    117 0.0000000e+00 6.2410200e-11 3.9942500e-11
     43    118 0.0000000e+00 4.9177100e-14 3.1473400e-14
     43    119 0.0000000e+00 1.3795400e-15 8.8290400e-16
     43    120 0.0000000e+00 0.0000000e+00 0.0000000e+00
     44     98 0.0000000e+00 0.0000000e+00 0.0000000e+00
     44     99 0.0000000e+00 0.0000000e+00 0.0000000e+00
     44    100 0.0000000e+00 2.3523200e-13 1.5054900e-13
     44    101 0.0000000e+00 3.2231800e-11 2.0628400e-11
     44    102 0.0000000e+00 2.3723400e-09 1.5183000e-09
     44    103 0.0000000e+00 1.0710600e-07 6.8547700e-08
     44    104 0.0000000e+00 2.9128800e-06 1.8642400e-06
     44    105 0.0000000e+00 3.6005500e-05 2.3043500e-05
     44    106 0.0000000e+00 3.3581100e-04 2.1491900e-04
     44    107 0.0000000e+00 1.7745500e-04 1.1357100e-04
     44    108 0.0000000e+00 5.0653000e-04 3.2417900e-04
     44    109 0.0000000e+00 2.3991100e-04 1.5354300e-04
     44    109 1.0000000e+00 6.7229900e-04 4.3027100e-04
     44    110 0.0000000e+00 1.2485300e-03 7.9906100e-04
     44    111 0.0000000e+00 1.1041700e-03 7.0666900e-04
     44    112 0.0000000e+00 8.3142100e-04 5.3210900e-04
     44    113 0.0000000e+00 3.6259800e-04 2.3206300e-04
     44    114 0.0000000e+00 1.4742600e-04 9.4352300e-05
     44    115 0.0000000e+00 3.0792100e-05 1.9707000e-05
     44    116 0.0000000e+00 3.2832400e-06 2.1012700e-06
     44    117 0.0000000e+00 2.1314800e-07 1.3641500e-07
     44    118 0.0000000e+00 7.6475000e-09 4.8944000e-09
     44    119 0.0000000e+00 1.5715400e-10 1.0057800e-10
     44    120 0.0000000e+00 1.8117900e-12 1.1595400e-12
     44    121 0.0000000e+00 1.5151300e-14 9.6967900e-15
     44    122 0.0000000e+00 0.0000000e+00 0.0000000e+00
     44    123 0.0000000e+00 0.0000000e+00 0.0000000e+00
     44    124 0.0000000e+00 0.0000000e+00 0.0000000e+00
     45    100 0.0000000e+00 0.0000000e+00 0.0000000e+00
     45    100 1.0000000e+00 0.0000000e+00 0.0000000e+00
     45    101 0.0000000e+00 0.0000000e+00 0.0000000e+00
     45    101 1.0000000e+00 0.0000000e+00 0.0000000e+00
     45    102 0.0000000e+00 0.0000000e+00 0.0000000e+00
     45    102 1.0000000e+00 0.0000000e+00 0.0000000e+00
     45    103 0.0000000e+00 2.1343700e-13 1.3659900e-13
     45    103 1.0000000e+00 1.5953500e-12 1.0210200e-12
     45    104 0.0000000e+00 4.3751200e-11 2.8000800e-11
     45    104 1.0000000e+00 1.5244200e-10 9.7563200e-11
     45    105 0.0000000e+00 8.3431400e-09 5.3396100e-09
     45    105 1.0000000e+00 1.1162000e-09 7.1436900e-10
     45    106 0.0000000e+00 9.3892700e-08 6.0091300e-08
     45    106 1.0000000e+00 2.5645300e-07 1.6413000e-07
     45    107 0.0000000e+00 1.3813600e-09 8.8407300e-10
     45    108 0.0000000e+00 4.1072500e-09 2.6286400e-09
     45    108 1.0000000e+00 1.4310900e-08 9.1589900e-09
     45    109 0.0000000e+00 1.6155900e-07 7.3113500e-08
     45    110 0.0000000e+00 1.8931300e-07 1.2116000e-07
     45    110 1.0000000e+00 9.1778000e-07 5.8737900e-07
     45    111 0.0000000e+00 4.2542000e-06 2.7226900e-06
     45    112 0.0000000e+00 1.4025800e-04 8.9765400e-05
     45    113 0.0000000e+00 2.9610200e-04 1.8950500e-04
     45    114 0.0000000e+00 4.8397800e-04 3.0974600e-04
     45    115 0.0000000e+00 3.8163700e-04 2.4424700e-04
     45    116 0.0000000e+00 1.5562400e-04 9.9599100e-05
     45    117 0.0000000e+00 4.2091500e-05 2.6938600e-05
     45    118 0.0000000e+00 6.3963100e-06 4.0936400e-06
     45    119 0.0000000e+00 5.5955200e-07 3.5811400e-07
     45    120 0.0000000e+00 2.8027700e-08 1.7937700e-08
     45    121 0.0000000e+00 7.7675200e-10 4.9712100e-10
     45    122 0.0000000e+00 1.1711600e-11 7.4954000e-12
     45    123 0.0000000e+00 1.1411300e-13 7.3032100e-14
     45    124 0.0000000e+00 0.0000000e+00 0.0000000e+00
     45    125 0.0000000e+00 0.0000000e+00 0.0000000e+00
     45    126 0.0000000e+00 0.0000000e+00 0.0000000e+00
     45    127 0.0000000e+00 0.0000000e+00 0.0000000e+00
     45    128 0.0000000e+00 0.0000000e+00 0.0000000e+00
     46    102 0.0000000e+00 0.0000000e+00 0.0000000e+00
     46    103 0.0000000e+00 0.0000000e+00 0.0000000e+00
     46    104 0.0000000e+00 0.0000000e+00 0.0000000e+00
     46    105 0.0000000e+00 7.3372400e-14 4.6958400e-14
     46    106 0.0000000e+00 1.1211100e-11 7.1750800e-12
     46    107 0.0000000e+00 0.0000000e+00 0.0000000e+00
     46    107 1.0000000e+00 0.0000000e+00 0.0000000e+00
     46    108 0.0000000e+00 0.0000000e+00 0.0000000e+00
     46    109 0.0000000e+00 0.0000000e+00 0.0000000e+00
     46    109 1.0000000e+00 0.0000000e+00 0.0000000e+00
     46    110 0.0000000e+00 4.7847200e-13 3.0622200e-13
     46    111 0.0000000e+00 2.9921000e-12 1.9149500e-12
     46    111 1.0000000e+00 6.5673300e-12 4.2030900e-12
     46    112 0.0000000e+00 1.0910800e-06 6.9828900e-07
     46    113 0.0000000e+00 1.4033900e-05 8.9816700e-06
     46    114 0.0000000e+00 1.0249100e-04 6.5594400e-05
     46    115 0.0000000e+00 2.8732400e-04 1.8388800e-04
     46    116 0.0000000e+00 3.8745200e-04 2.4797000e-04
     46    117 0.0000000e+00 3.6345900e-04 2.3261400e-04
     46    118 0.0000000e+00 2.0168900e-04 1.2908100e-04
     46    119 0.0000000e+00 6.7376500e-05 4.3121000e-05
     46    120 0.0000000e+00 1.3633500e-05 8.7254100e-06
     46    121 0.0000000e+00 1.5815600e-06 1.0122000e-06
     46    122 0.0000000e+00 1.0310200e-07 6.5985100e-08
     46    123 0.0000000e+00 4.2441900e-09 2.7162800e-09
     46    124 0.0000000e+00 9.0689500e-11 5.8041300e-11
     46    125 0.0000000e+00 0.0000000e+00 0.0000000e+00
     46    126 0.0000000e+00 0.0000000e+00 0.0000000e+00
     46    127 0.0000000e+00 0.0000000e+00 0.0000000e+00
     46    128 0.0000000e+00 0.0000000e+00 0.0000000e+00
     46    129 0.0000000e+00 0.0000000e+00 0.0000000e+00
     46    130 0.0000000e+00 0.0000000e+00 0.0000000e+00
     46    131 0.0000000e+00 0.0000000e+00 0.0000000e+00
     47    105 0.0000000e+00 0.0000000e+00 0.0000000e+00
     47    105 1.0000000e+00 0.0000000e+00 0.0000000e+00
     47    106 0.0000000e+00 0.0000000e+00 0.0000000e+00
     47    106 1.0000000e+00 0.0000000e+00 0.0000000e+00
     47    107 0.0000000e+00 0.0000000e+00 0.0000000e+00
     47    107 1.0000000e+00 0.0000000e+00 0.0000000e+00
     47    108 0.0000000e+00 0.0000000e+00 0.0000000e+00
     47    108 1.0000000e+00 0.0000000e+00 0.0000000e+00
     47    109 0.0000000e+00 0.0000000e+00 0.0000000e+00
     47    109 1.0000000e+00 0.0000000e+00 0.0000000e+00
     47    110 0.0000000e+00 0.0000000e+00 0.0000000e+00
     47    110 1.0000000e+00 0.0000000e+00 0.0000000e+00
     47    111 0.0000000e+00 0.0000000e+00 0.0000000e+00
     47    111 1.0000000e+00 0.0000000e+00 0.0000000e+00
     47    112 0.0000000e+00 2.8728400e-10 1.8386100e-10
     47    113 0.0000000e+00 3.0745700e-09 1.9677300e-09
     47    113 1.0000000e+00 2.2981100e-08 1.4707900e-08
     47    114 0.0000000e+00 1.0410300e-06 6.6625800e-07
     47    115 0.0000000e+00 1.4646500e-06 9.3737300e-07
     47    115 1.0000000e+00 1.0947600e-05 7.0064700e-06
     47    116 0.0000000e+00 1.6541200e-05 1.0586400e-05
     47    116 1.0000000e+00 4.5179700e-05 2.8915000e-05
     47    117 0.0000000e+00 2.3302000e-05 1.4913300e-05
     47    117 1.0000000e+00 1.7417300e-04 1.1147100e-04
     47    118 0.0000000e+00 6.0162500e-05 3.8504100e-05
     47    118 1.0000000e+00 2.9166500e-04 1.8666600e-04
     47    119 0.0000000e+00 3.7759300e-04 2.4166000e-04
     47    120 0.0000000e+00 9.8294500e-05 6.2908500e-05
     47    120 1.0000000e+00 1.6452500e-04 1.0529600e-04
     47    121 0.0000000e+00 1.1368200e-04 7.2756600e-05
     47    122 0.0000000e+00 2.9238900e-05 1.3232000e-05
     47    123 0.0000000e+00 4.8347700e-06 3.0942500e-06
     47    124 0.0000000e+00 4.4043500e-07 2.8187800e-07
     47    125 0.0000000e+00 8.6885800e-12 5.5606900e-12
     47    126 0.0000000e+00 9.4693500e-13 6.0603800e-13
     47    127 0.0000000e+00 7.1870900e-14 4.5997400e-14
     47    128 0.0000000e+00 0.0000000e+00 0.0000000e+00
     47    129 0.0000000e+00 4.9622200e-16 3.1758200e-16
     47    130 0.0000000e+00 0.0000000e+00 0.0000000e+00
     47    131 0.0000000e+00 4.6131000e-12 2.9523800e-12
     47    132 0.0000000e+00 1.0878200e-13 6.9620400e-14
     47    133 0.0000000e+00 0.0000000e+00 0.0000000e+00
     48    108 0.0000000e+00 0.0000000e+00 0.0000000e+00
     48    109 0.0000000e+00 0.0000000e+00 0.0000000e+00
     48    110 0.0000000e+00 0.0000000e+00 0.0000000e+00
     48    111 0.0000000e+00 0.0000000e+00 0.0000000e+00
     48    111 1.0000000e+00 0.0000000e+00 0.0000000e+00
     48    112 0.0000000e+00 0.0000000e+00 0.0000000e+00
     48    113 0.0000000e+00 3.1778500e-13 2.0338200e-13
     48    113 1.0000000e+00 1.2027200e-12 7.6973800e-13
     48    114 0.0000000e+00 3.5935500e-10 2.2998700e-10
     48    115 0.0000000e+00 4.3682300e-09 2.7956700e-09
     48    115 1.0000000e+00 1.6532400e-08 1.0580700e-08
     48    116 0.0000000e+00 4.5044500e-07 2.8828500e-07
     48    117 0.0000000e+00 1.2322300e-06 7.8862500e-07
     48    117 1.0000000e+00 4.6635900e-06 2.9847000e-06
     48    118 0.0000000e+00 3.8468000e-05 2.4619500e-05
     48    119 0.0000000e+00 3.5750700e-05 2.2880400e-05
     48    119 1.0000000e+00 1.0018300e-04 6.4117400e-05
     48    120 0.0000000e+00 2.9698300e-04 1.9007000e-04
     48    121 0.0000000e+00 1.0671000e-04 6.8294400e-05
     48    121 1.0000000e+00 2.9903100e-04 1.9138000e-04
     48    122 0.0000000e+00 3.4884400e-04 2.2326000e-04
     48    123 0.0000000e+00 2.0188900e-04 1.2921000e-04
     48    124 0.0000000e+00 7.1270300e-05 4.5613000e-05
     48    125 0.0000000e+00 3.0630200e-06 1.9603400e-06
     48    126 0.0000000e+00 1.0810700e-06 6.9188300e-07
     48    127 0.0000000e+00 2.9028700e-07 1.8578300e-07
     48    128 0.0000000e+00 8.1880800e-08 5.2403700e-08
     48    129 0.0000000e+00 1.4814600e-08 9.4813600e-09
     48    130 0.0000000e+00 1.8818600e-09 1.2043900e-09
     48    131 0.0000000e+00 5.2551400e-07 3.3632900e-07
     48    132 0.0000000e+00 1.6916600e-08 1.0826600e-08
     48    133 0.0000000e+00 6.2284100e-11 3.9861800e-11
     48    134 0.0000000e+00 1.9219000e-12 1.2300100e-12
     48    135 0.0000000e+00 6.3383100e-14 4.0565100e-14
     48    136 0.0000000e+00 0.0000000e+00 0.0000000e+00
     49    110 0.0000000e+00 0.0000000e+00 0.0000000e+00
     49    110 1.0000000e+00 0.0000000e+00 0.0000000e+00
     49    111 0.0000000e+00 0.0000000e+00 0.0000000e+00
     49    111 1.0000000e+00 0.0000000e+00 0.0000000e+00
     49    112 0.0000000e+00 0.0000000e+00 0.0000000e+00
     49    112 1.0000000e+00 0.0000000e+00 0.0000000e+00
     49    113 0.0000000e+00 0.0000000e+00 0.0000000e+00
     49    113 1.0000000e+00 0.0000000e+00 0.0000000e+00
     49    114 0.0000000e+00 0.0000000e+00 0.0000000e+00
     49    114 1.0000000e+00 0.0000000e+00 0.0000000e+00
     49    115 0.0000000e+00 9.1194000e-13 5.8364200e-13
     49    115 1.0000000e+00 1.8414200e-13 1.1785100e-13
     49    116 0.0000000e+00 1.7870000e-11 1.1436800e-11
     49    116 1.0000000e+00 6.2434800e-11 3.9958200e-11
     49    116 2.0000000e+00 3.0004000e-11 1.9202500e-11
     49    117 0.0000000e+00 5.4799700e-09 3.5071800e-09
     49    117 1.0000000e+00 1.1065300e-09 7.0818100e-10
     49    118 0.0000000e+00 2.9707700e-08 1.9012900e-08
     49    118 1.0000000e+00 1.0379400e-07 6.6427900e-08
     49    118 2.0000000e+00 4.9879600e-08 3.1923000e-08
     49    119 0.0000000e+00 2.1070400e-06 1.3485100e-06
     49    119 1.0000000e+00 4.2546000e-07 2.7229400e-07
     49    120 0.0000000e+00 7.5622600e-06 4.8398500e-06
     49    120 1.0000000e+00 1.9397700e-05 9.1777900e-06
     49    121 0.0000000e+00 7.7802200e-05 4.9793400e-05
     49    121 1.0000000e+00 1.5710100e-05 1.0054400e-05
     49    122 0.0000000e+00 5.6997100e-05 3.6478100e-05
     49    122 1.0000000e+00 2.8379300e-04 1.3830300e-04
     49    123 0.0000000e+00 3.7469500e-04 2.3980500e-04
     49    123 1.0000000e+00 7.5659600e-05 4.8422100e-05
     49    124 0.0000000e+00 2.4871100e-04 1.5917500e-04
     49    124 1.0000000e+00 2.6836000e-04 1.7175000e-04
     49    125 0.0000000e+00 5.4165100e-04 3.4665700e-04
     49    125 1.0000000e+00 1.0937200e-04 6.9998100e-05
     49    126 0.0000000e+00 3.1050800e-04 1.9872500e-04
     49    126 1.0000000e+00 3.3503900e-04 2.1442500e-04
     49    127 0.0000000e+00 4.5195600e-04 2.8925200e-04
     49    127 1.0000000e+00 9.1260300e-05 5.8406700e-05
     49    128 0.0000000e+00 2.5874000e-04 1.6559400e-04
     49    128 1.0000000e+00 2.7918100e-04 1.7867600e-04
     49    129 0.0000000e+00 2.9205400e-04 1.8691500e-04
     49    129 1.0000000e+00 5.8972500e-05 3.7742500e-05
     49    130 0.0000000e+00 2.5519900e-04 8.1663600e-05
     49    131 0.0000000e+00 2.2861400e-04 1.4631200e-04
     49    131 1.0000000e+00 4.6051700e-05 2.9473000e-05
     49    131 2.0000000e+00 1.3353600e-04 1.0682900e-04
     49    132 0.0000000e+00 5.6175400e-05 3.5952300e-05
     49    133 0.0000000e+00 3.1930900e-06 2.0435800e-06
     49    134 0.0000000e+00 1.2212100e-07 7.8157200e-08
     49    135 0.0000000e+00 3.2494300e-09 2.0796300e-09
     49    136 0.0000000e+00 1.2412300e-11 7.9438400e-12
     49    137 0.0000000e+00 7.9433200e-14 5.0837300e-14
     49    138 0.0000000e+00 0.0000000e+00 0.0000000e+00
     50    113 0.0000000e+00 0.0000000e+00 0.0000000e+00
     50    113 1.0000000e+00 0.0000000e+00 0.0000000e+00
     50    114 0.0000000e+00 0.0000000e+00 0.0000000e+00
     50    115 0.0000000e+00 0.0000000e+00 0.0000000e+00
     50    116 0.0000000e+00 0.0000000e+00 0.0000000e+00
     50    117 0.0000000e+00 4.7280700e-14 3.0259600e-14
     50    117 1.0000000e+00 1.7894300e-13 1.1452300e-13
     50    118 0.0000000e+00 2.8528200e-11 1.8258000e-11
     50    119 0.0000000e+00 3.5251300e-10 2.2560800e-10
     50    119 1.0000000e+00 1.3341500e-09 8.5385700e-10
     50    120 0.0000000e+00 5.6355600e-08 3.6067600e-08
     50    121 0.0000000e+00 7.6797500e-07 4.9150400e-07
     50    121 1.0000000e+00 2.7405400e-07 1.7539400e-07
     50    122 0.0000000e+00 1.0720600e-05 6.8611700e-06
     50    123 0.0000000e+00 4.7133400e-05 3.0165400e-05
     50    123 1.0000000e+00 1.6819700e-05 1.0764600e-05
     50    124 0.0000000e+00 2.3844500e-04 1.5260500e-04
     50    125 0.0000000e+00 4.4876700e-04 2.8721100e-04
     50    125 1.0000000e+00 1.6014400e-04 1.0249200e-04
     50    126 0.0000000e+00 1.1883700e-03 7.6055900e-04
     50    127 0.0000000e+00 1.5650000e-03 1.0016000e-03
     50    127 1.0000000e+00 5.5847400e-04 3.5742300e-04
     50    128 0.0000000e+00 4.9550300e-03 2.2423800e-03
     50    129 0.0000000e+00 2.1756000e-03 1.3923900e-03
     50    129 1.0000000e+00 6.0966500e-03 3.9018700e-03
     50    130 0.0000000e+00 3.8256000e-03 2.4483800e-03
     50    130 1.0000000e+00 1.0449000e-02 6.6873700e-03
     50    131 0.0000000e+00 3.2035400e-03 2.0502600e-03
     50    131 1.0000000e+00 8.9772100e-03 5.7454100e-03
     50    132 0.0000000e+00 6.3328200e-03 4.0530000e-03
     50    133 0.0000000e+00 1.4493700e-03 9.2759800e-04
     50    134 0.0000000e+00 2.3230900e-04 1.4867800e-04
     50    135 0.0000000e+00 1.1097800e-05 7.1025300e-06
     50    136 0.0000000e+00 4.4844300e-07 2.8700300e-07
     50    137 0.0000000e+00 9.0488500e-09 5.7912700e-09
     50    138 0.0000000e+00 9.6094900e-11 6.1500700e-11
     50    139 0.0000000e+00 8.9228300e-13 5.7106100e-13
     50    140 0.0000000e+00 4.2411100e-14 2.7143100e-14
     51    116 0.0000000e+00 0.0000000e+00 0.0000000e+00
     51    116 1.0000000e+00 0.0000000e+00 0.0000000e+00
     51    117 0.0000000e+00 0.0000000e+00 0.0000000e+00
     51    118 0.0000000e+00 0.0000000e+00 0.0000000e+00
     51    118 1.0000000e+00 0.0000000e+00 0.0000000e+00
     51    119 0.0000000e+00 3.4233800e-14 2.1909600e-14
     51    120 0.0000000e+00 1.8755900e-12 1.2003800e-12
     51    120 1.0000000e+00 3.1393600e-12 2.0091900e-12
     51    121 0.0000000e+00 4.0139600e-10 2.5689400e-10
     51    122 0.0000000e+00 7.4328700e-09 4.7570400e-09
     51    122 1.0000000e+00 9.9743200e-09 6.3835600e-09
     51    123 0.0000000e+00 4.0940400e-07 2.6201900e-07
     51    124 0.0000000e+00 1.4115000e-06 9.0335800e-07
     51    124 1.0000000e+00 2.9647300e-06 1.8974300e-06
     51    124 2.0000000e+00 1.5237100e-06 9.7517300e-07
     51    125 0.0000000e+00 2.3423100e-06 1.4990800e-06
     51    126 0.0000000e+00 5.1675600e-06 3.3072400e-06
     51    126 1.0000000e+00 1.0818200e-05 5.1641900e-06
     51    127 0.0000000e+00 5.9779000e-05 3.8258600e-05
     51    128 0.0000000e+00 1.5426300e-04 9.8728300e-05
     51    128 1.0000000e+00 2.1567200e-04 1.3803000e-04
     51    129 0.0000000e+00 4.9675200e-04 3.1792100e-04
     51    129 1.0000000e+00 6.5304500e-04 5.2243600e-04
     51    130 0.0000000e+00 2.6887800e-03 1.7208200e-03
     51    130 1.0000000e+00 3.7591300e-03 2.4058400e-03
     51    131 0.0000000e+00 2.0123900e-02 6.4396300e-03
     51    132 0.0000000e+00 1.7767800e-02 5.6856900e-03
     51    132 1.0000000e+00 1.5756300e-02 5.0420200e-03
     51    133 0.0000000e+00 2.6292900e-02 8.4137300e-03
     51    134 0.0000000e+00 4.1856100e-03 2.6787900e-03
     51    134 1.0000000e+00 1.1432300e-02 7.3166800e-03
     51    135 0.0000000e+00 3.0503100e-03 1.9522000e-03
     51    136 0.0000000e+00 4.9288700e-04 3.1544700e-04
     51    137 0.0000000e+00 4.1050500e-05 2.6272300e-05
     51    138 0.0000000e+00 1.8318100e-06 1.1723600e-06
     51    139 0.0000000e+00 4.5744300e-08 2.9276300e-08
     51    140 0.0000000e+00 1.5927500e-09 1.0193700e-09
     51    141 0.0000000e+00 1.6974200e-12 1.0863500e-12
     51    142 0.0000000e+00 3.6367900e-14 2.3275500e-14
     51    143 0.0000000e+00 0.0000000e+00 0.0000000e+00
     52    119 0.0000000e+00 0.0000000e+00 0.0000000e+00
     52    119 1.0000000e+00 0.0000000e+00 0.0000000e+00
     52    120 0.0000000e+00 0.0000000e+00 0.0000000e+00
     52    121 0.0000000e+00 0.0000000e+00 0.0000000e+00
     52    121 1.0000000e+00 0.0000000e+00 0.0000000e+00
     52    122 0.0000000e+00 8.8187100e-13 5.6439700e-13
     52    123 0.0000000e+00 1.8242800e-11 1.1675400e-11
     52    123 1.0000000e+00 6.9043400e-11 4.4187800e-11
     52    124 0.0000000e+00 5.3653000e-09 3.4337900e-09
     52    125 0.0000000e+00 1.1025200e-12 7.0561200e-13
     52    125 1.0000000e+00 4.1726900e-12 2.6705200e-12
     52    126 0.0000000e+00 8.9488300e-11 5.7272500e-11
     52    127 0.0000000e+00 3.9094100e-10 2.5020200e-10
     52    127 1.0000000e+00 1.0955300e-09 7.0113700e-10
     52    128 0.0000000e+00 3.3433000e-08 2.1397100e-08
     52    129 0.0000000e+00 1.2662800e-07 8.1041900e-08
     52    129 1.0000000e+00 3.5484700e-07 2.2710200e-07
     52    130 0.0000000e+00 8.1680600e-06 5.2275600e-06
     52    131 0.0000000e+00 5.4581700e-04 3.4932200e-04
     52    131 1.0000000e+00 1.5295300e-03 9.7890100e-04
     52    132 0.0000000e+00 1.1420400e-02 3.6545200e-03
     52    133 0.0000000e+00 7.4048300e-03 4.7390900e-03
     52    133 1.0000000e+00 2.0750400e-02 6.6401100e-03
     52    134 0.0000000e+00 5.2579700e-02 1.6825500e-02
     52    135 0.0000000e+00 3.5283800e-02 1.1290800e-02
     52    136 0.0000000e+00 1.9945900e-02 6.3826800e-03
     52    137 0.0000000e+00 6.2125200e-03 3.9760100e-03
     52    138 0.0000000e+00 1.0917000e-03 6.9868700e-04
     52    139 0.0000000e+00 1.1101000e-04 7.1046100e-05
     52    140 0.0000000e+00 7.4257400e-06 4.7524700e-06
     52    141 0.0000000e+00 1.9336600e-07 1.2375400e-07
     52    142 0.0000000e+00 5.6555400e-09 3.6195500e-09
     52    143 0.0000000e+00 3.7892100e-12 2.4250900e-12
     52    144 0.0000000e+00 4.0079100e-13 2.5650600e-13
     52    145 0.0000000e+00 1.9146400e-14 1.2253700e-14
     53    122 0.0000000e+00 0.0000000e+00 0.0000000e+00
     53    123 0.0000000e+00 0.0000000e+00 0.0000000e+00
     53    124 0.0000000e+00 0.0000000e+00 0.0000000e+00
     53    125 0.0000000e+00 0.0000000e+00 0.0000000e+00
     53    126 0.0000000e+00 0.0000000e+00 0.0000000e+00
     53    127 0.0000000e+00 0.0000000e+00 0.0000000e+00
     53    128 0.0000000e+00 0.0000000e+00 0.0000000e+00
     53    129 0.0000000e+00 6.8767900e-14 4.4011400e-14
     53    130 0.0000000e+00 3.8321400e-12 2.4525700e-12
     53    130 1.0000000e+00 1.4030300e-12 8.9793600e-13
     53    131 0.0000000e+00 9.2291100e-06 5.9066300e-06
     53    132 0.0000000e+00 1.0472500e-04 6.7024200e-05
     53    132 1.0000000e+00 9.4751500e-05 6.0641000e-05
     53    133 0.0000000e+00 1.0383400e-03 6.6453500e-04
     53    133 1.0000000e+00 7.6746600e-04 4.9117800e-04
     53    134 0.0000000e+00 6.0829300e-03 3.8930800e-03
     53    134 1.0000000e+00 5.3943000e-03 3.4523500e-03
     53    135 0.0000000e+00 2.5155400e-02 8.0497500e-03
     53    136 0.0000000e+00 1.1580900e-02 3.7059000e-03
     53    136 1.0000000e+00 3.1631400e-02 1.0122100e-02
     53    137 0.0000000e+00 4.2524800e-02 1.3607900e-02
     53    138 0.0000000e+00 2.5275300e-02 8.0880800e-03
     53    139 0.0000000e+00 9.3466600e-03 5.9818600e-03
     53    140 0.0000000e+00 2.3333200e-03 1.4933200e-03
     53    141 0.0000000e+00 2.9720000e-04 1.9020800e-04
     53    142 0.0000000e+00 2.8468100e-05 1.8219600e-05
     53    143 0.0000000e+00 1.9426000e-07 1.2432600e-07
     53    144 0.0000000e+00 1.5051800e-08 9.6331200e-09
     53    145 0.0000000e+00 9.8156800e-10 6.2820400e-10
     53    146 0.0000000e+00 6.9517400e-13 4.4491200e-13
     53    147 0.0000000e+00 8.7654500e-14 5.6098900e-14
     53    148 0.0000000e+00 0.0000000e+00 0.0000000e+00
     54    125 0.0000000e+00 0.0000000e+00 0.0000000e+00
     54    126 0.0000000e+00 0.0000000e+00 0.0000000e+00
     54    127 0.0000000e+00 0.0000000e+00 0.0000000e+00
     54    127 1.0000000e+00 0.0000000e+00 0.0000000e+00
     54    128 0.0000000e+00 0.0000000e+00 0.0000000e+00
     54    129 0.0000000e+00 0.0000000e+00 0.0000000e+00
     54    129 1.0000000e+00 0.0000000e+00 0.0000000e+00
     54    130 0.0000000e+00 0.0000000e+00 0.0000000e+00
     54    131 0.0000000e+00 3.5250500e-10 2.2560300e-10
     54    131 1.0000000e+00 9.8781700e-10 6.3220400e-10
     54    132 0.0000000e+00 1.2412300e-07 7.9438400e-08
     54    133 0.0000000e+00 1.2373200e-06 7.9188600e-07
     54    133 1.0000000e+00 3.4673200e-06 2.2190900e-06
     54    134 0.0000000e+00 3.2151500e-05 2.0577000e-05
     54    134 1.0000000e+00 8.7816900e-05 5.6202800e-05
     54    135 0.0000000e+00 2.6939600e-04 1.7241300e-04
     54    135 1.0000000e+00 7.5492500e-04 4.8315200e-04
     54    136 0.0000000e+00 5.9732000e-03 3.8228400e-03
     54    137 0.0000000e+00 1.8490700e-02 5.9170000e-03
     54    138 0.0000000e+00 3.3428800e-02 1.0697300e-02
     54    139 0.0000000e+00 3.8310700e-02 1.2259400e-02
     54    140 0.0000000e+00 3.0412700e-02 9.7320700e-03
     54    141 0.0000000e+00 1.3226600e-02 4.2324900e-03
     54    142 0.0000000e+00 4.7556300e-03 3.0436000e-03
     54    143 0.0000000e+00 1.7448800e-04 1.1167200e-04
     54    143 1.0000000e+00 4.8896300e-04 3.1293700e-04
     54    144 0.0000000e+00 7.0174300e-05 4.4911500e-05
     54    145 0.0000000e+00 3.3523300e-06 2.1454900e-06
     54    146 0.0000000e+00 1.0810600e-07 6.9187900e-08
     54    147 0.0000000e+00 9.9854100e-09 6.3906600e-09
     54    148 0.0000000e+00 1.9118900e-11 1.2236100e-11
     54    149 0.0000000e+00 1.8003300e-13 1.1522100e-13
     54    150 0.0000000e+00 0.0000000e+00 0.0000000e+00
     55    128 0.0000000e+00 0.0000000e+00 0.0000000e+00
     55    129 0.0000000e+00 0.0000000e+00 0.0000000e+00
     55    130 0.0000000e+00 0.0000000e+00 0.0000000e+00
     55    131 0.0000000e+00 0.0000000e+00 0.0000000e+00
     55    132 0.0000000e+00 2.3423100e-12 1.4990800e-12
     55    133 0.0000000e+00 3.9038500e-10 2.4984700e-10
     55    134 0.0000000e+00 2.2812500e-08 1.4600000e-08
     55    134 1.0000000e+00 2.0230000e-08 1.2947200e-08
     55    135 0.0000000e+00 9.2666500e-07 5.9306500e-07
     55    135 1.0000000e+00 6.8492600e-07 4.3835300e-07
     55    136 0.0000000e+00 2.1569000e-05 1.3804100e-05
     55    136 1.0000000e+00 1.5427500e-05 9.8736300e-06
     55    137 0.0000000e+00 4.3137600e-04 2.7608100e-04
     55    138 0.0000000e+00 1.0236500e-03 6.5513300e-04
     55    138 1.0000000e+00 1.7133800e-03 1.0965600e-03
     55    139 0.0000000e+00 1.0174000e-02 3.2556800e-03
     55    140 0.0000000e+00 2.4184900e-02 7.7391600e-03
     55    141 0.0000000e+00 3.1167100e-02 9.9734700e-03
     55    142 0.0000000e+00 3.5508200e-02 1.1362600e-02
     55    143 0.0000000e+00 1.6847900e-02 5.3913400e-03
     55    144 0.0000000e+00 6.3039700e-03 4.0345400e-03
     55    145 0.0000000e+00 1.1648500e-03 7.4550400e-04
     55    146 0.0000000e+00 1.4602400e-04 9.3455500e-05
     55    147 0.0000000e+00 1.5347400e-05 9.8223300e-06
     55    148 0.0000000e+00 4.0439900e-07 2.5881500e-07
     55    149 0.0000000e+00 9.2296700e-09 5.9069900e-09
     55    150 0.0000000e+00 1.1811700e-10 7.5594600e-11
     55    151 0.0000000e+00 3.2462900e-13 2.0776300e-13
     55    152 0.0000000e+00 6.1214000e-15 3.9177000e-15
     56    131 0.0000000e+00 0.0000000e+00 0.0000000e+00
     56    132 0.0000000e+00 0.0000000e+00 0.0000000e+00
     56    133 0.0000000e+00 0.0000000e+00 0.0000000e+00
     56    133 1.0000000e+00 0.0000000e+00 0.0000000e+00
     56    134 0.0000000e+00 4.6045400e-13 2.9469100e-13
     56    135 0.0000000e+00 2.0744900e-11 1.3276700e-11
     56    135 1.0000000e+00 5.8133000e-11 3.7205100e-11
     56    136 0.0000000e+00 2.0415000e-09 1.3065600e-09
     56    136 1.0000000e+00 5.5760200e-09 3.5686600e-09
     56    137 0.0000000e+00 9.6405800e-08 6.1699700e-08
     56    137 1.0000000e+00 2.7015600e-07 1.7290000e-07
     56    138 0.0000000e+00 9.3292100e-06 5.9706900e-06
     56    139 0.0000000e+00 1.3325200e-04 8.5281000e-05
     56    140 0.0000000e+00 1.1116000e-03 7.1142200e-04
     56    141 0.0000000e+00 4.6887000e-03 3.0007600e-03
     56    142 0.0000000e+00 1.6813600e-02 5.3803400e-03
     56    143 0.0000000e+00 2.4258200e-02 7.7626500e-03
     56    144 0.0000000e+00 2.7332900e-02 8.7465300e-03
     56    145 0.0000000e+00 1.6609700e-02 5.3151000e-03
     56    146 0.0000000e+00 7.1405500e-03 4.5699500e-03
     56    147 0.0000000e+00 1.8290200e-03 1.1705700e-03
     56    148 0.0000000e+00 2.6699400e-04 1.7087600e-04
     56    149 0.0000000e+00 3.1521900e-05 2.0174000e-05
     56    150 0.0000000e+00 1.1611500e-06 7.4313400e-07
     56    151 0.0000000e+00 3.6981000e-08 2.3667900e-08
     56    152 0.0000000e+00 9.5193400e-10 6.0923700e-10
     56    153 0.0000000e+00 3.3973100e-12 2.1742800e-12
     56    154 0.0000000e+00 6.0860100e-14 3.8950400e-14
     57    133 0.0000000e+00 0.0000000e+00 0.0000000e+00
     57    134 0.0000000e+00 0.0000000e+00 0.0000000e+00
     57    135 0.0000000e+00 0.0000000e+00 0.0000000e+00
     57    136 0.0000000e+00 0.0000000e+00 0.0000000e+00
     57    137 0.0000000e+00 9.4993800e-12 6.0796000e-12
     57    138 0.0000000e+00 1.0210100e-09 6.5344500e-10
     57    139 0.0000000e+00 6.0960200e-08 3.9014500e-08
     57    140 0.0000000e+00 2.0019800e-06 1.2812600e-06
     57    141 0.0000000e+00 3.2051600e-05 2.0513000e-05
     57    142 0.0000000e+00 4.2957400e-04 2.7492700e-04
     57    143 0.0000000e+00 2.1626700e-03 1.3841200e-03
     57    144 0.0000000e+00 7.6758500e-03 4.9125400e-03
     57    145 0.0000000e+00 1.4323200e-02 4.5834200e-03
     57    146 0.0000000e+00 5.9025500e-03 3.7776400e-03
     57    146 1.0000000e+00 1.2371600e-02 7.9178300e-03
     57    147 0.0000000e+00 1.4594900e-02 4.6703800e-03
     57    148 0.0000000e+00 6.7786700e-03 4.3383500e-03
     57    149 0.0000000e+00 2.7416400e-03 1.7546500e-03
     57    150 0.0000000e+00 3.6334900e-04 2.3254400e-04
     57    151 0.0000000e+00 5.6839200e-05 3.6377100e-05
     57    152 0.0000000e+00 4.1741200e-06 2.6714400e-06
     57    153 0.0000000e+00 1.7416900e-07 1.1146800e-07
     57    154 0.0000000e+00 3.9939400e-09 2.5561200e-09
     57    155 0.0000000e+00 1.3566200e-10 8.6823400e-11
     57    156 0.0000000e+00 9.4621000e-14 6.0557400e-14
     57    157 0.0000000e+00 2.4779000e-15 1.5858600e-15
     58    135 0.0000000e+00 0.0000000e+00 0.0000000e+00
     58    136 0.0000000e+00 0.0000000e+00 0.0000000e+00
     58    137 0.0000000e+00 0.0000000e+00 0.0000000e+00
     58    137 1.0000000e+00 0.0000000e+00 0.0000000e+00
     58    138 0.0000000e+00 0.0000000e+00 0.0000000e+00
     58    139 0.0000000e+00 2.1955900e-13 1.4051800e-13
     58    139 1.0000000e+00 6.1526500e-13 3.9377000e-13
     58    140 0.0000000e+00 1.1211100e-10 7.1750800e-11
     58    141 0.0000000e+00 7.3272300e-09 4.6894300e-09
     58    142 0.0000000e+00 4.0439900e-07 2.5881500e-07
     58    143 0.0000000e+00 8.1480400e-06 5.2147500e-06
     58    144 0.0000000e+00 1.0721600e-04 6.8618100e-05
     58    145 0.0000000e+00 7.2131200e-04 4.6164000e-04
     58    146 0.0000000e+00 2.9959200e-03 1.9173800e-03
     58    147 0.0000000e+00 7.3062300e-03 4.6759900e-03
     58    148 0.0000000e+00 9.7708600e-03 6.2533500e-03
     58    149 0.0000000e+00 1.1575600e-02 3.7042000e-03
     58    150 0.0000000e+00 4.7391600e-03 3.0330600e-03
     58    151 0.0000000e+00 2.4511900e-03 1.5687600e-03
     58    152 0.0000000e+00 6.1083300e-04 3.9093300e-04
     58    153 0.0000000e+00 9.0719500e-05 5.8060500e-05
     58    154 0.0000000e+00 7.8877900e-06 5.0481800e-06
     58    155 0.0000000e+00 4.6332100e-07 2.9652600e-07
     58    156 0.0000000e+00 1.4714400e-08 9.4172400e-09
     58    157 0.0000000e+00 2.8227700e-10 1.8065600e-10
     58    158 0.0000000e+00 2.9128600e-12 1.8642300e-12
     58    159 0.0000000e+00 1.7513700e-14 1.1208800e-14
     58    160 0.0000000e+00 0.0000000e+00 0.0000000e+00
     59    138 0.0000000e+00 0.0000000e+00 0.0000000e+00
     59    138 1.0000000e+00 0.0000000e+00 0.0000000e+00
     59    139 0.0000000e+00 0.0000000e+00 0.0000000e+00
     59    140 0.0000000e+00 0.0000000e+00 0.0000000e+00
     59    141 0.0000000e+00 4.9348700e-14 3.1583200e-14
     59    142 0.0000000e+00 3.1118700e-12 1.9916000e-12
     59    142 1.0000000e+00 8.4995900e-12 5.4397400e-12
     59    143 0.0000000e+00 9.9398100e-10 6.3614800e-10
     59    144 0.0000000e+00 4.6789000e-09 2.9945000e-09
     59    144 1.0000000e+00 4.7893000e-08 3.0651500e-08
     59    145 0.0000000e+00 1.4314100e-06 9.1610400e-07
     59    146 0.0000000e+00 2.2592300e-05 1.4459100e-05
     59    147 0.0000000e+00 1.9851600e-04 1.2705000e-04
     59    148 0.0000000e+00 1.4880100e-04 9.5232300e-05
     59    148 1.0000000e+00 7.2137800e-04 4.6168100e-04
     59    149 0.0000000e+00 3.1569300e-03 2.0204300e-03
     59    150 0.0000000e+00 3.7666000e-03 2.4106200e-03
     59    151 0.0000000e+00 5.6198900e-03 3.5967300e-03
     59    152 0.0000000e+00 4.0645000e-03 2.6012800e-03
     59    153 0.0000000e+00 1.8591000e-03 1.1898200e-03
     59    154 0.0000000e+00 5.4742000e-04 3.5034900e-04
     59    155 0.0000000e+00 1.1148000e-04 7.1347200e-05
     59    156 0.0000000e+00 1.2702500e-05 8.1296200e-06
     59    157 0.0000000e+00 9.0489300e-07 5.7913200e-07
     59    158 0.0000000e+00 3.5234800e-08 2.2550300e-08
     59    159 0.0000000e+00 8.9786900e-10 5.7463600e-10
     59    160 0.0000000e+00 1.3213000e-11 8.4563500e-12
     59    161 0.0000000e+00 1.8013100e-14 1.1528400e-14
     59    162 0.0000000e+00 1.9632300e-16 1.2564600e-16
     60    141 0.0000000e+00 0.0000000e+00 0.0000000e+00
     60    142 0.0000000e+00 0.0000000e+00 0.0000000e+00
     60    143 0.0000000e+00 0.0000000e+00 0.0000000e+00
     60    144 0.0000000e+00 7.7276300e-13 4.9456800e-13
     60    145 0.0000000e+00 8.9888700e-11 5.7528800e-11
     60    146 0.0000000e+00 5.7356600e-09 3.6708200e-09
     60    147 0.0000000e+00 2.0019800e-07 1.2812600e-07
     60    148 0.0000000e+00 3.2832400e-06 2.1012700e-06
     60    149 0.0000000e+00 4.2692100e-05 2.7323000e-05
     60    150 0.0000000e+00 1.7310100e-04 1.1078400e-04
     60    151 0.0000000e+00 8.2138100e-04 5.2568400e-04
     60    152 0.0000000e+00 1.7262900e-03 1.1048300e-03
     60    153 0.0000000e+00 2.2177000e-03 1.4193300e-03
     60    154 0.0000000e+00 1.9000300e-03 1.2160200e-03
     60    155 0.0000000e+00 1.1475100e-03 7.3440800e-04
     60    156 0.0000000e+00 4.1320800e-04 2.6445300e-04
     60    157 0.0000000e+00 9.8767500e-05 6.3211200e-05
     60    158 0.0000000e+00 1.3523300e-05 8.6549400e-06
     60    159 0.0000000e+00 1.2512400e-06 8.0079000e-07
     60    160 0.0000000e+00 6.6565700e-08 4.2602100e-08
     60    161 0.0000000e+00 2.0520100e-09 1.3132900e-09
     60    162 0.0000000e+00 3.0529900e-11 1.9539200e-11
     60    163 0.0000000e+00 2.1220700e-13 1.3581300e-13
     60    164 0.0000000e+00 0.0000000e+00 0.0000000e+00
     61    144 0.0000000e+00 0.0000000e+00 0.0000000e+00
     61    145 0.0000000e+00 0.0000000e+00 0.0000000e+00
     61    146 0.0000000e+00 4.2942400e-14 2.7483100e-14
     61    147 0.0000000e+00 6.1961200e-12 3.9655100e-12
     61    148 0.0000000e+00 1.0703800e-10 6.8504100e-11
     61    148 1.0000000e+00 2.9235700e-10 1.8710800e-10
     61    149 0.0000000e+00 2.0220000e-08 1.2940800e-08
     61    150 0.0000000e+00 3.1130700e-07 1.9923700e-07
     61    151 0.0000000e+00 5.4353600e-06 3.4786300e-06
     61    152 0.0000000e+00 5.1681600e-06 3.3076200e-06
     61    152 1.0000000e+00 2.5063600e-05 1.6040700e-05
     61    152 2.0000000e+00 8.6265600e-06 5.5210000e-06
     61    153 0.0000000e+00 1.6033800e-04 1.0261600e-04
     61    154 0.0000000e+00 3.7550300e-04 2.4032100e-04
     61    154 1.0000000e+00 5.0237400e-05 3.2151800e-05
     61    155 0.0000000e+00 7.3408500e-04 4.6981400e-04
     61    156 0.0000000e+00 7.4072100e-04 4.7406200e-04
     61    157 0.0000000e+00 5.0821200e-04 3.2525500e-04
     61    158 0.0000000e+00 2.1105800e-04 1.3507700e-04
     61    159 0.0000000e+00 6.3382600e-05 4.0564800e-05
     61    160 0.0000000e+00 1.1131000e-05 7.1238300e-06
     61    161 0.0000000e+00 1.2212100e-06 7.8157100e-07
     61    162 0.0000000e+00 6.6765900e-08 4.2730200e-08
     61    163 0.0000000e+00 1.7417200e-09 1.1147000e-09
     61    164 0.0000000e+00 2.5325000e-11 1.6208000e-11
     61    165 0.0000000e+00 2.4323500e-13 1.5567100e-13
     61    166 0.0000000e+00 1.2101100e-16 7.7447600e-17
     62    146 0.0000000e+00 0.0000000e+00 0.0000000e+00
     62    147 0.0000000e+00 0.0000000e+00 0.0000000e+00
     62    148 0.0000000e+00 0.0000000e+00 0.0000000e+00
     62    149 0.0000000e+00 2.8728400e-13 1.8386100e-13
     62    150 0.0000000e+00 1.7517300e-11 1.1211100e-11
     62    151 0.0000000e+00 1.2011900e-09 7.6875900e-10
     62    152 0.0000000e+00 3.1931500e-08 2.0436200e-08
     62    153 0.0000000e+00 4.7847200e-07 3.0622200e-07
     62    154 0.0000000e+00 4.5945400e-06 2.9405000e-06
     62    155 0.0000000e+00 2.6386000e-05 1.6887100e-05
     62    156 0.0000000e+00 8.3392300e-05 5.3371100e-05
     62    157 0.0000000e+00 1.6839600e-04 1.0777300e-04
     62    158 0.0000000e+00 1.9733500e-04 1.2629500e-04
     62    159 0.0000000e+00 1.6672500e-04 1.0670300e-04
     62    160 0.0000000e+00 8.3092000e-05 5.3178900e-05
     62    161 0.0000000e+00 2.8247900e-05 1.8078600e-05
     62    162 0.0000000e+00 5.1050400e-06 3.2672300e-06
     62    163 0.0000000e+00 4.6345700e-07 2.9661300e-07
     62    164 0.0000000e+00 2.4324000e-08 1.5567400e-08
     62    165 0.0000000e+00 8.3582500e-10 5.3492800e-10
     62    166 0.0000000e+00 1.8818500e-11 1.2043800e-11
     62    167 0.0000000e+00 3.3332600e-13 2.1332900e-13
     62    168 0.0000000e+00 2.4641000e-15 1.9712800e-15
     63    149 0.0000000e+00 0.0000000e+00 0.0000000e+00
     63    150 0.0000000e+00 0.0000000e+00 0.0000000e+00
     63    150 1.0000000e+00 0.0000000e+00 0.0000000e+00
     63    151 0.0000000e+00 0.0000000e+00 0.0000000e+00
     63    152 0.0000000e+00 3.6664400e-13 2.3465200e-13
     63    152 1.0000000e+00 3.5945500e-14 2.3005100e-14
     63    152 2.0000000e+00 3.9540000e-13 2.5305600e-13
     63    153 0.0000000e+00 4.5645100e-11 2.9212800e-11
     63    154 0.0000000e+00 8.2332300e-10 5.2692700e-10
     63    154 1.0000000e+00 8.8836700e-10 5.6855500e-10
     63    155 0.0000000e+00 3.6135700e-08 2.3126800e-08
     63    156 0.0000000e+00 4.0940400e-07 2.6201900e-07
     63    157 0.0000000e+00 2.8528200e-06 1.8258000e-06
     63    158 0.0000000e+00 1.0880700e-05 6.9636700e-06
     63    159 0.0000000e+00 2.8127800e-05 1.8001800e-05
     63    160 0.0000000e+00 3.9378900e-05 2.5202500e-05
     63    161 0.0000000e+00 3.7547100e-05 2.4030100e-05
     63    162 0.0000000e+00 1.9269000e-05 1.2332200e-05
     63    163 0.0000000e+00 5.2051400e-06 3.3312900e-06
     63    164 0.0000000e+00 8.6785700e-07 5.5542800e-07
     63    165 0.0000000e+00 9.7396100e-08 6.2333500e-08
     63    166 0.0000000e+00 7.7176200e-09 4.9392800e-09
     63    167 0.0000000e+00 4.9949300e-10 3.1967600e-10
     63    168 0.0000000e+00 1.6616400e-11 1.0634500e-11
     63    169 0.0000000e+00 2.8627700e-13 1.8321700e-13
     63    170 0.0000000e+00 2.5726900e-15 2.0581500e-15
     64    151 0.0000000e+00 0.0000000e+00 0.0000000e+00
     64    152 0.0000000e+00 0.0000000e+00 0.0000000e+00
     64    153 0.0000000e+00 0.0000000e+00 0.0000000e+00
     64    154 0.0000000e+00 1.8918700e-14 1.2108000e-14
     64    155 0.0000000e+00 1.5415200e-12 9.8657300e-13
     64    156 0.0000000e+00 6.6065200e-11 4.2281700e-11
     64    157 0.0000000e+00 1.7217000e-09 1.1018900e-09
     64    158 0.0000000e+00 2.4023700e-08 1.5375200e-08
     64    159 0.0000000e+00 2.1921600e-07 1.4029800e-07
     64    160 0.0000000e+00 1.0009900e-06 6.4063200e-07
     64    161 0.0000000e+00 3.0630200e-06 1.9603400e-06
     64    162 0.0000000e+00 4.6946300e-06 3.0045700e-06
     64    163 0.0000000e+00 3.6135700e-06 2.3126800e-06
     64    164 0.0000000e+00 1.6916700e-06 1.0826700e-06
     64    165 0.0000000e+00 5.3052400e-07 3.3953500e-07
     64    166 0.0000000e+00 1.2812600e-07 8.2000900e-08
     64    167 0.0000000e+00 2.6826500e-08 1.7168900e-08
     64    168 0.0000000e+00 3.0730300e-09 1.9667400e-09
     64    169 0.0000000e+00 1.8818600e-10 1.2043900e-10
     64    170 0.0000000e+00 6.2461700e-12 3.9975500e-12
     64    171 0.0000000e+00 1.0707500e-13 6.8527600e-14
     64    172 0.0000000e+00 4.2688100e-16 3.4150500e-16
     65    154 0.0000000e+00 0.0000000e+00 0.0000000e+00
     65    154 1.0000000e+00 0.0000000e+00 0.0000000e+00
     65    154 2.0000000e+00 0.0000000e+00 0.0000000e+00
     65    155 0.0000000e+00 0.0000000e+00 0.0000000e+00
     65    156 0.0000000e+00 0.0000000e+00 0.0000000e+00
     65    156 1.0000000e+00 0.0000000e+00 0.0000000e+00
     65    156 2.0000000e+00 0.0000000e+00 0.0000000e+00
     65    157 0.0000000e+00 3.1230800e-14 1.9987700e-14
     65    158 0.0000000e+00 1.5228700e-12 9.7463900e-13
     65    158 1.0000000e+00 1.4877700e-13 9.5217200e-14
     65    159 0.0000000e+00 5.7556800e-11 3.6836400e-11
     65    160 0.0000000e+00 9.4693400e-10 6.0603800e-10
     65    161 0.0000000e+00 1.0410300e-08 6.6625800e-09
     65    162 0.0000000e+00 5.5855100e-08 2.5277100e-08
     65    163 0.0000000e+00 1.4214000e-07 9.0969800e-08
     65    164 0.0000000e+00 2.0720500e-07 1.3261100e-07
     65    165 0.0000000e+00 1.8618400e-07 1.1915800e-07
     65    166 0.0000000e+00 1.2612500e-07 8.0719700e-08
     65    167 0.0000000e+00 7.4673700e-08 4.7791200e-08
     65    168 0.0000000e+00 2.5024700e-08 1.6015800e-08
     65    169 0.0000000e+00 4.7947300e-09 3.0686300e-09
     65    170 0.0000000e+00 5.0950300e-10 3.2608200e-10
     65    171 0.0000000e+00 3.0530100e-11 1.9539300e-11
     65    172 0.0000000e+00 4.5344800e-13 2.9020600e-13
     66    157 0.0000000e+00 0.0000000e+00 0.0000000e+00
     66    158 0.0000000e+00 0.0000000e+00 0.0000000e+00
     66    159 0.0000000e+00 0.0000000e+00 0.0000000e+00
     66    160 0.0000000e+00 2.7226900e-14 1.7425200e-14
     66    161 0.0000000e+00 1.1411300e-12 7.3032100e-13
     66    162 0.0000000e+00 2.3022700e-11 1.4734500e-11
     66    163 0.0000000e+00 2.1621300e-10 1.3837700e-10
     66    164 0.0000000e+00 1.1211100e-09 7.1750800e-10
     66    165 0.0000000e+00 2.9496700e-09 1.8877900e-09
     66    165 1.0000000e+00 3.9462800e-10 2.5256200e-10
     66    166 0.0000000e+00 7.3973000e-09 4.7342700e-09
     66    167 0.0000000e+00 1.3313100e-08 8.5204100e-09
     66    168 0.0000000e+00 1.2912700e-08 8.2641600e-09
     66    169 0.0000000e+00 6.9068200e-09 4.4203600e-09
     66    170 0.0000000e+00 2.0320100e-09 1.3004800e-09
     66    171 0.0000000e+00 3.6436000e-10 2.3319000e-10
     66    172 0.0000000e+00 1.7217000e-11 1.1018900e-11
     67    160 0.0000000e+00 0.0000000e+00 0.0000000e+00
     67    160 1.0000000e+00 0.0000000e+00 0.0000000e+00
     67    161 0.0000000e+00 0.0000000e+00 0.0000000e+00
     67    161 1.0000000e+00 0.0000000e+00 0.0000000e+00
     67    162 0.0000000e+00 0.0000000e+00 0.0000000e+00
     67    162 1.0000000e+00 0.0000000e+00 0.0000000e+00
     67    163 0.0000000e+00 0.0000000e+00 0.0000000e+00
     67    163 1.0000000e+00 0.0000000e+00 0.0000000e+00
     67    164 0.0000000e+00 5.4028500e-14 3.4578300e-14
     67    164 1.0000000e+00 1.4757000e-13 9.4445100e-14
     67    165 0.0000000e+00 2.1621300e-12 1.3837700e-12
     67    166 0.0000000e+00 4.6678100e-12 2.9874000e-12
     67    166 1.0000000e+00 1.2749400e-11 8.1596100e-12
     67    167 0.0000000e+00 1.1111000e-10 7.1110200e-11
     67    168 0.0000000e+00 3.6135700e-10 2.3126800e-10
     67    169 0.0000000e+00 6.1460700e-10 3.9334800e-10
     67    170 0.0000000e+00 3.8394700e-10 2.4572600e-10
     67    170 1.0000000e+00 1.4057100e-10 8.9965300e-11
     67    171 0.0000000e+00 2.6726400e-10 1.7104900e-10
     67    172 0.0000000e+00 3.5435000e-11 2.2678400e-11
     68    163 0.0000000e+00 0.0000000e+00 0.0000000e+00
     68    164 0.0000000e+00 0.0000000e+00 0.0000000e+00
     68    165 0.0000000e+00 0.0000000e+00 0.0000000e+00
     68    166 0.0000000e+00 0.0000000e+00 0.0000000e+00
     68    167 0.0000000e+00 2.4279000e-14 1.5538500e-14
     68    167 1.0000000e+00 4.0481700e-15 3.2385400e-15
     68    168 0.0000000e+00 3.7637200e-13 2.4087800e-13
     68    169 0.0000000e+00 2.3122800e-12 1.4798600e-12
     68    170 0.0000000e+00 6.6465600e-12 4.2538000e-12
     68    171 0.0000000e+00 1.1211100e-11 7.1750800e-12
     68    172 0.0000000e+00 4.6045500e-12 2.9469100e-12
     69    166 0.0000000e+00 0.0000000e+00 0.0000000e+00
     69    167 0.0000000e+00 0.0000000e+00 0.0000000e+00
     69    168 0.0000000e+00 0.0000000e+00 0.0000000e+00
     69    169 0.0000000e+00 3.7289700e-16 2.9831800e-16
     69    170 0.0000000e+00 3.1239800e-15 2.4991900e-15
     69    171 0.0000000e+00 1.8218000e-14 1.1659500e-14
     69    172 0.0000000e+00 2.6726400e-14 1.7104900e-14
     70    168 0.0000000e+00 0.0000000e+00 0.0000000e+00
     70    169 0.0000000e+00 0.0000000e+00 0.0000000e+00
     70    170 0.0000000e+00 0.0000000e+00 0.0000000e+00
     70    171 0.0000000e+00 0.0000000e+00 0.0000000e+00
     70    172 0.0000000e+00 5.1638800e-18 4.1311000e-18
     71    172 0.0000000e+00 0.0000000e+00 0.0000000e+00
     71    172 1.0000000e+00 0.0000000e+00 0.0000000e+00


