    1   3.5618E-05
    2   1.0885E-05
    3   1.5530E-04
    4   2.5862E-03
    6   3.8822E-05
    7   1.0158E-06
    8   1.2873E-06
    9   7.2294E-07
   10   6.6320E-07
   66   1.0389E-08
   67   2.0879E-08
   68   4.1757E-08
   69   1.0389E-07
   70   2.6073E-07
   71   5.7441E-07
   72   1.0389E-06
   73   2.0879E-06
   74   4.5953E-06
   75   7.7221E-06
   76   2.0889E-05
   77   5.1527E-05
   78   1.0437E-04
   79   2.0427E-04
   80   3.6544E-04
   81   6.2628E-04
   82   1.0474E-03
   83   1.9079E-03
   84   2.6948E-03
   85   2.9388E-03
   86   4.7390E-03
   87   5.0768E-03
   88   6.1426E-03
   89   8.5632E-03
   90   1.0791E-02
   91   8.7930E-03
   92   1.2888E-02
   93   1.8148E-02
   94   1.6377E-02
   95   2.3488E-02
   96   2.8217E-02
   97   2.8935E-02
   98   3.6762E-02
   99   4.1653E-02
  100   4.9331E-02
  101   5.7557E-02
  102   5.9507E-02
  103   6.3218E-02
  104   6.7475E-02
  105   6.3962E-02
  106   5.7370E-02
  107   5.5736E-02
  108   5.7378E-02
  109   4.6539E-02
  110   4.7187E-02
  111   4.0062E-02
  112   3.0032E-02
  113   2.0372E-02
  114   1.0927E-02
  115   5.5897E-03
  116   2.1642E-03
  117   1.4299E-03
  118   8.4508E-04
  119   5.2560E-04
  120   3.7101E-04
  121   3.1101E-04
  122   5.3256E-04
  123   6.3239E-04
  124   7.0941E-04
  125   9.3407E-04
  126   1.6182E-03
  127   4.8585E-03
  128   6.5102E-03
  129   1.2693E-02
  130   1.8484E-02
  131   2.9126E-02
  132   4.1803E-02
  133   5.4623E-02
  134   7.0934E-02
  135   6.7934E-02
  136   5.0362E-02
  137   6.2134E-02
  138   6.1675E-02
  139   5.8373E-02
  140   5.5112E-02
  141   5.1545E-02
  142   4.7264E-02
  143   4.4127E-02
  144   4.2945E-02
  145   3.0330E-02
  146   2.7515E-02
  147   2.4356E-02
  148   2.3137E-02
  149   1.9483E-02
  150   1.8163E-02
  151   1.3471E-02
  152   1.2215E-02
  153   1.2939E-02
  154   8.9160E-03
  155   6.9560E-03
  156   4.3244E-03
  157   4.4753E-03
  158   3.2806E-03
  159   2.2883E-03
  160   1.7934E-03
  161   1.1948E-03
  162   7.9584E-04
  163   5.4676E-04
  164   2.4908E-04
  165   1.0893E-04
  166   4.4554E-05
  167   2.2277E-05
  168   1.3166E-05
  169   5.9739E-06
  170   2.9370E-06
  171   1.7182E-06
  172   8.0018E-07
