1    5.8898500e-05
2    1.7999900e-05
3    0.0000000e+00
4    4.2177000e-03
6    0.0000000e+00
7    1.5189600e-06
8    1.1010600e-06
9    0.0000000e+00
10    1.3400000e-05
66    9.5730600e-11
67    2.0784900e-12
68    4.2869000e-11
69    6.8150600e-13
70    1.6288200e-11
71    2.9778500e-10
72    5.9656800e-12
73    1.2690800e-10
74    1.6787800e-12
75    4.5666900e-11
76    8.6337500e-10
77    1.1343900e-11
78    3.6973200e-10
79    4.5311300e-12
80    1.6488000e-10
81    1.1528900e-12
82    4.7894200e-11
83    3.8572100e-13
84    1.7487300e-11
85    1.1760300e-10
86    0.0000000e+00
87    1.9144000e-10
88    1.5388900e-12
89    1.4725300e-11
90    1.3473900e-13
91    0.0000000e+00
92    9.2333100e-14
93    2.1966100e-12
94    2.5781300e-10
95    1.5348500e-13
96    0.0000000e+00
97    6.0116400e-10
98    1.6388100e-11
99    8.2840000e-10
100    0.0000000e+00
101    1.5124700e-10
102    5.0463500e-13
103    4.2069600e-11
104    2.9478600e-09
105    1.3931300e-11
106    8.1537300e-10
107    3.9627900e-08
108    3.1976800e-10
109    1.5189000e-08
110    0.0000000e+00
111    9.2870700e-10
112    1.8732100e-07
113    1.7847300e-09
114    7.9942100e-08
115    2.0685000e-06
116    1.2581500e-08
117    5.6459100e-07
118    3.8596700e-06
119    6.1643100e-08
120    7.4546000e-07
121    3.4521600e-06
122    0.0000000e+00
123    0.0000000e+00
124    0.0000000e+00
125    0.0000000e+00
126    0.0000000e+00
127    0.0000000e+00
128    0.0000000e+00
129    8.1441000e-13
130    0.0000000e+00
131    3.6573500e-13
132    5.9157200e-11
133    2.9978300e-13
134    0.0000000e+00
135    9.4031900e-14
136    0.0000000e+00
137    1.1669900e-09
138    0.0000000e+00
139    1.5988400e-10
140    6.9849400e-09
141    2.2990900e-12
142    9.9527900e-10
143    3.3175900e-08
144    1.2790700e-10
145    3.9171600e-09
146    1.0892100e-11
147    4.5467000e-10
148    1.1591600e-08
149    5.0963100e-11
150    3.7756700e-10
151    4.0270800e-12
152    1.7987000e-10
153    5.5859500e-09
154    0.0000000e+00
155    6.9949400e-10
156    9.4927700e-09
157    1.4189800e-10
158    4.6766100e-09
159    1.0592400e-07
160    2.1359900e-10
161    1.2293600e-09
162    6.1083000e-08
163    9.3832100e-10
164    1.0792200e-08
165    8.3139800e-08
166    1.0592400e-09
167    9.6430100e-09
168    5.3961000e-11
169    6.2714600e-10
170    5.8757500e-09
171    3.2476500e-08
172    8.4034900e-11
