#  n-Am241-MT454-E0000.500.endfb8.0  independent fission yields
#   0    95   241  95xx  5.0000E-01        1221
   43    23    66     0       6.936540E-19       4.439390E-19
   42    24    66     0       1.719930E-14       1.100760E-14
   43    24    67     0       0.000000E+00       0.000000E+00
   44    24    68     0       0.000000E+00       0.000000E+00
   45    24    69     0       3.549170E-18       2.271470E-18
   46    24    70     0       0.000000E+00       0.000000E+00
   41    25    66     0       1.990000E-11       1.273600E-11
   42    25    67     0       3.870000E-12       2.476800E-12
   43    25    68     0       7.500010E-13       4.800010E-13
   44    25    69     0       4.609650E-14       2.950180E-14
   45    25    70     0       0.000000E+00       0.000000E+00
   46    25    71     0       0.000000E+00       0.000000E+00
   47    25    72     0       7.380160E-18       4.723300E-18
   40    26    66     0       1.270000E-09       8.128010E-10
   41    26    67     0       7.280010E-10       4.659210E-10
   42    26    68     0       4.270000E-10       2.732800E-10
   43    26    69     0       8.340010E-11       5.337610E-11
   44    26    70     0       1.520000E-11       9.728010E-12
   45    26    71     0       1.300000E-12       8.320010E-13
   46    26    72     0       1.829930E-13       1.171150E-13
   47    26    73     0       1.060000E-14       6.784010E-15
   48    26    74     0       0.000000E+00       0.000000E+00
   50    26    76     0       0.000000E+00       0.000000E+00
   39    27    66     0       5.740010E-09       3.673600E-09
   40    27    67     0       8.690010E-09       5.561610E-09
   41    27    68     0       1.410000E-08       9.024010E-09
   42    27    69     0       8.140010E-09       5.209610E-09
   43    27    70     0       4.430000E-09       2.835200E-09
   44    27    71     0       1.150000E-09       7.360010E-10
   45    27    72     0       5.040010E-10       3.225600E-10
   46    27    73     0       9.160010E-11       5.862410E-11
   47    27    74     0       8.190010E-12       5.241610E-12
   48    27    75     0       4.310000E-13       2.758400E-13
   49    27    76     0       2.180000E-14       1.395200E-14
   50    27    77     0       1.302320E-15       8.334850E-16
   38    28    66     0       2.240000E-09       1.433600E-09
   39    28    67     0       8.570010E-09       5.484810E-09
   40    28    68     0       3.500000E-08       2.240000E-08
   41    28    69     0       5.360010E-08       3.430400E-08
   42    28    70     0       7.850010E-08       5.024010E-08
   43    28    71     0       5.750010E-08       3.680000E-08
   44    28    72     0       7.330010E-08       4.691210E-08
   45    28    73     0       4.000000E-08       2.560000E-08
   46    28    74     0       1.100000E-08       7.040010E-09
   47    28    75     0       1.860000E-09       1.190400E-09
   48    28    76     0       2.980000E-10       1.907200E-10
   49    28    77     0       2.739870E-11       1.753520E-11
   50    28    78     0       1.440000E-12       9.216010E-13
   51    28    79     0       6.844270E-14       4.380330E-14
   52    28    80     0       0.000000E+00       0.000000E+00
   54    28    82     0       0.000000E+00       0.000000E+00
   37    29    66     0       6.600010E-11       4.224000E-11
   38    29    67     0       6.970010E-10       4.460800E-10
   39    29    68     0       2.030000E-09       1.299200E-09
   39    29    68     1       5.500010E-09       3.520000E-09
   40    29    69     0       3.030000E-08       1.939200E-08
   41    29    70     0       2.450000E-08       1.568000E-08
   41    29    70     1       8.680010E-08       5.555210E-08
   42    29    71     0       2.070000E-07       1.324800E-07
   43    29    72     0       6.920010E-07       4.428800E-07
   44    29    73     0       1.030000E-06       6.592010E-07
   45    29    74     0       8.100010E-07       5.184010E-07
   46    29    75     0       4.160000E-07       2.662400E-07
   47    29    76     0       2.020000E-07       1.292800E-07
   48    29    77     0       5.750010E-08       3.680000E-08
   49    29    78     0       9.450010E-09       6.048010E-09
   50    29    79     0       8.889330E-10       5.689170E-10
   51    29    80     0       5.200010E-11       3.328000E-11
   52    29    81     0       1.530000E-12       9.792010E-13
   53    29    82     0       3.380000E-14       2.163200E-14
   36    30    66     0       1.120000E-13       7.168010E-14
   37    30    67     0       3.580000E-12       2.291200E-12
   38    30    68     0       1.140000E-10       7.296010E-11
   39    30    69     0       2.270000E-10       1.452800E-10
   39    30    69     1       1.110000E-09       7.104010E-10
   40    30    70     0       1.340000E-08       8.576010E-09
   41    30    71     0       1.100000E-08       7.040010E-09
   41    30    71     1       5.390010E-08       3.449600E-08
   42    30    72     0       5.490010E-07       3.513600E-07
   43    30    73     0       2.060000E-06       1.318400E-06
   44    30    74     0       4.140000E-06       2.649600E-06
   45    30    75     0       5.810010E-06       3.718400E-06
   46    30    76     0       7.850010E-06       5.024010E-06
   47    30    77     0       6.460010E-06       4.134400E-06
   48    30    78     0       3.180000E-06       2.035200E-06
   49    30    79     0       9.130010E-07       5.843210E-07
   50    30    80     0       1.660000E-07       1.062400E-07
   51    30    81     0       1.580000E-08       1.011200E-08
   52    30    82     0       1.110000E-09       7.104010E-10
   53    30    83     0       4.580010E-11       2.931200E-11
   54    30    84     0       1.060000E-12       6.784010E-13
   55    30    85     0       5.997400E-14       3.838330E-14
   56    30    86     0       0.000000E+00       0.000000E+00
   35    31    66     0       0.000000E+00       0.000000E+00
   36    31    67     0       0.000000E+00       0.000000E+00
   37    31    68     0       9.530010E-14       6.099210E-14
   38    31    69     0       3.530000E-12       2.259200E-12
   39    31    70     0       1.060000E-10       6.784010E-11
   40    31    71     0       1.490000E-09       9.536010E-10
   41    31    72     1       1.760000E-08       1.126400E-08
   41    31    72     0       1.760000E-08       1.126400E-08
   42    31    73     0       3.540000E-07       2.265600E-07
   43    31    74     1       9.150010E-07       5.856010E-07
   43    31    74     0       9.150010E-07       5.856010E-07
   44    31    75     0       6.630010E-06       4.243200E-06
   45    31    76     0       2.262000E-05       1.447680E-05
   46    31    77     0       4.837010E-05       3.095680E-05
   47    31    78     0       6.434010E-05       4.117760E-05
   48    31    79     0       5.226010E-05       3.344640E-05
   49    31    80     0       2.787000E-05       1.783680E-05
   50    31    81     0       8.260010E-06       5.286410E-06
   51    31    82     0       1.790000E-06       1.145600E-06
   52    31    83     0       2.300000E-07       1.472000E-07
   53    31    84     0       1.720000E-08       1.100800E-08
   54    31    85     0       7.789410E-10       4.985220E-10
   55    31    86     0       1.740000E-11       1.113600E-11
   56    31    87     0       3.521970E-13       2.254060E-13
   34    32    66     0       0.000000E+00       0.000000E+00
   35    32    67     0       0.000000E+00       0.000000E+00
   36    32    68     0       0.000000E+00       0.000000E+00
   37    32    69     0       0.000000E+00       0.000000E+00
   38    32    70     0       4.450000E-14       2.848000E-14
   39    32    71     0       9.710010E-13       6.214410E-13
   39    32    71     1       9.710010E-13       6.214410E-13
   40    32    72     0       1.400000E-10       8.960010E-11
   41    32    73     0       3.450000E-09       2.208000E-09
   41    32    73     1       7.070010E-10       4.524800E-10
   42    32    74     0       6.170010E-08       3.948800E-08
   43    32    75     0       7.570010E-08       4.844810E-08
   43    32    75     1       5.550010E-07       3.552000E-07
   44    32    76     0       5.670010E-06       3.628800E-06
   45    32    77     0       2.714000E-05       1.736960E-05
   45    32    77     1       3.700000E-06       2.368000E-06
   46    32    78     0       1.030600E-04       6.595850E-05
   47    32    79     1       1.065750E-04       6.820810E-05
   47    32    79     0       1.065750E-04       6.820810E-05
   48    32    80     0       2.995800E-04       1.917310E-04
   49    32    81     0       2.507900E-04       1.605060E-04
   50    32    82     0       1.556200E-04       9.959690E-05
   51    32    83     0       5.946010E-05       3.805440E-05
   52    32    84     0       1.398000E-05       8.947210E-06
   53    32    85     0       2.080000E-06       1.331200E-06
   54    32    86     0       1.550000E-07       9.920010E-08
   55    32    87     0       7.409660E-09       4.742180E-09
   56    32    88     0       2.250000E-10       1.440000E-10
   57    32    89     0       3.826320E-12       2.448850E-12
   58    32    90     0       3.681850E-13       2.356380E-13
   36    33    69     0       0.000000E+00       0.000000E+00
   38    33    71     0       0.000000E+00       0.000000E+00
   39    33    72     0       2.860000E-14       1.830400E-14
   40    33    73     0       2.660000E-12       1.702400E-12
   41    33    74     0       3.280000E-11       2.099200E-11
   41    33    74     1       8.860010E-11       5.670410E-11
   42    33    75     0       3.850000E-09       2.464000E-09
   43    33    76     0       1.010000E-07       6.464010E-08
   44    33    77     0       1.560000E-06       9.984010E-07
   45    33    78     0       1.408000E-05       9.011210E-06
   46    33    79     0       7.555010E-05       4.835210E-05
   47    33    80     0       2.681900E-04       1.716420E-04
   48    33    81     0       5.792310E-04       3.707080E-04
   49    33    82     0       4.629610E-04       2.962950E-04
   49    33    82     1       4.629610E-04       2.962950E-04
   50    33    83     0       9.478010E-04       6.065930E-04
   51    33    84     1       3.204300E-04       2.050750E-04
   51    33    84     0       3.204300E-04       2.050750E-04
   52    33    85     0       2.934300E-04       1.877950E-04
   53    33    86     0       6.993010E-05       4.475520E-05
   54    33    87     0       1.120000E-05       7.168010E-06
   55    33    88     0       1.160000E-06       7.424010E-07
   56    33    89     0       4.969620E-08       3.180560E-08
   57    33    90     0       4.057430E-09       2.596760E-09
   58    33    91     0       1.440160E-11       9.217010E-12
   59    33    92     0       5.363720E-13       3.432780E-13
   38    34    72     0       0.000000E+00       0.000000E+00
   39    34    73     0       0.000000E+00       0.000000E+00
   39    34    73     1       0.000000E+00       0.000000E+00
   40    34    74     0       1.200000E-14       7.680010E-15
   41    34    75     0       1.240000E-12       7.936010E-13
   42    34    76     0       1.010000E-10       6.464010E-11
   43    34    77     0       5.710010E-10       3.654400E-10
   43    34    77     1       4.180000E-09       2.675200E-09
   44    34    78     0       1.280000E-07       8.192010E-08
   45    34    79     0       1.750000E-06       1.120000E-06
   45    34    79     1       2.390000E-07       1.529600E-07
   46    34    80     0       1.964000E-05       1.256960E-05
   47    34    81     0       1.389000E-05       8.889610E-06
   47    34    81     1       1.018900E-04       6.520970E-05
   48    34    82     0       4.741110E-04       3.034310E-04
   49    34    83     0       1.012760E-03       6.481670E-04
   49    34    83     1       2.074400E-04       1.327620E-04
   50    34    84     0       2.104830E-03       1.347090E-03
   51    34    85     0       1.349380E-03       8.636040E-04
   51    34    85     1       1.346260E-03       8.616070E-04
   52    34    86     0       1.853190E-03       1.186040E-03
   53    34    87     0       9.228810E-04       5.906440E-04
   54    34    88     0       3.095200E-04       1.980930E-04
   55    34    89     0       4.537000E-05       2.903680E-05
   56    34    90     0       4.995950E-06       3.197410E-06
   57    34    91     0       3.029860E-07       1.939110E-07
   58    34    92     0       1.329950E-08       8.511670E-09
   59    34    93     0       1.100930E-10       7.045980E-11
   60    34    94     0       3.280000E-12       2.099200E-12
   62    34    96     0       0.000000E+00       0.000000E+00
   40    35    75     0       0.000000E+00       0.000000E+00
   42    35    77     0       1.560000E-13       9.984010E-14
   42    35    77     1       5.860010E-13       3.750400E-13
   43    35    78     0       6.270010E-11       4.012800E-11
   44    35    79     0       6.320010E-10       4.044800E-10
   44    35    79     1       2.380000E-09       1.523200E-09
   45    35    80     0       1.980000E-08       1.267200E-08
   45    35    80     1       7.020010E-08       4.492800E-08
   46    35    81     0       1.610000E-06       1.030400E-06
   47    35    82     0       1.372000E-05       8.780810E-06
   47    35    82     1       5.080010E-06       3.251200E-06
   48    35    83     0       1.321900E-04       8.460170E-05
   49    35    84     0       1.993600E-04       1.275910E-04
   49    35    84     1       4.236300E-04       2.711230E-04
   50    35    85     0       2.117840E-03       1.355420E-03
   51    35    86     0       1.894990E-03       1.212790E-03
   51    35    86     1       1.894330E-03       1.212370E-03
   52    35    87     0       5.218220E-03       1.200190E-03
   53    35    88     0       5.065610E-03       3.241990E-03
   54    35    89     0       2.323210E-03       1.486860E-03
   55    35    90     0       8.145610E-04       5.213190E-04
   56    35    91     0       1.672800E-04       1.070590E-04
   57    35    92     0       2.469000E-05       1.580160E-05
   58    35    93     0       1.429890E-06       9.151310E-07
   59    35    94     0       7.490010E-08       4.793610E-08
   60    35    95     0       3.232040E-10       2.068500E-10
   61    35    96     0       3.540000E-11       2.265600E-11
   62    35    97     0       6.273950E-13       4.015330E-13
   41    36    77     0       0.000000E+00       0.000000E+00
   42    36    78     0       0.000000E+00       0.000000E+00
   43    36    79     1       1.135000E-13       7.264010E-14
   43    36    79     0       1.135000E-13       7.264010E-14
   44    36    80     0       2.140000E-11       1.369600E-11
   45    36    81     0       1.080000E-09       6.912010E-10
   45    36    81     1       1.480000E-10       9.472010E-11
   46    36    82     0       4.410000E-08       2.822400E-08
   47    36    83     0       7.740010E-07       4.953610E-07
   47    36    83     1       1.580000E-07       1.011200E-07
   48    36    84     0       1.317000E-05       8.428810E-06
   49    36    85     0       1.083700E-04       6.935690E-05
   49    36    85     1       2.220000E-05       1.420800E-05
   50    36    86     0       6.677910E-04       4.273860E-04
   51    36    87     0       2.131610E-03       1.364230E-03
   52    36    88     0       6.624950E-03       4.239970E-03
   53    36    89     0       8.523290E-03       5.454910E-03
   54    36    90     0       8.519500E-03       5.452480E-03
   55    36    91     0       5.363080E-03       3.432370E-03
   56    36    92     0       2.478870E-03       1.586480E-03
   57    36    93     0       4.797910E-04       3.070660E-04
   58    36    94     0       8.405010E-05       5.379210E-05
   59    36    95     0       6.799680E-06       4.351800E-06
   60    36    96     0       4.540000E-07       2.905600E-07
   61    36    97     0       1.319940E-08       8.447610E-09
   62    36    98     0       3.430000E-10       2.195200E-10
   63    36    99     0       9.481590E-12       6.068220E-12
   64    36   100     0       5.830010E-14       3.731200E-14
   42    37    79     0       0.000000E+00       0.000000E+00
   44    37    81     0       4.610010E-14       2.950400E-14
   46    37    83     0       3.480000E-10       2.227200E-10
   47    37    84     0       1.570000E-08       1.004800E-08
   48    37    85     0       5.030010E-07       3.219200E-07
   49    37    86     1       4.035000E-06       2.582400E-06
   49    37    86     0       4.035000E-06       2.582400E-06
   50    37    87     0       8.007010E-05       5.124490E-05
   51    37    88     0       6.558510E-04       4.197440E-04
   52    37    89     0       2.751950E-03       1.761250E-03
   53    37    90     0       1.266910E-03       8.108230E-04
   53    37    90     1       6.185690E-03       3.958840E-03
   54    37    91     0       1.299070E-02       4.157010E-03
   55    37    92     0       1.674830E-02       5.359470E-03
   56    37    93     0       9.719320E-03       6.220370E-03
   57    37    94     0       5.230730E-03       3.347660E-03
   58    37    95     0       1.355020E-03       8.672140E-04
   59    37    96     0       2.908500E-04       1.861440E-04
   60    37    97     0       2.865000E-05       1.833600E-05
   61    37    98     0       2.400000E-06       1.536000E-06
   62    37    99     0       1.231470E-07       7.881390E-08
   63    37   100     0       4.120000E-09       2.636800E-09
   64    37   101     0       4.453560E-11       2.850280E-11
   65    37   102     0       1.580890E-12       1.011770E-12
   45    38    83     0       0.000000E+00       0.000000E+00
   46    38    84     0       9.280010E-13       5.939210E-13
   47    38    85     1       4.990010E-11       3.193600E-11
   47    38    85     0       4.990010E-11       3.193600E-11
   48    38    86     0       5.320010E-09       3.404800E-09
   49    38    87     0       1.470000E-07       9.408010E-08
   49    38    87     1       3.010000E-08       1.926400E-08
   50    38    88     0       4.760010E-06       3.046400E-06
   51    38    89     0       6.502010E-05       4.161280E-05
   52    38    90     0       5.316510E-04       3.402560E-04
   53    38    91     0       2.722410E-03       1.742340E-03
   54    38    92     0       9.607240E-03       4.323260E-03
   55    38    93     0       1.546160E-02       4.947710E-03
   56    38    94     0       2.296600E-02       7.349130E-03
   57    38    95     0       1.702280E-02       5.447310E-03
   58    38    96     0       1.069550E-02       3.422560E-03
   59    38    97     0       3.315000E-03       2.121600E-03
   60    38    98     0       8.551910E-04       5.473220E-04
   61    38    99     0       1.286570E-04       8.234050E-05
   62    38   100     0       1.398000E-05       8.947210E-06
   63    38   101     0       9.369560E-07       5.996520E-07
   64    38   102     0       3.919850E-08       2.508700E-08
   65    38   103     0       4.203570E-10       2.690280E-10
   66    38   104     0       1.650000E-11       1.056000E-11
   67    38   105     0       1.566770E-12       1.002730E-12
   46    39    85     0       0.000000E+00       0.000000E+00
   48    39    87     0       1.980000E-11       1.267200E-11
   49    39    88     0       1.830000E-09       1.171200E-09
   50    39    89     0       1.480000E-08       9.472010E-09
   50    39    89     1       7.250010E-08       4.640010E-08
   51    39    90     1       1.185000E-06       7.584010E-07
   51    39    90     0       1.185000E-06       7.584010E-07
   52    39    91     1       1.999000E-05       1.279360E-05
   52    39    91     0       1.999000E-05       1.279360E-05
   53    39    92     0       4.033500E-04       2.581440E-04
   54    39    93     1       1.058880E-03       6.776810E-04
   54    39    93     0       1.058880E-03       6.776810E-04
   55    39    94     0       8.775490E-03       5.616310E-03
   56    39    95     0       1.769310E-02       5.661780E-03
   57    39    96     0       2.641060E-03       1.690280E-03
   57    39    96     1       2.670420E-02       6.141960E-03
   58    39    97     1       1.272920E-02       8.146720E-03
   58    39    97     0       1.272920E-02       8.146720E-03
   59    39    98     0       9.140620E-03       5.850000E-03
   59    39    98     1       9.140530E-03       5.849940E-03
   60    39    99     0       7.793580E-03       4.987890E-03
   61    39   100     0       2.484580E-03       1.590130E-03
   62    39   101     0       5.025110E-04       3.216070E-04
   63    39   102     0       6.473010E-05       4.142720E-05
   64    39   103     0       5.459590E-06       3.494130E-06
   65    39   104     0       2.790000E-07       1.785600E-07
   66    39   105     0       2.034910E-08       1.302350E-08
   67    39   106     0       5.081420E-11       3.252110E-11
   68    39   107     0       5.716640E-12       3.658650E-12
   47    40    87     0       0.000000E+00       0.000000E+00
   48    40    88     0       3.390000E-14       2.169600E-14
   49    40    89     0       5.830010E-12       3.731200E-12
   50    40    90     1       2.730000E-10       1.747200E-10
   50    40    90     0       2.730000E-10       1.747200E-10
   51    40    91     0       3.170000E-08       2.028800E-08
   52    40    92     0       1.100000E-06       7.040010E-07
   53    40    93     0       1.938000E-05       1.240320E-05
   54    40    94     0       2.511100E-04       1.607110E-04
   55    40    95     0       1.504610E-03       9.629510E-04
   56    40    96     0       6.992370E-03       4.475120E-03
   57    40    97     0       1.662000E-02       5.318420E-03
   58    40    98     0       3.071820E-02       9.829820E-03
   59    40    99     0       3.341330E-02       1.069230E-02
   60    40   100     0       2.813260E-02       9.002450E-03
   61    40   101     0       1.568710E-02       5.019880E-03
   62    40   102     0       5.803790E-03       3.714420E-03
   63    40   103     0       1.495910E-03       9.573830E-04
   64    40   104     0       2.325800E-04       1.488510E-04
   65    40   105     0       2.125970E-05       1.360620E-05
   66    40   106     0       1.259950E-06       8.063680E-07
   67    40   107     0       1.202690E-07       7.697200E-08
   68    40   108     0       1.080000E-09       6.912010E-10
   69    40   109     0       1.062440E-11       6.799620E-12
   70    40   110     0       6.280010E-14       4.019200E-14
   48    41    89     0       0.000000E+00       0.000000E+00
   49    41    90     0       0.000000E+00       0.000000E+00
   50    41    91     0       1.260000E-12       8.064010E-13
   51    41    92     0       1.510000E-10       9.664010E-11
   52    41    93     0       7.860010E-09       5.030410E-09
   52    41    93     1       1.610000E-09       1.030400E-09
   53    41    94     0       2.610000E-07       1.670400E-07
   53    41    94     1       1.530000E-07       9.792010E-08
   54    41    95     0       7.380010E-06       4.723210E-06
   54    41    95     1       1.510000E-06       9.664010E-07
   55    41    96     0       9.946010E-05       6.365450E-05
   56    41    97     0       7.835510E-04       5.014730E-04
   56    41    97     1       1.604900E-04       1.027140E-04
   57    41    98     0       3.446570E-03       2.205810E-03
   57    41    98     1       9.721710E-04       6.221890E-04
   58    41    99     0       9.955210E-04       6.371330E-04
   58    41    99     1       1.144820E-02       3.663410E-03
   59    41   100     0       1.321760E-02       4.229630E-03
   59    41   100     1       1.321760E-02       4.229630E-03
   60    41   101     0       3.713110E-02       1.188190E-02
   61    41   102     1       1.771040E-02       1.133460E-02
   61    41   102     0       1.771040E-02       1.133460E-02
   62    41   103     0       2.514540E-02       8.046520E-03
   63    41   104     1       5.480670E-03       3.507630E-03
   63    41   104     0       5.480670E-03       3.507630E-03
   64    41   105     0       3.005540E-03       1.923550E-03
   65    41   106     0       5.515810E-04       3.530120E-04
   66    41   107     0       7.756980E-05       4.964470E-05
   67    41   108     0       4.940010E-06       3.161600E-06
   68    41   109     0       1.379900E-07       8.831330E-08
   69    41   110     0       3.370000E-09       2.156800E-09
   70    41   111     0       0.000000E+00       0.000000E+00
   71    41   112     0       0.000000E+00       0.000000E+00
   72    41   113     0       0.000000E+00       0.000000E+00
   48    42    90     0       0.000000E+00       0.000000E+00
   49    42    91     0       0.000000E+00       0.000000E+00
   50    42    92     0       0.000000E+00       0.000000E+00
   51    42    93     1       1.120000E-13       7.168010E-14
   51    42    93     0       1.120000E-13       7.168010E-14
   52    42    94     0       3.420000E-11       2.188800E-11
   53    42    95     0       2.530000E-09       1.619200E-09
   54    42    96     0       1.110000E-07       7.104010E-08
   55    42    97     0       2.970000E-06       1.900800E-06
   56    42    98     0       4.262000E-05       2.727680E-05
   57    42    99     0       3.463900E-04       2.216900E-04
   58    42   100     0       2.040610E-03       1.305990E-03
   59    42   101     0       7.611380E-03       4.871280E-03
   60    42   102     0       1.858450E-02       5.947020E-03
   61    42   103     0       3.397010E-02       1.087040E-02
   62    42   104     0       3.754280E-02       1.201370E-02
   63    42   105     0       2.764120E-02       8.845200E-03
   64    42   106     0       1.423860E-02       4.556360E-03
   65    42   107     0       5.882150E-03       3.764570E-03
   66    42   108     0       1.171770E-03       7.499340E-04
   67    42   109     0       1.053100E-04       6.739850E-05
   68    42   110     0       8.730010E-06       5.587210E-06
   69    42   111     0       5.830010E-13       3.731200E-13
   70    42   112     0       0.000000E+00       0.000000E+00
   71    42   113     0       1.328150E-16       8.500140E-17
   72    42   114     0       0.000000E+00       0.000000E+00
   73    42   115     0       0.000000E+00       0.000000E+00
   74    42   116     0       6.160010E-13       3.942400E-13
   75    42   117     0       1.833290E-14       1.173310E-14
   50    43    93     0       0.000000E+00       0.000000E+00
   52    43    95     0       2.870000E-14       1.836800E-14
   52    43    95     1       0.000000E+00       0.000000E+00
   54    43    97     1       2.385000E-10       1.526400E-10
   54    43    97     0       2.385000E-10       1.526400E-10
   55    43    98     0       2.210000E-08       1.414400E-08
   56    43    99     0       4.610010E-07       2.950400E-07
   56    43    99     1       9.440010E-08       6.041610E-08
   57    43   100     0       9.900010E-06       6.336010E-06
   58    43   101     0       1.089300E-04       6.971530E-05
   59    43   102     0       3.785300E-04       2.422590E-04
   59    43   102     1       3.785300E-04       2.422590E-04
   60    43   103     0       3.866540E-03       2.474590E-03
   61    43   104     0       1.119720E-02       3.583100E-03
   62    43   105     0       2.140930E-02       6.850970E-03
   63    43   106     0       2.842060E-02       9.094590E-03
   64    43   107     0       3.083960E-02       9.868660E-03
   65    43   108     0       1.725290E-02       5.520940E-03
   66    43   109     0       4.568390E-03       2.923770E-03
   67    43   110     0       1.198150E-03       7.668170E-04
   68    43   111     0       1.700000E-06       1.088000E-06
   69    43   112     0       1.060000E-07       6.784010E-08
   70    43   113     0       2.090000E-09       1.337600E-09
   71    43   114     0       4.800010E-11       3.072000E-11
   72    43   115     0       7.336190E-14       4.695160E-14
   73    43   116     0       8.390010E-09       5.369610E-09
   74    43   117     0       2.381080E-10       1.523890E-10
   75    43   118     0       2.391490E-13       1.530560E-13
   76    43   119     0       2.894570E-15       1.852530E-15
   51    44    95     0       0.000000E+00       0.000000E+00
   52    44    96     0       0.000000E+00       0.000000E+00
   53    44    97     0       0.000000E+00       0.000000E+00
   54    44    98     0       5.570010E-13       3.564800E-13
   55    44    99     0       4.440000E-11       2.841600E-11
   56    44   100     0       2.500000E-09       1.600000E-09
   57    44   101     0       8.580010E-08       5.491210E-08
   58    44   102     0       1.830000E-06       1.171200E-06
   59    44   103     0       2.894000E-05       1.852160E-05
   60    44   104     0       2.433100E-04       1.557190E-04
   61    44   105     0       1.338390E-03       8.565710E-04
   62    44   106     0       4.866900E-03       3.114810E-03
   63    44   107     0       1.397470E-02       4.471910E-03
   64    44   108     0       2.065410E-02       6.609300E-03
   65    44   109     1       7.265200E-03       4.649730E-03
   65    44   109     0       7.265200E-03       4.649730E-03
   66    44   110     0       1.073850E-02       3.436300E-03
   67    44   111     0       2.375250E-03       1.520160E-03
   68    44   112     0       6.890910E-04       4.410180E-04
   69    44   113     0       7.191010E-05       4.602250E-05
   70    44   114     0       7.720010E-06       4.940810E-06
   71    44   115     0       1.870000E-06       1.196800E-06
   72    44   116     0       5.690010E-06       3.641600E-06
   73    44   117     0       2.487620E-07       1.592080E-07
   74    44   118     0       5.929770E-09       3.795050E-09
   75    44   119     0       6.089720E-11       3.897420E-11
   76    44   120     0       3.360000E-13       2.150400E-13
   77    44   121     0       4.565410E-15       2.921860E-15
   78    44   122     0       0.000000E+00       0.000000E+00
   80    44   124     0       0.000000E+00       0.000000E+00
   54    45    99     0       0.000000E+00       0.000000E+00
   56    45   101     0       5.630010E-13       3.603200E-13
   56    45   101     1       2.750000E-12       1.760000E-12
   57    45   102     0       1.120000E-10       7.168010E-11
   57    45   102     1       1.120000E-10       7.168010E-11
   58    45   103     0       1.330000E-09       8.512010E-10
   58    45   103     1       9.750010E-09       6.240010E-09
   59    45   104     0       6.580010E-08       4.211200E-08
   59    45   104     1       2.330000E-07       1.491200E-07
   60    45   105     0       4.530000E-06       2.899200E-06
   60    45   105     1       6.180010E-07       3.955200E-07
   61    45   106     0       3.043000E-05       1.947520E-05
   61    45   106     1       3.043000E-05       1.947520E-05
   62    45   107     0       4.838810E-04       3.096840E-04
   63    45   108     0       1.035110E-03       6.624710E-04
   63    45   108     1       1.035110E-03       6.624710E-04
   64    45   109     0       2.052950E-03       1.313890E-03
   64    45   109     1       2.010720E-03       1.286860E-03
   65    45   110     0       4.056750E-03       2.596320E-03
   65    45   110     1       4.056750E-03       2.596320E-03
   66    45   111     0       7.471690E-03       4.781880E-03
   67    45   112     0       6.277070E-03       1.443730E-03
   68    45   113     0       2.259940E-03       1.446360E-03
   69    45   114     0       8.419910E-04       5.388740E-04
   70    45   115     0       6.797210E-04       4.350210E-04
   71    45   116     0       2.212300E-04       1.415870E-04
   72    45   117     0       4.185000E-05       2.678400E-05
   73    45   118     0       4.400000E-06       2.816000E-06
   74    45   119     0       2.060000E-07       1.318400E-07
   75    45   120     0       5.160010E-09       3.302400E-09
   76    45   121     0       5.929550E-11       3.794910E-11
   77    45   122     0       3.410000E-13       2.182400E-13
   78    45   123     0       0.000000E+00       0.000000E+00
   79    45   124     0       0.000000E+00       0.000000E+00
   53    46    99     0       0.000000E+00       0.000000E+00
   55    46   101     0       0.000000E+00       0.000000E+00
   56    46   102     0       0.000000E+00       0.000000E+00
   57    46   103     0       2.120000E-13       1.356800E-13
   58    46   104     0       1.820000E-11       1.164800E-11
   59    46   105     0       1.060000E-09       6.784010E-10
   60    46   106     0       3.890000E-08       2.489600E-08
   61    46   107     0       3.040000E-07       1.945600E-07
   61    46   107     1       6.770010E-07       4.332800E-07
   62    46   108     0       1.340000E-05       8.576010E-06
   63    46   109     0       2.493000E-05       1.595520E-05
   63    46   109     1       5.549010E-05       3.551360E-05
   64    46   110     0       4.938310E-04       3.160520E-04
   65    46   111     0       5.202010E-05       3.329280E-05
   65    46   111     1       1.157800E-04       7.409930E-05
   66    46   112     0       4.695210E-04       3.004930E-04
   67    46   113     0       5.232010E-04       3.348480E-04
   68    46   114     0       4.988910E-04       3.192900E-04
   69    46   115     0       9.084610E-04       5.814150E-04
   70    46   116     0       6.374910E-04       4.079940E-04
   71    46   117     0       4.498300E-04       2.878920E-04
   72    46   118     0       1.855600E-04       1.187590E-04
   73    46   119     0       3.669000E-05       2.348160E-05
   74    46   120     0       3.940000E-06       2.521600E-06
   75    46   121     0       2.070000E-07       1.324800E-07
   76    46   122     0       5.410010E-09       3.462400E-09
   77    46   123     0       0.000000E+00       0.000000E+00
   78    46   124     0       0.000000E+00       0.000000E+00
   79    46   125     0       0.000000E+00       0.000000E+00
   80    46   126     0       0.000000E+00       0.000000E+00
   82    46   128     0       0.000000E+00       0.000000E+00
   83    46   129     0       0.000000E+00       0.000000E+00
   84    46   130     0       0.000000E+00       0.000000E+00
   56    47   103     0       0.000000E+00       0.000000E+00
   58    47   105     0       0.000000E+00       0.000000E+00
   58    47   105     1       0.000000E+00       0.000000E+00
   59    47   106     0       3.270000E-13       2.092800E-13
   59    47   106     1       8.850010E-13       5.664010E-13
   60    47   107     0       1.200000E-11       7.680010E-12
   60    47   107     1       8.810010E-11       5.638410E-11
   61    47   108     1       2.285000E-09       1.462400E-09
   61    47   108     0       2.285000E-09       1.462400E-09
   62    47   109     1       5.250010E-08       3.360000E-08
   62    47   109     0       5.250010E-08       3.360000E-08
   63    47   110     0       4.990010E-07       3.193600E-07
   63    47   110     1       1.350000E-06       8.640010E-07
   64    47   111     0       3.650000E-10       2.336000E-10
   64    47   111     1       2.680000E-09       1.715200E-09
   65    47   112     0       3.660000E-08       2.342400E-08
   66    47   113     0       2.880000E-08       1.843200E-08
   66    47   113     1       2.110000E-07       1.350400E-07
   67    47   114     0       9.590010E-07       6.137610E-07
   68    47   115     0       2.980000E-06       1.907200E-06
   68    47   115     1       2.980000E-06       1.907200E-06
   69    47   116     0       7.984010E-05       5.109770E-05
   69    47   116     1       7.984010E-05       5.109770E-05
   70    47   117     0       2.013500E-04       1.288640E-04
   70    47   117     1       2.013500E-04       1.288640E-04
   71    47   118     0       2.879200E-04       1.842690E-04
   71    47   118     1       2.879200E-04       1.842690E-04
   72    47   119     0       4.154000E-04       2.658560E-04
   73    47   120     1       8.554510E-05       5.474890E-05
   73    47   120     0       8.554510E-05       5.474890E-05
   74    47   121     0       3.789000E-05       2.424960E-05
   75    47   122     1       2.125000E-06       1.360000E-06
   75    47   122     0       2.125000E-06       1.360000E-06
   76    47   123     0       1.110000E-11       7.104010E-12
   77    47   124     0       9.320010E-13       5.964810E-13
   78    47   125     0       9.210010E-14       5.894410E-14
   79    47   126     0       0.000000E+00       0.000000E+00
   80    47   127     0       0.000000E+00       0.000000E+00
   81    47   128     0       0.000000E+00       0.000000E+00
   82    47   129     0       1.031770E-17       6.603360E-18
   83    47   130     0       5.730010E-11       3.667200E-11
   84    47   131     0       1.620770E-12       1.037290E-12
   57    48   105     0       0.000000E+00       0.000000E+00
   58    48   106     0       0.000000E+00       0.000000E+00
   59    48   107     0       0.000000E+00       0.000000E+00
   60    48   108     0       7.500010E-14       4.800010E-14
   61    48   109     0       5.840010E-12       3.737600E-12
   62    48   110     0       3.560000E-10       2.278400E-10
   63    48   111     0       0.000000E+00       0.000000E+00
   63    48   111     1       0.000000E+00       0.000000E+00
   64    48   112     0       0.000000E+00       0.000000E+00
   65    48   113     0       1.060000E-14       6.784010E-15
   65    48   113     1       4.000000E-14       2.560000E-14
   66    48   114     0       9.780010E-13       6.259210E-13
   67    48   115     0       5.210010E-12       3.334400E-12
   67    48   115     1       1.960000E-11       1.254400E-11
   68    48   116     0       2.860000E-06       1.830400E-06
   69    48   117     0       6.190010E-06       3.961600E-06
   69    48   117     1       2.330000E-05       1.491200E-05
   70    48   118     0       1.554400E-04       9.948170E-05
   71    48   119     0       1.951700E-04       1.249090E-04
   71    48   119     1       1.951700E-04       1.249090E-04
   72    48   120     0       5.442510E-04       3.483200E-04
   73    48   121     1       2.201700E-04       1.409090E-04
   73    48   121     0       2.201700E-04       1.409090E-04
   74    48   122     0       1.897000E-04       1.214080E-04
   75    48   123     0       3.330000E-06       2.131200E-06
   76    48   124     0       9.040010E-07       5.785610E-07
   77    48   125     0       2.910000E-07       1.862400E-07
   78    48   126     0       6.850010E-08       4.384000E-08
   79    48   127     0       1.470000E-08       9.408010E-09
   80    48   128     0       2.510000E-09       1.606400E-09
   81    48   129     0       2.630000E-10       1.683200E-10
   82    48   130     0       4.950010E-07       3.168000E-07
   83    48   131     0       3.409840E-08       2.182300E-08
   84    48   132     0       5.590010E-10       3.577600E-10
   85    48   133     0       1.131730E-11       7.243070E-12
   86    48   134     0       3.270000E-14       2.092800E-14
   88    48   136     0       0.000000E+00       0.000000E+00
   58    49   107     0       0.000000E+00       0.000000E+00
   60    49   109     0       0.000000E+00       0.000000E+00
   62    49   111     0       0.000000E+00       0.000000E+00
   63    49   112     0       0.000000E+00       0.000000E+00
   63    49   112     1       0.000000E+00       0.000000E+00
   64    49   113     0       0.000000E+00       0.000000E+00
   64    49   113     1       0.000000E+00       0.000000E+00
   65    49   114     0       0.000000E+00       0.000000E+00
   65    49   114     1       0.000000E+00       0.000000E+00
   66    49   115     0       0.000000E+00       0.000000E+00
   66    49   115     1       0.000000E+00       0.000000E+00
   67    49   116     2       9.533340E-10       6.101340E-10
   67    49   116     0       9.533340E-10       6.101340E-10
   67    49   116     1       9.533340E-10       6.101340E-10
   68    49   117     0       1.120000E-07       7.168010E-08
   68    49   117     1       2.300000E-08       1.472000E-08
   69    49   118     2       3.325000E-07       2.128000E-07
   69    49   118     0       2.360000E-06       1.510400E-06
   69    49   118     1       3.325000E-07       2.128000E-07
   70    49   119     0       2.501000E-05       1.600640E-05
   70    49   119     1       5.120010E-06       3.276800E-06
   71    49   120     2       5.020670E-05       3.213230E-05
   71    49   120     0       5.020670E-05       3.213230E-05
   71    49   120     1       5.020670E-05       3.213230E-05
   72    49   121     0       3.518500E-04       2.251840E-04
   72    49   121     1       7.207010E-05       4.612490E-05
   73    49   122     2       2.061940E-04       1.319640E-04
   73    49   122     0       2.061940E-04       1.319640E-04
   73    49   122     1       2.061940E-04       1.319640E-04
   74    49   123     0       5.106610E-04       3.268230E-04
   74    49   123     1       1.045900E-04       6.693770E-05
   75    49   124     1       2.329550E-04       1.490910E-04
   75    49   124     0       2.329550E-04       1.490910E-04
   76    49   125     0       2.181500E-04       1.396160E-04
   76    49   125     1       2.181500E-04       1.396160E-04
   77    49   126     1       1.541000E-04       9.862410E-05
   77    49   126     0       1.541000E-04       9.862410E-05
   78    49   127     0       1.014100E-04       6.490250E-05
   78    49   127     1       1.014100E-04       6.490250E-05
   79    49   128     1       5.882010E-05       3.764480E-05
   79    49   128     0       5.882010E-05       3.764480E-05
   80    49   129     0       2.472000E-05       1.582080E-05
   80    49   129     1       2.472000E-05       1.582080E-05
   81    49   130     2       7.208010E-05       4.613130E-05
   81    49   130     1       7.208010E-05       4.613130E-05
   81    49   130     0       7.208010E-05       4.613130E-05
   82    49   131     1       2.578500E-05       1.650240E-05
   82    49   131     0       2.578500E-05       1.650240E-05
   83    49   132     0       3.170000E-06       2.028800E-06
   84    49   133     0       1.469890E-07       9.407290E-08
   85    49   134     0       2.870000E-09       1.836800E-09
   86    49   135     0       1.492440E-11       9.551620E-12
   87    49   136     0       1.220000E-13       7.808010E-14
   61    50   111     0       0.000000E+00       0.000000E+00
   62    50   112     0       0.000000E+00       0.000000E+00
   63    50   113     1       0.000000E+00       0.000000E+00
   63    50   113     0       0.000000E+00       0.000000E+00
   64    50   114     0       0.000000E+00       0.000000E+00
   65    50   115     0       0.000000E+00       0.000000E+00
   66    50   116     0       1.410000E-13       9.024010E-14
   67    50   117     1       1.605000E-11       1.027200E-11
   67    50   117     0       1.605000E-11       1.027200E-11
   68    50   118     0       3.300000E-09       2.112000E-09
   69    50   119     0       3.070000E-08       1.964800E-08
   69    50   119     1       1.160000E-07       7.424010E-08
   70    50   120     0       3.010000E-06       1.926400E-06
   71    50   121     0       8.730010E-06       5.587210E-06
   71    50   121     1       2.486000E-05       1.591040E-05
   72    50   122     0       1.754900E-04       1.123140E-04
   73    50   123     0       3.876100E-04       2.480710E-04
   73    50   123     1       1.361900E-04       8.716170E-05
   74    50   124     0       7.813310E-04       5.000520E-04
   75    50   125     0       1.078680E-03       6.903560E-04
   75    50   125     1       3.823100E-04       2.446790E-04
   76    50   126     0       2.185140E-03       6.992460E-04
   77    50   127     0       2.366390E-03       1.514490E-03
   77    50   127     1       8.314410E-04       5.321220E-04
   78    50   128     1       2.348870E-03       1.503280E-03
   78    50   128     0       2.348870E-03       1.503280E-03
   79    50   129     0       4.542660E-03       2.907310E-03
   79    50   129     1       1.594950E-03       1.020770E-03
   80    50   130     1       2.790890E-03       1.786170E-03
   80    50   130     0       2.790890E-03       1.786170E-03
   81    50   131     1       2.124370E-03       1.359600E-03
   81    50   131     0       2.124370E-03       1.359600E-03
   82    50   132     0       9.193910E-04       5.884100E-04
   83    50   133     0       1.607400E-04       1.028740E-04
   84    50   134     0       1.201000E-05       7.686410E-06
   85    50   135     0       3.139850E-07       2.009510E-07
   86    50   136     0       7.620010E-09       4.876810E-09
   87    50   137     0       8.210010E-11       5.254410E-11
   88    50   138     0       6.960010E-13       4.454400E-13
   62    51   113     0       0.000000E+00       0.000000E+00
   64    51   115     0       0.000000E+00       0.000000E+00
   66    51   117     0       0.000000E+00       0.000000E+00
   67    51   118     0       6.590010E-14       4.217600E-14
   67    51   118     1       1.120000E-13       7.168010E-14
   68    51   119     0       3.690000E-11       2.361600E-11
   69    51   120     0       1.250000E-09       8.000010E-10
   69    51   120     1       2.130000E-09       1.363200E-09
   70    51   121     0       1.680000E-07       1.075200E-07
   71    51   122     0       1.550000E-06       9.920010E-07
   71    51   122     1       2.060000E-06       1.318400E-06
   72    51   123     0       1.750000E-06       1.120000E-06
   73    51   124     2       2.366670E-06       1.514670E-06
   73    51   124     0       2.366670E-06       1.514670E-06
   73    51   124     1       2.366670E-06       1.514670E-06
   74    51   125     0       3.436000E-05       2.199040E-05
   75    51   126     2       3.557000E-05       2.276480E-05
   75    51   126     0       5.152010E-05       3.297280E-05
   75    51   126     1       3.557000E-05       2.276480E-05
   76    51   127     0       4.048300E-04       2.590910E-04
   77    51   128     0       5.543810E-04       3.548040E-04
   77    51   128     1       7.655810E-04       4.899720E-04
   78    51   129     0       3.983670E-03       2.549550E-03
   79    51   130     0       4.675810E-03       2.992520E-03
   79    51   130     1       6.263360E-03       2.004270E-03
   80    51   131     0       2.403090E-02       7.689890E-03
   81    51   132     0       8.638390E-03       5.528570E-03
   81    51   132     1       7.660460E-03       4.902690E-03
   82    51   133     0       9.727910E-03       3.112930E-03
   83    51   134     1       1.305220E-03       8.353420E-04
   83    51   134     0       1.305220E-03       8.353420E-04
   84    51   135     0       2.544900E-04       1.628740E-04
   85    51   136     0       2.293000E-05       1.467520E-05
   86    51   137     0       9.050010E-07       5.792010E-07
   87    51   138     0       2.750000E-08       1.760000E-08
   88    51   139     0       5.830010E-10       3.731200E-10
   89    51   140     0       5.162080E-12       3.303730E-12
   90    51   141     0       8.211820E-13       5.255570E-13
   63    52   115     0       0.000000E+00       0.000000E+00
   65    52   117     0       0.000000E+00       0.000000E+00
   66    52   118     0       0.000000E+00       0.000000E+00
   67    52   119     0       0.000000E+00       0.000000E+00
   68    52   120     0       1.880000E-13       1.203200E-13
   69    52   121     1       2.185000E-11       1.398400E-11
   69    52   121     0       2.185000E-11       1.398400E-11
   70    52   122     0       4.180000E-09       2.675200E-09
   71    52   123     0       7.020010E-13       4.492800E-13
   71    52   123     1       2.640000E-12       1.689600E-12
   72    52   124     0       4.370000E-11       2.796800E-11
   73    52   125     0       1.290000E-10       8.256010E-11
   73    52   125     1       4.850010E-10       3.104000E-10
   74    52   126     0       7.540010E-09       4.825610E-09
   75    52   127     0       2.000000E-08       1.280000E-08
   75    52   127     1       5.680010E-08       3.635200E-08
   76    52   128     0       8.110010E-07       5.190410E-07
   77    52   129     0       2.290000E-06       1.465600E-06
   77    52   129     1       6.510010E-06       4.166400E-06
   78    52   130     0       1.912310E-03       1.223880E-03
   79    52   131     0       2.963380E-03       1.896570E-03
   79    52   131     1       9.948440E-03       3.183500E-03
   80    52   132     0       2.312170E-02       5.317990E-03
   81    52   133     0       1.084580E-02       3.470650E-03
   81    52   133     1       3.086880E-02       9.878010E-03
   82    52   134     0       3.548610E-02       5.677780E-03
   83    52   135     0       1.166500E-02       3.732800E-03
   84    52   136     0       3.632210E-03       2.324620E-03
   85    52   137     0       4.997610E-04       3.198470E-04
   86    52   138     0       5.281010E-05       3.379840E-05
   87    52   139     0       3.720000E-06       2.380800E-06
   88    52   140     0       1.279950E-07       8.191680E-08
   89    52   141     0       1.727640E-08       1.105690E-08
   90    52   142     0       7.020010E-11       4.492800E-11
   91    52   143     0       2.552620E-12       1.633680E-12
   68    53   121     0       0.000000E+00       0.000000E+00
   70    53   123     0       0.000000E+00       0.000000E+00
   72    53   125     0       0.000000E+00       0.000000E+00
   73    53   126     0       0.000000E+00       0.000000E+00
   74    53   127     0       0.000000E+00       0.000000E+00
   75    53   128     0       2.340000E-13       1.497600E-13
   76    53   129     0       1.050000E-11       6.720010E-12
   77    53   130     0       1.641000E-05       1.050240E-05
   77    53   130     1       6.070010E-06       3.884800E-06
   78    53   131     0       4.401600E-04       2.817030E-04
   79    53   132     1       1.426080E-03       9.126890E-04
   79    53   132     0       1.426080E-03       9.126890E-04
   80    53   133     1       3.198540E-03       2.047070E-03
   80    53   133     0       3.198540E-03       2.047070E-03
   81    53   134     0       2.049160E-02       6.557310E-03
   81    53   134     1       1.638870E-02       5.244370E-03
   82    53   135     0       3.897390E-02       4.287120E-03
   83    53   136     0       1.852890E-02       5.929260E-03
   83    53   136     1       1.852230E-02       5.927150E-03
   84    53   137     0       1.603100E-02       2.564970E-03
   85    53   138     0       5.454300E-03       3.490750E-03
   86    53   139     0       1.214750E-03       7.774410E-04
   87    53   140     0       1.312800E-04       8.401930E-05
   88    53   141     0       1.114270E-05       7.131350E-06
   89    53   142     0       7.730010E-07       4.947210E-07
   90    53   143     0       3.315340E-08       2.121820E-08
   91    53   144     0       9.396600E-11       6.013820E-11
   92    53   145     0       4.990650E-12       3.194010E-12
   93    53   146     0       1.092910E-13       6.994620E-14
   70    54   124     0       0.000000E+00       0.000000E+00
   71    54   125     1       0.000000E+00       0.000000E+00
   71    54   125     0       0.000000E+00       0.000000E+00
   72    54   126     0       0.000000E+00       0.000000E+00
   73    54   127     1       0.000000E+00       0.000000E+00
   73    54   127     0       0.000000E+00       0.000000E+00
   74    54   128     0       0.000000E+00       0.000000E+00
   75    54   129     1       0.000000E+00       0.000000E+00
   75    54   129     0       0.000000E+00       0.000000E+00
   76    54   130     0       1.440000E-08       9.216010E-09
   77    54   131     0       2.290000E-07       1.465600E-07
   77    54   131     1       6.520010E-07       4.172800E-07
   78    54   132     0       2.354000E-05       1.506560E-05
   79    54   133     0       4.564000E-05       2.920960E-05
   79    54   133     1       1.298900E-04       8.312970E-05
   80    54   134     0       8.728110E-04       5.585990E-04
   80    54   134     1       2.359830E-03       1.510290E-03
   81    54   135     0       1.919800E-03       2.111780E-04
   81    54   135     1       1.199930E-02       5.399690E-03
   82    54   136     0       3.160650E-02       1.011410E-02
   83    54   137     0       3.526480E-02       1.128470E-02
   84    54   138     0       3.777350E-02       1.208750E-02
   85    54   139     0       2.395750E-02       7.666390E-03
   86    54   140     0       7.513130E-03       4.808400E-03
   87    54   141     0       1.983000E-03       1.269120E-03
   88    54   142     0       4.271200E-04       2.733570E-04
   89    54   143     1       1.731840E-05       1.108380E-05
   89    54   143     0       1.731840E-05       1.108380E-05
   90    54   144     0       2.329910E-06       1.491140E-06
   91    54   145     0       1.049950E-07       6.719690E-08
   92    54   146     0       2.709890E-09       1.734330E-09
   93    54   147     0       1.433060E-11       9.171590E-12
   94    54   148     0       3.620000E-13       2.316800E-13
   96    54   150     0       0.000000E+00       0.000000E+00
   72    55   127     0       0.000000E+00       0.000000E+00
   74    55   129     0       0.000000E+00       0.000000E+00
   76    55   131     0       9.850010E-11       6.304010E-11
   77    55   132     0       9.900010E-09       6.336010E-09
   78    55   133     0       2.790000E-07       1.785600E-07
   79    55   134     1       9.595010E-06       6.140810E-06
   79    55   134     0       9.595010E-06       6.140810E-06
   80    55   135     1       1.224000E-04       7.833610E-05
   80    55   135     0       1.224000E-04       7.833610E-05
   81    55   136     1       2.262230E-03       1.447830E-03
   81    55   136     0       2.262230E-03       1.447830E-03
   82    55   137     0       7.335980E-03       4.695030E-03
   83    55   138     0       1.120300E-02       3.584950E-03
   83    55   138     1       1.120390E-02       2.576900E-03
   84    55   139     0       3.739650E-02       1.196690E-02
   85    55   140     0       3.064800E-02       9.807350E-03
   86    55   141     0       2.245310E-02       7.185000E-03
   87    55   142     0       1.370190E-02       4.384600E-03
   88    55   143     0       3.383880E-03       2.165690E-03
   89    55   144     0       6.967210E-04       4.459010E-04
   90    55   145     0       1.020900E-04       6.533770E-05
   91    55   146     0       8.410010E-06       5.382410E-06
   92    55   147     0       1.861260E-07       1.191210E-07
   93    55   148     0       1.230000E-08       7.872010E-09
   94    55   149     0       6.321480E-11       4.045750E-11
   95    55   150     0       3.040000E-12       1.945600E-12
   96    55   151     0       2.435590E-13       1.558770E-13
   73    56   129     0       0.000000E+00       0.000000E+00
   75    56   131     0       0.000000E+00       0.000000E+00
   76    56   132     0       2.010000E-13       1.286400E-13
   77    56   133     0       2.230000E-11       1.427200E-11
   78    56   134     0       5.980010E-09       3.827200E-09
   79    56   135     1       1.460000E-07       9.344010E-08
   79    56   135     0       1.460000E-07       9.344010E-08
   80    56   136     1       4.750010E-06       3.040000E-06
   80    56   136     0       4.750010E-06       3.040000E-06
   81    56   137     0       2.955000E-05       1.891200E-05
   81    56   137     1       8.409010E-05       5.381770E-05
   82    56   138     0       1.044300E-03       6.683530E-04
   83    56   139     0       5.006440E-03       3.204120E-03
   84    56   140     0       1.091520E-02       3.492880E-03
   85    56   141     0       2.110400E-02       6.753280E-03
   86    56   142     0       3.322570E-02       1.063220E-02
   87    56   143     0       2.228380E-02       7.130820E-03
   88    56   144     0       1.268030E-02       4.057690E-03
   89    56   145     0       5.526520E-03       3.536970E-03
   90    56   146     0       1.370820E-03       8.773260E-04
   91    56   147     0       1.944540E-04       1.244510E-04
   92    56   148     0       2.031000E-05       1.299840E-05
   93    56   149     0       1.329940E-06       8.511600E-07
   94    56   150     0       5.280010E-08       3.379200E-08
   95    56   151     0       5.124080E-09       3.279410E-09
   96    56   152     0       1.990000E-11       1.273600E-11
   97    56   153     0       4.457630E-13       2.852880E-13
   98    56   154     0       0.000000E+00       0.000000E+00
   76    57   133     0       0.000000E+00       0.000000E+00
   78    57   135     0       1.730000E-11       1.107200E-11
   80    57   137     0       9.220010E-08       5.900810E-08
   81    57   138     0       2.920000E-06       1.868800E-06
   82    57   139     0       4.149000E-05       2.655360E-05
   83    57   140     0       2.039200E-04       6.525450E-05
   84    57   141     0       1.630260E-03       1.043370E-03
   85    57   142     0       6.986630E-03       4.471440E-03
   86    57   143     0       1.265870E-02       4.050780E-03
   87    57   144     0       1.849730E-02       5.919130E-03
   88    57   145     0       2.144580E-02       6.862660E-03
   89    57   146     1       7.177100E-03       4.593350E-03
   89    57   146     0       7.177100E-03       4.593350E-03
   90    57   147     0       5.754120E-03       3.682630E-03
   91    57   148     0       1.820870E-03       1.165360E-03
   92    57   149     0       3.642000E-04       2.330880E-04
   93    57   150     0       4.543000E-05       2.907520E-05
   94    57   151     0       3.304880E-06       2.115120E-06
   95    57   152     0       1.830000E-07       1.171200E-07
   96    57   153     0       5.789560E-09       3.705320E-09
   97    57   154     0       1.010000E-10       6.464010E-11
   98    57   155     0       1.036150E-12       6.631380E-13
   99    57   156     0       1.911580E-14       1.223410E-14
   77    58   135     0       0.000000E+00       0.000000E+00
   79    58   137     0       3.670000E-12       2.348800E-12
   80    58   138     0       4.160000E-10       2.662400E-10
   81    58   139     0       5.120010E-09       3.276800E-09
   81    58   139     1       1.460000E-08       9.344010E-09
   82    58   140     0       4.400000E-07       2.816000E-07
   83    58   141     0       7.910010E-06       5.062410E-06
   84    58   142     0       1.028300E-04       6.581130E-05
   85    58   143     0       5.557110E-04       3.556550E-04
   86    58   144     0       2.256040E-03       1.443870E-03
   87    58   145     0       7.235800E-03       4.630910E-03
   88    58   146     0       1.254280E-02       4.013710E-03
   89    58   147     0       1.297230E-02       4.151130E-03
   90    58   148     0       1.111170E-02       3.555750E-03
   91    58   149     0       6.121890E-03       3.918010E-03
   92    58   150     0       2.201010E-03       1.408650E-03
   93    58   151     0       4.957010E-04       3.172480E-04
   94    58   152     0       8.472010E-05       5.422090E-05
   95    58   153     0       8.500010E-06       5.440010E-06
   96    58   154     0       4.780010E-07       3.059200E-07
   97    58   155     0       2.179900E-08       1.395140E-08
   98    58   156     0       4.739810E-10       3.033480E-10
   99    58   157     0       4.910010E-12       3.142400E-12
  100    58   158     0       3.750000E-14       2.400000E-14
  102    58   160     0       0.000000E+00       0.000000E+00
   80    59   139     0       4.520000E-13       2.892800E-13
   81    59   140     0       3.310000E-11       2.118400E-11
   82    59   141     0       2.040000E-09       1.305600E-09
   83    59   142     1       4.170000E-08       2.668800E-08
   83    59   142     0       4.170000E-08       2.668800E-08
   84    59   143     0       1.710000E-06       1.094400E-06
   85    59   144     0       1.840000E-06       1.177600E-06
   85    59   144     1       1.858000E-05       1.189120E-05
   86    59   145     0       1.804700E-04       1.155010E-04
   87    59   146     0       8.947210E-04       5.726210E-04
   88    59   147     0       2.537960E-03       1.624300E-03
   89    59   148     1       2.915320E-03       1.865800E-03
   89    59   148     0       2.915320E-03       1.865800E-03
   90    59   149     0       8.270650E-03       3.721790E-03
   91    59   150     0       7.731370E-03       4.948080E-03
   92    59   151     0       4.801510E-03       3.072960E-03
   93    59   152     0       2.308650E-03       1.477540E-03
   94    59   153     0       6.810210E-04       4.358530E-04
   95    59   154     0       1.166000E-04       7.462410E-05
   96    59   155     0       1.714000E-05       1.096960E-05
   97    59   156     0       1.190000E-06       7.616010E-07
   98    59   157     0       4.120000E-08       2.636800E-08
   99    59   158     0       1.060000E-09       6.784010E-10
  100    59   159     0       2.300000E-11       1.472000E-11
  101    59   160     0       2.670000E-13       1.708800E-13
  102    59   161     0       4.258680E-15       2.725560E-15
   80    60   140     0       0.000000E+00       0.000000E+00
   81    60   141     0       2.470000E-14       1.580800E-14
   82    60   142     0       3.320000E-12       2.124800E-12
   83    60   143     0       2.300000E-10       1.472000E-10
   84    60   144     0       8.850010E-09       5.664010E-09
   85    60   145     0       2.570000E-07       1.644800E-07
   86    60   146     0       3.980000E-06       2.547200E-06
   87    60   147     0       3.420000E-05       2.188800E-05
   88    60   148     0       2.375200E-04       1.520130E-04
   89    60   149     0       9.438310E-04       6.040520E-04
   90    60   150     0       2.362840E-03       1.512220E-03
   91    60   151     0       3.904910E-03       2.499150E-03
   92    60   152     0       4.834940E-03       3.094360E-03
   93    60   153     0       3.753430E-03       2.402200E-03
   94    60   154     0       1.762850E-03       1.128230E-03
   95    60   155     0       7.641810E-04       4.890760E-04
   96    60   156     0       1.589000E-04       1.016960E-04
   97    60   157     0       1.748000E-05       1.118720E-05
   98    60   158     0       1.470000E-06       9.408010E-07
   99    60   159     0       1.020000E-07       6.528010E-08
  100    60   160     0       3.990000E-09       2.553600E-09
  101    60   161     0       8.959580E-11       5.734130E-11
  102    60   162     0       4.490000E-13       2.873600E-13
  103    60   163     0       0.000000E+00       0.000000E+00
  104    60   164     0       0.000000E+00       0.000000E+00
   80    61   141     0       0.000000E+00       0.000000E+00
   82    61   143     0       0.000000E+00       0.000000E+00
   83    61   144     0       1.860000E-13       1.190400E-13
   84    61   145     0       1.820000E-11       1.164800E-11
   85    61   146     0       9.190010E-10       5.881610E-10
   86    61   147     0       2.630000E-08       1.683200E-08
   87    61   148     0       1.550000E-07       9.920010E-08
   87    61   148     1       4.190000E-07       2.681600E-07
   88    61   149     0       7.050010E-06       4.512000E-06
   89    61   150     0       5.278010E-05       3.377920E-05
   90    61   151     0       2.571100E-04       1.645510E-04
   91    61   152     2       2.912140E-04       1.863770E-04
   91    61   152     0       2.912140E-04       1.863770E-04
   91    61   152     1       2.912140E-04       1.863770E-04
   92    61   153     0       1.783600E-03       1.141510E-03
   93    61   154     0       1.081090E-03       6.918980E-04
   93    61   154     1       1.081090E-03       6.918980E-04
   94    61   155     0       2.481970E-03       1.588460E-03
   95    61   156     0       1.387810E-03       8.881990E-04
   96    61   157     0       4.391500E-04       2.810560E-04
   97    61   158     0       1.110000E-04       7.104010E-05
   98    61   159     0       2.352000E-05       1.505280E-05
   99    61   160     0       2.960000E-06       1.894400E-06
  100    61   161     0       2.060000E-07       1.318400E-07
  101    61   162     0       3.330000E-09       2.131200E-09
  102    61   163     0       4.340000E-11       2.777600E-11
  103    61   164     0       5.420010E-13       3.468800E-13
  104    61   165     0       0.000000E+00       0.000000E+00
  105    61   166     0       4.758790E-17       3.045630E-17
   81    62   143     0       0.000000E+00       0.000000E+00
   81    62   143     1       0.000000E+00       0.000000E+00
   82    62   144     0       0.000000E+00       0.000000E+00
   83    62   145     0       0.000000E+00       0.000000E+00
   84    62   146     0       1.010000E-14       6.464010E-15
   85    62   147     0       9.540010E-13       6.105610E-13
   86    62   148     0       7.030010E-11       4.499200E-11
   87    62   149     0       2.770000E-09       1.772800E-09
   88    62   150     0       6.680010E-08       4.275200E-08
   89    62   151     0       1.060000E-06       6.784010E-07
   90    62   152     0       1.086000E-05       6.950410E-06
   91    62   153     0       6.533010E-05       4.181120E-05
   92    62   154     0       2.224100E-04       1.423430E-04
   93    62   155     0       7.069110E-04       4.524230E-04
   94    62   156     0       1.015890E-03       6.501700E-04
   95    62   157     0       8.547310E-04       5.470280E-04
   96    62   158     0       5.819810E-04       3.724680E-04
   97    62   159     0       3.373000E-04       2.158720E-04
   98    62   160     0       1.248200E-04       7.988490E-05
   99    62   161     0       2.521000E-05       1.613440E-05
  100    62   162     0       1.260000E-06       8.064010E-07
  101    62   163     0       5.180010E-08       3.315200E-08
  102    62   164     0       2.010000E-09       1.286400E-09
  103    62   165     0       7.490010E-11       4.793610E-11
  104    62   166     0       1.179950E-12       7.551700E-13
  105    62   167     0       1.350000E-14       8.640010E-15
  106    62   168     0       0.000000E+00       0.000000E+00
  107    62   169     0       1.385790E-18       8.869060E-19
  108    62   170     0       0.000000E+00       0.000000E+00
   84    63   147     0       0.000000E+00       0.000000E+00
   86    63   149     0       5.300010E-14       3.392000E-14
   88    63   151     0       2.240000E-10       1.433600E-10
   89    63   152     2       2.460000E-09       1.574400E-09
   89    63   152     0       2.460000E-09       1.574400E-09
   89    63   152     1       2.460000E-09       1.574400E-09
   90    63   153     0       1.350000E-07       8.640010E-08
   91    63   154     1       7.400010E-07       4.736010E-07
   91    63   154     0       7.400010E-07       4.736010E-07
   92    63   155     0       1.453000E-05       9.299210E-06
   93    63   156     0       6.066010E-05       3.882240E-05
   94    63   157     0       1.431400E-04       9.160970E-05
   95    63   158     0       2.637200E-04       1.687810E-04
   96    63   159     0       3.941300E-04       2.522430E-04
   97    63   160     0       3.873400E-04       2.478980E-04
   98    63   161     0       2.038300E-04       1.304510E-04
   99    63   162     0       2.838000E-05       1.816320E-05
  100    63   163     0       3.410000E-06       2.182400E-06
  101    63   164     0       3.900000E-07       2.496000E-07
  102    63   165     0       4.390000E-08       2.809600E-08
  103    63   166     0       2.140000E-09       1.369600E-09
  104    63   167     0       7.630010E-11       4.883210E-11
  105    63   168     0       1.500000E-12       9.600010E-13
  106    63   169     0       1.799860E-14       1.151910E-14
  107    63   170     0       0.000000E+00       0.000000E+00
  108    63   171     0       2.547610E-18       1.630470E-18
   83    64   147     0       0.000000E+00       0.000000E+00
   85    64   149     0       0.000000E+00       0.000000E+00
   87    64   151     0       0.000000E+00       0.000000E+00
   88    64   152     0       2.440000E-13       1.561600E-13
   89    64   153     0       1.470000E-11       9.408010E-12
   90    64   154     0       5.210010E-10       3.334400E-10
   91    64   155     0       1.500000E-08       9.600010E-09
   92    64   156     0       1.990000E-07       1.273600E-07
   93    64   157     0       1.640000E-06       1.049600E-06
   94    64   158     0       9.130010E-06       5.843210E-06
   95    64   159     0       3.849000E-05       2.463360E-05
   96    64   160     0       1.045600E-04       6.691850E-05
   97    64   161     0       1.397600E-04       8.944650E-05
   98    64   162     0       5.011010E-05       3.207040E-05
   99    64   163     0       1.575000E-05       1.008000E-05
  100    64   164     0       4.780010E-06       3.059200E-06
  101    64   165     0       1.490000E-06       9.536010E-07
  102    64   166     0       2.080000E-07       1.331200E-07
  103    64   167     0       2.220000E-08       1.420800E-08
  104    64   168     0       1.370000E-09       8.768010E-10
  105    64   169     0       5.100010E-11       3.264000E-11
  106    64   170     0       2.030000E-12       1.299200E-12
  107    64   171     0       5.359750E-14       3.430240E-14
  108    64   172     0       0.000000E+00       0.000000E+00
   86    65   151     0       0.000000E+00       0.000000E+00
   88    65   153     0       0.000000E+00       0.000000E+00
   90    65   155     0       8.580010E-13       5.491210E-13
   91    65   156     0       3.380000E-11       2.163200E-11
   91    65   156     1       3.340000E-12       2.137600E-12
   92    65   157     0       1.020000E-09       6.528010E-10
   93    65   158     0       1.680000E-08       1.075200E-08
   93    65   158     1       1.670000E-09       1.068800E-09
   94    65   159     0       2.080000E-07       1.331200E-07
   95    65   160     0       1.053000E-05       6.739210E-06
   96    65   161     0       7.650010E-06       4.896010E-06
   97    65   162     0       3.790000E-06       2.425600E-06
   97    65   162     1       3.790000E-06       2.425600E-06
   98    65   163     0       6.310010E-06       4.038400E-06
   99    65   164     0       4.830010E-06       3.091200E-06
  100    65   165     0       3.790000E-06       2.425600E-06
  101    65   166     0       1.370000E-06       8.768010E-07
  102    65   167     0       3.930000E-07       2.515200E-07
  103    65   168     0       7.020010E-08       4.492800E-08
  104    65   169     0       7.630010E-09       4.883210E-09
  105    65   170     0       9.120010E-10       5.836810E-10
  106    65   171     0       7.410010E-11       4.742410E-11
  107    65   172     0       2.720000E-12       1.740800E-12
   89    66   155     0       0.000000E+00       0.000000E+00
   90    66   156     0       0.000000E+00       0.000000E+00
   91    66   157     0       3.070000E-14       1.964800E-14
   92    66   158     0       1.890000E-12       1.209600E-12
   93    66   159     0       6.880010E-11       4.403200E-11
   94    66   160     0       2.220000E-09       1.420800E-09
   95    66   161     0       2.550000E-08       1.632000E-08
   96    66   162     0       7.740010E-08       4.953610E-08
   97    66   163     0       1.910000E-07       1.222400E-07
   98    66   164     0       4.030000E-07       2.579200E-07
   99    66   165     0       7.370010E-07       4.716810E-07
   99    66   165     1       1.000000E-07       6.400010E-08
  100    66   166     0       7.750010E-07       4.960010E-07
  101    66   167     0       5.570010E-07       3.564800E-07
  102    66   168     0       2.590000E-07       1.657600E-07
  103    66   169     0       7.390010E-08       4.729610E-08
  104    66   170     0       2.420000E-08       1.548800E-08
  105    66   171     0       5.610010E-09       3.590400E-09
  106    66   172     0       6.090010E-10       3.897600E-10
   92    67   159     0       0.000000E+00       0.000000E+00
   92    67   159     1       0.000000E+00       0.000000E+00
   94    67   161     0       3.830000E-12       2.451200E-12
   94    67   161     1       5.220010E-13       3.340800E-13
   95    67   162     0       1.150000E-11       7.360010E-12
   95    67   162     1       3.110000E-11       1.990400E-11
   96    67   163     0       2.940000E-10       1.881600E-10
   96    67   163     1       4.010000E-11       2.566400E-11
   97    67   164     0       5.760010E-10       3.686400E-10
   97    67   164     1       1.560000E-09       9.984010E-10
   98    67   165     0       1.300000E-08       8.320010E-09
   99    67   166     0       9.240010E-09       5.913610E-09
   99    67   166     1       2.500000E-08       1.600000E-08
  100    67   167     0       6.700010E-08       4.288000E-08
  101    67   168     0       8.320010E-08       5.324810E-08
  102    67   169     0       6.010010E-08       3.846400E-08
  103    67   170     0       2.470000E-08       1.580800E-08
  103    67   170     1       2.470000E-08       1.580800E-08
  104    67   171     0       2.940000E-08       1.881600E-08
  105    67   172     0       8.510010E-09       5.446410E-09
   93    68   161     0       0.000000E+00       0.000000E+00
   94    68   162     0       0.000000E+00       0.000000E+00
   95    68   163     0       2.930000E-14       1.875200E-14
   96    68   164     0       5.900010E-13       3.776000E-13
   97    68   165     0       1.120000E-11       7.168010E-12
   98    68   166     0       9.030010E-11       5.779210E-11
   99    68   167     0       4.660010E-10       2.982400E-10
   99    68   167     1       6.350010E-11       4.064000E-11
  100    68   168     0       1.970000E-09       1.260800E-09
  101    68   169     0       3.960000E-09       2.534400E-09
  102    68   170     0       8.710010E-09       5.574410E-09
  103    68   171     0       1.330000E-08       8.512010E-09
  104    68   172     0       9.710010E-09       6.214410E-09
   96    69   165     0       0.000000E+00       0.000000E+00
   97    69   166     0       1.210000E-14       7.744010E-15
   98    69   167     0       2.230000E-13       1.427200E-13
   99    69   168     0       2.640000E-12       1.689600E-12
  100    69   169     0       1.620000E-11       1.036800E-11
  101    69   170     0       1.050000E-10       6.720010E-11
  102    69   171     0       4.610010E-10       2.950400E-10
  103    69   172     0       9.240010E-10       5.913610E-10
   96    70   166     0       0.000000E+00       0.000000E+00
   97    70   167     0       0.000000E+00       0.000000E+00
   98    70   168     0       0.000000E+00       0.000000E+00
   99    70   169     0       0.000000E+00       0.000000E+00
   99    70   169     1       0.000000E+00       0.000000E+00
  100    70   170     0       6.930010E-14       4.435200E-14
  101    70   171     0       9.360010E-13       5.990410E-13
  102    70   172     0       5.640010E-12       3.609600E-12
   98    71   169     0       0.000000E+00       0.000000E+00
   98    71   169     1       0.000000E+00       0.000000E+00
  100    71   171     0       0.000000E+00       0.000000E+00
  100    71   171     1       0.000000E+00       0.000000E+00
  101    71   172     0       0.000000E+00       0.000000E+00
  101    71   172     1       0.000000E+00       0.000000E+00
   99    72   171     0       0.000000E+00       0.000000E+00
  100    72   172     0       0.000000E+00       0.000000E+00
