# header:
#   title: "Am242m+n induced fission product yield"
#   source: "ENDF"
#   creator: "Shin Okumura"
#   date: 2023-07-14
#   format: "YANDF-0.1"
# endf:
#   library: "jeff3.3"
#   author: "R.MILLS"
#   year: 2016
# target:
#   Z: 95
#   A: 242m
#   nuclide: "Am242m"
# reaction:
#   type: "(n,f)"
#   Incident energy [MeV]: 4.0000000e+05
# datablock:
#   quantity: "cumulative fission product yield"
#   columns: 4
#   entries: 1137
##   A      Z  ISO           Yield         dYield
##                           %/fission     %/fission
      1      1 0.0000000e+00 3.3219000e-05 6.2784000e-06
      1      2 0.0000000e+00 1.0152000e-05 1.7661000e-06
      1      3 0.0000000e+00 1.6000000e-04 1.4080000e-05
      2      3 0.0000000e+00 1.6000000e-04 1.4080000e-05
      2      4 0.0000000e+00 2.1000000e-03 2.1000000e-04
     19     50 0.0000000e+00 2.7681000e-12 3.8935000e-12
     19     51 0.0000000e+00 1.0227000e-12 1.4797000e-12
     20     50 0.0000000e+00 3.1688000e-11 3.2414000e-11
     20     51 0.0000000e+00 2.8463000e-11 3.3276000e-11
     20     52 0.0000000e+00 2.3060000e-11 3.0246000e-11
     20     53 0.0000000e+00 7.2209000e-12 1.0329000e-11
     20     54 0.0000000e+00 1.8172000e-12 2.6480000e-12
     21     50 0.0000000e+00 4.0522000e-11 4.0487000e-11
     21     50 1.0000000e+00 3.4174000e-11 3.4537000e-11
     21     51 0.0000000e+00 6.8848000e-11 6.8802000e-11
     21     52 0.0000000e+00 1.0067000e-10 1.0161000e-10
     21     53 0.0000000e+00 1.2233000e-10 1.3210000e-10
     21     54 0.0000000e+00 8.1624000e-11 1.0419000e-10
     21     55 0.0000000e+00 5.1233000e-11 7.1339000e-11
     21     56 0.0000000e+00 1.2651000e-11 1.8324000e-11
     21     57 0.0000000e+00 2.4324000e-12 3.5502000e-12
     22     50 0.0000000e+00 4.0949000e-11 4.0910000e-11
     22     51 0.0000000e+00 7.1356000e-11 7.1285000e-11
     22     52 0.0000000e+00 1.2417000e-10 1.2268000e-10
     22     53 0.0000000e+00 2.0584000e-10 2.0567000e-10
     22     54 0.0000000e+00 3.3826000e-10 3.3844000e-10
     22     55 0.0000000e+00 4.4273000e-10 4.5728000e-10
     22     56 0.0000000e+00 5.1269000e-10 5.7749000e-10
     22     57 0.0000000e+00 2.7222000e-10 3.6470000e-10
     22     58 0.0000000e+00 1.2637000e-10 1.8014000e-10
     22     59 0.0000000e+00 2.3487000e-11 3.4189000e-11
     22     60 0.0000000e+00 3.2132000e-12 4.6940000e-12
     23     51 0.0000000e+00 7.1356000e-11 7.1285000e-11
     23     52 0.0000000e+00 1.2417000e-10 1.2268000e-10
     23     53 0.0000000e+00 2.0896000e-10 2.0876000e-10
     23     54 0.0000000e+00 3.6303000e-10 3.6267000e-10
     23     55 0.0000000e+00 6.2143000e-10 6.2082000e-10
     23     56 0.0000000e+00 1.0291000e-09 1.0285000e-09
     23     57 0.0000000e+00 1.5560000e-09 1.5684000e-09
     23     58 0.0000000e+00 1.6122000e-09 1.7771000e-09
     23     59 0.0000000e+00 1.5155000e-09 1.8844000e-09
     23     60 0.0000000e+00 5.9985000e-10 8.4278000e-10
     23     61 0.0000000e+00 2.1582000e-10 3.1241000e-10
     23     62 0.0000000e+00 3.1119000e-11 4.5346000e-11
     23     63 0.0000000e+00 2.2966000e-12 3.3521000e-12
     24     52 0.0000000e+00 1.2417000e-10 1.2268000e-10
     24     53 0.0000000e+00 2.0896000e-10 2.0876000e-10
     24     54 0.0000000e+00 3.6303000e-10 3.6267000e-10
     24     55 0.0000000e+00 6.2445000e-10 6.2382000e-10
     24     56 0.0000000e+00 1.0821000e-09 1.0729000e-09
     24     57 0.0000000e+00 3.1269000e-09 1.8462000e-09
     24     58 0.0000000e+00 1.8468000e-09 1.9609000e-09
     24     59 0.0000000e+00 4.9817000e-09 4.9882000e-09
     24     60 0.0000000e+00 7.1927000e-09 7.3533000e-09
     24     61 0.0000000e+00 6.3734000e-09 7.4421000e-09
     24     62 0.0000000e+00 5.0423000e-09 6.6192000e-09
     24     63 0.0000000e+00 1.1157000e-09 1.6086000e-09
     24     64 0.0000000e+00 3.7963000e-10 5.5309000e-10
     24     65 0.0000000e+00 4.1043000e-11 5.9829000e-11
     24     66 0.0000000e+00 3.2277000e-12 4.7001000e-12
     25     55 0.0000000e+00 6.2445000e-10 6.2382000e-10
     25     56 0.0000000e+00 1.0821000e-09 1.0729000e-09
     25     57 0.0000000e+00 3.1297000e-09 1.8462000e-09
     25     58 0.0000000e+00 1.8844000e-09 1.9902000e-09
     25     58 1.0000000e+00 3.6961000e-12 5.3834000e-12
     25     59 0.0000000e+00 5.4644000e-09 5.4590000e-09
     25     60 0.0000000e+00 7.6141000e-09 7.7110000e-09
     25     60 1.0000000e+00 1.9755000e-09 2.5616000e-09
     25     61 0.0000000e+00 1.5555000e-08 1.5545000e-08
     25     62 0.0000000e+00 1.7386000e-08 1.8283000e-08
     25     62 1.0000000e+00 4.8491000e-09 5.6491000e-09
     25     63 0.0000000e+00 2.0038000e-08 2.3588000e-08
     25     64 0.0000000e+00 1.7864000e-08 2.2898000e-08
     25     65 0.0000000e+00 1.1078000e-08 1.5419000e-08
     25     66 0.0000000e+00 2.6854000e-09 3.8836000e-09
     25     67 0.0000000e+00 5.0511000e-10 7.3570000e-10
     25     68 0.0000000e+00 2.9293000e-11 4.2625000e-11
     25     69 0.0000000e+00 2.2549000e-12 3.2724000e-12
     26     56 0.0000000e+00 1.0821000e-09 1.0729000e-09
     26     57 0.0000000e+00 3.1297000e-09 1.8462000e-09
     26     58 0.0000000e+00 1.8881000e-09 1.9931000e-09
     26     59 0.0000000e+00 5.4664000e-09 5.4605000e-09
     26     60 0.0000000e+00 9.4153000e-09 9.3926000e-09
     26     61 0.0000000e+00 1.6158000e-08 1.6142000e-08
     26     62 0.0000000e+00 2.7782000e-08 2.7754000e-08
     26     63 0.0000000e+00 5.4524000e-08 5.4471000e-08
     26     64 0.0000000e+00 7.6410000e-08 7.6462000e-08
     26     65 0.0000000e+00 9.9125000e-08 1.0261000e-07
     26     66 0.0000000e+00 1.1353000e-07 1.2854000e-07
     26     67 0.0000000e+00 5.9505000e-08 7.9743000e-08
     26     68 0.0000000e+00 2.0621000e-08 2.9564000e-08
     26     69 0.0000000e+00 4.9604000e-09 7.1814000e-09
     26     70 0.0000000e+00 2.4767000e-10 3.6115000e-10
     26     71 0.0000000e+00 5.0420000e-11 6.1228000e-11
     26     72 0.0000000e+00 1.2129000e-12 1.1091000e-12
     27     59 0.0000000e+00 5.4664000e-09 5.4605000e-09
     27     61 0.0000000e+00 1.6159000e-08 1.6143000e-08
     27     62 0.0000000e+00 2.7793000e-08 2.7765000e-08
     27     62 1.0000000e+00 2.8399000e-11 4.1383000e-11
     27     63 0.0000000e+00 5.5073000e-08 5.5015000e-08
     27     64 0.0000000e+00 8.2307000e-08 8.2225000e-08
     27     65 0.0000000e+00 1.4097000e-07 1.4083000e-07
     27     66 0.0000000e+00 2.3265000e-07 2.3254000e-07
     27     67 0.0000000e+00 3.5149000e-07 3.5453000e-07
     27     68 0.0000000e+00 2.0954000e-07 2.4123000e-07
     27     68 1.0000000e+00 1.2917000e-07 1.6094000e-07
     27     69 0.0000000e+00 3.3497000e-07 4.1727000e-07
     27     70 0.0000000e+00 2.4170000e-08 3.4735000e-08
     27     70 1.0000000e+00 2.4418000e-08 3.4905000e-08
     27     71 0.0000000e+00 6.0816000e-08 7.3304000e-08
     27     72 0.0000000e+00 4.9413000e-09 4.5151000e-09
     27     73 0.0000000e+00 5.1892000e-10 4.4513000e-10
     27     74 0.0000000e+00 2.5327000e-11 3.2215000e-11
     27     75 0.0000000e+00 1.2152000e-12 1.3241000e-12
     28     61 0.0000000e+00 1.6159000e-08 1.6143000e-08
     28     62 0.0000000e+00 2.7821000e-08 2.7792000e-08
     28     63 0.0000000e+00 5.5073000e-08 5.5015000e-08
     28     64 0.0000000e+00 8.2343000e-08 8.2258000e-08
     28     65 0.0000000e+00 1.4171000e-07 1.4156000e-07
     28     66 0.0000000e+00 2.4394000e-07 2.4370000e-07
     28     67 0.0000000e+00 4.1957000e-07 4.1915000e-07
     28     68 0.0000000e+00 8.3040000e-07 8.2957000e-07
     28     69 0.0000000e+00 7.3121000e-07 7.6201000e-07
     28     69 1.0000000e+00 3.9959000e-07 4.8269000e-07
     28     70 0.0000000e+00 8.1219000e-07 8.2555000e-07
     28     71 0.0000000e+00 1.0342000e-06 1.0919000e-06
     28     72 0.0000000e+00 2.0259000e-06 1.4458000e-06
     28     73 0.0000000e+00 2.6543000e-07 2.2279000e-07
     28     74 0.0000000e+00 8.1151000e-08 1.0295000e-07
     28     75 0.0000000e+00 1.0241000e-08 1.1157000e-08
     28     76 0.0000000e+00 6.8164000e-10 6.1576000e-10
     28     77 0.0000000e+00 2.0945000e-11 1.7386000e-11
     29     63 0.0000000e+00 5.5073000e-08 5.5015000e-08
     29     65 0.0000000e+00 1.4171000e-07 1.4156000e-07
     29     66 0.0000000e+00 2.4396000e-07 2.4372000e-07
     29     67 0.0000000e+00 4.2026000e-07 4.1984000e-07
     29     68 0.0000000e+00 8.3717000e-07 8.3357000e-07
     29     68 1.0000000e+00 5.6081000e-09 8.1285000e-09
     29     69 0.0000000e+00 1.2470000e-06 1.2457000e-06
     29     70 0.0000000e+00 1.1617000e-07 1.4058000e-07
     29     70 1.0000000e+00 2.0646000e-07 2.4983000e-07
     29     70 2.0000000e+00 8.2512000e-07 8.3662000e-07
     29     71 0.0000000e+00 4.9269000e-06 4.0862000e-06
     29     72 0.0000000e+00 4.0464000e-06 2.4749000e-06
     29     73 0.0000000e+00 1.2343000e-06 8.7911000e-07
     29     74 0.0000000e+00 1.1469000e-06 1.3645000e-06
     29     75 0.0000000e+00 2.2044000e-06 2.3247000e-06
     29     76 0.0000000e+00 5.4479000e-07 4.8881000e-07
     29     76 1.0000000e+00 5.4479000e-07 4.8881000e-07
     29     77 0.0000000e+00 1.1510000e-07 9.5471000e-08
     29     78 0.0000000e+00 8.5260000e-09 6.2095000e-09
     29     79 0.0000000e+00 4.3559000e-10 2.4774000e-10
     29     80 0.0000000e+00 1.2532000e-11 7.5748000e-12
     30     66 0.0000000e+00 2.4396000e-07 2.4372000e-07
     30     67 0.0000000e+00 4.2026000e-07 4.1984000e-07
     30     68 0.0000000e+00 8.3807000e-07 8.3357000e-07
     30     69 0.0000000e+00 1.2475000e-06 1.2462000e-06
     30     69 1.0000000e+00 4.2688000e-10 6.1940000e-10
     30     70 0.0000000e+00 1.0082000e-06 1.0080000e-06
     30     71 0.0000000e+00 4.9593000e-06 4.1125000e-06
     30     71 1.0000000e+00 1.6099000e-07 1.9183000e-07
     30     72 0.0000000e+00 5.0565000e-06 3.0592000e-06
     30     73 0.0000000e+00 5.9189000e-06 3.3098000e-06
     30     73 1.0000000e+00 4.0051000e-06 2.3975000e-06
     30     73 2.0000000e+00 6.1302000e-06 3.5287000e-06
     30     74 0.0000000e+00 1.7206000e-05 1.5365000e-05
     30     75 0.0000000e+00 3.0678000e-05 2.4258000e-05
     30     76 0.0000000e+00 3.1607000e-05 2.1640000e-05
     30     77 0.0000000e+00 1.8840000e-05 1.3694000e-05
     30     77 1.0000000e+00 2.3375000e-06 1.8781000e-06
     30     78 0.0000000e+00 1.2189000e-05 8.4823000e-06
     30     79 0.0000000e+00 3.1951000e-06 1.7984000e-06
     30     80 0.0000000e+00 1.4172000e-07 8.5637000e-08
     30     81 0.0000000e+00 6.1573000e-09 3.4720000e-09
     30     82 0.0000000e+00 1.9419000e-10 9.3863000e-11
     31     69 0.0000000e+00 1.2475000e-06 1.2462000e-06
     31     70 0.0000000e+00 1.9179000e-12 2.7970000e-12
     31     71 0.0000000e+00 5.1207000e-06 4.2451000e-06
     31     72 0.0000000e+00 5.0639000e-06 3.0637000e-06
     31     72 1.0000000e+00 1.6915000e-07 1.1968000e-07
     31     73 0.0000000e+00 9.1327000e-06 5.0043000e-06
     31     74 0.0000000e+00 1.3837000e-05 1.2571000e-05
     31     74 1.0000000e+00 1.7739000e-05 1.5827000e-05
     31     75 0.0000000e+00 3.9446000e-05 3.0650000e-05
     31     76 0.0000000e+00 5.5529000e-05 3.5228000e-05
     31     77 0.0000000e+00 8.1781000e-05 4.8437000e-05
     31     78 0.0000000e+00 6.7665000e-05 3.8115000e-05
     31     79 0.0000000e+00 6.5255000e-05 2.9841000e-05
     31     80 0.0000000e+00 3.3284000e-05 1.8989000e-05
     31     81 0.0000000e+00 1.1712000e-05 6.4910000e-06
     31     82 0.0000000e+00 8.4191000e-07 4.0641000e-07
     31     83 0.0000000e+00 8.4138000e-08 3.8742000e-08
     31     84 0.0000000e+00 2.8655000e-09 1.2932000e-09
     31     85 0.0000000e+00 9.0642000e-11 4.1243000e-11
     32     70 0.0000000e+00 1.9100000e-12 2.7855000e-12
     32     72 0.0000000e+00 5.0639000e-06 3.0637000e-06
     32     73 0.0000000e+00 9.1329000e-06 5.0043000e-06
     32     73 1.0000000e+00 8.9987000e-06 4.9314000e-06
     32     74 0.0000000e+00 1.8281000e-05 1.6234000e-05
     32     75 0.0000000e+00 3.9667000e-05 3.0821000e-05
     32     75 1.0000000e+00 1.7730000e-06 1.5971000e-06
     32     76 0.0000000e+00 5.8794000e-05 3.7275000e-05
     32     77 0.0000000e+00 3.5454000e-05 2.2370000e-05
     32     77 1.0000000e+00 8.4367000e-05 4.9829000e-05
     32     78 0.0000000e+00 1.7769000e-04 8.9560000e-05
     32     79 0.0000000e+00 9.5430000e-05 3.7303000e-05
     32     79 1.0000000e+00 1.7526000e-04 6.3790000e-05
     32     80 0.0000000e+00 3.9896000e-04 1.5849000e-04
     32     81 0.0000000e+00 2.5913000e-04 1.0424000e-04
     32     81 1.0000000e+00 5.5906000e-05 2.5087000e-05
     32     82 0.0000000e+00 2.5128000e-04 8.8741000e-05
     32     83 0.0000000e+00 7.2298000e-05 3.1152000e-05
     32     84 0.0000000e+00 2.0012000e-05 8.9071000e-06
     32     85 0.0000000e+00 3.0022000e-06 1.3638000e-06
     32     86 0.0000000e+00 4.2314000e-08 1.7992000e-08
     32     87 0.0000000e+00 9.3595000e-10 3.7883000e-10
     33     75 0.0000000e+00 3.9667000e-05 3.0822000e-05
     33     75 1.0000000e+00 6.3091000e-10 5.5716000e-10
     33     76 0.0000000e+00 5.0953000e-09 4.6026000e-09
     33     77 0.0000000e+00 1.0398000e-04 6.0932000e-05
     33     78 0.0000000e+00 1.7880000e-04 9.0115000e-05
     33     79 0.0000000e+00 2.8276000e-04 9.7551000e-05
     33     80 0.0000000e+00 4.8467000e-04 1.9096000e-04
     33     81 0.0000000e+00 6.1131000e-04 2.1309000e-04
     33     82 0.0000000e+00 3.4966000e-04 1.0513000e-04
     33     82 1.0000000e+00 3.4277000e-04 1.0864000e-04
     33     83 0.0000000e+00 7.6041000e-04 1.8520000e-04
     33     84 0.0000000e+00 1.9452000e-04 7.1552000e-05
     33     84 1.0000000e+00 1.9452000e-04 7.1552000e-05
     33     85 0.0000000e+00 2.5109000e-04 1.0115000e-04
     33     86 0.0000000e+00 6.5376000e-05 2.7264000e-05
     33     87 0.0000000e+00 2.8172000e-05 1.1334000e-05
     33     88 0.0000000e+00 1.0071000e-06 4.0789000e-07
     33     89 0.0000000e+00 1.3964000e-08 5.4712000e-09
     33     90 0.0000000e+00 3.5334000e-10 1.3391000e-10
     34     76 0.0000000e+00 5.0953000e-09 4.6026000e-09
     34     77 0.0000000e+00 1.0398000e-04 6.0932000e-05
     34     77 1.0000000e+00 3.9608000e-11 3.2878000e-11
     34     78 0.0000000e+00 1.7990000e-04 9.0619000e-05
     34     79 0.0000000e+00 2.8273000e-04 9.7541000e-05
     34     79 1.0000000e+00 2.7607000e-04 9.5256000e-05
     34     80 0.0000000e+00 4.8797000e-04 1.9172000e-04
     34     81 0.0000000e+00 6.6945000e-04 2.3297000e-04
     34     81 1.0000000e+00 7.3287000e-05 3.2531000e-05
     34     82 0.0000000e+00 9.3598000e-04 2.3868000e-04
     34     83 0.0000000e+00 9.2945000e-04 2.0761000e-04
     34     83 1.0000000e+00 6.1890000e-04 1.4925000e-04
     34     84 0.0000000e+00 2.2447000e-03 3.8650000e-04
     34     85 0.0000000e+00 2.1004000e-03 4.1999000e-04
     34     86 0.0000000e+00 1.9549000e-03 4.1622000e-04
     34     87 0.0000000e+00 9.5183000e-04 2.8796000e-04
     34     88 0.0000000e+00 4.4708000e-04 1.6702000e-04
     34     89 0.0000000e+00 9.6393000e-05 3.7309000e-05
     34     90 0.0000000e+00 1.9296000e-05 7.3001000e-06
     34     91 0.0000000e+00 1.3147000e-07 4.9110000e-08
     34     92 0.0000000e+00 4.2107000e-09 1.5642000e-09
     35     79 0.0000000e+00 1.5462000e-07 6.2133000e-08
     35     79 1.0000000e+00 1.3784000e-11 7.8394000e-12
     35     80 0.0000000e+00 1.3786000e-09 7.4562000e-10
     35     80 1.0000000e+00 1.0712000e-09 6.4744000e-10
     35     81 0.0000000e+00 6.6956000e-04 2.3301000e-04
     35     82 0.0000000e+00 2.0468000e-06 8.3775000e-07
     35     82 1.0000000e+00 5.5293000e-07 2.6696000e-07
     35     83 0.0000000e+00 1.5765000e-03 3.2267000e-04
     35     84 0.0000000e+00 2.3237000e-03 3.9972000e-04
     35     84 1.0000000e+00 7.8970000e-05 3.3576000e-05
     35     85 0.0000000e+00 2.8672000e-03 5.4780000e-04
     35     86 0.0000000e+00 3.5784000e-03 6.2130000e-04
     35     87 0.0000000e+00 3.7794000e-03 5.9163000e-04
     35     88 0.0000000e+00 3.1317000e-03 6.2932000e-04
     35     89 0.0000000e+00 2.1719000e-03 5.6326000e-04
     35     90 0.0000000e+00 8.9194000e-04 2.9824000e-04
     35     91 0.0000000e+00 3.8578000e-04 1.3940000e-04
     35     92 0.0000000e+00 4.9648000e-05 1.8390000e-05
     35     93 0.0000000e+00 1.1139000e-05 4.1856000e-06
     35     94 0.0000000e+00 2.0117000e-06 7.6544000e-07
     35     95 0.0000000e+00 1.0717000e-09 3.9226000e-10
     36     80 0.0000000e+00 1.2642000e-09 6.8373000e-10
     36     82 0.0000000e+00 2.0606000e-06 8.3996000e-07
     36     83 0.0000000e+00 1.5765000e-03 3.2267000e-04
     36     83 1.0000000e+00 1.5751000e-03 3.2267000e-04
     36     84 0.0000000e+00 2.4146000e-03 4.0626000e-04
     36     85 0.0000000e+00 6.5723000e-04 1.5180000e-04
     36     85 1.0000000e+00 2.8702000e-03 5.4837000e-04
     36     86 0.0000000e+00 4.1921000e-03 7.0778000e-04
     36     87 0.0000000e+00 5.4832000e-03 7.9556000e-04
     36     88 0.0000000e+00 7.8098000e-03 1.1013000e-03
     36     89 0.0000000e+00 9.1148000e-03 9.7629000e-04
     36     90 0.0000000e+00 9.7102000e-03 8.9922000e-04
     36     91 0.0000000e+00 6.7074000e-03 1.1007000e-03
     36     92 0.0000000e+00 3.8139000e-03 1.0191000e-03
     36     93 0.0000000e+00 1.2160000e-03 4.2593000e-04
     36     94 0.0000000e+00 3.7840000e-04 1.4184000e-04
     36     95 0.0000000e+00 6.1354000e-05 2.2417000e-05
     36     96 0.0000000e+00 9.2784000e-06 3.3442000e-06
     36     97 0.0000000e+00 1.0115000e-06 3.6762000e-07
     37     84 0.0000000e+00 1.2193000e-10 4.3548000e-11
     37     84 1.0000000e+00 8.2571000e-11 3.7264000e-11
     37     85 0.0000000e+00 2.9132000e-03 5.5645000e-04
     37     86 0.0000000e+00 1.0082000e-06 3.4134000e-07
     37     86 1.0000000e+00 6.8275000e-07 2.9024000e-07
     37     87 0.0000000e+00 5.5266000e-03 7.9556000e-04
     37     88 0.0000000e+00 8.0098000e-03 1.1159000e-03
     37     89 0.0000000e+00 1.0211000e-02 1.0825000e-03
     37     90 0.0000000e+00 8.8321000e-03 8.4257000e-04
     37     90 1.0000000e+00 4.1583000e-03 7.0028000e-04
     37     91 0.0000000e+00 1.4295000e-02 1.4930000e-03
     37     92 0.0000000e+00 1.3169000e-02 1.6111000e-03
     37     93 0.0000000e+00 1.0894000e-02 1.6843000e-03
     37     94 0.0000000e+00 6.0251000e-03 1.5525000e-03
     37     95 0.0000000e+00 3.1727000e-03 9.9417000e-04
     37     96 0.0000000e+00 6.0549000e-04 1.6206000e-04
     37     96 1.0000000e+00 4.0366000e-04 1.4188000e-04
     37     97 0.0000000e+00 2.0057000e-04 7.2232000e-05
     37     98 0.0000000e+00 1.3947000e-05 5.2344000e-06
     37     98 1.0000000e+00 1.3947000e-05 5.2344000e-06
     37     99 0.0000000e+00 3.0250000e-06 1.1129000e-06
     37    100 0.0000000e+00 1.4853000e-09 5.3694000e-10
     38     84 0.0000000e+00 3.9018000e-12 1.3935000e-12
     38     86 0.0000000e+00 1.0082000e-06 3.4132000e-07
     38     87 0.0000000e+00 2.6505000e-09 9.3414000e-10
     38     87 1.0000000e+00 4.4444000e-10 1.7988000e-10
     38     88 0.0000000e+00 8.0138000e-03 1.1159000e-03
     38     89 0.0000000e+00 1.0259000e-02 1.0875000e-03
     38     90 0.0000000e+00 1.3397000e-02 1.1389000e-03
     38     91 0.0000000e+00 1.6095000e-02 1.6578000e-03
     38     92 0.0000000e+00 2.0555000e-02 2.1783000e-03
     38     93 0.0000000e+00 2.4304000e-02 2.4315000e-03
     38     94 0.0000000e+00 2.8451000e-02 2.1640000e-03
     38     95 0.0000000e+00 2.2624000e-02 2.1560000e-03
     38     96 0.0000000e+00 1.6376000e-02 2.4399000e-03
     38     97 0.0000000e+00 7.2781000e-03 1.9648000e-03
     38     98 0.0000000e+00 2.9901000e-03 1.0359000e-03
     38     99 0.0000000e+00 6.0740000e-04 2.2008000e-04
     38    100 0.0000000e+00 1.3347000e-04 4.8165000e-05
     38    101 0.0000000e+00 1.4081000e-05 5.1346000e-06
     38    102 0.0000000e+00 1.0343000e-08 3.7736000e-09
     39     89 0.0000000e+00 1.0259000e-02 1.0875000e-03
     39     89 1.0000000e+00 9.8941000e-07 1.5868000e-07
     39     90 0.0000000e+00 1.3398000e-02 1.1390000e-03
     39     90 1.0000000e+00 6.3587000e-07 2.4097000e-07
     39     91 0.0000000e+00 1.6111000e-02 1.6594000e-03
     39     91 1.0000000e+00 9.4828000e-03 1.1152000e-03
     39     92 0.0000000e+00 2.0693000e-02 2.1783000e-03
     39     93 0.0000000e+00 2.5283000e-02 2.4850000e-03
     39     93 1.0000000e+00 6.9452000e-03 9.4237000e-04
     39     94 0.0000000e+00 3.1523000e-02 2.3651000e-03
     39     95 0.0000000e+00 3.3253000e-02 2.6979000e-03
     39     96 0.0000000e+00 2.1648000e-02 2.5009000e-03
     39     96 1.0000000e+00 1.1059000e-02 1.9091000e-03
     39     97 0.0000000e+00 1.0130000e-02 1.7412000e-03
     39     97 1.0000000e+00 1.9015000e-02 2.0330000e-03
     39     97 2.0000000e+00 4.8339000e-03 8.2583000e-04
     39     98 0.0000000e+00 5.7845000e-03 1.2388000e-03
     39     98 1.0000000e+00 1.3547000e-02 2.7866000e-03
     39     99 0.0000000e+00 1.2564000e-02 2.8686000e-03
     39    100 0.0000000e+00 2.4944000e-03 7.9731000e-04
     39    100 1.0000000e+00 2.3620000e-03 7.9637000e-04
     39    101 0.0000000e+00 1.8029000e-03 6.3129000e-04
     39    102 0.0000000e+00 1.7683000e-04 6.4387000e-05
     39    102 1.0000000e+00 1.7683000e-04 6.4387000e-05
     39    103 0.0000000e+00 6.4896000e-05 2.3700000e-05
     39    104 0.0000000e+00 1.9815000e-06 7.3686000e-07
     39    105 0.0000000e+00 1.9267000e-09 7.0514000e-10
     40     90 0.0000000e+00 1.3398000e-02 1.1390000e-03
     40     90 1.0000000e+00 1.1446000e-11 4.3376000e-12
     40     91 0.0000000e+00 1.6112000e-02 1.6595000e-03
     40     92 0.0000000e+00 2.0698000e-02 2.1783000e-03
     40     93 0.0000000e+00 2.5307000e-02 2.4850000e-03
     40     94 0.0000000e+00 3.1786000e-02 2.3842000e-03
     40     95 0.0000000e+00 3.4318000e-02 2.7799000e-03
     40     96 0.0000000e+00 3.8196000e-02 3.4759000e-03
     40     97 0.0000000e+00 4.3017000e-02 3.3102000e-03
     40     98 0.0000000e+00 4.8062000e-02 4.0437000e-03
     40     99 0.0000000e+00 4.4418000e-02 3.2277000e-03
     40    100 0.0000000e+00 3.8979000e-02 2.8575000e-03
     40    101 0.0000000e+00 2.0811000e-02 3.4649000e-03
     40    102 0.0000000e+00 1.1544000e-02 3.0318000e-03
     40    103 0.0000000e+00 3.7758000e-03 1.2709000e-03
     40    104 0.0000000e+00 1.1303000e-03 4.1340000e-04
     40    105 0.0000000e+00 1.7321000e-04 6.3249000e-05
     40    106 0.0000000e+00 2.8879000e-05 1.0676000e-05
     40    107 0.0000000e+00 6.2775000e-09 2.3691000e-09
     41     94 0.0000000e+00 1.6488000e-09 4.6546000e-10
     41     94 1.0000000e+00 6.1814000e-10 2.3521000e-10
     41     95 0.0000000e+00 3.4300000e-02 2.7785000e-03
     41     95 1.0000000e+00 3.7127000e-04 5.4565000e-05
     41     96 0.0000000e+00 4.7471000e-05 1.7067000e-05
     41     97 0.0000000e+00 4.3400000e-02 3.3102000e-03
     41     97 1.0000000e+00 4.0951000e-02 3.1598000e-03
     41     98 0.0000000e+00 4.8426000e-02 4.0720000e-03
     41     98 1.0000000e+00 1.2671000e-03 4.4709000e-04
     41     99 0.0000000e+00 3.4395000e-02 2.7866000e-03
     41     99 1.0000000e+00 1.7548000e-02 1.8976000e-03
     41    100 0.0000000e+00 4.1542000e-02 2.8892000e-03
     41    100 1.0000000e+00 1.2421000e-02 2.6163000e-03
     41    101 0.0000000e+00 5.0727000e-02 3.8406000e-03
     41    102 0.0000000e+00 2.6037000e-02 3.2497000e-03
     41    102 1.0000000e+00 1.4492000e-02 2.3834000e-03
     41    103 0.0000000e+00 3.1656000e-02 3.6391000e-03
     41    104 0.0000000e+00 8.8152000e-03 2.1412000e-03
     41    104 1.0000000e+00 7.6825000e-03 2.1376000e-03
     41    105 0.0000000e+00 8.5767000e-03 2.5058000e-03
     41    106 0.0000000e+00 2.3911000e-03 8.3306000e-04
     41    107 0.0000000e+00 6.7020000e-04 2.4958000e-04
     41    108 0.0000000e+00 9.0983000e-05 3.4241000e-05
     41    109 0.0000000e+00 1.1727000e-05 4.5507000e-06
     42     94 0.0000000e+00 3.0907000e-12 1.1761000e-12
     42     95 0.0000000e+00 3.4321000e-02 2.7801000e-03
     42     96 0.0000000e+00 4.7471000e-05 1.7067000e-05
     42     97 0.0000000e+00 4.3405000e-02 3.3102000e-03
     42     98 0.0000000e+00 4.9742000e-02 4.1784000e-03
     42     99 0.0000000e+00 5.1972000e-02 3.6381000e-03
     42    100 0.0000000e+00 5.6147000e-02 3.4811000e-03
     42    101 0.0000000e+00 5.7166000e-02 4.2303000e-03
     42    102 0.0000000e+00 6.0288000e-02 4.5221000e-03
     42    103 0.0000000e+00 6.1591000e-02 3.7177000e-03
     42    104 0.0000000e+00 6.0074000e-02 3.1636000e-03
     42    105 0.0000000e+00 4.0768000e-02 3.5357000e-03
     42    106 0.0000000e+00 2.7372000e-02 3.7280000e-03
     42    107 0.0000000e+00 1.1382000e-02 2.9051000e-03
     42    108 0.0000000e+00 4.6789000e-03 1.5111000e-03
     42    109 0.0000000e+00 9.5708000e-04 3.5674000e-04
     42    110 0.0000000e+00 1.9535000e-04 7.6463000e-05
     42    111 0.0000000e+00 9.7256000e-06 3.9695000e-06
     42    112 0.0000000e+00 1.5517000e-09 6.4736000e-10
     43     99 0.0000000e+00 5.1971000e-02 3.6380000e-03
     43     99 1.0000000e+00 4.5767000e-02 3.2426000e-03
     43    100 0.0000000e+00 7.2028000e-06 2.6031000e-06
     43    101 0.0000000e+00 5.7258000e-02 4.2358000e-03
     43    102 0.0000000e+00 6.0562000e-02 4.5423000e-03
     43    102 1.0000000e+00 2.7471000e-04 9.8624000e-05
     43    103 0.0000000e+00 6.4641000e-02 3.8785000e-03
     43    104 0.0000000e+00 6.7637000e-02 3.4496000e-03
     43    105 0.0000000e+00 6.0508000e-02 4.1206000e-03
     43    106 0.0000000e+00 5.2885000e-02 4.4577000e-03
     43    107 0.0000000e+00 4.3220000e-02 3.7228000e-03
     43    108 0.0000000e+00 2.5948000e-02 3.1045000e-03
     43    109 0.0000000e+00 1.4635000e-02 2.7378000e-03
     43    110 0.0000000e+00 5.6320000e-03 1.6094000e-03
     43    111 0.0000000e+00 1.6635000e-03 6.0051000e-04
     43    112 0.0000000e+00 2.8011000e-04 1.1336000e-04
     43    113 0.0000000e+00 3.8343000e-05 1.6499000e-05
     43    114 0.0000000e+00 8.7894000e-06 3.9151000e-06
     43    115 0.0000000e+00 9.6851000e-07 4.5803000e-07
     44     99 0.0000000e+00 1.6934000e-06 1.9217000e-07
     44    100 0.0000000e+00 7.2028000e-06 2.6031000e-06
     44    101 0.0000000e+00 5.7258000e-02 4.2358000e-03
     44    102 0.0000000e+00 6.0847000e-02 4.5635000e-03
     44    103 0.0000000e+00 6.4699000e-02 3.8819000e-03
     44    103 1.0000000e+00 4.2738000e-05 1.5585000e-05
     44    104 0.0000000e+00 6.8082000e-02 3.4649000e-03
     44    105 0.0000000e+00 6.2210000e-02 4.2303000e-03
     44    106 0.0000000e+00 5.8725000e-02 4.8742000e-03
     44    107 0.0000000e+00 5.4009000e-02 4.3752000e-03
     44    108 0.0000000e+00 4.5603000e-02 3.9730000e-03
     44    109 0.0000000e+00 3.2870000e-02 3.8258000e-03
     44    110 0.0000000e+00 2.1858000e-02 2.8405000e-03
     44    111 0.0000000e+00 9.4891000e-03 1.7377000e-03
     44    112 0.0000000e+00 3.8954000e-03 9.6643000e-04
     44    113 0.0000000e+00 6.9848000e-04 2.0442000e-04
     44    113 1.0000000e+00 4.4155000e-04 1.7019000e-04
     44    114 0.0000000e+00 2.8471000e-04 1.1188000e-04
     44    115 0.0000000e+00 7.8289000e-05 3.4643000e-05
     44    116 0.0000000e+00 2.7084000e-05 1.3164000e-05
     44    117 0.0000000e+00 7.8909000e-06 4.9137000e-06
     44    118 0.0000000e+00 6.3861000e-07 7.4843000e-07
     45    103 0.0000000e+00 6.4700000e-02 3.8820000e-03
     45    103 1.0000000e+00 6.3925000e-02 3.8368000e-03
     45    104 0.0000000e+00 5.2342000e-09 1.5810000e-09
     45    104 1.0000000e+00 4.0711000e-09 1.5139000e-09
     45    105 0.0000000e+00 6.2219000e-02 4.2309000e-03
     45    105 1.0000000e+00 1.7661000e-02 2.0127000e-03
     45    106 0.0000000e+00 5.8745000e-02 4.8759000e-03
     45    106 1.0000000e+00 5.4733000e-05 2.0183000e-05
     45    107 0.0000000e+00 5.4472000e-02 4.4122000e-03
     45    108 0.0000000e+00 4.5949000e-02 4.0009000e-03
     45    108 1.0000000e+00 1.2063000e-03 4.2459000e-04
     45    109 0.0000000e+00 3.6991000e-02 4.2540000e-03
     45    110 0.0000000e+00 2.7627000e-02 3.4547000e-03
     45    110 1.0000000e+00 1.3583000e-04 4.2292000e-05
     45    111 0.0000000e+00 1.7329000e-02 2.6208000e-03
     45    112 0.0000000e+00 6.6944000e-03 1.2243000e-03
     45    112 1.0000000e+00 2.7990000e-03 6.6805000e-04
     45    113 0.0000000e+00 4.6797000e-03 8.6817000e-04
     45    114 0.0000000e+00 1.0277000e-03 2.5775000e-04
     45    114 1.0000000e+00 7.4280000e-04 2.1717000e-04
     45    115 0.0000000e+00 6.9849000e-04 1.9265000e-04
     45    116 0.0000000e+00 6.5828000e-05 2.4141000e-05
     45    116 1.0000000e+00 1.0597000e-04 4.3431000e-05
     45    117 0.0000000e+00 3.7777000e-05 1.9822000e-05
     45    118 0.0000000e+00 7.7321000e-06 8.6260000e-06
     45    119 0.0000000e+00 4.7488000e-06 4.6422000e-06
     45    122 0.0000000e+00 3.4280000e-09 2.0605000e-09
     46    104 0.0000000e+00 5.2159000e-09 1.5739000e-09
     46    105 0.0000000e+00 6.2219000e-02 4.2309000e-03
     46    106 0.0000000e+00 5.8801000e-02 4.8805000e-03
     46    107 0.0000000e+00 5.4477000e-02 4.4126000e-03
     46    107 1.0000000e+00 3.3726000e-06 1.2724000e-06
     46    108 0.0000000e+00 4.7197000e-02 4.1047000e-03
     46    109 0.0000000e+00 3.7122000e-02 4.2690000e-03
     46    109 1.0000000e+00 1.8585000e-02 2.5136000e-03
     46    110 0.0000000e+00 2.8330000e-02 3.5413000e-03
     46    111 0.0000000e+00 1.8101000e-02 2.7335000e-03
     46    111 1.0000000e+00 7.3657000e-04 2.4924000e-04
     46    112 0.0000000e+00 1.1163000e-02 1.8532000e-03
     46    113 0.0000000e+00 6.2439000e-03 1.1179000e-03
     46    113 1.0000000e+00 1.1523000e-03 3.5577000e-04
     46    114 0.0000000e+00 3.1275000e-03 6.1357000e-04
     46    115 0.0000000e+00 8.2620000e-04 2.0689000e-04
     46    115 1.0000000e+00 5.1455000e-04 1.4689000e-04
     46    116 0.0000000e+00 4.7505000e-04 1.2987000e-04
     46    117 0.0000000e+00 1.4585000e-04 6.0835000e-05
     46    117 1.0000000e+00 7.4125000e-05 3.7606000e-05
     46    118 0.0000000e+00 4.9695000e-05 4.9886000e-05
     46    119 0.0000000e+00 9.4986000e-06 8.2168000e-06
     46    120 0.0000000e+00 8.9424000e-06 5.4407000e-06
     46    121 0.0000000e+00 4.8420000e-06 2.9145000e-06
     46    122 0.0000000e+00 4.6540000e-06 2.7475000e-06
     46    123 0.0000000e+00 4.6219000e-07 2.4583000e-07
     46    124 0.0000000e+00 5.3459000e-08 2.7371000e-08
     47    109 0.0000000e+00 3.7122000e-02 4.2690000e-03
     47    109 1.0000000e+00 3.7104000e-02 4.2669000e-03
     47    110 0.0000000e+00 1.0906000e-06 4.1656000e-07
     47    110 1.0000000e+00 2.8665000e-06 1.1304000e-06
     47    111 0.0000000e+00 1.8238000e-02 2.7539000e-03
     47    111 1.0000000e+00 1.8140000e-02 2.7392000e-03
     47    112 0.0000000e+00 1.1228000e-02 1.8638000e-03
     47    113 0.0000000e+00 4.1894000e-03 7.7542000e-04
     47    113 1.0000000e+00 6.1058000e-03 1.0937000e-03
     47    114 0.0000000e+00 3.3002000e-03 6.4685000e-04
     47    114 1.0000000e+00 1.4320000e-04 5.7869000e-05
     47    115 0.0000000e+00 8.1938000e-04 1.9845000e-04
     47    115 1.0000000e+00 9.0047000e-04 2.1597000e-04
     47    116 0.0000000e+00 5.2068000e-04 1.4080000e-04
     47    116 1.0000000e+00 1.0689000e-04 4.2819000e-05
     47    117 0.0000000e+00 1.0739000e-04 4.4174000e-05
     47    117 1.0000000e+00 2.2871000e-04 9.1388000e-05
     47    118 0.0000000e+00 9.6124000e-05 9.0311000e-05
     47    118 1.0000000e+00 8.9243000e-05 8.5291000e-05
     47    119 0.0000000e+00 1.8107000e-05 1.4425000e-05
     47    119 1.0000000e+00 1.0507000e-04 8.0059000e-05
     47    120 0.0000000e+00 7.9852000e-05 4.3064000e-05
     47    120 1.0000000e+00 8.0625000e-05 4.4481000e-05
     47    121 0.0000000e+00 6.0061000e-05 3.1344000e-05
     47    122 0.0000000e+00 1.6857000e-05 8.5900000e-06
     47    122 1.0000000e+00 1.3157000e-05 7.3825000e-06
     47    123 0.0000000e+00 1.7329000e-05 8.4314000e-06
     47    124 0.0000000e+00 1.2459000e-05 5.1108000e-06
     47    124 1.0000000e+00 8.6904000e-06 4.2286000e-06
     47    125 0.0000000e+00 9.5556000e-06 4.2949000e-06
     47    126 0.0000000e+00 3.0673000e-06 1.3923000e-06
     47    127 0.0000000e+00 7.8339000e-08 3.3584000e-08
     47    128 0.0000000e+00 2.6717000e-09 1.0567000e-09
     48    110 0.0000000e+00 3.9148000e-06 1.2295000e-06
     48    111 0.0000000e+00 1.8328000e-02 2.7663000e-03
     48    112 0.0000000e+00 1.1228000e-02 1.8638000e-03
     48    113 0.0000000e+00 6.3158000e-03 1.1306000e-03
     48    113 1.0000000e+00 7.4739000e-05 1.6596000e-05
     48    114 0.0000000e+00 3.3069000e-03 6.4815000e-04
     48    115 0.0000000e+00 1.4650000e-03 3.3704000e-04
     48    115 1.0000000e+00 7.5989000e-05 1.9484000e-05
     48    116 0.0000000e+00 6.3984000e-04 1.7148000e-04
     48    117 0.0000000e+00 2.5562000e-04 1.0057000e-04
     48    117 1.0000000e+00 8.9132000e-05 3.6937000e-05
     48    118 0.0000000e+00 1.7750000e-04 1.6489000e-04
     48    119 0.0000000e+00 1.2321000e-04 9.3024000e-05
     48    119 1.0000000e+00 3.4468000e-05 2.9558000e-05
     48    120 0.0000000e+00 3.2670000e-04 1.7191000e-04
     48    121 0.0000000e+00 8.4112000e-05 4.1591000e-05
     48    121 1.0000000e+00 9.1129000e-05 4.6607000e-05
     48    122 0.0000000e+00 1.6573000e-04 7.2758000e-05
     48    123 0.0000000e+00 4.5206000e-05 1.8107000e-05
     48    123 1.0000000e+00 8.9955000e-05 3.6927000e-05
     48    124 0.0000000e+00 2.3766000e-04 8.3756000e-05
     48    125 0.0000000e+00 5.9934000e-05 2.3251000e-05
     48    125 1.0000000e+00 1.5910000e-04 6.0223000e-05
     48    126 0.0000000e+00 1.7048000e-04 6.9993000e-05
     48    127 0.0000000e+00 8.8157000e-05 3.6917000e-05
     48    128 0.0000000e+00 4.1955000e-05 1.6522000e-05
     48    129 0.0000000e+00 2.9350000e-06 1.1355000e-06
     48    129 1.0000000e+00 8.2120000e-06 3.1762000e-06
     48    130 0.0000000e+00 6.7753000e-08 2.5417000e-08
     48    131 0.0000000e+00 1.0214000e-09 3.8582000e-10
     49    113 0.0000000e+00 7.4634000e-05 1.6573000e-05
     49    114 0.0000000e+00 2.4838000e-10 7.6574000e-11
     49    114 1.0000000e+00 1.9838000e-10 6.8572000e-11
     49    114 2.0000000e+00 1.0644000e-10 4.7564000e-11
     49    115 0.0000000e+00 1.4677000e-03 3.3766000e-04
     49    115 1.0000000e+00 1.4650000e-03 3.3704000e-04
     49    116 0.0000000e+00 2.0685000e-07 1.0585000e-07
     49    116 1.0000000e+00 7.2074000e-07 2.9470000e-07
     49    116 2.0000000e+00 3.8671000e-07 1.9785000e-07
     49    117 0.0000000e+00 2.2089000e-04 8.6831000e-05
     49    117 1.0000000e+00 2.3576000e-04 9.3019000e-05
     49    118 0.0000000e+00 1.7821000e-04 1.6556000e-04
     49    118 1.0000000e+00 2.4714000e-06 2.6170000e-06
     49    118 2.0000000e+00 1.3361000e-06 1.5717000e-06
     49    119 0.0000000e+00 5.8553000e-05 4.5629000e-05
     49    119 1.0000000e+00 1.1249000e-04 8.5178000e-05
     49    120 0.0000000e+00 3.3495000e-04 1.7621000e-04
     49    120 1.0000000e+00 8.2478000e-06 5.0423000e-06
     49    120 2.0000000e+00 8.2478000e-06 5.0423000e-06
     49    121 0.0000000e+00 1.6962000e-04 8.0777000e-05
     49    121 1.0000000e+00 6.5724000e-05 3.2451000e-05
     49    122 0.0000000e+00 2.0018000e-04 8.5726000e-05
     49    122 1.0000000e+00 2.8799000e-05 1.5701000e-05
     49    122 2.0000000e+00 2.8799000e-05 1.5701000e-05
     49    123 0.0000000e+00 2.3678000e-04 7.8152000e-05
     49    123 1.0000000e+00 5.9267000e-05 2.1693000e-05
     49    124 0.0000000e+00 3.4960000e-04 1.1026000e-04
     49    124 1.0000000e+00 1.2068000e-04 4.8842000e-05
     49    125 0.0000000e+00 7.5793000e-04 1.8641000e-04
     49    125 1.0000000e+00 1.4604000e-04 4.4333000e-05
     49    126 0.0000000e+00 6.8709000e-04 1.9071000e-04
     49    126 1.0000000e+00 5.5698000e-04 1.7569000e-04
     49    127 0.0000000e+00 1.5722000e-03 4.1009000e-04
     49    127 1.0000000e+00 4.0470000e-04 1.1233000e-04
     49    128 0.0000000e+00 7.9465000e-04 1.9315000e-04
     49    128 1.0000000e+00 2.5375000e-04 7.3559000e-05
     49    128 2.0000000e+00 8.1151000e-04 2.5440000e-04
     49    129 0.0000000e+00 9.2926000e-04 3.1944000e-04
     49    129 1.0000000e+00 1.8839000e-04 6.7195000e-05
     49    130 0.0000000e+00 8.6059000e-05 3.1977000e-05
     49    130 1.0000000e+00 1.2521000e-04 4.6486000e-05
     49    130 2.0000000e+00 1.7442000e-04 6.4629000e-05
     49    131 0.0000000e+00 3.1755000e-05 1.1878000e-05
     49    131 1.0000000e+00 3.1434000e-05 1.1871000e-05
     49    131 2.0000000e+00 3.1434000e-05 1.1871000e-05
     49    132 0.0000000e+00 6.0990000e-06 2.2644000e-06
     49    133 0.0000000e+00 2.1421000e-08 6.7186000e-09
     49    133 1.0000000e+00 3.5902000e-09 1.3155000e-09
     50    114 0.0000000e+00 2.4713000e-10 7.6191000e-11
     50    115 0.0000000e+00 7.3248000e-05 1.8662000e-05
     50    116 0.0000000e+00 9.2759000e-07 3.4557000e-07
     50    117 0.0000000e+00 3.4560000e-04 1.3509000e-04
     50    117 1.0000000e+00 7.5278000e-07 3.0623000e-07
     50    118 0.0000000e+00 1.8070000e-04 1.6788000e-04
     50    119 0.0000000e+00 1.6484000e-04 1.2376000e-04
     50    119 1.0000000e+00 5.2976000e-05 4.1436000e-05
     50    120 0.0000000e+00 3.5488000e-04 1.8667000e-04
     50    121 0.0000000e+00 2.4078000e-04 1.1365000e-04
     50    121 1.0000000e+00 2.8509000e-05 1.4240000e-05
     50    122 0.0000000e+00 2.7931000e-04 1.1787000e-04
     50    123 0.0000000e+00 4.7840000e-05 1.8918000e-05
     50    123 1.0000000e+00 2.8865000e-04 9.3523000e-05
     50    124 0.0000000e+00 5.8517000e-04 1.7556000e-04
     50    125 0.0000000e+00 3.4894000e-04 1.0012000e-04
     50    125 1.0000000e+00 8.5490000e-04 2.0247000e-04
     50    126 0.0000000e+00 2.4176000e-03 5.2000000e-04
     50    127 0.0000000e+00 2.5556000e-03 5.2084000e-04
     50    127 1.0000000e+00 2.0557000e-03 4.1516000e-04
     50    128 0.0000000e+00 7.9992000e-03 9.2066000e-04
     50    128 1.0000000e+00 5.4886000e-03 7.0195000e-04
     50    129 0.0000000e+00 2.9581000e-03 5.5390000e-04
     50    129 1.0000000e+00 5.5250000e-03 1.0246000e-03
     50    130 0.0000000e+00 2.3182000e-03 5.2645000e-04
     50    130 1.0000000e+00 5.8265000e-03 1.2178000e-03
     50    131 0.0000000e+00 1.1073000e-03 3.5597000e-04
     50    131 1.0000000e+00 2.9606000e-03 9.4227000e-04
     50    132 0.0000000e+00 1.6851000e-03 5.9499000e-04
     50    133 0.0000000e+00 1.3683000e-04 5.0025000e-05
     50    134 0.0000000e+00 1.0308000e-05 3.7706000e-06
     50    135 0.0000000e+00 9.8935000e-07 3.8357000e-07
     50    136 0.0000000e+00 5.2000000e-09 1.9048000e-09
     51    119 0.0000000e+00 1.4088000e-11 1.2775000e-11
     51    119 1.0000000e+00 4.0362000e-12 4.0381000e-12
     51    120 0.0000000e+00 6.5219000e-10 4.0205000e-10
     51    120 1.0000000e+00 1.0907000e-09 6.7237000e-10
     51    121 0.0000000e+00 2.4721000e-04 1.1668000e-04
     51    122 0.0000000e+00 2.2716000e-06 1.1797000e-06
     51    122 1.0000000e+00 1.3007000e-06 7.7911000e-07
     51    123 0.0000000e+00 3.3648000e-04 1.0868000e-04
     51    124 0.0000000e+00 7.9238000e-06 3.0440000e-06
     51    124 1.0000000e+00 6.4599000e-06 2.7224000e-06
     51    124 2.0000000e+00 3.9763000e-06 2.0187000e-06
     51    125 0.0000000e+00 1.2460000e-03 2.8782000e-04
     51    126 0.0000000e+00 4.6952000e-05 1.8435000e-05
     51    126 1.0000000e+00 5.4925000e-05 1.9208000e-05
     51    126 2.0000000e+00 3.0401000e-05 1.3585000e-05
     51    127 0.0000000e+00 5.0952000e-03 9.0695000e-04
     51    128 0.0000000e+00 8.6076000e-03 9.8419000e-04
     51    128 1.0000000e+00 8.1022000e-04 2.6713000e-04
     51    129 0.0000000e+00 1.0462000e-02 1.3671000e-03
     51    129 1.0000000e+00 5.6443000e-03 9.0684000e-04
     51    130 0.0000000e+00 1.1676000e-02 1.3973000e-03
     51    130 1.0000000e+00 9.3582000e-03 1.2542000e-03
     51    131 0.0000000e+00 2.7470000e-02 2.6129000e-03
     51    132 0.0000000e+00 1.2542000e-02 2.0722000e-03
     51    132 1.0000000e+00 9.6127000e-03 1.8351000e-03
     51    133 0.0000000e+00 1.5215000e-02 3.2813000e-03
     51    134 0.0000000e+00 1.0662000e-03 3.7414000e-04
     51    134 1.0000000e+00 2.8828000e-03 9.9340000e-04
     51    135 0.0000000e+00 9.3771000e-04 3.5904000e-04
     51    136 0.0000000e+00 1.2902000e-04 4.7197000e-05
     51    137 0.0000000e+00 2.7443000e-05 9.9961000e-06
     51    138 0.0000000e+00 2.0350000e-08 7.4245000e-09
     52    122 0.0000000e+00 2.2125000e-06 1.1491000e-06
     52    124 0.0000000e+00 9.5388000e-06 3.4656000e-06
     52    125 0.0000000e+00 1.2460000e-03 2.8782000e-04
     52    125 1.0000000e+00 2.7881000e-04 7.0520000e-05
     52    126 0.0000000e+00 9.6209000e-05 2.8655000e-05
     52    127 0.0000000e+00 5.0820000e-03 9.0460000e-04
     52    127 1.0000000e+00 8.4487000e-04 1.7359000e-04
     52    128 0.0000000e+00 9.4529000e-03 1.0776000e-03
     52    129 0.0000000e+00 1.3168000e-02 1.6555000e-03
     52    129 1.0000000e+00 6.7096000e-03 9.4787000e-04
     52    130 0.0000000e+00 2.3609000e-02 2.4081000e-03
     52    131 0.0000000e+00 2.8959000e-02 2.6992000e-03
     52    131 1.0000000e+00 7.8853000e-03 1.5145000e-03
     52    132 0.0000000e+00 4.5597000e-02 4.0615000e-03
     52    133 0.0000000e+00 2.6636000e-02 2.8542000e-03
     52    133 1.0000000e+00 2.8157000e-02 2.9060000e-03
     52    134 0.0000000e+00 4.3988000e-02 3.9888000e-03
     52    135 0.0000000e+00 1.5092000e-02 3.9821000e-03
     52    136 0.0000000e+00 6.3603000e-03 2.0485000e-03
     52    137 0.0000000e+00 1.2292000e-03 4.3511000e-04
     52    138 0.0000000e+00 2.2738000e-04 8.2641000e-05
     52    139 0.0000000e+00 1.3644000e-05 5.1874000e-06
     52    140 0.0000000e+00 1.9698000e-06 7.4424000e-07
     52    141 0.0000000e+00 2.9726000e-09 1.1389000e-09
     53    127 0.0000000e+00 5.1023000e-03 9.0820000e-04
     53    128 0.0000000e+00 2.1859000e-09 8.6457000e-10
     53    129 0.0000000e+00 1.5658000e-02 1.9573000e-03
     53    130 0.0000000e+00 2.2326000e-05 6.8258000e-06
     53    130 1.0000000e+00 6.2612000e-06 2.3461000e-06
     53    131 0.0000000e+00 3.5486000e-02 3.2292000e-03
     53    132 0.0000000e+00 4.6917000e-02 4.1756000e-03
     53    132 1.0000000e+00 6.6340000e-04 2.3597000e-04
     53    133 0.0000000e+00 5.7866000e-02 4.3400000e-03
     53    133 1.0000000e+00 3.4029000e-03 1.0166000e-03
     53    134 0.0000000e+00 6.7729000e-02 5.0814000e-03
     53    134 1.0000000e+00 1.1270000e-02 2.3309000e-03
     53    135 0.0000000e+00 7.1278000e-02 5.2372000e-03
     53    136 0.0000000e+00 1.7531000e-02 2.4387000e-03
     53    136 1.0000000e+00 3.0419000e-02 3.4999000e-03
     53    137 0.0000000e+00 3.0471000e-02 4.2921000e-03
     53    138 0.0000000e+00 9.5319000e-03 2.6565000e-03
     53    139 0.0000000e+00 4.7199000e-03 1.5947000e-03
     53    140 0.0000000e+00 9.5462000e-04 3.5190000e-04
     53    141 0.0000000e+00 2.1087000e-04 8.0485000e-05
     53    142 0.0000000e+00 1.4889000e-05 5.6126000e-06
     53    143 0.0000000e+00 1.7239000e-08 6.5379000e-09
     54    128 0.0000000e+00 2.0351000e-09 8.0492000e-10
     54    130 0.0000000e+00 2.3329000e-05 6.8698000e-06
     54    131 0.0000000e+00 3.5486000e-02 3.2292000e-03
     54    131 1.0000000e+00 3.8549000e-04 5.1060000e-05
     54    132 0.0000000e+00 4.7026000e-02 4.1853000e-03
     54    132 1.0000000e+00 9.3162000e-06 3.4570000e-06
     54    133 0.0000000e+00 5.7978000e-02 4.3478000e-03
     54    133 1.0000000e+00 1.7295000e-03 1.9663000e-04
     54    134 0.0000000e+00 6.9125000e-02 5.1735000e-03
     54    134 1.0000000e+00 1.0908000e-03 3.0409000e-04
     54    135 0.0000000e+00 7.6792000e-02 5.6059000e-03
     54    135 1.0000000e+00 1.5899000e-02 1.9324000e-03
     54    136 0.0000000e+00 7.6839000e-02 4.6049000e-03
     54    137 0.0000000e+00 6.2485000e-02 4.5471000e-03
     54    138 0.0000000e+00 4.4603000e-02 3.0145000e-03
     54    139 0.0000000e+00 2.2111000e-02 3.4017000e-03
     54    140 0.0000000e+00 1.3015000e-02 2.8789000e-03
     54    141 0.0000000e+00 4.4516000e-03 1.4718000e-03
     54    142 0.0000000e+00 1.1835000e-03 4.2974000e-04
     54    143 0.0000000e+00 1.7193000e-04 6.4914000e-05
     54    144 0.0000000e+00 2.6534000e-05 1.0023000e-05
     54    145 0.0000000e+00 9.7307000e-07 3.7880000e-07
     54    146 0.0000000e+00 1.8993000e-09 7.1437000e-10
     55    133 0.0000000e+00 5.7978000e-02 4.3478000e-03
     55    134 0.0000000e+00 3.0930000e-06 8.1804000e-07
     55    134 1.0000000e+00 1.4525000e-06 5.3131000e-07
     55    135 0.0000000e+00 7.6955000e-02 5.6177000e-03
     55    135 1.0000000e+00 2.8640000e-05 1.1083000e-05
     55    136 0.0000000e+00 5.1835000e-04 1.4697000e-04
     55    136 1.0000000e+00 2.7301000e-04 9.8368000e-05
     55    137 0.0000000e+00 6.8817000e-02 4.8901000e-03
     55    138 0.0000000e+00 5.7518000e-02 3.3455000e-03
     55    138 1.0000000e+00 9.1730000e-03 2.1119000e-03
     55    139 0.0000000e+00 5.0920000e-02 4.1354000e-03
     55    140 0.0000000e+00 4.0790000e-02 3.3607000e-03
     55    141 0.0000000e+00 3.9834000e-02 3.1485000e-03
     55    142 0.0000000e+00 2.1405000e-02 2.9641000e-03
     55    143 0.0000000e+00 1.1158000e-02 2.5897000e-03
     55    144 0.0000000e+00 2.8432000e-03 7.2591000e-04
     55    144 1.0000000e+00 1.8783000e-03 6.4828000e-04
     55    145 0.0000000e+00 9.8159000e-04 3.6840000e-04
     55    146 0.0000000e+00 1.7544000e-04 6.5493000e-05
     55    147 0.0000000e+00 3.0958000e-05 1.1777000e-05
     55    148 0.0000000e+00 8.4856000e-09 3.2157000e-09
     56    134 0.0000000e+00 3.0930000e-06 8.1804000e-07
     56    135 0.0000000e+00 2.1736000e-09 6.6662000e-10
     56    135 1.0000000e+00 1.6013000e-09 6.2080000e-10
     56    136 0.0000000e+00 6.5586000e-04 1.5637000e-04
     56    136 1.0000000e+00 7.3855000e-07 2.7052000e-07
     56    137 0.0000000e+00 6.8855000e-02 4.8922000e-03
     56    137 1.0000000e+00 6.4991000e-02 4.6611000e-03
     56    138 0.0000000e+00 5.9753000e-02 3.4657000e-03
     56    139 0.0000000e+00 5.2776000e-02 4.2752000e-03
     56    140 0.0000000e+00 4.7106000e-02 3.7686000e-03
     56    141 0.0000000e+00 4.9847000e-02 3.7399000e-03
     56    142 0.0000000e+00 4.3552000e-02 3.6264000e-03
     56    143 0.0000000e+00 3.0766000e-02 3.3361000e-03
     56    144 0.0000000e+00 2.0860000e-02 2.3958000e-03
     56    145 0.0000000e+00 8.1098000e-03 1.8950000e-03
     56    146 0.0000000e+00 3.5327000e-03 1.0489000e-03
     56    147 0.0000000e+00 8.9169000e-04 3.1708000e-04
     56    148 0.0000000e+00 1.8136000e-04 6.7947000e-05
     56    149 0.0000000e+00 1.8595000e-05 7.1758000e-06
     56    150 0.0000000e+00 1.9666000e-06 7.6880000e-07
     56    151 0.0000000e+00 6.3208000e-10 2.5026000e-10
     57    138 0.0000000e+00 1.2523000e-08 4.5689000e-09
     57    139 0.0000000e+00 5.2809000e-02 4.2778000e-03
     57    140 0.0000000e+00 4.7253000e-02 3.7803000e-03
     57    141 0.0000000e+00 5.0762000e-02 3.8071000e-03
     57    142 0.0000000e+00 4.5826000e-02 3.7914000e-03
     57    143 0.0000000e+00 3.9570000e-02 4.0362000e-03
     57    144 0.0000000e+00 3.5830000e-02 3.1547000e-03
     57    145 0.0000000e+00 3.1033000e-02 2.2830000e-03
     57    146 0.0000000e+00 9.1211000e-03 1.1432000e-03
     57    146 1.0000000e+00 1.1724000e-02 1.2669000e-03
     57    147 0.0000000e+00 1.5290000e-02 1.7327000e-03
     57    148 0.0000000e+00 6.7412000e-03 1.3678000e-03
     57    149 0.0000000e+00 2.4447000e-03 7.4681000e-04
     57    150 0.0000000e+00 5.3252000e-04 1.9631000e-04
     57    151 0.0000000e+00 9.9206000e-05 3.8812000e-05
     57    152 0.0000000e+00 8.9474000e-06 3.5627000e-06
     57    153 0.0000000e+00 3.0314000e-09 1.2304000e-09
     58    139 0.0000000e+00 9.7482000e-07 2.9413000e-07
     58    139 1.0000000e+00 7.1815000e-07 2.7307000e-07
     58    140 0.0000000e+00 4.7253000e-02 3.7803000e-03
     58    141 0.0000000e+00 5.0765000e-02 3.8074000e-03
     58    142 0.0000000e+00 4.5854000e-02 3.7914000e-03
     58    143 0.0000000e+00 3.9709000e-02 4.0503000e-03
     58    144 0.0000000e+00 3.6653000e-02 3.2217000e-03
     58    145 0.0000000e+00 3.3350000e-02 2.4346000e-03
     58    146 0.0000000e+00 2.7266000e-02 1.9089000e-03
     58    147 0.0000000e+00 2.3589000e-02 2.2252000e-03
     58    148 0.0000000e+00 1.7237000e-02 1.7227000e-03
     58    149 0.0000000e+00 9.0926000e-03 1.2628000e-03
     58    150 0.0000000e+00 4.5649000e-03 9.1038000e-04
     58    151 0.0000000e+00 1.3718000e-03 4.2264000e-04
     58    152 0.0000000e+00 3.9592000e-04 1.4501000e-04
     58    153 0.0000000e+00 4.8622000e-05 1.9521000e-05
     58    154 0.0000000e+00 2.9815000e-06 1.2546000e-06
     58    155 0.0000000e+00 1.1417000e-08 4.9721000e-09
     58    156 0.0000000e+00 1.5431000e-10 6.8050000e-11
     59    141 0.0000000e+00 5.0765000e-02 3.8074000e-03
     59    143 0.0000000e+00 3.9710000e-02 4.0504000e-03
     59    144 0.0000000e+00 3.6663000e-02 3.2217000e-03
     59    144 1.0000000e+00 5.1475000e-04 7.9873000e-05
     59    145 0.0000000e+00 3.3416000e-02 2.4394000e-03
     59    146 0.0000000e+00 2.7565000e-02 1.9296000e-03
     59    147 0.0000000e+00 2.5014000e-02 2.3513000e-03
     59    148 0.0000000e+00 1.7771000e-02 1.7580000e-03
     59    148 1.0000000e+00 2.5875000e-03 7.3786000e-04
     59    149 0.0000000e+00 1.6091000e-02 1.7544000e-03
     59    150 0.0000000e+00 1.2227000e-02 1.3034000e-03
     59    151 0.0000000e+00 9.0359000e-03 9.2460000e-04
     59    152 0.0000000e+00 4.7923000e-03 7.1267000e-04
     59    153 0.0000000e+00 2.1668000e-03 4.8939000e-04
     59    154 0.0000000e+00 6.2263000e-04 2.1381000e-04
     59    155 0.0000000e+00 1.4889000e-04 6.1167000e-05
     59    156 0.0000000e+00 2.0981000e-05 9.1482000e-06
     59    157 0.0000000e+00 2.9595000e-06 1.3953000e-06
     59    158 0.0000000e+00 4.7127000e-10 2.3783000e-10
     60    143 0.0000000e+00 3.9710000e-02 4.0504000e-03
     60    144 0.0000000e+00 3.6663000e-02 3.2217000e-03
     60    145 0.0000000e+00 3.3416000e-02 2.4394000e-03
     60    146 0.0000000e+00 2.7569000e-02 1.9298000e-03
     60    147 0.0000000e+00 2.5025000e-02 2.3523000e-03
     60    148 0.0000000e+00 2.0435000e-02 1.9788000e-03
     60    149 0.0000000e+00 1.6343000e-02 1.7814000e-03
     60    150 0.0000000e+00 1.3206000e-02 1.3999000e-03
     60    151 0.0000000e+00 1.0743000e-02 1.0745000e-03
     60    152 0.0000000e+00 7.6539000e-03 9.7403000e-04
     60    153 0.0000000e+00 4.6290000e-03 7.0961000e-04
     60    154 0.0000000e+00 2.5283000e-03 4.6710000e-04
     60    155 0.0000000e+00 9.8794000e-04 2.6107000e-04
     60    156 0.0000000e+00 3.2195000e-04 1.1288000e-04
     60    157 0.0000000e+00 8.0638000e-05 3.5041000e-05
     60    158 0.0000000e+00 9.7415000e-06 4.8650000e-06
     60    159 0.0000000e+00 9.5514000e-07 5.3059000e-07
     60    160 0.0000000e+00 1.8823000e-09 1.2966000e-09
     60    161 0.0000000e+00 1.6130000e-11 1.1714000e-11
     61    147 0.0000000e+00 2.5025000e-02 2.3523000e-03
     61    148 0.0000000e+00 3.0143000e-07 1.0234000e-07
     61    148 1.0000000e+00 7.2308000e-07 2.7400000e-07
     61    149 0.0000000e+00 1.6347000e-02 1.7818000e-03
     61    150 0.0000000e+00 2.9527000e-05 1.1497000e-05
     61    151 0.0000000e+00 1.0912000e-02 1.0910000e-03
     61    152 0.0000000e+00 7.7258000e-03 9.8254000e-04
     61    152 1.0000000e+00 1.5110000e-04 5.6783000e-05
     61    152 2.0000000e+00 1.9737000e-04 7.3791000e-05
     61    153 0.0000000e+00 5.7541000e-03 8.5737000e-04
     61    154 0.0000000e+00 3.3065000e-03 5.5853000e-04
     61    154 1.0000000e+00 7.7815000e-04 2.1278000e-04
     61    155 0.0000000e+00 2.9958000e-03 5.0754000e-04
     61    156 0.0000000e+00 1.7550000e-03 3.2090000e-04
     61    157 0.0000000e+00 1.0271000e-03 2.4095000e-04
     61    158 0.0000000e+00 3.6036000e-04 1.2234000e-04
     61    159 0.0000000e+00 1.0288000e-04 4.9072000e-05
     61    160 0.0000000e+00 2.4102000e-05 1.5833000e-05
     61    161 0.0000000e+00 5.5034000e-06 3.9346000e-06
     61    162 0.0000000e+00 3.1476000e-09 2.9065000e-09
     61    163 0.0000000e+00 5.5518000e-11 5.8635000e-11
     62    147 0.0000000e+00 2.5025000e-02 2.3523000e-03
     62    148 0.0000000e+00 9.8836000e-07 2.8657000e-07
     62    149 0.0000000e+00 1.6347000e-02 1.7818000e-03
     62    150 0.0000000e+00 2.9528000e-05 1.1497000e-05
     62    151 0.0000000e+00 1.0912000e-02 1.0910000e-03
     62    152 0.0000000e+00 8.0842000e-03 1.0267000e-03
     62    153 0.0000000e+00 5.7760000e-03 8.6062000e-04
     62    153 1.0000000e+00 1.6117000e-05 6.5060000e-06
     62    154 0.0000000e+00 4.1835000e-03 6.9028000e-04
     62    155 0.0000000e+00 3.2109000e-03 5.4265000e-04
     62    156 0.0000000e+00 2.2123000e-03 3.9384000e-04
     62    157 0.0000000e+00 1.5061000e-03 3.2747000e-04
     62    158 0.0000000e+00 8.4448000e-04 2.1947000e-04
     62    159 0.0000000e+00 4.1171000e-04 1.3804000e-04
     62    160 0.0000000e+00 1.4391000e-04 7.3677000e-05
     62    161 0.0000000e+00 4.7156000e-05 2.8735000e-05
     62    162 0.0000000e+00 7.1317000e-06 6.3817000e-06
     62    163 0.0000000e+00 1.8384000e-07 1.9389000e-07
     62    164 0.0000000e+00 9.2019000e-09 9.4457000e-09
     62    165 0.0000000e+00 1.4685000e-10 1.6612000e-10
     63    151 0.0000000e+00 1.0912000e-02 1.0910000e-03
     63    153 0.0000000e+00 5.7760000e-03 8.6062000e-04
     63    154 0.0000000e+00 3.1963000e-08 1.0229000e-08
     63    154 1.0000000e+00 1.6582000e-08 6.9841000e-09
     63    155 0.0000000e+00 3.2219000e-03 5.4435000e-04
     63    156 0.0000000e+00 2.2491000e-03 4.0032000e-04
     63    157 0.0000000e+00 1.6190000e-03 3.5132000e-04
     63    158 0.0000000e+00 1.0189000e-03 2.6187000e-04
     63    159 0.0000000e+00 6.7048000e-04 2.1256000e-04
     63    160 0.0000000e+00 3.8510000e-04 1.7077000e-04
     63    161 0.0000000e+00 2.3080000e-04 1.0997000e-04
     63    162 0.0000000e+00 8.9323000e-05 6.0576000e-05
     63    163 0.0000000e+00 3.9283000e-05 3.3067000e-05
     63    164 0.0000000e+00 1.0937000e-05 1.0120000e-05
     63    165 0.0000000e+00 2.5772000e-07 2.9022000e-07
     63    166 0.0000000e+00 5.1519000e-09 7.8076000e-09
     63    167 0.0000000e+00 3.0029000e-10 4.0522000e-10
     64    154 0.0000000e+00 3.1957000e-08 1.0227000e-08
     64    155 0.0000000e+00 3.2219000e-03 5.4435000e-04
     64    155 1.0000000e+00 6.8380000e-11 2.9781000e-11
     64    156 0.0000000e+00 2.2491000e-03 4.0032000e-04
     64    157 0.0000000e+00 1.6191000e-03 3.5132000e-04
     64    158 0.0000000e+00 1.0199000e-03 2.6212000e-04
     64    159 0.0000000e+00 6.8475000e-04 2.1705000e-04
     64    160 0.0000000e+00 4.1264000e-04 1.8280000e-04
     64    161 0.0000000e+00 2.7536000e-04 1.3025000e-04
     64    162 0.0000000e+00 1.3974000e-04 9.0342000e-05
     64    163 0.0000000e+00 7.1965000e-05 5.4646000e-05
     64    164 0.0000000e+00 4.0045000e-05 2.9819000e-05
     64    165 0.0000000e+00 1.3049000e-05 1.2049000e-05
     64    166 0.0000000e+00 7.4355000e-07 1.0890000e-06
     64    167 0.0000000e+00 2.1848000e-07 2.9140000e-07
     64    168 0.0000000e+00 1.7434000e-08 1.7829000e-08
     64    169 0.0000000e+00 7.2565000e-10 8.4145000e-10
     65    158 0.0000000e+00 1.5700000e-10 7.4322000e-11
     65    158 1.0000000e+00 1.4060000e-11 7.0951000e-12
     65    159 0.0000000e+00 6.8475000e-04 2.1705000e-04
     65    160 0.0000000e+00 9.2350000e-07 6.3511000e-07
     65    161 0.0000000e+00 2.7902000e-04 1.3197000e-04
     65    162 0.0000000e+00 1.4949000e-04 9.6571000e-05
     65    163 0.0000000e+00 9.0468000e-05 6.8122000e-05
     65    164 0.0000000e+00 6.1798000e-05 4.4558000e-05
     65    165 0.0000000e+00 3.2194000e-05 2.5620000e-05
     65    166 0.0000000e+00 1.0344000e-05 1.1229000e-05
     65    167 0.0000000e+00 9.5572000e-06 9.0280000e-06
     65    168 0.0000000e+00 3.9306000e-06 2.9315000e-06
     65    169 0.0000000e+00 2.8470000e-07 3.2014000e-07
     65    170 0.0000000e+00 4.3716000e-09 6.4527000e-09
     65    171 0.0000000e+00 4.7008000e-10 6.9677000e-10
     66    158 0.0000000e+00 2.6147000e-11 1.2349000e-11
     66    160 0.0000000e+00 9.2351000e-07 6.3511000e-07
     66    161 0.0000000e+00 2.7902000e-04 1.3197000e-04
     66    162 0.0000000e+00 1.4950000e-04 9.6576000e-05
     66    163 0.0000000e+00 9.0545000e-05 6.8177000e-05
     66    164 0.0000000e+00 6.2707000e-05 4.5212000e-05
     66    165 0.0000000e+00 3.4922000e-05 2.7732000e-05
     66    165 1.0000000e+00 3.2142000e-07 3.5976000e-07
     66    166 0.0000000e+00 1.3038000e-05 1.3925000e-05
     66    167 0.0000000e+00 1.0491000e-05 9.8217000e-06
     66    168 0.0000000e+00 5.8864000e-06 4.0615000e-06
     66    169 0.0000000e+00 3.9658000e-06 3.2598000e-06
     66    170 0.0000000e+00 2.5794000e-07 3.2833000e-07
     66    171 0.0000000e+00 7.8132000e-08 1.1044000e-07
     66    172 0.0000000e+00 1.5097000e-08 2.1918000e-08
     66    173 0.0000000e+00 8.1892000e-10 1.1999000e-09
     67    163 0.0000000e+00 1.3880000e-11 1.3892000e-11
     67    163 1.0000000e+00 1.6309000e-12 1.7225000e-12
     67    164 0.0000000e+00 4.1405000e-10 3.8042000e-10
     67    164 1.0000000e+00 3.0292000e-10 3.1097000e-10
     67    165 0.0000000e+00 3.5841000e-05 2.8457000e-05
     67    166 0.0000000e+00 1.3046000e-05 1.3933000e-05
     67    166 1.0000000e+00 2.0447000e-08 3.0966000e-08
     67    167 0.0000000e+00 1.1424000e-05 1.0666000e-05
     67    168 0.0000000e+00 6.8612000e-06 4.7068000e-06
     67    168 1.0000000e+00 6.1194000e-07 5.8975000e-07
     67    169 0.0000000e+00 5.8058000e-06 4.5751000e-06
     67    170 0.0000000e+00 5.0223000e-07 5.6901000e-07
     67    170 1.0000000e+00 4.4219000e-07 4.8430000e-07
     67    171 0.0000000e+00 8.2821000e-07 8.5166000e-07
     67    172 0.0000000e+00 2.6779000e-07 3.1031000e-07
     67    173 0.0000000e+00 7.5781000e-08 9.8347000e-08
     67    174 0.0000000e+00 8.7469000e-09 1.2499000e-08
     67    175 0.0000000e+00 8.9972000e-10 1.3093000e-09
     68    164 0.0000000e+00 2.1406000e-10 1.9668000e-10
     68    165 0.0000000e+00 1.0269000e-12 1.1617000e-12
     68    166 0.0000000e+00 1.3046000e-05 1.3933000e-05
     68    167 0.0000000e+00 1.1425000e-05 1.0666000e-05
     68    167 1.0000000e+00 1.3651000e-06 1.5501000e-06
     68    168 0.0000000e+00 6.8709000e-06 4.7134000e-06
     68    169 0.0000000e+00 5.8565000e-06 4.6145000e-06
     68    170 0.0000000e+00 9.9203000e-07 1.0079000e-06
     68    171 0.0000000e+00 9.8938000e-07 1.0062000e-06
     68    172 0.0000000e+00 6.2199000e-07 6.2890000e-07
     68    173 0.0000000e+00 3.1344000e-07 3.1698000e-07
     68    174 0.0000000e+00 1.4186000e-07 1.4797000e-07
     68    175 0.0000000e+00 3.6851000e-08 4.4750000e-08
     68    176 0.0000000e+00 8.5130000e-09 1.1530000e-08
     68    177 0.0000000e+00 5.9193000e-10 8.5845000e-10
     69    169 0.0000000e+00 5.8565000e-06 4.6145000e-06
     69    170 0.0000000e+00 1.1629000e-10 1.7207000e-10
     69    171 0.0000000e+00 9.9168000e-07 1.0085000e-06
     69    172 0.0000000e+00 6.3570000e-07 6.4269000e-07
     69    173 0.0000000e+00 3.5920000e-07 3.6135000e-07
     69    174 0.0000000e+00 2.0098000e-07 2.0159000e-07
     69    175 0.0000000e+00 1.0818000e-07 1.0839000e-07
     69    176 0.0000000e+00 4.7667000e-08 4.8849000e-08
     69    177 0.0000000e+00 2.8733000e-08 3.0192000e-08
     69    178 0.0000000e+00 3.4476000e-09 4.5784000e-09
     69    179 0.0000000e+00 6.4212000e-10 9.0764000e-10
     70    170 0.0000000e+00 1.1614000e-10 1.7185000e-10
     70    171 0.0000000e+00 9.9168000e-07 1.0085000e-06
     70    172 0.0000000e+00 6.3573000e-07 6.4269000e-07
     70    173 0.0000000e+00 3.5948000e-07 3.6164000e-07
     70    174 0.0000000e+00 2.0303000e-07 2.0363000e-07
     70    175 0.0000000e+00 1.1461000e-07 1.1472000e-07
     70    175 1.0000000e+00 8.4058000e-08 8.5777000e-08
     70    176 0.0000000e+00 6.0977000e-08 6.1001000e-08
     70    176 1.0000000e+00 3.5233000e-08 3.6822000e-08
     70    177 0.0000000e+00 4.1949000e-08 4.1952000e-08
     70    177 1.0000000e+00 3.0948000e-08 3.1921000e-08
     70    178 0.0000000e+00 1.8522000e-08 1.8533000e-08
     70    179 0.0000000e+00 7.3862000e-09 7.7912000e-09
     70    180 0.0000000e+00 2.5596000e-09 3.0037000e-09
     70    181 0.0000000e+00 3.9962000e-10 5.4845000e-10
     71    174 0.0000000e+00 1.1094000e-12 1.4450000e-12
     71    175 0.0000000e+00 1.1463000e-07 1.1472000e-07
     71    176 0.0000000e+00 3.6351000e-09 4.2597000e-09
     71    176 1.0000000e+00 5.3275000e-11 7.7716000e-11
     71    177 0.0000000e+00 4.2470000e-08 4.2471000e-08
     71    177 1.0000000e+00 2.2915000e-10 3.2958000e-10
     71    177 2.0000000e+00 1.1126000e-11 1.6251000e-11
     71    178 0.0000000e+00 1.9379000e-08 1.9343000e-08
     71    178 1.0000000e+00 1.1481000e-09 1.6217000e-09
     71    179 0.0000000e+00 1.1520000e-08 1.1509000e-08
     71    179 1.0000000e+00 7.8719000e-09 8.1714000e-09
     71    180 0.0000000e+00 3.5018000e-09 3.5831000e-09
     71    180 1.0000000e+00 3.4911000e-09 3.7019000e-09
     71    180 2.0000000e+00 1.6495000e-09 2.0615000e-09
     71    181 0.0000000e+00 2.9326000e-09 2.9752000e-09
     71    182 0.0000000e+00 8.5127000e-10 9.7688000e-10
     71    183 0.0000000e+00 2.5630000e-10 3.3053000e-10
     71    184 0.0000000e+00 3.0456000e-11 4.3326000e-11
     72    176 0.0000000e+00 5.3224000e-11 7.7642000e-11
     72    177 0.0000000e+00 4.2653000e-08 4.2653000e-08
     72    177 1.0000000e+00 1.8292000e-10 2.5920000e-10
     72    177 2.0000000e+00 5.5632000e-12 8.1263000e-12
     72    178 0.0000000e+00 2.0544000e-08 2.0482000e-08
     72    178 1.0000000e+00 1.1595000e-09 1.6293000e-09
     72    178 2.0000000e+00 1.2693000e-12 1.8541000e-12
     72    179 0.0000000e+00 1.1619000e-08 1.1607000e-08
     72    179 1.0000000e+00 1.6498000e-11 2.4043000e-11
     72    179 2.0000000e+00 2.4924000e-11 3.6308000e-11
     72    180 0.0000000e+00 6.5049000e-09 6.4529000e-09
     72    180 1.0000000e+00 1.1200000e-09 1.3355000e-09
     72    181 0.0000000e+00 3.6854000e-09 3.6781000e-09
     72    182 0.0000000e+00 1.5431000e-09 1.5241000e-09
     72    182 1.0000000e+00 7.7153000e-10 8.9853000e-10
     72    183 0.0000000e+00 1.0310000e-09 1.0330000e-09
     72    184 0.0000000e+00 1.5740000e-10 1.9189000e-10
     72    184 1.0000000e+00 3.1349000e-10 3.5116000e-10
     72    185 0.0000000e+00 1.2147000e-10 1.4728000e-10
     72    186 0.0000000e+00 2.9362000e-11 3.9548000e-11
     72    187 0.0000000e+00 2.7029000e-12 3.8912000e-12
     73    180 1.0000000e+00 4.0470000e-12 4.9152000e-12
     73    181 0.0000000e+00 3.6956000e-09 3.6882000e-09
     73    182 0.0000000e+00 4.8935000e-10 5.9000000e-10
     73    182 1.0000000e+00 4.7584000e-10 5.8112000e-10
     73    182 2.0000000e+00 4.6108000e-10 5.7160000e-10
     73    183 0.0000000e+00 1.1730000e-09 1.1695000e-09
     73    184 0.0000000e+00 6.5761000e-10 6.5696000e-10
     73    185 0.0000000e+00 3.5149000e-10 3.4822000e-10
     73    185 1.0000000e+00 8.5959000e-11 1.0826000e-10
     73    186 0.0000000e+00 1.5792000e-10 1.6116000e-10
     73    187 0.0000000e+00 6.1736000e-11 6.8175000e-11
     73    188 0.0000000e+00 1.1756000e-11 1.5562000e-11
     73    189 0.0000000e+00 2.2365000e-12 3.1545000e-12
     74    182 0.0000000e+00 4.8935000e-10 5.9000000e-10
     74    183 0.0000000e+00 1.1730000e-09 1.1695000e-09
     74    183 1.0000000e+00 3.9882000e-11 4.8367000e-11
     74    184 0.0000000e+00 6.6372000e-10 6.6305000e-10
     74    185 0.0000000e+00 3.7119000e-10 3.6748000e-10
     74    185 1.0000000e+00 1.4514000e-11 2.0614000e-11
     74    186 0.0000000e+00 2.1062000e-10 2.1019000e-10
     74    186 1.0000000e+00 1.5186000e-11 2.1095000e-11
     74    187 0.0000000e+00 1.1639000e-10 1.1629000e-10
     74    188 0.0000000e+00 6.0765000e-11 6.0899000e-11
     74    189 0.0000000e+00 2.4559000e-11 2.5806000e-11
     74    190 0.0000000e+00 8.6116000e-12 9.3954000e-12
     74    190 1.0000000e+00 4.9310000e-12 6.2819000e-12
     74    191 0.0000000e+00 1.3753000e-12 1.8812000e-12
     75    185 0.0000000e+00 3.7119000e-10 3.6748000e-10
     75    187 0.0000000e+00 1.1915000e-10 1.1903000e-10
     75    188 0.0000000e+00 6.6971000e-11 6.6904000e-11
     75    188 1.0000000e+00 4.5403000e-12 6.3794000e-12
     75    189 0.0000000e+00 3.7616000e-11 3.7579000e-11
     75    190 0.0000000e+00 1.5735000e-11 1.5866000e-11
     75    190 1.0000000e+00 7.6375000e-12 9.1173000e-12
     75    191 0.0000000e+00 9.6742000e-12 9.7992000e-12
     75    192 0.0000000e+00 2.8492000e-12 3.3158000e-12
     76    188 0.0000000e+00 6.6971000e-11 6.6904000e-11
     76    189 0.0000000e+00 3.7616000e-11 3.7578000e-11
     76    189 1.0000000e+00 3.8680000e-12 4.5699000e-12
     76    190 0.0000000e+00 2.1220000e-11 2.1199000e-11
     76    190 1.0000000e+00 4.9165000e-12 5.9233000e-12
     76    191 0.0000000e+00 1.2026000e-11 1.2002000e-11
     76    192 0.0000000e+00 6.2316000e-12 6.2337000e-12
     76    192 1.0000000e+00 2.0845000e-12 2.5490000e-12
     76    193 0.0000000e+00 2.5148000e-12 2.6527000e-12
     76    194 0.0000000e+00 1.4533000e-12 1.5297000e-12
     77    191 0.0000000e+00 1.2026000e-11 1.2002000e-11
     77    191 1.0000000e+00 5.6761000e-12 6.0683000e-12
     77    193 0.0000000e+00 2.5148000e-12 2.6518000e-12
     77    194 0.0000000e+00 1.4533000e-12 1.5297000e-12
     78    194 0.0000000e+00 1.4533000e-12 1.5297000e-12


