66    0.0000000e+00
67    0.0000000e+00
68    2.7901500e-14
69    0.0000000e+00
70    1.7200900e-08
71    2.6301400e-13
72    0.0000000e+00
73    0.0000000e+00
74    1.3200700e-09
75    0.0000000e+00
76    4.2802300e-07
77    0.0000000e+00
78    8.9404700e-14
79    0.0000000e+00
80    1.4100700e-07
81    1.0400600e-12
82    9.2104900e-06
83    1.8001000e-13
84    8.2404400e-10
85    3.0901600e-14
86    4.3102300e-06
87    0.0000000e+00
88    4.0802200e-13
89    0.0000000e+00
90    0.0000000e+00
91    0.0000000e+00
92    0.0000000e+00
93    0.0000000e+00
94    1.7400900e-07
95    0.0000000e+00
96    0.0000000e+00
97    2.5301300e-14
98    2.5201300e-08
99    0.0000000e+00
100    1.1480600e-05
101    0.0000000e+00
102    2.9601600e-10
103    0.0000000e+00
104    3.2401700e-06
105    0.0000000e+00
106    0.0000000e+00
107    0.0000000e+00
108    4.0102100e-07
109    1.6400900e-13
110    6.6543500e-05
111    2.0201100e-14
112    8.2704400e-09
113    0.0000000e+00
114    4.7302500e-06
115    0.0000000e+00
116    2.5168300e-04
117    1.0100500e-12
118    2.8301500e-11
119    5.3802800e-10
120    5.7303000e-09
121    0.0000000e+00
122    4.2202200e-09
123    0.0000000e+00
124    0.0000000e+00
125    0.0000000e+00
126    0.0000000e+00
127    0.0000000e+00
128    1.0200500e-14
129    0.0000000e+00
130    1.0540600e-05
131    1.2200600e-14
132    6.3603400e-10
133    0.0000000e+00
134    1.7380900e-05
135    0.0000000e+00
136    1.6183100e-03
137    1.1700600e-10
138    2.8301500e-06
139    3.8302000e-11
140    6.8103600e-14
141    0.0000000e+00
142    1.0900600e-06
143    0.0000000e+00
144    0.0000000e+00
145    4.9602600e-14
146    1.2400700e-08
147    0.0000000e+00
148    6.6203500e-06
149    0.0000000e+00
150    2.5180300e-04
151    0.0000000e+00
152    9.4605000e-08
153    8.5904500e-14
154    1.6730900e-05
155    0.0000000e+00
156    4.3102300e-13
157    2.3001200e-11
158    1.6100900e-07
159    3.5301900e-13
160    5.0962700e-05
161    2.2201200e-13
162    9.5805100e-12
163    2.5401300e-10
164    1.1900600e-06
165    2.3901300e-11
166    4.9202600e-14
167    1.6600900e-12
168    3.9402100e-11
169    1.2600700e-14
170    1.6200900e-06
171    0.0000000e+00
172    1.3400700e-13
