66    0.0000000e+00
67    0.0000000e+00
68    2.7901500e-14
69    0.0000000e+00
70    3.1501700e-11
71    2.6301400e-13
72    0.0000000e+00
73    0.0000000e+00
74    2.3101200e-12
75    0.0000000e+00
76    1.5400800e-09
77    0.0000000e+00
78    8.9404700e-14
79    0.0000000e+00
80    1.5900800e-10
81    1.0400600e-12
82    6.4103400e-08
83    1.8001000e-13
84    9.7805200e-12
85    3.0901600e-14
86    9.8405200e-09
87    0.0000000e+00
88    4.0802200e-13
89    0.0000000e+00
90    0.0000000e+00
91    0.0000000e+00
92    0.0000000e+00
93    0.0000000e+00
94    4.8902600e-11
95    0.0000000e+00
96    0.0000000e+00
97    2.5301300e-14
98    2.8501500e-12
99    0.0000000e+00
100    9.9605300e-09
101    0.0000000e+00
102    1.8901000e-13
103    0.0000000e+00
104    1.3600700e-09
105    0.0000000e+00
106    0.0000000e+00
107    0.0000000e+00
108    8.3804400e-11
109    1.6400900e-13
110    1.0300500e-07
111    2.0201100e-14
112    1.6200900e-12
113    0.0000000e+00
114    3.1301700e-09
115    0.0000000e+00
116    1.0900600e-06
117    1.0100500e-12
118    2.8301500e-11
119    5.3802800e-10
120    5.7303000e-09
121    0.0000000e+00
122    0.0000000e+00
123    0.0000000e+00
124    0.0000000e+00
125    0.0000000e+00
126    0.0000000e+00
127    0.0000000e+00
128    0.0000000e+00
129    0.0000000e+00
130    1.9401000e-08
131    1.2200600e-14
132    3.2501700e-12
133    0.0000000e+00
134    1.9201000e-08
135    0.0000000e+00
136    7.9854200e-06
137    1.1700600e-10
138    6.5703500e-09
139    3.8302000e-11
140    6.8103600e-14
141    0.0000000e+00
142    3.1501700e-10
143    0.0000000e+00
144    0.0000000e+00
145    4.9602600e-14
146    3.3501800e-12
147    0.0000000e+00
148    4.3902300e-09
149    0.0000000e+00
150    1.1200600e-06
151    0.0000000e+00
152    4.3802300e-11
153    8.5904500e-14
154    2.8601500e-08
155    0.0000000e+00
156    4.3102300e-13
157    2.3001200e-11
158    6.6403500e-10
159    3.5301900e-13
160    2.4301300e-07
161    2.2201200e-13
162    9.5805100e-12
163    2.5401300e-10
164    4.4402400e-09
165    2.3901300e-11
166    4.9202600e-14
167    1.6600900e-12
168    3.9402100e-11
169    1.2600700e-14
170    7.0503700e-09
171    0.0000000e+00
172    1.3400700e-13
