   66   1.1300E-08
   67   3.8999E-08
   68   1.4300E-07
   69   3.2999E-07
   70   6.5399E-07
   71   1.6600E-06
   72   4.1399E-06
   73   6.2099E-06
   74   1.1540E-05
   75   2.8349E-05
   76   6.7389E-05
   77   1.1765E-04
   78   3.5279E-04
   79   7.6871E-04
   80   1.9421E-03
   81   4.6982E-03
   82   1.0753E-02
   83   2.1675E-02
   84   4.0251E-02
   85   4.1673E-02
   86   6.5875E-02
   87   7.0734E-02
   88   7.2602E-02
   89   7.4677E-02
   90   7.9239E-02
   91   7.3638E-02
   92   6.9202E-02
   93   6.6971E-02
   94   5.5629E-02
   95   5.6526E-02
   96   4.7765E-02
   97   4.4254E-02
   98   3.6800E-02
   99   2.9440E-02
  100   1.3706E-02
  101   7.1353E-03
  102   3.6780E-03
  103   1.5546E-03
  104   9.0311E-04
  105   5.2020E-04
  106   4.8560E-04
  107   5.1074E-04
  108   6.1346E-04
  109   6.6214E-04
  110   7.0995E-04
  111   7.1617E-04
  112   7.8261E-04
  113   7.8064E-04
  114   7.3421E-04
  115   7.7001E-04
  116   7.3799E-04
  117   7.3820E-04
  118   6.3280E-04
  119   5.7209E-04
  120   5.4326E-04
  121   4.8820E-04
  122   3.6526E-04
  123   2.9353E-04
  124   2.6470E-04
  125   3.2953E-04
  126   4.8128E-04
  127   1.0133E-03
  128   1.8260E-03
  129   2.5207E-03
  130   9.4556E-03
  131   1.6209E-02
  132   2.9688E-02
  133   4.0446E-02
  134   5.3517E-02
  135   5.5285E-02
  136   5.6212E-02
  137   5.8393E-02
  138   6.4497E-02
  139   7.0965E-02
  140   7.8777E-02
  141   7.4637E-02
  142   6.5402E-02
  143   6.6470E-02
  144   7.9159E-02
  145   5.3385E-02
  146   4.5542E-02
  147   2.9786E-02
  148   2.0052E-02
  149   1.0836E-02
  150   5.6196E-03
  151   3.6365E-03
  152   7.5543E-04
  153   3.1008E-04
  154   6.8758E-05
  155   3.6169E-05
  156   2.6899E-05
  157   9.3198E-06
  158   4.6399E-06
  159   9.7698E-07
  160   6.9198E-07
  161   1.4500E-07
  162   7.9798E-08
  163   4.6399E-08
  164   2.0400E-08
  165   3.5299E-09
  166   1.3800E-09
  167   9.7698E-10
  168   5.2999E-10
  169   2.6899E-10
  170   1.0700E-10
  171   4.6399E-11
  172   2.3899E-11
