   66   1.1330E-08
   67   3.9013E-08
   68   1.4287E-07
   69   3.3032E-07
   70   6.5387E-07
   71   1.6610E-06
   72   4.1412E-06
   73   6.2048E-06
   74   1.1537E-05
   75   2.8355E-05
   76   6.7392E-05
   77   1.1766E-04
   78   3.5156E-04
   79   7.6486E-04
   80   1.8678E-03
   81   4.7093E-03
   82   1.0761E-02
   83   2.1567E-02
   84   3.1689E-02
   85   4.9769E-02
   86   6.3731E-02
   87   6.9510E-02
   88   6.9129E-02
   89   7.5262E-02
   90   8.4306E-02
   91   7.4626E-02
   92   6.8843E-02
   93   6.4155E-02
   94   5.7789E-02
   95   5.7526E-02
   96   4.8152E-02
   97   4.4664E-02
   98   3.6450E-02
   99   2.9832E-02
  100   1.3748E-02
  101   7.1353E-03
  102   3.6778E-03
  103   1.5533E-03
  104   8.9044E-04
  105   5.2542E-04
  106   4.8918E-04
  107   5.1074E-04
  108   6.1236E-04
  109   6.5953E-04
  110   7.1366E-04
  111   7.1618E-04
  112   7.8260E-04
  113   7.8065E-04
  114   7.3421E-04
  115   7.7003E-04
  116   7.3799E-04
  117   7.3819E-04
  118   6.3279E-04
  119   5.7210E-04
  120   5.4325E-04
  121   4.8806E-04
  122   3.6528E-04
  123   2.9365E-04
  124   2.6475E-04
  125   3.2953E-04
  126   4.7979E-04
  127   1.0148E-03
  128   1.8223E-03
  129   2.5214E-03
  130   9.4409E-03
  131   1.6208E-02
  132   2.9706E-02
  133   4.0206E-02
  134   5.2040E-02
  135   5.6046E-02
  136   5.5449E-02
  137   5.7296E-02
  138   6.4738E-02
  139   7.2578E-02
  140   7.9087E-02
  141   7.5100E-02
  142   6.4632E-02
  143   6.6342E-02
  144   7.8892E-02
  145   5.4487E-02
  146   4.5814E-02
  147   2.9786E-02
  148   1.9996E-02
  149   1.0885E-02
  150   5.6262E-03
  151   3.6365E-03
  152   7.5545E-04
  153   3.1008E-04
  154   6.8756E-05
  155   3.6170E-05
  156   2.6909E-05
  157   9.3226E-06
  158   4.6419E-06
  159   9.7715E-07
  160   6.9197E-07
  161   1.4488E-07
  162   7.9769E-08
  163   4.6512E-08
  164   2.0316E-08
  165   3.5366E-09
  166   1.3865E-09
  167   9.7656E-10
  168   5.3015E-10
  169   2.6891E-10
  170   1.0681E-10
  171   4.6404E-11
  172   2.3900E-11
