#            E  0.000000e+00  neutron energy
#    Z      A   Level         FPY           delta-FPY   
      1      1 0.0000000e+00 4.9949900e-05 1.6773350e-05
      1      2 0.0000000e+00 1.5265100e-05 5.2899680e-06
      1      3 0.0000000e+00 2.1778500e-04 1.7371710e-05
      2      3 0.0000000e+00 2.1778500e-04 1.7371710e-05
      2      4 0.0000000e+00 2.9187610e-03 2.3657070e-04
      2      6 0.0000000e+00 4.0740200e-05 8.4161080e-06
      2      8 0.0000000e+00 7.6160400e-07 7.4940840e-07
      3      6 0.0000000e+00 4.5498570e-05 8.7459360e-06
      3      7 0.0000000e+00 1.2465620e-06 5.0848500e-07
      3      8 0.0000000e+00 7.2870120e-07 6.3111830e-07
      3      9 0.0000000e+00 1.0506100e-07 5.2530500e-08
      4      7 0.0000000e+00 9.7708500e-07 4.8854250e-07
      4      8 0.0000000e+00 1.3705370e-06 6.9690790e-07
      4      9 0.0000000e+00 7.4739720e-07 3.4866850e-07
      4     10 0.0000000e+00 6.9539200e-07 3.4769600e-07
     23     66 0.0000000e+00 4.5460600e-17 2.2730300e-17
     24     66 0.0000000e+00 1.2459500e-13 6.2293800e-14
     24     67 0.0000000e+00 2.5529800e-14 1.2764900e-14
     24     68 0.0000000e+00 4.0156500e-15 2.0078300e-15
     24     69 0.0000000e+00 1.9385800e-16 9.6928900e-17
     24     70 0.0000000e+00 0.0000000e+00 0.0000000e+00
     25     66 0.0000000e+00 1.6538600e-11 1.6941200e-11
     25     67 0.0000000e+00 1.0366300e-11 1.0747300e-11
     25     68 0.0000000e+00 3.8600800e-12 3.9921300e-12
     25     69 0.0000000e+00 7.2050700e-13 3.6021100e-13
     25     70 0.0000000e+00 8.2938900e-14 4.1469400e-14
     25     71 0.0000000e+00 1.3667500e-14 6.8337700e-15
     25     72 0.0000000e+00 5.0046100e-16 2.5023100e-16
     25     73 0.0000000e+00 3.4195800e-17 1.7097900e-17
     26     66 0.0000000e+00 2.4669000e-10 1.8181900e-10
     26     67 0.0000000e+00 3.1884800e-10 3.0184100e-10
     26     68 0.0000000e+00 3.4173600e-10 3.4493200e-10
     26     69 0.0000000e+00 1.6995800e-10 1.7529500e-10
     26     70 0.0000000e+00 6.6990400e-11 6.9633400e-11
     26     71 0.0000000e+00 2.4477400e-11 2.5367700e-11
     26     72 0.0000000e+00 3.4905500e-12 1.7452200e-12
     26     73 0.0000000e+00 4.6761200e-13 2.3380400e-13
     26     74 0.0000000e+00 6.3113400e-14 3.1556700e-14
     26     75 0.0000000e+00 2.8305300e-15 1.4152600e-15
     26     76 0.0000000e+00 0.0000000e+00 0.0000000e+00
     27     66 0.0000000e+00 4.9098900e-10 1.5298600e-10
     27     67 0.0000000e+00 1.1860930e-09 4.5964000e-10
     27     68 0.0000000e+00 9.9091000e-10 9.0415800e-10
     27     68 1.0000000e+00 1.2671090e-09 8.9848700e-10
     27     69 0.0000000e+00 3.3103000e-09 2.7608390e-09
     27     70 0.0000000e+00 1.3452370e-09 1.3212690e-09
     27     70 1.0000000e+00 1.6457660e-09 1.6947690e-09
     27     71 0.0000000e+00 2.9536800e-09 3.0250480e-09
     27     72 0.0000000e+00 1.1466000e-09 1.1815480e-09
     27     73 0.0000000e+00 4.2580800e-10 4.4107500e-10
     27     74 0.0000000e+00 1.2326600e-10 1.2836400e-10
     27     75 0.0000000e+00 1.8701200e-11 9.3494400e-12
     27     76 0.0000000e+00 1.5809300e-12 7.9046500e-13
     27     77 0.0000000e+00 1.4943500e-13 7.4717400e-14
     27     78 0.0000000e+00 8.2997000e-15 4.1498500e-15
     28     66 0.0000000e+00 5.2535900e-10 1.5055400e-10
     28     67 0.0000000e+00 1.5126580e-09 4.2249200e-10
     28     68 0.0000000e+00 3.6916610e-09 1.0455280e-09
     28     69 0.0000000e+00 4.6061160e-09 3.1178970e-09
     28     69 1.0000000e+00 4.4825330e-09 2.7976670e-09
     28     70 0.0000000e+00 1.8545720e-08 6.8064730e-09
     28     71 0.0000000e+00 3.1470110e-08 2.1602660e-08
     28     72 0.0000000e+00 3.8935420e-08 3.5437870e-08
     28     73 0.0000000e+00 3.0254580e-08 3.0603780e-08
     28     74 0.0000000e+00 2.3164910e-08 2.3991730e-08
     28     75 0.0000000e+00 8.5695770e-09 8.8740770e-09
     28     76 0.0000000e+00 2.3764410e-09 2.4690940e-09
     28     77 0.0000000e+00 5.0128300e-10 5.2472600e-10
     28     78 0.0000000e+00 1.0191700e-10 5.0957500e-11
     28     79 0.0000000e+00 4.0487700e-12 2.0243800e-12
     28     80 0.0000000e+00 2.0337400e-13 1.0168700e-13
     28     81 0.0000000e+00 4.2911200e-15 2.1455600e-15
     28     82 0.0000000e+00 0.0000000e+00 0.0000000e+00
     29     66 0.0000000e+00 5.2562500e-10 1.5055400e-10
     29     67 0.0000000e+00 1.5183750e-09 4.2246700e-10
     29     68 0.0000000e+00 3.7587420e-09 1.0447060e-09
     29     68 1.0000000e+00 5.2140400e-11 5.3889000e-11
     29     69 0.0000000e+00 1.0018950e-08 2.7608300e-09
     29     70 0.0000000e+00 4.2377980e-09 2.1675180e-09
     29     70 1.0000000e+00 5.1788900e-09 5.0237830e-09
     29     70 2.0000000e+00 1.8378180e-08 6.7449830e-09
     29     71 0.0000000e+00 5.7520890e-08 1.7311930e-08
     29     72 0.0000000e+00 1.1771730e-07 4.3710200e-08
     29     73 0.0000000e+00 2.0352030e-07 1.0634620e-07
     29     74 0.0000000e+00 2.7550260e-07 2.2293600e-07
     29     75 0.0000000e+00 2.8844450e-07 2.7904390e-07
     29     76 0.0000000e+00 1.4302290e-07 1.4597320e-07
     29     76 1.0000000e+00 4.0705410e-08 4.2262550e-08
     29     77 0.0000000e+00 1.0759360e-07 1.1224040e-07
     29     78 0.0000000e+00 5.3490470e-08 2.0191390e-08
     29     79 0.0000000e+00 8.3428070e-09 3.9589110e-09
     29     80 0.0000000e+00 9.3647100e-10 4.5159000e-10
     29     81 0.0000000e+00 6.7498500e-11 3.3748800e-11
     29     82 0.0000000e+00 4.0461800e-12 2.0230900e-12
     29     83 0.0000000e+00 2.0774800e-13 1.0387400e-13
     29     84 0.0000000e+00 0.0000000e+00 0.0000000e+00
     30     66 0.0000000e+00 5.2562500e-10 1.5055400e-10
     30     67 0.0000000e+00 1.5183850e-09 4.2246700e-10
     30     68 0.0000000e+00 3.7664230e-09 1.0447860e-09
     30     69 0.0000000e+00 1.0031730e-08 2.7608190e-09
     30     69 1.0000000e+00 1.0378800e-11 1.0742700e-11
     30     70 0.0000000e+00 2.4304420e-08 5.2088130e-09
     30     71 0.0000000e+00 4.7329260e-08 1.3910230e-08
     30     71 1.0000000e+00 1.2492090e-08 3.5649750e-09
     30     72 0.0000000e+00 1.4047560e-07 4.0290470e-08
     30     73 0.0000000e+00 2.8446550e-07 9.3617420e-08
     30     73 1.0000000e+00 3.0023710e-08 2.9886820e-08
     30     74 0.0000000e+00 6.6666360e-07 2.0462940e-07
     30     75 0.0000000e+00 1.1911710e-06 4.9443670e-07
     30     76 0.0000000e+00 1.8490180e-06 1.1417750e-06
     30     77 0.0000000e+00 1.4996540e-06 1.1919280e-06
     30     77 1.0000000e+00 7.9062970e-07 7.3497230e-07
     30     78 0.0000000e+00 2.9087470e-06 1.0116470e-06
     30     79 0.0000000e+00 1.1527330e-06 5.4418510e-07
     30     80 0.0000000e+00 3.9880120e-07 1.9208360e-07
     30     81 0.0000000e+00 7.2766130e-08 3.4287060e-08
     30     82 0.0000000e+00 1.3837030e-08 6.4372020e-09
     30     83 0.0000000e+00 1.8377890e-09 7.1806800e-10
     30     84 0.0000000e+00 1.5610300e-10 7.8051700e-11
     30     85 0.0000000e+00 6.3091300e-12 3.1545600e-12
     30     86 0.0000000e+00 1.0505300e-13 5.2526700e-14
     31     67 0.0000000e+00 0.0000000e+00 0.0000000e+00
     31     68 0.0000000e+00 9.8290300e-17 4.9145100e-17
     31     69 0.0000000e+00 1.0031750e-08 2.7608190e-09
     31     70 0.0000000e+00 6.1090800e-13 3.0545400e-13
     31     71 0.0000000e+00 5.9837590e-08 1.7275460e-08
     31     72 0.0000000e+00 1.4090580e-07 4.0290150e-08
     31     72 1.0000000e+00 5.0929000e-09 1.4185420e-09
     31     73 0.0000000e+00 3.2167690e-07 9.0778910e-08
     31     74 0.0000000e+00 7.1408540e-07 2.0828770e-07
     31     74 1.0000000e+00 4.6066050e-07 1.3720310e-07
     31     75 0.0000000e+00 1.5092880e-06 4.3642520e-07
     31     76 0.0000000e+00 3.0662000e-06 9.1443120e-07
     31     77 0.0000000e+00 5.5308180e-06 1.4319820e-06
     31     78 0.0000000e+00 1.4077000e-05 2.0079250e-06
     31     79 0.0000000e+00 1.4825810e-05 5.2766910e-06
     31     80 0.0000000e+00 9.9332610e-06 4.3584540e-06
     31     81 0.0000000e+00 6.0251740e-06 2.7583210e-06
     31     82 0.0000000e+00 2.6276520e-06 1.2186620e-06
     31     83 0.0000000e+00 1.1274310e-06 4.4019400e-07
     31     84 0.0000000e+00 2.0461480e-07 8.3909700e-08
     31     85 0.0000000e+00 2.9799450e-08 1.1331240e-08
     31     86 0.0000000e+00 1.2749670e-09 6.3746900e-10
     31     87 0.0000000e+00 9.7814300e-11 4.8907200e-11
     31     88 0.0000000e+00 1.8432800e-12 9.2164000e-13
     31     89 0.0000000e+00 0.0000000e+00 0.0000000e+00
     32     69 0.0000000e+00 0.0000000e+00 0.0000000e+00
     32     70 0.0000000e+00 6.0840300e-13 3.0420200e-13
     32     71 0.0000000e+00 7.8324300e-15 3.2640800e-15
     32     71 1.0000000e+00 6.3599300e-15 3.1799700e-15
     32     72 0.0000000e+00 1.4090660e-07 4.0290150e-08
     32     73 0.0000000e+00 3.2171620e-07 9.0778970e-08
     32     73 1.0000000e+00 3.1688910e-07 8.9425700e-08
     32     74 0.0000000e+00 7.1477960e-07 2.0828690e-07
     32     75 0.0000000e+00 1.5201530e-06 4.3643660e-07
     32     75 1.0000000e+00 1.1771370e-07 3.3026820e-08
     32     76 0.0000000e+00 3.1902010e-06 9.0898500e-07
     32     77 0.0000000e+00 1.6140600e-06 5.2134490e-07
     32     77 1.0000000e+00 5.7049430e-06 1.4239050e-06
     32     78 0.0000000e+00 2.0335010e-05 1.8771100e-06
     32     79 0.0000000e+00 2.7472090e-05 5.8407820e-06
     32     79 1.0000000e+00 4.6875600e-06 1.2477050e-06
     32     80 0.0000000e+00 3.9964840e-05 8.4153980e-06
     32     81 0.0000000e+00 3.0831270e-05 8.8308360e-06
     32     81 1.0000000e+00 1.4875280e-05 4.4683510e-06
     32     82 0.0000000e+00 5.6895930e-05 1.6650720e-05
     32     83 0.0000000e+00 5.4545280e-05 1.9904820e-05
     32     84 0.0000000e+00 2.5885420e-05 1.0483160e-05
     32     85 0.0000000e+00 1.0041720e-05 3.8141600e-06
     32     86 0.0000000e+00 1.3968790e-06 5.2974270e-07
     32     87 0.0000000e+00 2.4695200e-07 1.2133950e-07
     32     88 0.0000000e+00 1.7311640e-08 6.4214230e-09
     32     89 0.0000000e+00 6.4732400e-10 3.2366200e-10
     32     90 0.0000000e+00 2.5468300e-11 1.2734200e-11
     32     91 0.0000000e+00 4.9435300e-13 2.4717700e-13
     33     72 0.0000000e+00 0.0000000e+00 0.0000000e+00
     33     73 0.0000000e+00 1.5756300e-14 7.8781300e-15
     33     74 0.0000000e+00 5.8390900e-13 2.9195500e-13
     33     75 0.0000000e+00 1.5202180e-06 4.3644640e-07
     33     76 0.0000000e+00 8.2727100e-10 8.6008300e-10
     33     77 0.0000000e+00 6.2481290e-06 1.3479610e-06
     33     78 0.0000000e+00 2.0603810e-05 1.8761090e-06
     33     79 0.0000000e+00 3.4296900e-05 6.1235360e-06
     33     80 0.0000000e+00 4.7619290e-05 8.6892340e-06
     33     81 0.0000000e+00 7.4592500e-05 1.0126690e-05
     33     82 0.0000000e+00 1.0677950e-04 1.9547210e-05
     33     82 1.0000000e+00 2.9215100e-05 1.0981530e-05
     33     83 0.0000000e+00 3.0104820e-04 2.8438920e-05
     33     84 0.0000000e+00 2.4378470e-04 6.7668270e-05
     33     85 0.0000000e+00 2.8025690e-04 8.8174280e-05
     33     86 0.0000000e+00 9.0583330e-05 3.3102530e-05
     33     87 0.0000000e+00 4.5882210e-05 2.2380580e-05
     33     88 0.0000000e+00 8.7468570e-06 3.2376640e-06
     33     89 0.0000000e+00 1.0952170e-06 4.1263740e-07
     33     90 0.0000000e+00 1.0951390e-07 6.0486530e-08
     33     91 0.0000000e+00 6.8513110e-09 3.4255640e-09
     33     92 0.0000000e+00 2.3847400e-10 1.1923700e-10
     33     93 0.0000000e+00 6.2366700e-12 3.1183300e-12
     33     94 0.0000000e+00 0.0000000e+00 0.0000000e+00
     33     95 0.0000000e+00 0.0000000e+00 0.0000000e+00
     34     74 0.0000000e+00 1.9852900e-13 9.9949100e-14
     34     75 0.0000000e+00 0.0000000e+00 0.0000000e+00
     34     76 0.0000000e+00 8.2780800e-10 8.6008300e-10
     34     77 0.0000000e+00 6.2481480e-06 1.3480150e-06
     34     77 1.0000000e+00 2.0720130e-08 4.5793120e-09
     34     78 0.0000000e+00 2.0605050e-05 1.8761090e-06
     34     79 0.0000000e+00 3.4306440e-05 6.1202040e-06
     34     79 1.0000000e+00 3.3488580e-05 5.9780690e-06
     34     80 0.0000000e+00 4.7873510e-05 8.6895410e-06
     34     81 0.0000000e+00 7.6801940e-05 1.0154540e-05
     34     81 1.0000000e+00 3.9374960e-06 7.9099670e-07
     34     82 0.0000000e+00 1.5258170e-04 1.9078790e-05
     34     83 0.0000000e+00 2.0529490e-04 1.4460650e-05
     34     83 1.0000000e+00 2.0549830e-04 1.6534490e-05
     34     84 0.0000000e+00 6.7455990e-04 7.8331080e-05
     34     85 0.0000000e+00 8.5832910e-04 6.4534830e-05
     34     86 0.0000000e+00 7.3791530e-04 1.1821990e-04
     34     87 0.0000000e+00 7.4863380e-04 2.7371200e-04
     34     88 0.0000000e+00 4.5856780e-04 1.5194500e-04
     34     89 0.0000000e+00 1.3749550e-04 5.0758470e-05
     34     90 0.0000000e+00 4.3326270e-05 2.3892410e-05
     34     91 0.0000000e+00 6.4964840e-06 2.3553130e-06
     34     92 0.0000000e+00 7.2638360e-07 2.5623180e-07
     34     93 0.0000000e+00 4.9503390e-08 1.7877860e-08
     34     94 0.0000000e+00 3.1335910e-09 1.5667950e-09
     34     95 0.0000000e+00 6.9554100e-11 3.4777000e-11
     34     96 0.0000000e+00 1.5678700e-12 7.8393600e-13
     35     77 0.0000000e+00 0.0000000e+00 0.0000000e+00
     35     77 1.0000000e+00 0.0000000e+00 0.0000000e+00
     35     78 0.0000000e+00 3.1652100e-13 1.5826000e-13
     35     79 0.0000000e+00 3.4325220e-05 6.1235670e-06
     35     79 1.0000000e+00 1.9770000e-11 9.3856400e-12
     35     80 0.0000000e+00 5.1023700e-10 1.9471700e-10
     35     80 1.0000000e+00 3.8318800e-10 1.8482300e-10
     35     81 0.0000000e+00 7.6818470e-05 1.0154750e-05
     35     82 0.0000000e+00 2.4628650e-07 8.3527600e-08
     35     82 1.0000000e+00 1.5791070e-07 7.3449670e-08
     35     83 0.0000000e+00 4.1574670e-04 2.3642870e-05
     35     84 0.0000000e+00 6.8347580e-04 7.8324750e-05
     35     84 1.0000000e+00 1.3377170e-05 5.0001020e-06
     35     85 0.0000000e+00 1.0690420e-03 5.6343360e-05
     35     86 0.0000000e+00 1.1613310e-03 1.3707870e-04
     35     87 0.0000000e+00 1.8734430e-03 2.9660710e-04
     35     88 0.0000000e+00 2.1471060e-03 2.6992450e-04
     35     89 0.0000000e+00 1.6339470e-03 2.7644980e-04
     35     90 0.0000000e+00 1.1160800e-03 5.1855940e-04
     35     91 0.0000000e+00 4.7700540e-04 1.6545720e-04
     35     92 0.0000000e+00 1.2628070e-04 4.4120300e-05
     35     93 0.0000000e+00 2.7725430e-05 9.9940900e-06
     35     94 0.0000000e+00 4.1402780e-06 1.5596950e-06
     35     95 0.0000000e+00 3.2002780e-07 1.1532160e-07
     35     96 0.0000000e+00 1.8767140e-08 9.3833250e-09
     35     97 0.0000000e+00 1.0635360e-09 5.3176800e-10
     35     98 0.0000000e+00 2.3037000e-11 1.1518500e-11
     35     99 0.0000000e+00 2.5023800e-13 1.2511900e-13
     35    100 0.0000000e+00 0.0000000e+00 0.0000000e+00
     36     79 0.0000000e+00 0.0000000e+00 0.0000000e+00
     36     79 1.0000000e+00 0.0000000e+00 0.0000000e+00
     36     80 0.0000000e+00 4.6798100e-10 1.7855700e-10
     36     81 0.0000000e+00 6.9220400e-12 3.0358100e-12
     36     81 1.0000000e+00 9.2063400e-13 4.6031700e-13
     36     82 0.0000000e+00 2.5045220e-07 8.5049460e-08
     36     83 0.0000000e+00 4.1576530e-04 2.3642890e-05
     36     83 1.0000000e+00 4.1502260e-04 2.3601500e-05
     36     84 0.0000000e+00 6.9707580e-04 7.8310260e-05
     36     85 0.0000000e+00 2.3215390e-04 1.2315240e-05
     36     85 1.0000000e+00 1.0688380e-03 5.6250320e-05
     36     86 0.0000000e+00 1.2438060e-03 1.3716470e-04
     36     87 0.0000000e+00 2.1630150e-03 2.8455470e-04
     36     88 0.0000000e+00 3.1095010e-03 2.2111460e-04
     36     89 0.0000000e+00 3.4322290e-03 1.2376470e-04
     36     90 0.0000000e+00 4.3599430e-03 7.2423480e-04
     36     91 0.0000000e+00 3.4973500e-03 4.1114820e-04
     36     92 0.0000000e+00 2.4626390e-03 4.7374540e-04
     36     93 0.0000000e+00 1.2248710e-03 3.9293540e-04
     36     94 0.0000000e+00 5.2665110e-04 1.9244010e-04
     36     95 0.0000000e+00 1.0513930e-04 3.7758380e-05
     36     96 0.0000000e+00 1.9630050e-05 1.0270580e-05
     36     97 0.0000000e+00 2.4700540e-06 8.7893420e-07
     36     98 0.0000000e+00 1.8851130e-07 8.5026770e-08
     36     99 0.0000000e+00 5.9359450e-09 2.9679560e-09
     36    100 0.0000000e+00 1.9701300e-10 9.8506400e-11
     36    101 0.0000000e+00 6.5075700e-12 3.2537800e-12
     36    102 0.0000000e+00 0.0000000e+00 0.0000000e+00
     37     81 0.0000000e+00 0.0000000e+00 0.0000000e+00
     37     81 1.0000000e+00 0.0000000e+00 0.0000000e+00
     37     82 0.0000000e+00 0.0000000e+00 0.0000000e+00
     37     82 1.0000000e+00 0.0000000e+00 0.0000000e+00
     37     83 0.0000000e+00 4.9928900e-12 2.4964500e-12
     37     84 0.0000000e+00 1.2715600e-10 4.5568600e-11
     37     84 1.0000000e+00 1.0972100e-10 4.5003900e-11
     37     85 0.0000000e+00 1.0744090e-03 5.6538110e-05
     37     86 0.0000000e+00 1.7391660e-07 4.7105650e-08
     37     86 1.0000000e+00 7.4728480e-08 2.8345290e-08
     37     87 0.0000000e+00 2.1660340e-03 2.8455320e-04
     37     88 0.0000000e+00 3.1452260e-03 2.2090500e-04
     37     89 0.0000000e+00 3.6423860e-03 9.9904850e-05
     37     90 0.0000000e+00 4.1534980e-03 6.2669620e-04
     37     90 1.0000000e+00 1.1349340e-03 2.8172650e-04
     37     91 0.0000000e+00 5.7330730e-03 1.7383150e-04
     37     92 0.0000000e+00 6.0316540e-03 2.7627370e-04
     37     93 0.0000000e+00 6.3353770e-03 5.8113630e-04
     37     94 0.0000000e+00 5.0636320e-03 8.9803830e-04
     37     95 0.0000000e+00 2.8937660e-03 7.4509470e-04
     37     96 0.0000000e+00 1.2491860e-03 6.3061060e-04
     37     97 0.0000000e+00 4.2161100e-04 1.4849700e-04
     37     98 0.0000000e+00 5.5867760e-05 2.5125060e-05
     37     98 1.0000000e+00 2.9332550e-05 1.3233290e-05
     37     99 0.0000000e+00 9.5350600e-06 3.4504790e-06
     37    100 0.0000000e+00 8.2067190e-07 3.2131940e-07
     37    101 0.0000000e+00 7.6811580e-08 3.8402770e-08
     37    102 0.0000000e+00 1.5454940e-09 7.7274700e-10
     37    103 0.0000000e+00 3.3703800e-11 1.6851900e-11
     37    104 0.0000000e+00 0.0000000e+00 0.0000000e+00
     37    105 0.0000000e+00 0.0000000e+00 0.0000000e+00
     38     83 0.0000000e+00 0.0000000e+00 0.0000000e+00
     38     83 1.0000000e+00 0.0000000e+00 0.0000000e+00
     38     84 0.0000000e+00 4.9590900e-12 1.7771800e-12
     38     85 0.0000000e+00 1.4889200e-12 6.3246700e-13
     38     85 1.0000000e+00 2.8715100e-13 1.4357500e-13
     38     86 0.0000000e+00 1.7398860e-07 4.7103220e-08
     38     87 0.0000000e+00 2.1660370e-03 2.8455320e-04
     38     87 1.0000000e+00 6.1064900e-10 2.9992000e-10
     38     88 0.0000000e+00 3.1453800e-03 2.2090500e-04
     38     89 0.0000000e+00 3.6446430e-03 9.9901510e-05
     38     90 0.0000000e+00 5.2881980e-03 6.9417570e-04
     38     91 0.0000000e+00 5.8958970e-03 1.6542000e-04
     38     92 0.0000000e+00 6.8653500e-03 1.8789160e-04
     38     93 0.0000000e+00 9.1032620e-03 3.5393520e-04
     38     94 0.0000000e+00 1.0299920e-02 6.1356140e-04
     38     95 0.0000000e+00 1.0207430e-02 6.0316210e-04
     38     96 0.0000000e+00 1.0079390e-02 1.9305600e-03
     38     97 0.0000000e+00 6.3340160e-03 1.0291040e-03
     38     98 0.0000000e+00 3.8941290e-03 1.5856980e-03
     38     99 0.0000000e+00 1.1375350e-03 4.0578230e-04
     38    100 0.0000000e+00 3.0910070e-04 1.2103010e-04
     38    101 0.0000000e+00 6.2899590e-05 2.2181010e-05
     38    102 0.0000000e+00 4.7057640e-06 1.5337190e-06
     38    103 0.0000000e+00 2.8585250e-07 1.0176050e-07
     38    104 0.0000000e+00 8.5440190e-09 4.2720090e-09
     38    105 0.0000000e+00 8.4219800e-12 4.2109900e-12
     38    106 0.0000000e+00 4.4045900e-12 2.2022900e-12
     38    107 0.0000000e+00 0.0000000e+00 0.0000000e+00
     39     86 0.0000000e+00 0.0000000e+00 0.0000000e+00
     39     86 1.0000000e+00 0.0000000e+00 0.0000000e+00
     39     87 0.0000000e+00 2.3977600e-13 1.1988800e-13
     39     87 1.0000000e+00 0.0000000e+00 0.0000000e+00
     39     88 0.0000000e+00 3.2143100e-11 1.6071600e-11
     39     88 1.0000000e+00 0.0000000e+00 0.0000000e+00
     39     88 2.0000000e+00 0.0000000e+00 0.0000000e+00
     39     89 0.0000000e+00 3.6446450e-03 9.9901510e-05
     39     89 1.0000000e+00 3.5279340e-07 9.6504770e-09
     39     90 0.0000000e+00 5.2882560e-03 6.9417570e-04
     39     90 1.0000000e+00 3.4023740e-08 1.8793770e-08
     39     91 0.0000000e+00 5.8968840e-03 1.6590750e-04
     39     91 1.0000000e+00 3.4683800e-03 9.7496320e-05
     39     92 0.0000000e+00 6.8759850e-03 1.8785700e-04
     39     93 0.0000000e+00 9.2072630e-03 4.5089540e-04
     39     93 1.0000000e+00 3.0800350e-03 1.8898210e-04
     39     94 0.0000000e+00 1.0827150e-02 5.9334550e-04
     39     95 0.0000000e+00 1.2360620e-02 2.4543850e-04
     39     96 0.0000000e+00 1.3524400e-02 1.6742340e-03
     39     96 1.0000000e+00 2.0017470e-03 8.0485410e-04
     39     97 0.0000000e+00 7.6800850e-03 8.6254550e-04
     39     97 1.0000000e+00 7.5921920e-03 8.0319120e-04
     39     97 2.0000000e+00 0.0000000e+00 0.0000000e+00
     39     98 0.0000000e+00 9.0505050e-03 2.0336020e-03
     39     98 1.0000000e+00 7.5521190e-03 2.0955430e-03
     39     99 0.0000000e+00 1.2690640e-02 1.6689560e-03
     39    100 0.0000000e+00 6.8667240e-03 2.2398730e-03
     39    100 1.0000000e+00 6.6896240e-04 2.4903440e-04
     39    101 0.0000000e+00 3.9202700e-03 1.2757720e-03
     39    102 0.0000000e+00 5.6444200e-04 1.8394720e-04
     39    102 1.0000000e+00 2.4564250e-04 7.8563170e-05
     39    103 0.0000000e+00 1.6842640e-04 5.9813900e-05
     39    104 0.0000000e+00 1.4189220e-05 5.1741200e-06
     39    105 0.0000000e+00 1.0577690e-07 3.8038340e-08
     39    106 0.0000000e+00 5.8812970e-08 2.9404280e-08
     39    107 0.0000000e+00 1.3607450e-09 6.8037200e-10
     39    108 0.0000000e+00 1.4565300e-11 7.2826700e-12
     39    109 0.0000000e+00 0.0000000e+00 0.0000000e+00
     40     88 0.0000000e+00 0.0000000e+00 0.0000000e+00
     40     89 0.0000000e+00 8.6521000e-14 4.3260500e-14
     40     89 1.0000000e+00 0.0000000e+00 0.0000000e+00
     40     90 0.0000000e+00 5.2882560e-03 6.9417570e-04
     40     90 1.0000000e+00 8.9936400e-12 4.2047900e-12
     40     91 0.0000000e+00 5.8968840e-03 1.6590750e-04
     40     92 0.0000000e+00 6.8760000e-03 1.8785700e-04
     40     93 0.0000000e+00 9.2076360e-03 4.5089540e-04
     40     94 0.0000000e+00 1.0832750e-02 5.9334290e-04
     40     95 0.0000000e+00 1.2418500e-02 2.4462800e-04
     40     96 0.0000000e+00 1.5975890e-02 1.5349530e-03
     40     97 0.0000000e+00 1.6912970e-02 3.3526530e-04
     40     98 0.0000000e+00 2.2485240e-02 2.0629760e-03
     40     99 0.0000000e+00 2.4879150e-02 6.5708440e-04
     40    100 0.0000000e+00 2.8738200e-02 2.5562270e-03
     40    101 0.0000000e+00 2.5451180e-02 2.4420580e-03
     40    102 0.0000000e+00 1.5279590e-02 2.9826930e-03
     40    103 0.0000000e+00 7.7339670e-03 2.3369090e-03
     40    104 0.0000000e+00 2.1663040e-03 7.6926840e-04
     40    105 0.0000000e+00 9.0942750e-05 3.2593010e-05
     40    106 0.0000000e+00 6.8066930e-05 2.4400290e-05
     40    107 0.0000000e+00 4.5293910e-06 1.5997750e-06
     40    108 0.0000000e+00 1.7740210e-07 6.8702230e-08
     40    109 0.0000000e+00 1.7267710e-09 8.6338500e-10
     40    110 0.0000000e+00 5.3939300e-11 2.6969600e-11
     40    111 0.0000000e+00 0.0000000e+00 0.0000000e+00
     40    112 0.0000000e+00 0.0000000e+00 0.0000000e+00
     41     90 0.0000000e+00 0.0000000e+00 0.0000000e+00
     41     90 1.0000000e+00 0.0000000e+00 0.0000000e+00
     41     91 0.0000000e+00 1.2894100e-14 6.4470600e-15
     41     91 1.0000000e+00 0.0000000e+00 0.0000000e+00
     41     92 0.0000000e+00 1.1404500e-12 5.7022600e-13
     41     92 1.0000000e+00 0.0000000e+00 0.0000000e+00
     41     93 0.0000000e+00 9.2076360e-03 4.6421300e-04
     41     93 1.0000000e+00 6.7215740e-03 3.3293360e-04
     41     94 0.0000000e+00 3.4735730e-09 9.3978000e-10
     41     94 1.0000000e+00 1.4375530e-09 5.4167800e-10
     41     95 0.0000000e+00 1.2411100e-02 2.4449520e-04
     41     95 1.0000000e+00 1.3417010e-04 3.2030140e-06
     41     96 0.0000000e+00 2.3223950e-06 1.2155280e-06
     41     97 0.0000000e+00 1.6933270e-02 3.3521500e-04
     41     97 1.0000000e+00 1.6077650e-02 3.1865680e-04
     41     98 0.0000000e+00 2.2622120e-02 2.0625550e-03
     41     98 1.0000000e+00 7.6345660e-05 3.4105690e-05
     41     99 0.0000000e+00 1.7380090e-02 3.7504200e-04
     41     99 1.0000000e+00 9.2622510e-03 2.5581500e-04
     41    100 0.0000000e+00 3.2199050e-02 2.3877520e-03
     41    100 1.0000000e+00 1.8747830e-03 6.5199030e-04
     41    101 0.0000000e+00 3.8501170e-02 1.0959700e-03
     41    102 0.0000000e+00 1.9018110e-02 3.0045620e-03
     41    102 1.0000000e+00 1.7189730e-02 2.9860930e-03
     41    103 0.0000000e+00 3.9350100e-02 2.8679000e-03
     41    104 0.0000000e+00 1.4670340e-02 2.9207330e-03
     41    104 1.0000000e+00 9.3040890e-03 2.3400630e-03
     41    105 0.0000000e+00 5.9511230e-03 1.7555620e-03
     41    106 0.0000000e+00 4.6617200e-03 1.5571770e-03
     41    107 0.0000000e+00 1.0640740e-03 3.6912180e-04
     41    108 0.0000000e+00 1.1863630e-04 4.5824640e-05
     41    109 0.0000000e+00 5.2516580e-06 1.8604020e-06
     41    110 0.0000000e+00 3.8102280e-07 1.8810470e-07
     41    111 0.0000000e+00 9.7093110e-09 4.8546550e-09
     41    112 0.0000000e+00 1.5539200e-10 7.7695800e-11
     41    113 0.0000000e+00 0.0000000e+00 0.0000000e+00
     41    114 0.0000000e+00 0.0000000e+00 0.0000000e+00
     41    115 0.0000000e+00 0.0000000e+00 0.0000000e+00
     42     92 0.0000000e+00 0.0000000e+00 0.0000000e+00
     42     93 0.0000000e+00 0.0000000e+00 0.0000000e+00
     42     93 1.0000000e+00 0.0000000e+00 0.0000000e+00
     42     94 0.0000000e+00 3.4809500e-09 9.4133700e-10
     42     95 0.0000000e+00 1.2418620e-02 2.4464490e-04
     42     96 0.0000000e+00 2.3235360e-06 1.2155280e-06
     42     97 0.0000000e+00 1.6933290e-02 3.3521500e-04
     42     98 0.0000000e+00 2.2699260e-02 2.0624240e-03
     42     99 0.0000000e+00 2.6310790e-02 5.3678770e-04
     42    100 0.0000000e+00 3.4236850e-02 2.3308550e-03
     42    101 0.0000000e+00 3.9305820e-02 1.0668740e-03
     42    102 0.0000000e+00 4.0343650e-02 1.5268350e-03
     42    103 0.0000000e+00 5.3796580e-02 1.0904800e-03
     42    104 0.0000000e+00 5.3114920e-02 2.2630600e-03
     42    105 0.0000000e+00 3.9920560e-02 3.9861420e-03
     42    106 0.0000000e+00 3.9162380e-02 4.0256170e-03
     42    107 0.0000000e+00 2.0939020e-02 4.1119220e-03
     42    108 0.0000000e+00 7.4191470e-03 2.4775480e-03
     42    109 0.0000000e+00 1.1185740e-03 3.7949300e-04
     42    110 0.0000000e+00 2.3321140e-04 1.1404470e-04
     42    111 0.0000000e+00 1.7213470e-05 5.9598690e-06
     42    112 0.0000000e+00 9.3093000e-07 3.2015860e-07
     42    113 0.0000000e+00 6.1598220e-09 2.1155550e-09
     42    114 0.0000000e+00 6.4728300e-12 3.2364100e-12
     42    115 0.0000000e+00 4.2108000e-13 2.1054000e-13
     42    116 0.0000000e+00 0.0000000e+00 0.0000000e+00
     42    117 0.0000000e+00 0.0000000e+00 0.0000000e+00
     43     95 0.0000000e+00 0.0000000e+00 0.0000000e+00
     43     95 1.0000000e+00 0.0000000e+00 0.0000000e+00
     43     96 0.0000000e+00 0.0000000e+00 0.0000000e+00
     43     96 1.0000000e+00 0.0000000e+00 0.0000000e+00
     43     97 0.0000000e+00 1.6463600e-12 6.8986500e-13
     43     97 1.0000000e+00 3.1182600e-13 1.5591300e-13
     43     98 0.0000000e+00 1.6383000e-10 8.1915000e-11
     43     99 0.0000000e+00 2.6309950e-02 5.3680330e-04
     43     99 1.0000000e+00 2.3176420e-02 4.7284480e-04
     43    100 0.0000000e+00 3.0951880e-07 1.2121910e-07
     43    101 0.0000000e+00 3.9309980e-02 1.0668730e-03
     43    102 0.0000000e+00 4.0390340e-02 1.5267710e-03
     43    102 1.0000000e+00 1.2617900e-05 4.1037620e-06
     43    103 0.0000000e+00 5.4455250e-02 1.0672920e-03
     43    104 0.0000000e+00 5.6396790e-02 2.0510750e-03
     43    105 0.0000000e+00 6.1069470e-02 1.3056000e-03
     43    106 0.0000000e+00 6.1198990e-02 1.3767690e-03
     43    107 0.0000000e+00 5.8386430e-02 2.7015060e-03
     43    108 0.0000000e+00 4.0176650e-02 4.9129560e-03
     43    109 0.0000000e+00 2.0194680e-02 3.5889880e-03
     43    110 0.0000000e+00 8.7212390e-03 3.5397490e-03
     43    111 0.0000000e+00 2.1416810e-03 6.7822830e-04
     43    112 0.0000000e+00 3.0497070e-04 1.0291710e-04
     43    113 0.0000000e+00 1.2242470e-05 4.1853170e-06
     43    114 0.0000000e+00 7.9286760e-08 3.2963760e-08
     43    115 0.0000000e+00 1.4683110e-08 5.0374930e-09
     43    116 0.0000000e+00 2.2845100e-12 8.0602200e-13
     43    117 0.0000000e+00 1.9160700e-14 9.5803600e-15
     43    118 0.0000000e+00 2.5201700e-16 1.2600800e-16
     43    119 0.0000000e+00 4.9478700e-20 2.4739400e-20
     43    120 0.0000000e+00 0.0000000e+00 0.0000000e+00
     44     98 0.0000000e+00 1.6383000e-10 8.1915000e-11
     44     99 0.0000000e+00 2.6310800e-02 5.3682490e-04
     44    100 0.0000000e+00 3.0956560e-07 1.2121690e-07
     44    101 0.0000000e+00 3.9309980e-02 1.0668730e-03
     44    102 0.0000000e+00 4.0402800e-02 1.5267670e-03
     44    103 0.0000000e+00 5.4457710e-02 1.0672920e-03
     44    103 1.0000000e+00 1.3016520e-06 4.6333120e-07
     44    104 0.0000000e+00 5.6438380e-02 2.0510340e-03
     44    105 0.0000000e+00 6.2432590e-02 1.2169280e-03
     44    106 0.0000000e+00 6.3035450e-02 1.2358810e-03
     44    107 0.0000000e+00 6.5986300e-02 1.7763960e-03
     44    108 0.0000000e+00 6.0142230e-02 1.6822340e-03
     44    109 0.0000000e+00 5.3132880e-02 2.4593730e-03
     44    110 0.0000000e+00 4.5058020e-02 5.7667950e-03
     44    111 0.0000000e+00 2.4519520e-02 3.4224340e-03
     44    112 0.0000000e+00 9.9201510e-03 2.0672330e-03
     44    113 0.0000000e+00 9.7372300e-04 2.3892360e-04
     44    113 1.0000000e+00 1.4373050e-03 4.5259190e-04
     44    114 0.0000000e+00 7.3266420e-05 3.0049790e-05
     44    115 0.0000000e+00 2.5575600e-05 8.7338390e-06
     44    116 0.0000000e+00 1.6705760e-07 5.8918550e-08
     44    117 0.0000000e+00 5.5520530e-09 1.9959080e-09
     44    118 0.0000000e+00 2.3007700e-10 8.8214700e-11
     44    119 0.0000000e+00 4.6074300e-13 2.3037100e-13
     44    120 0.0000000e+00 0.0000000e+00 0.0000000e+00
     44    121 0.0000000e+00 0.0000000e+00 0.0000000e+00
     44    122 0.0000000e+00 0.0000000e+00 0.0000000e+00
     44    123 0.0000000e+00 0.0000000e+00 0.0000000e+00
     44    124 0.0000000e+00 2.2294200e-11 1.1147100e-11
     45    100 0.0000000e+00 0.0000000e+00 0.0000000e+00
     45    100 1.0000000e+00 0.0000000e+00 0.0000000e+00
     45    101 0.0000000e+00 2.8001700e-15 1.4035100e-15
     45    101 1.0000000e+00 3.9202300e-14 1.9601200e-14
     45    102 0.0000000e+00 1.8651600e-12 9.2753900e-13
     45    102 1.0000000e+00 4.3491300e-12 2.1745700e-12
     45    103 0.0000000e+00 5.4457710e-02 1.0672950e-03
     45    103 1.0000000e+00 5.3815130e-02 1.0546990e-03
     45    104 0.0000000e+00 3.1199760e-08 9.0060230e-09
     45    104 1.0000000e+00 2.3453920e-08 8.5584500e-09
     45    105 0.0000000e+00 6.2439920e-02 1.2248360e-03
     45    105 1.0000000e+00 1.7727570e-02 3.5292820e-04
     45    106 0.0000000e+00 6.3037210e-02 1.2358810e-03
     45    106 1.0000000e+00 8.5726570e-06 3.0767210e-06
     45    107 0.0000000e+00 6.6130920e-02 1.7757330e-03
     45    108 0.0000000e+00 6.0720470e-02 1.6679230e-03
     45    108 1.0000000e+00 3.9275860e-04 1.5265610e-04
     45    109 0.0000000e+00 5.9258280e-02 1.5995170e-03
     45    110 0.0000000e+00 4.5843370e-03 2.0744510e-03
     45    110 1.0000000e+00 5.3913150e-02 4.8545130e-03
     45    111 0.0000000e+00 4.9006630e-02 1.2045420e-03
     45    112 0.0000000e+00 2.6741700e-02 2.2315050e-03
     45    112 1.0000000e+00 6.6299820e-03 1.3175800e-03
     45    113 0.0000000e+00 2.1242100e-02 2.7589100e-03
     45    114 0.0000000e+00 1.2393880e-03 4.4159520e-04
     45    114 1.0000000e+00 2.5492990e-03 9.5525000e-04
     45    115 0.0000000e+00 2.4693850e-03 7.3279110e-04
     45    116 0.0000000e+00 7.9595440e-05 2.7873260e-05
     45    116 1.0000000e+00 1.2052220e-04 4.2290790e-05
     45    117 0.0000000e+00 2.7658740e-05 9.8415710e-06
     45    118 0.0000000e+00 2.9301950e-06 1.1215250e-06
     45    119 0.0000000e+00 5.2546810e-08 2.1476470e-08
     45    120 0.0000000e+00 2.0662500e-11 9.0590400e-12
     45    121 0.0000000e+00 0.0000000e+00 0.0000000e+00
     45    122 0.0000000e+00 0.0000000e+00 0.0000000e+00
     45    123 0.0000000e+00 6.2510100e-15 3.1255000e-15
     45    124 0.0000000e+00 1.0731520e-08 5.3546270e-09
     45    125 0.0000000e+00 1.3386700e-10 6.6933500e-11
     45    126 0.0000000e+00 0.0000000e+00 0.0000000e+00
     45    127 0.0000000e+00 0.0000000e+00 0.0000000e+00
     45    128 0.0000000e+00 0.0000000e+00 0.0000000e+00
     46    102 0.0000000e+00 4.1033500e-13 2.2415000e-13
     46    103 0.0000000e+00 0.0000000e+00 0.0000000e+00
     46    104 0.0000000e+00 3.1091900e-08 8.9760570e-09
     46    105 0.0000000e+00 6.2439920e-02 1.2248360e-03
     46    106 0.0000000e+00 6.3045780e-02 1.2358770e-03
     46    107 0.0000000e+00 6.6131130e-02 1.7757330e-03
     46    107 1.0000000e+00 1.3878580e-07 4.9032480e-08
     46    108 0.0000000e+00 6.1118250e-02 1.6612720e-03
     46    109 0.0000000e+00 5.9364000e-02 1.5992860e-03
     46    109 1.0000000e+00 7.4168630e-05 2.6180670e-05
     46    110 0.0000000e+00 5.9113890e-02 4.5034260e-03
     46    111 0.0000000e+00 5.1364060e-02 1.0284160e-03
     46    111 1.0000000e+00 1.7970250e-03 5.6769230e-04
     46    112 0.0000000e+00 4.1163700e-02 1.1183360e-03
     46    113 0.0000000e+00 4.4790290e-02 1.9026710e-03
     46    113 1.0000000e+00 1.6326670e-02 2.7421100e-03
     46    114 0.0000000e+00 2.3928150e-02 3.2898130e-03
     46    115 0.0000000e+00 3.4629080e-03 4.6309350e-04
     46    115 1.0000000e+00 1.6666490e-02 1.6795430e-03
     46    116 0.0000000e+00 8.3692390e-03 1.8805530e-03
     46    117 0.0000000e+00 2.9097940e-03 6.5806040e-04
     46    117 1.0000000e+00 2.2559930e-03 6.3774130e-04
     46    118 0.0000000e+00 8.8592780e-04 3.1776550e-04
     46    119 0.0000000e+00 7.4955790e-05 2.9995520e-05
     46    120 0.0000000e+00 3.5226110e-06 1.5357280e-06
     46    121 0.0000000e+00 8.8377200e-09 3.4897530e-09
     46    122 0.0000000e+00 1.0622100e-11 4.9651600e-12
     46    123 0.0000000e+00 1.2631600e-08 5.7740890e-09
     46    124 0.0000000e+00 1.2560130e-06 6.2264030e-07
     46    125 0.0000000e+00 3.3071830e-08 1.6469120e-08
     46    126 0.0000000e+00 2.1526900e-13 1.0763500e-13
     46    127 0.0000000e+00 0.0000000e+00 0.0000000e+00
     46    128 0.0000000e+00 0.0000000e+00 0.0000000e+00
     46    129 0.0000000e+00 0.0000000e+00 0.0000000e+00
     46    130 0.0000000e+00 0.0000000e+00 0.0000000e+00
     46    131 0.0000000e+00 0.0000000e+00 0.0000000e+00
     47    105 0.0000000e+00 0.0000000e+00 0.0000000e+00
     47    105 1.0000000e+00 0.0000000e+00 0.0000000e+00
     47    106 0.0000000e+00 4.5083600e-14 2.2541800e-14
     47    106 1.0000000e+00 1.0569700e-13 5.2848700e-14
     47    107 0.0000000e+00 6.6131130e-02 1.7757330e-03
     47    107 1.0000000e+00 1.8960400e-11 9.4802200e-12
     47    108 0.0000000e+00 5.3660900e-10 2.2752500e-10
     47    108 1.0000000e+00 1.0449380e-09 5.2246900e-10
     47    109 0.0000000e+00 5.9364140e-02 1.5992860e-03
     47    109 1.0000000e+00 5.9333650e-02 1.5984650e-03
     47    110 0.0000000e+00 5.7216820e-07 2.7390510e-07
     47    110 1.0000000e+00 1.3008690e-06 6.4184430e-07
     47    111 0.0000000e+00 5.1518950e-02 1.0124710e-03
     47    111 1.0000000e+00 5.1371250e-02 1.0122140e-03
     47    112 0.0000000e+00 4.1362510e-02 1.1165250e-03
     47    113 0.0000000e+00 3.1432220e-02 1.3823420e-03
     47    113 1.0000000e+00 4.5488460e-02 1.6878380e-03
     47    114 0.0000000e+00 3.2824920e-02 2.8474210e-03
     47    114 1.0000000e+00 7.1911690e-03 2.3501850e-03
     47    115 0.0000000e+00 8.3494130e-03 2.9717880e-04
     47    115 1.0000000e+00 2.5504600e-02 6.3662640e-04
     47    116 0.0000000e+00 1.3983240e-02 1.8274450e-03
     47    116 1.0000000e+00 6.6594080e-03 1.4780880e-03
     47    116 2.0000000e+00 0.0000000e+00 0.0000000e+00
     47    117 0.0000000e+00 6.2688440e-03 7.2510180e-04
     47    117 1.0000000e+00 7.3315260e-03 9.4015460e-04
     47    118 0.0000000e+00 6.3906640e-03 1.0055990e-03
     47    118 1.0000000e+00 1.3304700e-03 3.2716460e-04
     47    119 0.0000000e+00 1.8368500e-03 4.1701250e-04
     47    119 1.0000000e+00 1.7073500e-04 4.2982900e-05
     47    120 0.0000000e+00 5.2907590e-04 1.5889070e-04
     47    120 1.0000000e+00 3.7806610e-04 1.4135920e-04
     47    121 0.0000000e+00 1.8773290e-04 6.3046040e-05
     47    122 0.0000000e+00 2.3579650e-05 1.0982410e-05
     47    122 1.0000000e+00 2.2547910e-05 1.0503240e-05
     47    123 0.0000000e+00 3.5713920e-05 1.6060280e-05
     47    124 0.0000000e+00 2.4870210e-05 1.1167600e-05
     47    125 0.0000000e+00 1.9074970e-06 8.7323240e-07
     47    126 0.0000000e+00 3.6373180e-09 1.6284850e-09
     47    127 0.0000000e+00 0.0000000e+00 0.0000000e+00
     47    128 0.0000000e+00 0.0000000e+00 0.0000000e+00
     47    129 0.0000000e+00 4.6286800e-15 1.7250000e-15
     47    130 0.0000000e+00 5.5276200e-13 2.7638100e-13
     47    131 0.0000000e+00 3.2735600e-15 1.6367800e-15
     47    132 0.0000000e+00 4.1921600e-16 2.0960800e-16
     47    133 0.0000000e+00 0.0000000e+00 0.0000000e+00
     48    108 0.0000000e+00 5.2135400e-10 2.2104200e-10
     48    109 0.0000000e+00 1.3300100e-11 6.6500700e-12
     48    110 0.0000000e+00 1.8545280e-06 6.9745010e-07
     48    111 0.0000000e+00 5.1878580e-02 1.0198440e-03
     48    111 1.0000000e+00 1.7621090e-08 8.8105450e-09
     48    112 0.0000000e+00 4.1363020e-02 1.1165250e-03
     48    113 0.0000000e+00 4.7270990e-02 2.3138700e-03
     48    113 1.0000000e+00 5.7297250e-04 2.5875000e-05
     48    114 0.0000000e+00 3.3293280e-02 2.8435660e-03
     48    115 0.0000000e+00 2.8102060e-02 5.8633470e-04
     48    115 1.0000000e+00 8.7867370e-04 1.3606540e-04
     48    116 0.0000000e+00 2.1276910e-02 1.8524670e-03
     48    117 0.0000000e+00 1.0781960e-02 1.1637240e-03
     48    117 1.0000000e+00 4.2179040e-03 9.8368570e-04
     48    118 0.0000000e+00 9.9059660e-03 9.1749920e-04
     48    119 0.0000000e+00 2.4175270e-03 3.2255620e-04
     48    119 1.0000000e+00 1.3676850e-03 2.4501340e-04
     48    120 0.0000000e+00 2.3741320e-03 2.3558720e-04
     48    121 0.0000000e+00 9.2173240e-04 6.0870370e-05
     48    121 1.0000000e+00 2.4199290e-04 5.6926370e-05
     48    122 0.0000000e+00 8.7975140e-04 1.2445990e-04
     48    123 0.0000000e+00 8.9564510e-05 2.6385620e-05
     48    123 1.0000000e+00 2.7694720e-04 4.0838300e-05
     48    124 0.0000000e+00 1.3579330e-04 3.5126110e-05
     48    125 0.0000000e+00 4.1879940e-06 1.3949450e-06
     48    125 1.0000000e+00 2.1715780e-05 9.6352340e-06
     48    126 0.0000000e+00 2.8841360e-06 1.1763210e-06
     48    127 0.0000000e+00 7.6580300e-11 2.8002300e-11
     48    128 0.0000000e+00 5.0165400e-12 1.8427600e-12
     48    129 0.0000000e+00 1.9363220e-08 7.2138010e-09
     48    130 0.0000000e+00 5.9301390e-08 3.9531650e-08
     48    131 0.0000000e+00 1.6171250e-09 5.7535800e-10
     48    132 0.0000000e+00 2.6215300e-10 9.3606200e-11
     48    133 0.0000000e+00 1.3850600e-10 6.9253000e-11
     48    134 0.0000000e+00 1.9310900e-11 9.6554600e-12
     48    135 0.0000000e+00 0.0000000e+00 0.0000000e+00
     48    136 0.0000000e+00 0.0000000e+00 0.0000000e+00
     49    110 0.0000000e+00 0.0000000e+00 0.0000000e+00
     49    110 1.0000000e+00 0.0000000e+00 0.0000000e+00
     49    111 0.0000000e+00 1.2539100e-12 6.2695600e-13
     49    111 1.0000000e+00 0.0000000e+00 0.0000000e+00
     49    112 0.0000000e+00 7.6247700e-11 3.1661800e-11
     49    112 1.0000000e+00 6.1608100e-11 3.0804000e-11
     49    113 0.0000000e+00 4.7843190e-02 2.3377860e-03
     49    113 1.0000000e+00 5.9269220e-09 2.9625530e-09
     49    114 0.0000000e+00 1.4913750e-06 4.8140920e-07
     49    114 1.0000000e+00 1.2415050e-06 4.7443200e-07
     49    114 2.0000000e+00 3.6611990e-07 1.8305990e-07
     49    115 0.0000000e+00 2.7577190e-02 5.6067250e-04
     49    115 1.0000000e+00 2.8102430e-02 5.8633150e-04
     49    116 0.0000000e+00 4.3336330e-07 1.5283000e-07
     49    116 1.0000000e+00 2.2585010e-06 7.9646880e-07
     49    116 2.0000000e+00 0.0000000e+00 0.0000000e+00
     49    117 0.0000000e+00 9.6513670e-03 1.4454220e-03
     49    117 1.0000000e+00 1.0130310e-02 1.1077710e-03
     49    118 0.0000000e+00 9.9134680e-03 9.1749720e-04
     49    118 1.0000000e+00 2.8250790e-05 1.0709350e-05
     49    118 2.0000000e+00 0.0000000e+00 0.0000000e+00
     49    119 0.0000000e+00 1.7461460e-03 2.4134860e-04
     49    119 1.0000000e+00 2.1929940e-03 2.9110880e-04
     49    120 0.0000000e+00 2.3894050e-03 2.3553480e-04
     49    120 1.0000000e+00 1.1394670e-05 4.7540350e-06
     49    120 2.0000000e+00 0.0000000e+00 0.0000000e+00
     49    121 0.0000000e+00 5.5956400e-04 3.8382040e-05
     49    121 1.0000000e+00 6.2341920e-04 4.1340310e-05
     49    122 0.0000000e+00 8.8141640e-04 1.2445890e-04
     49    122 1.0000000e+00 4.6905800e-06 1.9439170e-06
     49    122 2.0000000e+00 0.0000000e+00 0.0000000e+00
     49    123 0.0000000e+00 3.3901450e-04 3.5102420e-05
     49    123 1.0000000e+00 7.0134410e-05 1.5671790e-05
     49    124 0.0000000e+00 1.8683630e-04 3.4481780e-05
     49    124 1.0000000e+00 4.3663480e-05 1.3355010e-05
     49    125 0.0000000e+00 8.3100090e-05 1.6826990e-05
     49    125 1.0000000e+00 1.8966110e-05 5.5702800e-06
     49    126 0.0000000e+00 5.5184500e-05 1.8987230e-05
     49    126 1.0000000e+00 2.7679400e-05 1.0260590e-05
     49    127 0.0000000e+00 2.9780680e-05 7.7199230e-06
     49    127 1.0000000e+00 1.8220110e-05 4.7268160e-06
     49    127 2.0000000e+00 0.0000000e+00 0.0000000e+00
     49    128 0.0000000e+00 1.2052850e-05 3.7703210e-06
     49    128 1.0000000e+00 8.3947750e-06 2.6261800e-06
     49    129 0.0000000e+00 1.4163360e-04 4.8244390e-05
     49    129 1.0000000e+00 9.8335210e-06 3.3592810e-06
     49    129 2.0000000e+00 0.0000000e+00 0.0000000e+00
     49    130 0.0000000e+00 3.5149210e-05 2.3151790e-05
     49    130 1.0000000e+00 5.0929350e-05 3.3505950e-05
     49    130 2.0000000e+00 0.0000000e+00 0.0000000e+00
     49    131 0.0000000e+00 1.0599110e-05 3.7591160e-06
     49    131 1.0000000e+00 3.7955670e-06 1.3463690e-06
     49    131 2.0000000e+00 0.0000000e+00 0.0000000e+00
     49    132 0.0000000e+00 3.2202900e-06 1.1497870e-06
     49    133 0.0000000e+00 1.0788020e-06 4.1358340e-07
     49    134 0.0000000e+00 1.6470050e-07 6.2519000e-08
     49    135 0.0000000e+00 8.0576400e-09 4.0288200e-09
     49    136 0.0000000e+00 2.1735100e-10 1.0867600e-10
     49    137 0.0000000e+00 7.4067700e-14 3.7033800e-14
     49    138 0.0000000e+00 0.0000000e+00 0.0000000e+00
     50    113 0.0000000e+00 1.8153100e-12 7.8875400e-13
     50    113 1.0000000e+00 1.7054700e-12 8.5273500e-13
     50    114 0.0000000e+00 1.4843370e-06 4.7900430e-07
     50    115 0.0000000e+00 2.8982310e-02 5.9775420e-04
     50    116 0.0000000e+00 2.6919590e-06 8.1099250e-07
     50    117 0.0000000e+00 1.5010300e-02 1.9929400e-03
     50    117 1.0000000e+00 3.2911670e-05 4.9390270e-06
     50    118 0.0000000e+00 9.9417320e-03 9.1746890e-04
     50    119 0.0000000e+00 3.8426830e-03 3.6963150e-04
     50    119 1.0000000e+00 1.2959990e-04 1.7924230e-05
     50    120 0.0000000e+00 2.4008010e-03 2.3550560e-04
     50    121 0.0000000e+00 1.1612530e-03 2.3576490e-05
     50    121 1.0000000e+00 6.3612420e-05 4.2686010e-06
     50    122 0.0000000e+00 8.8610700e-04 1.2445060e-04
     50    123 0.0000000e+00 1.0990670e-05 1.1884130e-06
     50    123 1.0000000e+00 3.9817970e-04 3.1387650e-05
     50    124 0.0000000e+00 2.5339290e-04 3.3306940e-05
     50    125 0.0000000e+00 6.4189600e-05 1.4117210e-05
     50    125 1.0000000e+00 1.0030350e-04 1.4251890e-05
     50    126 0.0000000e+00 2.6175810e-04 2.8604190e-05
     50    127 0.0000000e+00 7.6431650e-04 6.6355220e-05
     50    127 1.0000000e+00 2.6316970e-04 3.9102610e-05
     50    128 0.0000000e+00 1.7798710e-03 1.2314690e-04
     50    128 1.0000000e+00 7.4608630e-04 8.1548700e-05
     50    129 0.0000000e+00 2.3189040e-03 3.1122730e-04
     50    129 1.0000000e+00 1.8622870e-03 2.8185820e-04
     50    130 0.0000000e+00 2.0548230e-03 9.3056910e-04
     50    130 1.0000000e+00 1.6743620e-03 7.6695640e-04
     50    131 0.0000000e+00 1.0545120e-03 3.1945510e-04
     50    131 1.0000000e+00 1.3349180e-03 3.9649250e-04
     50    132 0.0000000e+00 1.3240540e-03 4.4981320e-04
     50    133 0.0000000e+00 4.5525770e-04 1.7435380e-04
     50    134 0.0000000e+00 1.2254360e-04 4.6517480e-05
     50    135 0.0000000e+00 1.4725390e-05 5.5203110e-06
     50    136 0.0000000e+00 1.0828860e-06 4.8076060e-07
     50    137 0.0000000e+00 2.5182330e-09 9.1274700e-10
     50    138 0.0000000e+00 1.2300000e-10 6.1500200e-11
     50    139 0.0000000e+00 6.7457800e-12 3.3728900e-12
     50    140 0.0000000e+00 0.0000000e+00 0.0000000e+00
     51    116 0.0000000e+00 0.0000000e+00 0.0000000e+00
     51    116 1.0000000e+00 0.0000000e+00 0.0000000e+00
     51    117 0.0000000e+00 0.0000000e+00 0.0000000e+00
     51    118 0.0000000e+00 2.7276000e-14 1.3638000e-14
     51    118 1.0000000e+00 3.8767600e-14 1.9383800e-14
     51    119 0.0000000e+00 2.4299600e-13 1.2149800e-13
     51    120 0.0000000e+00 0.0000000e+00 0.0000000e+00
     51    120 1.0000000e+00 0.0000000e+00 0.0000000e+00
     51    121 0.0000000e+00 1.1755020e-03 2.3785620e-05
     51    122 0.0000000e+00 0.0000000e+00 0.0000000e+00
     51    122 1.0000000e+00 0.0000000e+00 0.0000000e+00
     51    122 2.0000000e+00 0.0000000e+00 0.0000000e+00
     51    123 0.0000000e+00 4.0917030e-04 3.2408090e-05
     51    124 0.0000000e+00 7.1633590e-07 2.4186110e-07
     51    124 1.0000000e+00 5.4323350e-07 2.5534170e-07
     51    124 2.0000000e+00 0.0000000e+00 0.0000000e+00
     51    125 0.0000000e+00 1.7613770e-04 1.2898290e-05
     51    126 0.0000000e+00 1.2320030e-04 1.3961240e-05
     51    126 1.0000000e+00 1.8550300e-04 1.9279480e-05
     51    126 2.0000000e+00 1.7520210e-04 1.9346020e-05
     51    127 0.0000000e+00 1.0562550e-03 5.7926800e-05
     51    128 0.0000000e+00 1.6484240e-04 3.5679650e-05
     51    128 1.0000000e+00 1.8360130e-03 1.2370220e-04
     51    129 0.0000000e+00 5.1175580e-03 2.2325830e-04
     51    129 1.0000000e+00 4.7638020e-04 8.9561660e-05
     51    130 0.0000000e+00 4.0287570e-03 1.1888630e-03
     51    130 1.0000000e+00 4.1654920e-03 1.1495110e-03
     51    131 0.0000000e+00 1.3451260e-02 7.6097000e-04
     51    132 0.0000000e+00 9.1322220e-03 1.2760980e-03
     51    132 1.0000000e+00 4.4126410e-03 8.9360370e-04
     51    133 0.0000000e+00 1.1064990e-02 1.8274960e-03
     51    134 0.0000000e+00 1.9195460e-03 6.9676360e-04
     51    134 1.0000000e+00 3.2845670e-03 1.2043480e-03
     51    135 0.0000000e+00 1.7941270e-03 6.7375990e-04
     51    136 0.0000000e+00 3.0678960e-04 1.3650800e-04
     51    137 0.0000000e+00 5.7081320e-06 2.0691570e-06
     51    138 0.0000000e+00 6.8794040e-07 2.5328170e-07
     51    139 0.0000000e+00 9.7731850e-08 3.4630140e-08
     51    140 0.0000000e+00 2.8323490e-09 1.4161740e-09
     51    141 0.0000000e+00 6.8421500e-11 3.4210700e-11
     51    142 0.0000000e+00 5.7649900e-13 2.8825000e-13
     51    143 0.0000000e+00 0.0000000e+00 0.0000000e+00
     52    119 0.0000000e+00 0.0000000e+00 0.0000000e+00
     52    119 1.0000000e+00 0.0000000e+00 0.0000000e+00
     52    120 0.0000000e+00 0.0000000e+00 0.0000000e+00
     52    121 0.0000000e+00 0.0000000e+00 0.0000000e+00
     52    121 1.0000000e+00 0.0000000e+00 0.0000000e+00
     52    122 0.0000000e+00 0.0000000e+00 0.0000000e+00
     52    123 0.0000000e+00 0.0000000e+00 0.0000000e+00
     52    123 1.0000000e+00 0.0000000e+00 0.0000000e+00
     52    124 0.0000000e+00 8.6020240e-07 2.9874600e-07
     52    125 0.0000000e+00 1.7668260e-04 1.2914870e-05
     52    125 1.0000000e+00 4.1088700e-05 2.9982300e-06
     52    126 0.0000000e+00 2.8289930e-04 3.0315090e-05
     52    127 0.0000000e+00 1.0528390e-03 5.8561330e-05
     52    127 1.0000000e+00 1.4237260e-04 9.2688130e-06
     52    128 0.0000000e+00 1.9347600e-03 1.2731110e-04
     52    129 0.0000000e+00 5.0765520e-03 2.1194250e-04
     52    129 1.0000000e+00 1.2352580e-03 7.7290820e-05
     52    130 0.0000000e+00 8.5071950e-03 1.1173910e-03
     52    131 0.0000000e+00 1.3971910e-02 6.4338810e-04
     52    131 1.0000000e+00 2.7161360e-03 4.6444680e-04
     52    132 0.0000000e+00 2.1332120e-02 5.8441210e-04
     52    133 0.0000000e+00 1.6232070e-02 1.2478350e-03
     52    133 1.0000000e+00 1.5065830e-02 1.2900600e-03
     52    134 0.0000000e+00 2.9701850e-02 1.8479590e-03
     52    135 0.0000000e+00 1.9844880e-02 2.5951380e-03
     52    136 0.0000000e+00 9.3820370e-03 3.1654780e-03
     52    137 0.0000000e+00 1.0333550e-03 3.6385460e-04
     52    138 0.0000000e+00 3.8567480e-04 1.4087240e-04
     52    139 0.0000000e+00 9.2481200e-05 3.2746870e-05
     52    140 0.0000000e+00 9.6451530e-06 3.4553670e-06
     52    141 0.0000000e+00 5.5592240e-07 1.9731360e-07
     52    142 0.0000000e+00 1.8739950e-08 6.6603550e-09
     52    143 0.0000000e+00 1.6196600e-11 8.0982900e-12
     52    144 0.0000000e+00 4.9498600e-12 2.4749300e-12
     52    145 0.0000000e+00 0.0000000e+00 0.0000000e+00
     53    122 0.0000000e+00 0.0000000e+00 0.0000000e+00
     53    123 0.0000000e+00 0.0000000e+00 0.0000000e+00
     53    124 0.0000000e+00 1.2043400e-11 6.0217100e-12
     53    125 0.0000000e+00 5.9464230e-09 2.7579150e-09
     53    126 0.0000000e+00 4.4375800e-11 1.9868100e-11
     53    127 0.0000000e+00 1.0562550e-03 5.8781380e-05
     53    128 0.0000000e+00 0.0000000e+00 0.0000000e+00
     53    129 0.0000000e+00 5.5257370e-03 2.3320000e-04
     53    130 0.0000000e+00 4.7769990e-07 2.8216660e-07
     53    130 1.0000000e+00 6.8180470e-08 4.5341700e-08
     53    131 0.0000000e+00 1.6004380e-02 6.1011280e-04
     53    132 0.0000000e+00 2.1520810e-02 5.8250450e-04
     53    132 1.0000000e+00 9.0797990e-05 3.1811190e-05
     53    133 0.0000000e+00 3.1496790e-02 8.8123460e-04
     53    133 1.0000000e+00 2.0985750e-03 2.6097360e-04
     53    134 0.0000000e+00 3.8606670e-02 1.3810860e-03
     53    134 1.0000000e+00 3.9624520e-03 1.1049870e-03
     53    135 0.0000000e+00 3.9792260e-02 1.2464410e-03
     53    136 0.0000000e+00 2.8332930e-02 3.3610790e-03
     53    136 1.0000000e+00 3.8768170e-03 8.9861380e-04
     53    137 0.0000000e+00 1.7313630e-02 2.8360190e-03
     53    138 0.0000000e+00 1.0540860e-02 2.6204410e-03
     53    139 0.0000000e+00 6.2336290e-03 1.7574340e-03
     53    140 0.0000000e+00 1.5215920e-03 5.1868930e-04
     53    141 0.0000000e+00 3.0263490e-04 1.0585070e-04
     53    142 0.0000000e+00 2.6472690e-05 9.3881490e-06
     53    143 0.0000000e+00 2.5996180e-07 9.2742360e-08
     53    144 0.0000000e+00 7.5263840e-08 2.7477860e-08
     53    145 0.0000000e+00 3.8762880e-09 1.9381440e-09
     53    146 0.0000000e+00 5.4792000e-11 2.7396000e-11
     53    147 0.0000000e+00 2.6860500e-13 1.3430200e-13
     53    148 0.0000000e+00 0.0000000e+00 0.0000000e+00
     54    125 0.0000000e+00 1.4909300e-11 6.2132900e-12
     54    125 1.0000000e+00 1.2106300e-11 6.0531700e-12
     54    126 0.0000000e+00 2.0989700e-11 9.4002300e-12
     54    127 0.0000000e+00 0.0000000e+00 0.0000000e+00
     54    127 1.0000000e+00 0.0000000e+00 0.0000000e+00
     54    128 0.0000000e+00 0.0000000e+00 0.0000000e+00
     54    129 0.0000000e+00 5.5257370e-03 2.3320000e-04
     54    129 1.0000000e+00 0.0000000e+00 0.0000000e+00
     54    130 0.0000000e+00 4.8862730e-07 2.8324700e-07
     54    131 0.0000000e+00 1.6004380e-02 6.1132270e-04
     54    131 1.0000000e+00 1.7553350e-04 1.0029210e-05
     54    132 0.0000000e+00 2.1533730e-02 5.8250210e-04
     54    132 1.0000000e+00 4.3115100e-08 1.5387380e-08
     54    133 0.0000000e+00 3.1526270e-02 8.8213410e-04
     54    133 1.0000000e+00 9.3705180e-04 2.7964070e-05
     54    134 0.0000000e+00 3.9111410e-02 1.3819730e-03
     54    134 1.0000000e+00 2.7952510e-04 8.4766680e-05
     54    135 0.0000000e+00 4.1784410e-02 1.1304370e-03
     54    135 1.0000000e+00 7.9789900e-03 4.6625200e-04
     54    136 0.0000000e+00 4.1726910e-02 2.6388900e-03
     54    137 0.0000000e+00 4.4546800e-02 2.2456020e-03
     54    138 0.0000000e+00 4.6670870e-02 2.3731540e-03
     54    139 0.0000000e+00 3.8923240e-02 3.7407750e-03
     54    140 0.0000000e+00 2.6907530e-02 3.6437840e-03
     54    141 0.0000000e+00 1.1352990e-02 2.7298520e-03
     54    142 0.0000000e+00 3.7613240e-03 1.1695580e-03
     54    143 0.0000000e+00 2.1955240e-04 7.6718200e-05
     54    144 0.0000000e+00 8.3036790e-05 3.0134970e-05
     54    145 0.0000000e+00 9.7785860e-06 3.4866310e-06
     54    146 0.0000000e+00 4.7063720e-07 1.6425630e-07
     54    147 0.0000000e+00 8.2784900e-09 2.9321200e-09
     54    148 0.0000000e+00 2.2623900e-10 1.1312000e-10
     54    149 0.0000000e+00 1.6248300e-12 8.1241700e-13
     54    150 0.0000000e+00 1.9886000e-14 9.9430000e-15
     55    128 0.0000000e+00 0.0000000e+00 0.0000000e+00
     55    129 0.0000000e+00 0.0000000e+00 0.0000000e+00
     55    130 0.0000000e+00 0.0000000e+00 0.0000000e+00
     55    130 1.0000000e+00 0.0000000e+00 0.0000000e+00
     55    131 0.0000000e+00 0.0000000e+00 0.0000000e+00
     55    132 0.0000000e+00 4.4859000e-12 2.2429500e-12
     55    133 0.0000000e+00 3.1526290e-02 8.8213410e-04
     55    134 0.0000000e+00 1.2732550e-06 3.4297860e-07
     55    134 1.0000000e+00 5.8378730e-07 2.2163630e-07
     55    135 0.0000000e+00 4.1826460e-02 1.1312000e-03
     55    135 1.0000000e+00 4.5544650e-06 1.7082780e-06
     55    136 0.0000000e+00 2.1844510e-04 7.2630500e-05
     55    136 1.0000000e+00 7.0961880e-05 3.1491850e-05
     55    137 0.0000000e+00 5.0091100e-02 1.3466910e-03
     55    138 0.0000000e+00 5.4495750e-02 1.4704450e-03
     55    138 1.0000000e+00 5.5665000e-03 1.8057510e-03
     55    139 0.0000000e+00 5.7384370e-02 1.1897270e-03
     55    140 0.0000000e+00 5.4852620e-02 2.1622610e-03
     55    141 0.0000000e+00 4.7250870e-02 3.3786210e-03
     55    142 0.0000000e+00 2.9979700e-02 4.0172500e-03
     55    143 0.0000000e+00 1.0832390e-02 2.3849140e-03
     55    144 0.0000000e+00 5.5313050e-03 1.7148180e-03
     55    145 0.0000000e+00 1.6440890e-03 5.5619090e-04
     55    146 0.0000000e+00 2.2848350e-04 7.8843970e-05
     55    147 0.0000000e+00 1.5787660e-05 5.5784550e-06
     55    148 0.0000000e+00 1.1428450e-06 4.2535750e-07
     55    149 0.0000000e+00 2.8765910e-08 1.0315810e-08
     55    150 0.0000000e+00 9.3258100e-10 4.6628200e-10
     55    151 0.0000000e+00 3.8138200e-12 1.9069100e-12
     55    152 0.0000000e+00 0.0000000e+00 0.0000000e+00
     56    131 0.0000000e+00 0.0000000e+00 0.0000000e+00
     56    131 1.0000000e+00 0.0000000e+00 0.0000000e+00
     56    132 0.0000000e+00 8.3886300e-14 4.2137000e-14
     56    133 0.0000000e+00 6.2653600e-13 3.1326800e-13
     56    133 1.0000000e+00 0.0000000e+00 0.0000000e+00
     56    134 0.0000000e+00 1.2736000e-06 3.4297770e-07
     56    135 0.0000000e+00 4.1826470e-02 1.1312000e-03
     56    135 1.0000000e+00 8.6694110e-09 4.3347050e-09
     56    136 0.0000000e+00 2.1906580e-04 7.2656180e-05
     56    136 1.0000000e+00 3.4344040e-05 1.1356350e-05
     56    137 0.0000000e+00 5.0187440e-02 1.3464750e-03
     56    137 1.0000000e+00 4.7495970e-02 1.2751600e-03
     56    138 0.0000000e+00 5.5851170e-02 1.4663870e-03
     56    139 0.0000000e+00 5.8369290e-02 1.1411620e-03
     56    140 0.0000000e+00 5.9562270e-02 1.5819600e-03
     56    141 0.0000000e+00 5.9304830e-02 1.7273530e-03
     56    142 0.0000000e+00 5.8299220e-02 1.7411810e-03
     56    143 0.0000000e+00 4.9413540e-02 3.6631440e-03
     56    144 0.0000000e+00 3.9337330e-02 3.4126430e-03
     56    145 0.0000000e+00 2.2066150e-02 3.2819880e-03
     56    146 0.0000000e+00 8.9349080e-03 1.9723570e-03
     56    147 0.0000000e+00 2.0133870e-03 6.4808850e-04
     56    148 0.0000000e+00 4.2442180e-04 1.5353430e-04
     56    149 0.0000000e+00 3.2216570e-05 1.1487420e-05
     56    150 0.0000000e+00 3.0610430e-06 1.5823370e-06
     56    151 0.0000000e+00 5.0132540e-08 1.7470100e-08
     56    152 0.0000000e+00 1.9628710e-09 7.0706200e-10
     56    153 0.0000000e+00 2.6052300e-11 1.3026200e-11
     56    154 0.0000000e+00 1.2882300e-14 6.4411400e-15
     57    133 0.0000000e+00 0.0000000e+00 0.0000000e+00
     57    134 0.0000000e+00 0.0000000e+00 0.0000000e+00
     57    135 0.0000000e+00 5.7949800e-13 2.8974900e-13
     57    136 0.0000000e+00 0.0000000e+00 0.0000000e+00
     57    136 1.0000000e+00 0.0000000e+00 0.0000000e+00
     57    137 0.0000000e+00 1.4061560e-07 7.0299900e-08
     57    138 0.0000000e+00 3.7959940e-07 1.3978150e-07
     57    139 0.0000000e+00 5.8373330e-02 1.1411610e-03
     57    140 0.0000000e+00 5.9606210e-02 1.5818890e-03
     57    141 0.0000000e+00 5.9674570e-02 1.7229650e-03
     57    142 0.0000000e+00 6.0301720e-02 1.6069620e-03
     57    143 0.0000000e+00 6.2182170e-02 1.4728690e-03
     57    144 0.0000000e+00 5.7923680e-02 1.4008550e-03
     57    145 0.0000000e+00 4.7367310e-02 2.0835650e-03
     57    146 0.0000000e+00 1.9494820e-02 2.4071150e-03
     57    146 1.0000000e+00 1.5506190e-02 2.3972920e-03
     57    147 0.0000000e+00 2.1709410e-02 2.8047460e-03
     57    148 0.0000000e+00 1.0265730e-02 2.3527680e-03
     57    149 0.0000000e+00 2.4438980e-03 7.4178960e-04
     57    150 0.0000000e+00 5.8315870e-04 2.9499170e-04
     57    151 0.0000000e+00 4.1768550e-05 1.4403100e-05
     57    152 0.0000000e+00 4.1529680e-06 1.4943750e-06
     57    153 0.0000000e+00 1.8517650e-07 6.7197650e-08
     57    154 0.0000000e+00 5.5045000e-10 2.2198900e-10
     57    155 0.0000000e+00 1.0982900e-10 5.4914300e-11
     57    156 0.0000000e+00 9.6176900e-12 4.8088400e-12
     57    157 0.0000000e+00 0.0000000e+00 0.0000000e+00
     58    135 0.0000000e+00 0.0000000e+00 0.0000000e+00
     58    135 1.0000000e+00 0.0000000e+00 0.0000000e+00
     58    136 0.0000000e+00 0.0000000e+00 0.0000000e+00
     58    137 0.0000000e+00 1.5823200e-11 7.9115900e-12
     58    137 1.0000000e+00 0.0000000e+00 0.0000000e+00
     58    138 0.0000000e+00 1.3101000e-07 4.8248520e-08
     58    138 1.0000000e+00 0.0000000e+00 0.0000000e+00
     58    139 0.0000000e+00 8.6883300e-10 3.3245800e-10
     58    139 1.0000000e+00 6.1425600e-10 3.0712800e-10
     58    140 0.0000000e+00 1.1864680e-01 8.2444000e-04
     58    141 0.0000000e+00 5.9675410e-02 1.7229650e-03
     58    142 0.0000000e+00 6.0318850e-02 1.6069520e-03
     58    143 0.0000000e+00 6.2508730e-02 1.4686190e-03
     58    144 0.0000000e+00 5.9035920e-02 1.3465860e-03
     58    145 0.0000000e+00 5.0480000e-02 1.8624130e-03
     58    146 0.0000000e+00 4.4117980e-02 1.6181520e-03
     58    147 0.0000000e+00 4.0959680e-02 1.1515270e-03
     58    148 0.0000000e+00 3.4120570e-02 2.6343030e-03
     58    149 0.0000000e+00 1.7349730e-02 1.7717210e-03
     58    150 0.0000000e+00 9.8854030e-03 2.9251380e-03
     58    151 0.0000000e+00 3.8425400e-04 9.3850550e-05
     58    151 1.0000000e+00 2.0114780e-03 9.3707810e-04
     58    152 0.0000000e+00 6.6568290e-04 2.2354640e-04
     58    153 0.0000000e+00 8.4512370e-05 3.0045300e-05
     58    154 0.0000000e+00 1.6619890e-06 6.6945180e-07
     58    155 0.0000000e+00 4.5572580e-07 1.6138800e-07
     58    156 0.0000000e+00 7.9450420e-08 2.7686910e-08
     58    157 0.0000000e+00 2.4035000e-10 8.4668100e-11
     58    158 0.0000000e+00 3.8027400e-13 1.9013700e-13
     58    159 0.0000000e+00 8.0561000e-14 4.0280500e-14
     58    160 0.0000000e+00 0.0000000e+00 0.0000000e+00
     59    138 0.0000000e+00 0.0000000e+00 0.0000000e+00
     59    138 1.0000000e+00 0.0000000e+00 0.0000000e+00
     59    139 0.0000000e+00 1.1853200e-14 5.9265800e-15
     59    140 0.0000000e+00 1.4091700e-12 7.0458400e-13
     59    141 0.0000000e+00 5.9675410e-02 1.7229650e-03
     59    142 0.0000000e+00 6.6581670e-09 2.5371060e-09
     59    142 1.0000000e+00 4.6673750e-09 2.3336870e-09
     59    143 0.0000000e+00 6.2509230e-02 1.4686190e-03
     59    144 0.0000000e+00 5.9039970e-02 1.3466370e-03
     59    144 1.0000000e+00 5.7978790e-04 1.5517440e-05
     59    145 0.0000000e+00 5.0511350e-02 1.8623850e-03
     59    146 0.0000000e+00 4.4369200e-02 1.6163110e-03
     59    147 0.0000000e+00 4.2811920e-02 9.7398370e-04
     59    148 0.0000000e+00 3.8985150e-02 2.4290360e-03
     59    148 1.0000000e+00 5.6180350e-04 1.9703770e-04
     59    149 0.0000000e+00 2.6648040e-02 7.6246040e-04
     59    150 0.0000000e+00 2.2473410e-02 2.4088100e-03
     59    151 0.0000000e+00 1.3711870e-02 1.3067170e-03
     59    152 0.0000000e+00 7.7840810e-03 1.3613700e-03
     59    153 0.0000000e+00 2.7916360e-03 6.7198660e-04
     59    154 0.0000000e+00 2.8581300e-04 1.1058780e-04
     59    155 0.0000000e+00 1.2333650e-04 4.1823190e-05
     59    156 0.0000000e+00 3.6959760e-05 1.2777860e-05
     59    157 0.0000000e+00 7.1129270e-07 2.5045640e-07
     59    158 0.0000000e+00 5.8968900e-09 2.4589050e-09
     59    159 0.0000000e+00 1.7917560e-09 6.4366100e-10
     59    160 0.0000000e+00 2.9674500e-11 1.4837200e-11
     59    161 0.0000000e+00 2.4327000e-13 1.2163500e-13
     59    162 0.0000000e+00 0.0000000e+00 0.0000000e+00
     60    141 0.0000000e+00 0.0000000e+00 0.0000000e+00
     60    141 1.0000000e+00 0.0000000e+00 0.0000000e+00
     60    142 0.0000000e+00 6.6831110e-09 2.5367230e-09
     60    143 0.0000000e+00 1.2483060e-01 1.2160640e-03
     60    144 0.0000000e+00 5.9040530e-02 1.3466460e-03
     60    145 0.0000000e+00 5.0511370e-02 1.8623850e-03
     60    146 0.0000000e+00 4.4369780e-02 1.6163110e-03
     60    147 0.0000000e+00 4.2826210e-02 9.7397130e-04
     60    148 0.0000000e+00 3.9458130e-02 2.4295870e-03
     60    149 0.0000000e+00 2.7203620e-02 7.3933970e-04
     60    150 0.0000000e+00 2.4421500e-02 2.2738070e-03
     60    151 0.0000000e+00 1.9241260e-02 5.3586110e-04
     60    152 0.0000000e+00 1.6322910e-02 1.4033720e-03
     60    153 0.0000000e+00 1.0571880e-02 7.3712310e-04
     60    154 0.0000000e+00 4.5388050e-03 9.4172760e-04
     60    155 0.0000000e+00 2.5522890e-03 4.4729760e-04
     60    156 0.0000000e+00 1.4056670e-03 3.1101700e-04
     60    157 0.0000000e+00 1.3787210e-04 4.2559990e-05
     60    158 0.0000000e+00 6.5217440e-06 2.6911920e-06
     60    159 0.0000000e+00 2.4944620e-06 8.9112390e-07
     60    160 0.0000000e+00 1.4097980e-07 6.0242120e-08
     60    161 0.0000000e+00 3.5646990e-09 1.2556890e-09
     60    162 0.0000000e+00 9.9121800e-11 4.9560900e-11
     60    163 0.0000000e+00 1.4912100e-12 7.4560400e-13
     60    164 0.0000000e+00 1.8625400e-14 9.3127100e-15
     61    144 0.0000000e+00 2.2021100e-14 1.1010600e-14
     61    145 0.0000000e+00 9.4175000e-13 4.7087500e-13
     61    146 0.0000000e+00 7.5189200e-11 3.7594600e-11
     61    147 0.0000000e+00 6.2321360e-02 8.2087070e-04
     61    148 0.0000000e+00 5.0571580e-08 1.7233210e-08
     61    148 1.0000000e+00 1.0793580e-07 4.0178390e-08
     61    149 0.0000000e+00 2.7206170e-02 7.3933920e-04
     61    150 0.0000000e+00 2.2148700e-05 1.1445450e-05
     61    151 0.0000000e+00 1.9494280e-02 5.2919500e-04
     61    152 0.0000000e+00 1.6665630e-02 1.4022760e-03
     61    152 1.0000000e+00 5.4817880e-04 1.9216160e-04
     61    152 2.0000000e+00 0.0000000e+00 0.0000000e+00
     61    153 0.0000000e+00 1.2872920e-02 3.5303330e-04
     61    154 0.0000000e+00 5.7952490e-03 9.9657930e-04
     61    154 1.0000000e+00 4.0987850e-03 1.1137060e-03
     61    155 0.0000000e+00 7.0692570e-03 3.9823260e-04
     61    156 0.0000000e+00 5.3888360e-03 3.8773590e-04
     61    157 0.0000000e+00 2.1495030e-03 3.7788700e-04
     61    158 0.0000000e+00 4.3520930e-04 1.5715020e-04
     61    159 0.0000000e+00 2.3423030e-04 7.3393250e-05
     61    160 0.0000000e+00 3.8430090e-05 1.6083220e-05
     61    161 0.0000000e+00 3.2952850e-06 1.1449770e-06
     61    162 0.0000000e+00 2.3123480e-07 1.0003580e-07
     61    163 0.0000000e+00 1.0607380e-08 4.7848040e-09
     61    164 0.0000000e+00 3.4483300e-10 1.7240800e-10
     61    165 0.0000000e+00 8.4832400e-12 4.2416200e-12
     61    166 0.0000000e+00 6.9852800e-14 3.4926400e-14
     62    146 0.0000000e+00 2.5789900e-11 1.2944200e-11
     62    147 0.0000000e+00 6.2321360e-02 8.2087070e-04
     62    148 0.0000000e+00 1.5549660e-07 4.3702640e-08
     62    149 0.0000000e+00 2.7206170e-02 7.3933920e-04
     62    150 0.0000000e+00 2.2168490e-05 1.1445450e-05
     62    151 0.0000000e+00 1.9495140e-02 5.2919490e-04
     62    152 0.0000000e+00 1.7222410e-02 1.3993790e-03
     62    153 0.0000000e+00 1.2933250e-02 3.5271870e-04
     62    153 1.0000000e+00 3.5352100e-05 1.2775500e-05
     62    154 0.0000000e+00 1.0667960e-02 9.8448290e-04
     62    155 0.0000000e+00 7.9177850e-03 3.0668050e-04
     62    156 0.0000000e+00 6.7333330e-03 1.8651510e-04
     62    157 0.0000000e+00 4.9775110e-03 2.4259210e-04
     62    158 0.0000000e+00 3.1167100e-03 5.5145420e-04
     62    159 0.0000000e+00 1.9862470e-03 2.3152320e-04
     62    160 0.0000000e+00 9.0388210e-04 2.4309180e-04
     62    161 0.0000000e+00 2.1085300e-04 4.9059770e-05
     62    162 0.0000000e+00 4.0175420e-05 1.5465830e-05
     62    163 0.0000000e+00 4.8492930e-06 2.1052670e-06
     62    164 0.0000000e+00 4.5218260e-07 2.0818270e-07
     62    165 0.0000000e+00 2.8110180e-08 1.3040680e-08
     62    166 0.0000000e+00 8.1098700e-10 4.0546000e-10
     62    167 0.0000000e+00 1.2701400e-11 6.3506800e-12
     62    168 0.0000000e+00 2.4488800e-13 1.2244400e-13
     63    149 0.0000000e+00 1.4559400e-14 7.2796900e-15
     63    150 0.0000000e+00 0.0000000e+00 0.0000000e+00
     63    150 1.0000000e+00 0.0000000e+00 0.0000000e+00
     63    151 0.0000000e+00 1.9495140e-02 5.2919490e-04
     63    152 0.0000000e+00 4.6730340e-09 1.6544820e-09
     63    152 1.0000000e+00 2.7721400e-10 1.3860700e-10
     63    152 2.0000000e+00 2.2127610e-09 1.1063800e-09
     63    153 0.0000000e+00 1.2933360e-02 3.5271870e-04
     63    154 0.0000000e+00 8.0984570e-06 2.3126080e-06
     63    154 1.0000000e+00 3.8386620e-06 1.5481140e-06
     63    155 0.0000000e+00 7.9313910e-03 3.0664720e-04
     63    156 0.0000000e+00 6.7690710e-03 1.8612770e-04
     63    157 0.0000000e+00 5.3752320e-03 2.0764830e-04
     63    158 0.0000000e+00 4.6081800e-03 4.5517530e-04
     63    159 0.0000000e+00 3.3068150e-03 1.8963280e-04
     63    160 0.0000000e+00 2.5108800e-03 3.0430930e-04
     63    161 0.0000000e+00 1.3142230e-03 1.5265100e-04
     63    162 0.0000000e+00 5.1346020e-04 1.4313980e-04
     63    163 0.0000000e+00 1.6190340e-04 6.0033850e-05
     63    164 0.0000000e+00 3.5852400e-05 1.4254690e-05
     63    165 0.0000000e+00 6.1358640e-06 2.8046700e-06
     63    166 0.0000000e+00 5.2710710e-07 2.3643890e-07
     63    167 0.0000000e+00 2.6866250e-08 1.2425810e-08
     63    168 0.0000000e+00 1.2938470e-09 6.4680400e-10
     63    169 0.0000000e+00 2.8444400e-11 1.4222200e-11
     63    170 0.0000000e+00 7.1727100e-13 3.5863600e-13
     64    151 0.0000000e+00 0.0000000e+00 0.0000000e+00
     64    152 0.0000000e+00 1.5072810e-09 4.7297600e-10
     64    153 0.0000000e+00 1.3921600e-11 6.9607800e-12
     64    154 0.0000000e+00 8.1036080e-06 2.3121950e-06
     64    155 0.0000000e+00 7.9314070e-03 3.0664720e-04
     64    155 1.0000000e+00 1.3657900e-08 6.8289500e-09
     64    156 0.0000000e+00 6.7691490e-03 1.8612770e-04
     64    157 0.0000000e+00 7.3174460e-03 2.2072760e-04
     64    158 0.0000000e+00 4.6975920e-03 4.5431850e-04
     64    159 0.0000000e+00 3.4029100e-03 1.8752040e-04
     64    160 0.0000000e+00 2.8534500e-03 2.8380730e-04
     64    161 0.0000000e+00 1.9076140e-03 7.5670030e-05
     64    162 0.0000000e+00 1.1259760e-03 1.5868650e-04
     64    163 0.0000000e+00 6.1960950e-04 1.0298920e-04
     64    164 0.0000000e+00 2.9461970e-04 6.5339570e-05
     64    165 0.0000000e+00 1.0623310e-04 2.9543750e-05
     64    166 0.0000000e+00 2.7664940e-05 1.0238710e-05
     64    167 0.0000000e+00 3.8007320e-06 1.7097230e-06
     64    168 0.0000000e+00 4.9986100e-07 2.2911000e-07
     64    169 0.0000000e+00 2.6730180e-08 2.7156290e-08
     64    170 0.0000000e+00 2.1259050e-09 1.0626010e-09
     64    171 0.0000000e+00 5.7092600e-11 2.8546300e-11
     64    172 0.0000000e+00 1.2305600e-12 6.1527900e-13
     65    154 0.0000000e+00 0.0000000e+00 0.0000000e+00
     65    154 1.0000000e+00 0.0000000e+00 0.0000000e+00
     65    154 2.0000000e+00 0.0000000e+00 0.0000000e+00
     65    155 0.0000000e+00 1.0844900e-12 5.4224400e-13
     65    156 0.0000000e+00 9.2560000e-12 3.2346400e-12
     65    156 1.0000000e+00 3.7822800e-13 1.8911400e-13
     65    156 2.0000000e+00 5.9263900e-12 2.9632000e-12
     65    157 0.0000000e+00 3.7088940e-09 1.8543530e-09
     65    158 0.0000000e+00 3.5762960e-07 1.0788460e-07
     65    158 1.0000000e+00 2.1990660e-08 9.1698650e-09
     65    158 2.0000000e+00 1.3992200e-07 6.9961000e-08
     65    159 0.0000000e+00 3.4034530e-03 1.8752040e-04
     65    160 0.0000000e+00 5.4941590e-06 2.3481660e-06
     65    161 0.0000000e+00 1.9374630e-03 7.5029410e-05
     65    162 0.0000000e+00 1.1953660e-03 1.5770990e-04
     65    163 0.0000000e+00 7.5508890e-04 9.8753910e-05
     65    164 0.0000000e+00 4.6064400e-04 6.2696920e-05
     65    165 0.0000000e+00 2.6203560e-04 3.9313030e-05
     65    166 0.0000000e+00 1.3424370e-04 2.2641540e-05
     65    167 0.0000000e+00 4.5755920e-05 1.2587180e-05
     65    168 0.0000000e+00 1.2924620e-05 4.1039250e-06
     65    169 0.0000000e+00 1.7575120e-06 1.7212900e-06
     65    170 0.0000000e+00 3.6933460e-07 3.7527500e-07
     65    171 0.0000000e+00 3.1483350e-08 3.2410420e-08
     65    172 0.0000000e+00 1.8186370e-09 9.0871900e-10
     66    157 0.0000000e+00 1.8670400e-13 9.3352000e-14
     66    157 1.0000000e+00 0.0000000e+00 0.0000000e+00
     66    158 0.0000000e+00 5.9473580e-08 1.7988590e-08
     66    159 0.0000000e+00 2.0440800e-10 1.0220400e-10
     66    160 0.0000000e+00 5.5011840e-06 2.3481690e-06
     66    161 0.0000000e+00 1.9375760e-03 7.5029400e-05
     66    162 0.0000000e+00 1.1960910e-03 1.5770980e-04
     66    163 0.0000000e+00 7.5864250e-04 9.8749680e-05
     66    164 0.0000000e+00 4.7221210e-04 6.2614840e-05
     66    165 0.0000000e+00 2.8618780e-04 3.8772140e-05
     66    165 1.0000000e+00 1.8383390e-06 8.2390530e-07
     66    166 0.0000000e+00 1.8227060e-04 1.8399930e-05
     66    167 0.0000000e+00 9.0924040e-05 1.2700220e-05
     66    168 0.0000000e+00 4.5023200e-05 7.2450210e-06
     66    169 0.0000000e+00 1.1244970e-05 5.2871540e-06
     66    170 0.0000000e+00 5.8885870e-06 4.6485770e-06
     66    171 0.0000000e+00 1.2658200e-06 1.2232340e-06
     66    172 0.0000000e+00 2.0676440e-07 2.0914460e-07
     67    160 0.0000000e+00 0.0000000e+00 0.0000000e+00
     67    160 1.0000000e+00 0.0000000e+00 0.0000000e+00
     67    160 2.0000000e+00 0.0000000e+00 0.0000000e+00
     67    161 0.0000000e+00 2.8199300e-11 1.2367400e-11
     67    161 1.0000000e+00 3.7505000e-12 1.8752500e-12
     67    162 0.0000000e+00 3.3344400e-10 1.1988800e-10
     67    162 1.0000000e+00 3.1861800e-10 1.5930900e-10
     67    163 0.0000000e+00 6.6941240e-09 2.6486230e-09
     67    163 1.0000000e+00 8.9020900e-10 4.0160400e-10
     67    164 0.0000000e+00 5.4271080e-08 1.9064010e-08
     67    164 1.0000000e+00 3.8044030e-08 1.7535580e-08
     67    165 0.0000000e+00 2.8654100e-04 3.8772130e-05
     67    166 0.0000000e+00 1.8279090e-04 1.8398960e-05
     67    166 1.0000000e+00 1.2198220e-06 5.4829180e-07
     67    167 0.0000000e+00 9.5662150e-05 1.2633480e-05
     67    168 0.0000000e+00 5.2360420e-05 7.0659620e-06
     67    168 1.0000000e+00 1.9968980e-06 8.9962690e-07
     67    169 0.0000000e+00 1.6420100e-05 3.6185390e-06
     67    170 0.0000000e+00 9.5675710e-06 4.5773170e-06
     67    170 1.0000000e+00 3.3991180e-06 2.3563790e-06
     67    171 0.0000000e+00 5.5440750e-06 2.7384870e-06
     67    172 0.0000000e+00 1.8570820e-06 1.3056290e-06
     68    163 0.0000000e+00 8.0924200e-13 4.0462100e-13
     68    164 0.0000000e+00 2.1727620e-08 7.9010500e-09
     68    165 0.0000000e+00 2.7765100e-10 1.3882500e-10
     68    166 0.0000000e+00 1.8401600e-04 1.8393630e-05
     68    167 0.0000000e+00 9.5702060e-05 1.2953040e-05
     68    167 1.0000000e+00 1.2980920e-05 2.2323970e-06
     68    168 0.0000000e+00 5.2524610e-05 7.0657940e-06
     68    169 0.0000000e+00 1.6683470e-05 3.6109110e-06
     68    170 0.0000000e+00 1.3972480e-05 5.0705750e-06
     68    171 0.0000000e+00 7.0407250e-06 2.6182490e-06
     68    172 0.0000000e+00 3.3457780e-06 1.2747410e-06
     69    166 0.0000000e+00 9.1468600e-13 4.5734300e-13
     69    166 1.0000000e+00 0.0000000e+00 0.0000000e+00
     69    167 0.0000000e+00 2.2718100e-11 1.1359000e-11
     69    168 0.0000000e+00 2.2985200e-10 1.0608200e-10
     69    169 0.0000000e+00 1.6684480e-05 3.6109110e-06
     69    170 0.0000000e+00 1.0288840e-08 1.0536710e-08
     69    171 0.0000000e+00 7.0873750e-06 2.6180940e-06
     69    172 0.0000000e+00 3.4586010e-06 1.2729700e-06
     70    168 0.0000000e+00 4.6229100e-14 2.2505100e-14
     70    169 0.0000000e+00 2.5256100e-13 1.1076600e-13
     70    169 1.0000000e+00 3.3590600e-14 1.6795300e-14
     70    170 0.0000000e+00 1.0283510e-08 1.0522910e-08
     70    171 0.0000000e+00 7.0874800e-06 2.6180940e-06
     70    171 1.0000000e+00 1.0316000e-10 1.0642200e-10
     70    172 0.0000000e+00 3.4593560e-06 1.2729700e-06
     71    172 0.0000000e+00 2.9807000e-13 1.0538400e-13
     71    172 1.0000000e+00 1.4903500e-13 7.4517600e-14


