1    3.8212500e-05
2    1.1678100e-05
3    1.6660900e-04
4    3.5761600e-03
6    0.0000000e+00
7    1.3723500e-06
8    9.0937800e-07
9    4.4094100e-07
10    1.1100000e-05
66    1.9665200e-05
67    2.6105300e-12
68    8.5617400e-11
69    4.3008700e-13
70    3.1896000e-08
71    5.9212100e-10
72    3.2606600e-12
73    1.3602800e-10
74    1.2044300e-09
75    3.1106400e-11
76    6.5797600e-07
77    3.3940700e-12
78    1.8903800e-10
79    5.9661700e-13
80    8.9921000e-08
81    0.0000000e+00
82    0.0000000e+00
83    0.0000000e+00
84    3.3068100e-10
85    1.3369500e-11
86    0.0000000e+00
87    0.0000000e+00
88    0.0000000e+00
89    0.0000000e+00
90    0.0000000e+00
91    0.0000000e+00
92    0.0000000e+00
93    4.7763700e-15
94    2.4226500e-08
95    0.0000000e+00
96    0.0000000e+00
97    2.6513400e-12
98    1.2402700e-09
99    3.2930300e-02
100    0.0000000e+00
101    4.1412300e-13
102    3.6441700e-12
103    8.1316600e-14
104    1.7914100e-07
105    1.0406100e-14
106    2.1223600e-12
107    3.6178600e-10
108    1.0914900e-08
109    1.9303900e-10
110    0.0000000e+00
111    0.0000000e+00
112    2.9134300e-09
113    9.8858200e-12
114    2.2385800e-06
115    2.0500100e-02
116    0.0000000e+00
117    7.5715400e-10
118    0.0000000e+00
119    0.0000000e+00
120    0.0000000e+00
121    0.0000000e+00
122    0.0000000e+00
123    2.2804700e-13
124    0.0000000e+00
125    0.0000000e+00
126    0.0000000e+00
127    0.0000000e+00
128    0.0000000e+00
129    0.0000000e+00
130    0.0000000e+00
131    0.0000000e+00
132    5.9932100e-11
133    0.0000000e+00
134    0.0000000e+00
135    0.0000000e+00
136    0.0000000e+00
137    0.0000000e+00
138    0.0000000e+00
139    8.3917100e-14
140    6.9814200e-12
141    0.0000000e+00
142    2.1101600e-08
143    5.5671100e-02
144    3.1106400e-14
145    3.4707000e-12
146    7.1414400e-11
147    3.8155100e-02
148    2.4287300e-07
149    3.1106400e-14
150    0.0000000e+00
151    0.0000000e+00
152    6.5664400e-09
153    9.3419000e-11
154    0.0000000e+00
155    4.9010000e-12
156    7.6483100e-11
157    2.4805100e-13
158    1.3572800e-08
159    3.9408000e-10
160    0.0000000e+00
161    3.1500800e-12
162    4.7677700e-10
163    1.5703200e-12
164    6.0124200e-08
165    1.2602500e-09
166    2.9405900e-12
167    8.8317900e-11
168    3.4106900e-13
169    6.2082600e-12
170    2.1494000e-07
171    1.5637300e-04
172    2.3582400e-12
