#            E  5.000000e+05  neutron energy
#    Z      A   Level         FPY           delta-FPY   
      1      1 0.0000000e+00 4.1601300e-05 6.6562100e-06
      1      2 0.0000000e+00 1.2713700e-05 1.8180600e-06
      1      3 0.0000000e+00 1.8138500e-04 1.4510800e-05
      2      3 0.0000000e+00 0.0000000e+00 0.0000000e+00
      2      4 0.0000000e+00 3.1096900e-03 1.9902000e-04
      2      6 0.0000000e+00 4.3425600e-05 6.4269800e-06
      2      8 0.0000000e+00 8.1180600e-07 2.0132800e-07
      3      6 0.0000000e+00 3.0789400e-06 4.5568300e-07
      3      7 0.0000000e+00 9.5518500e-08 1.8053000e-08
      3      8 0.0000000e+00 5.7558400e-08 1.4274500e-08
      3      9 0.0000000e+00 6.7980500e-08 1.5839500e-08
      4      7 0.0000000e+00 1.1489800e-06 2.1715700e-07
      4      8 0.0000000e+00 6.9236200e-07 1.7170600e-07
      4      9 0.0000000e+00 8.1772900e-07 1.9053100e-07
      4     10 0.0000000e+00 8.1772900e-07 1.3656100e-07
     23     66 0.0000000e+00 3.3884800e-18 4.5632700e-16
     24     66 0.0000000e+00 3.3513400e-14 2.5936000e-12
     24     67 0.0000000e+00 2.9429500e-15 2.3508700e-13
     24     68 0.0000000e+00 0.0000000e+00 0.0000000e+00
     24     69 0.0000000e+00 1.4929200e-18 2.6916600e-16
     24     70 0.0000000e+00 0.0000000e+00 0.0000000e+00
     25     66 0.0000000e+00 1.8057300e-11 5.2177000e-10
     25     67 0.0000000e+00 5.3490100e-12 1.5575300e-10
     25     68 0.0000000e+00 4.3698900e-13 2.5854300e-11
     25     69 0.0000000e+00 2.4587300e-14 2.3683600e-12
     25     70 0.0000000e+00 2.5982700e-15 1.6568900e-13
     25     71 0.0000000e+00 0.0000000e+00 0.0000000e+00
     25     72 0.0000000e+00 0.0000000e+00 0.0000000e+00
     25     73 0.0000000e+00 0.0000000e+00 0.0000000e+00
     26     66 0.0000000e+00 1.1005390e-09 6.2623370e-09
     26     67 0.0000000e+00 7.7427500e-10 6.7650710e-09
     26     68 0.0000000e+00 1.9899700e-10 3.8043180e-09
     26     69 0.0000000e+00 2.9143300e-11 9.6736700e-10
     26     70 0.0000000e+00 8.9091100e-12 2.6830400e-10
     26     71 0.0000000e+00 9.0759900e-13 8.1465900e-11
     26     72 0.0000000e+00 1.5624100e-13 8.4424800e-12
     26     73 0.0000000e+00 1.0762700e-14 4.0952900e-13
     26     74 0.0000000e+00 0.0000000e+00 0.0000000e+00
     26     75 0.0000000e+00 0.0000000e+00 0.0000000e+00
     26     76 0.0000000e+00 0.0000000e+00 0.0000000e+00
     27     66 0.0000000e+00 5.0846250e-09 6.2626630e-09
     27     67 0.0000000e+00 1.0643500e-08 1.1771320e-08
     27     68 0.0000000e+00 3.0979500e-09 1.0116860e-08
     27     68 1.0000000e+00 2.8930580e-09 1.5093490e-08
     27     69 0.0000000e+00 2.8906950e-09 2.0426740e-08
     27     70 0.0000000e+00 9.1510700e-10 8.3026640e-09
     27     70 1.0000000e+00 9.0683100e-10 1.0273420e-08
     27     71 0.0000000e+00 5.6311900e-10 1.5335290e-08
     27     72 0.0000000e+00 1.9833500e-10 4.3808800e-09
     27     73 0.0000000e+00 4.6115300e-11 9.8775800e-10
     27     74 0.0000000e+00 4.0368500e-12 2.9664800e-10
     27     75 0.0000000e+00 5.4772300e-13 3.0275000e-11
     27     76 0.0000000e+00 1.9011300e-14 1.9559600e-12
     27     77 0.0000000e+00 0.0000000e+00 0.0000000e+00
     27     78 0.0000000e+00 0.0000000e+00 0.0000000e+00
     28     66 0.0000000e+00 3.5901870e-09 9.1983200e-10
     28     67 0.0000000e+00 1.5990860e-08 6.3277910e-09
     28     68 0.0000000e+00 2.5275570e-08 1.6765500e-08
     28     69 0.0000000e+00 2.2015470e-08 2.3828370e-08
     28     69 1.0000000e+00 5.5626320e-09 1.0724460e-08
     28     70 0.0000000e+00 4.4996630e-08 5.6374010e-08
     28     71 0.0000000e+00 2.9938780e-08 1.2919130e-07
     28     72 0.0000000e+00 2.7658710e-08 2.1241890e-07
     28     73 0.0000000e+00 1.5581640e-08 1.2583900e-07
     28     74 0.0000000e+00 4.3717450e-09 1.3206500e-07
     28     75 0.0000000e+00 1.2331670e-09 3.0686590e-08
     28     76 0.0000000e+00 1.3718800e-10 8.2312970e-09
     28     77 0.0000000e+00 1.8874000e-11 1.6508280e-09
     28     78 0.0000000e+00 2.1137300e-12 1.7415400e-10
     28     79 0.0000000e+00 9.8757400e-14 2.8683200e-12
     28     80 0.0000000e+00 0.0000000e+00 0.0000000e+00
     28     81 0.0000000e+00 0.0000000e+00 0.0000000e+00
     28     82 0.0000000e+00 0.0000000e+00 0.0000000e+00
     29     66 0.0000000e+00 1.8538100e-10 4.1320700e-12
     29     67 0.0000000e+00 2.4488990e-09 1.1393000e-10
     29     68 0.0000000e+00 2.1620370e-09 2.5617300e-10
     29     68 1.0000000e+00 5.9052560e-09 6.9956600e-10
     29     69 0.0000000e+00 2.6543630e-08 6.0965230e-09
     29     70 0.0000000e+00 4.8955360e-09 9.4741800e-10
     29     70 1.0000000e+00 7.5755790e-08 3.6849270e-08
     29     70 2.0000000e+00 0.0000000e+00 0.0000000e+00
     29     71 0.0000000e+00 1.4426030e-07 1.2478460e-07
     29     72 0.0000000e+00 2.4642130e-07 2.6561970e-07
     29     73 0.0000000e+00 4.1540220e-07 5.1898690e-07
     29     74 0.0000000e+00 2.6741240e-07 1.4594960e-06
     29     75 0.0000000e+00 1.9971980e-07 1.3505750e-06
     29     76 0.0000000e+00 4.0120860e-08 5.4928350e-07
     29     76 1.0000000e+00 1.1596610e-08 3.3122060e-07
     29     77 0.0000000e+00 2.2876910e-08 6.3039200e-07
     29     78 0.0000000e+00 5.6565590e-09 1.5916280e-07
     29     79 0.0000000e+00 8.8458500e-10 2.1664750e-08
     29     80 0.0000000e+00 3.8801500e-11 2.2584170e-09
     29     81 0.0000000e+00 1.7996800e-12 2.3047700e-10
     29     82 0.0000000e+00 6.4305800e-14 5.2668300e-12
     29     83 0.0000000e+00 0.0000000e+00 0.0000000e+00
     29     84 0.0000000e+00 0.0000000e+00 0.0000000e+00
     30     66 0.0000000e+00 1.1781200e-12 1.2687500e-15
     30     67 0.0000000e+00 3.7070400e-11 1.0871900e-13
     30     68 0.0000000e+00 3.6560400e-10 3.1410400e-12
     30     69 0.0000000e+00 4.7537200e-10 9.3128000e-12
     30     69 1.0000000e+00 2.3542240e-09 4.6120400e-11
     30     70 0.0000000e+00 2.2062800e-08 1.5623230e-09
     30     71 0.0000000e+00 3.7354320e-08 5.1981290e-09
     30     71 1.0000000e+00 4.2116190e-08 5.2459280e-09
     30     72 0.0000000e+00 3.2736070e-07 1.2091870e-07
     30     73 0.0000000e+00 9.1518490e-07 3.8363410e-07
     30     73 1.0000000e+00 2.6010300e-07 1.3211400e-07
     30     74 0.0000000e+00 2.1262400e-06 1.6996660e-06
     30     75 0.0000000e+00 2.9859900e-06 2.7611050e-06
     30     76 0.0000000e+00 2.2249940e-06 5.0205570e-06
     30     77 0.0000000e+00 1.4583960e-06 8.8135550e-06
     30     77 1.0000000e+00 8.1721870e-07 6.0326620e-06
     30     78 0.0000000e+00 1.5748080e-06 1.3305720e-05
     30     79 0.0000000e+00 5.5011980e-07 6.0145340e-06
     30     80 0.0000000e+00 8.9565880e-08 2.5838810e-06
     30     81 0.0000000e+00 9.9741990e-09 4.9457640e-07
     30     82 0.0000000e+00 1.0040890e-09 4.9202980e-08
     30     83 0.0000000e+00 3.0696400e-11 3.9756480e-09
     30     84 0.0000000e+00 8.2314100e-13 5.7567900e-10
     30     85 0.0000000e+00 0.0000000e+00 0.0000000e+00
     30     86 0.0000000e+00 0.0000000e+00 0.0000000e+00
     31     67 0.0000000e+00 4.6761000e-14 2.3380500e-14
     31     68 0.0000000e+00 1.0938500e-12 5.4692400e-13
     31     69 0.0000000e+00 2.8786200e-11 2.6113700e-14
     31     70 0.0000000e+00 4.5730900e-10 1.9870200e-12
     31     71 0.0000000e+00 4.7406610e-09 4.2328500e-11
     31     72 0.0000000e+00 1.8414730e-08 1.1914440e-09
     31     72 1.0000000e+00 1.8414730e-08 1.7511100e-10
     31     73 0.0000000e+00 3.8082130e-07 2.3783020e-08
     31     74 0.0000000e+00 9.7734880e-07 1.6369370e-07
     31     74 1.0000000e+00 4.6976070e-07 8.2489510e-08
     31     75 0.0000000e+00 4.8698530e-06 1.3004940e-06
     31     76 0.0000000e+00 7.4368400e-06 4.4866710e-06
     31     77 0.0000000e+00 2.1492340e-05 1.3597600e-05
     31     78 0.0000000e+00 2.9841770e-05 3.1057090e-05
     31     79 0.0000000e+00 2.8964190e-05 7.1484290e-05
     31     80 0.0000000e+00 1.1575690e-05 7.0244930e-05
     31     81 0.0000000e+00 4.2848680e-06 5.5138890e-05
     31     82 0.0000000e+00 9.0577500e-07 1.3246470e-05
     31     83 0.0000000e+00 9.5783090e-08 3.7742660e-06
     31     84 0.0000000e+00 6.5620630e-09 1.0714050e-06
     31     85 0.0000000e+00 5.4799700e-10 3.8158960e-08
     31     86 0.0000000e+00 1.3592100e-11 2.5063950e-09
     31     87 0.0000000e+00 0.0000000e+00 0.0000000e+00
     31     88 0.0000000e+00 0.0000000e+00 0.0000000e+00
     31     89 0.0000000e+00 0.0000000e+00 0.0000000e+00
     32     69 0.0000000e+00 2.4258900e-14 1.2129500e-14
     32     70 0.0000000e+00 1.0916100e-12 5.4580300e-13
     32     71 0.0000000e+00 4.3260500e-12 1.4760100e-15
     32     71 1.0000000e+00 2.1424300e-11 7.3097500e-15
     32     72 0.0000000e+00 5.3079200e-10 1.4452000e-12
     32     73 0.0000000e+00 1.0669470e-08 5.3192000e-11
     32     73 1.0000000e+00 2.1544050e-09 1.0740700e-11
     32     74 0.0000000e+00 1.4385590e-07 2.3132170e-09
     32     75 0.0000000e+00 3.9119330e-07 1.1894180e-08
     32     75 1.0000000e+00 5.1526990e-07 1.5380360e-08
     32     76 0.0000000e+00 3.7711790e-06 3.8009400e-07
     32     77 0.0000000e+00 1.6985820e-05 2.7872410e-06
     32     77 1.0000000e+00 5.8743880e-06 9.9761340e-07
     32     78 0.0000000e+00 7.9192800e-05 2.2752840e-05
     32     79 0.0000000e+00 1.2154880e-04 7.0359240e-05
     32     79 1.0000000e+00 3.0097190e-05 1.8419970e-05
     32     80 0.0000000e+00 1.7971710e-04 1.1848930e-04
     32     81 0.0000000e+00 9.8240740e-05 1.8212860e-04
     32     81 1.0000000e+00 4.5889680e-05 1.3500170e-04
     32     82 0.0000000e+00 8.7747870e-05 2.6795900e-04
     32     83 0.0000000e+00 2.3621160e-05 1.9235590e-04
     32     84 0.0000000e+00 5.1439830e-06 1.7059710e-04
     32     85 0.0000000e+00 9.2249880e-07 1.9568600e-05
     32     86 0.0000000e+00 7.8403340e-08 5.0337770e-06
     32     87 0.0000000e+00 3.3506420e-09 9.8297520e-07
     32     88 0.0000000e+00 1.1972000e-10 2.7281910e-08
     32     89 0.0000000e+00 2.3306900e-12 4.8828900e-10
     32     90 0.0000000e+00 0.0000000e+00 0.0000000e+00
     32     91 0.0000000e+00 0.0000000e+00 0.0000000e+00
     33     72 0.0000000e+00 4.7267100e-13 2.3633600e-13
     33     73 0.0000000e+00 3.7528900e-11 1.8764500e-11
     33     74 0.0000000e+00 1.0057680e-09 5.0173200e-13
     33     75 0.0000000e+00 1.6714280e-08 3.0742400e-11
     33     76 0.0000000e+00 1.5439660e-07 9.8725600e-10
     33     77 0.0000000e+00 2.7378370e-06 3.8052270e-08
     33     78 0.0000000e+00 1.8600990e-05 5.6284240e-07
     33     79 0.0000000e+00 9.2240120e-05 9.7934640e-06
     33     80 0.0000000e+00 2.3588370e-04 3.7337020e-05
     33     81 0.0000000e+00 4.9844000e-04 1.5935520e-04
     33     82 0.0000000e+00 3.5917610e-04 2.1336370e-04
     33     82 1.0000000e+00 2.0745490e-04 1.3104250e-04
     33     83 0.0000000e+00 5.1723020e-04 3.4825440e-04
     33     84 0.0000000e+00 2.6038580e-04 7.6668560e-04
     33     85 0.0000000e+00 1.2404730e-04 5.4714300e-04
     33     86 0.0000000e+00 2.7032070e-05 3.1755140e-04
     33     87 0.0000000e+00 3.9801680e-06 1.7515910e-04
     33     88 0.0000000e+00 3.4919890e-07 1.8150400e-05
     33     89 0.0000000e+00 2.2672750e-08 1.6918190e-06
     33     90 0.0000000e+00 6.0907600e-10 9.7653120e-08
     33     91 0.0000000e+00 1.4656100e-11 1.0123500e-08
     33     92 0.0000000e+00 0.0000000e+00 0.0000000e+00
     33     93 0.0000000e+00 0.0000000e+00 0.0000000e+00
     33     94 0.0000000e+00 0.0000000e+00 0.0000000e+00
     33     95 0.0000000e+00 0.0000000e+00 0.0000000e+00
     34     74 0.0000000e+00 7.4799400e-13 3.7399700e-13
     34     75 0.0000000e+00 2.5765400e-11 1.2882700e-11
     34     76 0.0000000e+00 7.3574400e-10 2.2039600e-13
     34     77 0.0000000e+00 3.6666350e-09 2.3426700e-12
     34     77 1.0000000e+00 2.7406530e-08 1.7510400e-11
     34     78 0.0000000e+00 5.8279100e-07 1.2375460e-09
     34     79 0.0000000e+00 4.4885480e-06 3.7736360e-08
     34     79 1.0000000e+00 1.6335630e-06 1.3572130e-08
     34     80 0.0000000e+00 4.6925200e-05 6.5549950e-07
     34     81 0.0000000e+00 9.0166640e-05 3.5445390e-06
     34     81 1.0000000e+00 1.1279710e-04 4.0790400e-06
     34     82 0.0000000e+00 5.4633430e-04 5.6148590e-05
     34     83 0.0000000e+00 7.8310920e-04 1.3669740e-04
     34     83 1.0000000e+00 3.1020650e-04 5.8367990e-05
     34     84 0.0000000e+00 1.6860080e-03 7.7042260e-04
     34     85 0.0000000e+00 1.5405540e-03 6.6059140e-04
     34     86 0.0000000e+00 1.0329620e-03 1.4602220e-03
     34     87 0.0000000e+00 3.8558770e-04 1.5633610e-03
     34     88 0.0000000e+00 1.0420850e-04 1.0889570e-03
     34     89 0.0000000e+00 1.6819900e-05 2.9858030e-04
     34     90 0.0000000e+00 1.6071740e-06 7.8755170e-05
     34     91 0.0000000e+00 9.9750880e-08 1.5235840e-05
     34     92 0.0000000e+00 6.0458360e-09 1.0448720e-06
     34     93 0.0000000e+00 1.2330700e-10 6.0621870e-08
     34     94 0.0000000e+00 1.9904500e-12 2.6872890e-09
     34     95 0.0000000e+00 0.0000000e+00 0.0000000e+00
     34     96 0.0000000e+00 0.0000000e+00 0.0000000e+00
     35     77 0.0000000e+00 6.0107600e-12 3.0053800e-12
     35     77 1.0000000e+00 2.2748800e-11 1.1374400e-11
     35     78 0.0000000e+00 1.1841210e-09 7.5858900e-14
     35     79 0.0000000e+00 7.6420520e-09 2.5135800e-12
     35     79 1.0000000e+00 2.8922820e-08 9.5131300e-12
     35     80 0.0000000e+00 1.5555530e-07 7.0905600e-11
     35     80 1.0000000e+00 5.4200180e-07 2.4705700e-10
     35     81 0.0000000e+00 8.7878750e-06 1.8958540e-08
     35     82 0.0000000e+00 1.4644830e-05 1.1370580e-07
     35     82 1.0000000e+00 3.1229230e-05 2.2286150e-07
     35     83 0.0000000e+00 2.7158290e-04 3.8626400e-06
     35     84 0.0000000e+00 3.4123370e-04 1.2185420e-05
     35     84 1.0000000e+00 5.3971030e-04 1.9525120e-05
     35     85 0.0000000e+00 2.1205560e-03 2.3050640e-04
     35     86 0.0000000e+00 3.1283320e-03 5.7153000e-04
     35     87 0.0000000e+00 3.5054670e-03 1.4892310e-03
     35     88 0.0000000e+00 2.1242970e-03 2.0948170e-03
     35     89 0.0000000e+00 1.0480860e-03 2.7604520e-03
     35     90 0.0000000e+00 2.6185320e-04 1.9180820e-03
     35     91 0.0000000e+00 5.2510460e-05 1.2236630e-03
     35     92 0.0000000e+00 7.3545280e-06 2.4633430e-04
     35     93 0.0000000e+00 5.2583340e-07 5.6952580e-05
     35     94 0.0000000e+00 2.2950760e-08 6.0852200e-06
     35     95 0.0000000e+00 1.1615610e-09 2.6304780e-07
     35     96 0.0000000e+00 2.4714700e-11 1.6045630e-08
     35     97 0.0000000e+00 0.0000000e+00 0.0000000e+00
     35     98 0.0000000e+00 0.0000000e+00 0.0000000e+00
     35     99 0.0000000e+00 0.0000000e+00 0.0000000e+00
     35    100 0.0000000e+00 0.0000000e+00 0.0000000e+00
     36     79 0.0000000e+00 2.0372300e-12 1.0186200e-12
     36     79 1.0000000e+00 1.5227400e-11 7.6137100e-12
     36     80 0.0000000e+00 1.1165430e-09 1.0897400e-14
     36     81 0.0000000e+00 2.9154210e-08 1.9906600e-12
     36     81 1.0000000e+00 3.9004400e-09 2.6632500e-13
     36     82 0.0000000e+00 4.6577840e-07 1.7398800e-10
     36     83 0.0000000e+00 5.7486840e-06 3.1613160e-09
     36     83 1.0000000e+00 1.1607960e-06 1.0779050e-09
     36     84 0.0000000e+00 6.6076660e-05 1.0938370e-07
     36     85 0.0000000e+00 2.1590560e-04 1.7453070e-06
     36     85 1.0000000e+00 8.7507310e-05 7.0944700e-07
     36     86 0.0000000e+00 1.4330010e-03 3.7956830e-05
     36     87 0.0000000e+00 3.5861360e-03 1.2977490e-04
     36     88 0.0000000e+00 5.8682670e-03 1.0947960e-03
     36     89 0.0000000e+00 6.3882330e-03 2.4752790e-03
     36     90 0.0000000e+00 5.0176400e-03 3.1739890e-03
     36     91 0.0000000e+00 2.3575300e-03 3.8409990e-03
     36     92 0.0000000e+00 9.3853550e-04 4.6032120e-03
     36     93 0.0000000e+00 1.7493040e-04 2.8569450e-03
     36     94 0.0000000e+00 2.5733910e-05 1.1602630e-03
     36     95 0.0000000e+00 3.0011110e-06 1.5954340e-04
     36     96 0.0000000e+00 2.0742930e-07 3.3923550e-05
     36     97 0.0000000e+00 6.0143100e-09 3.4098510e-06
     36     98 0.0000000e+00 2.0386700e-10 1.2070800e-07
     36     99 0.0000000e+00 8.9649900e-12 2.9196680e-09
     36    100 0.0000000e+00 4.5722800e-14 7.3037500e-11
     36    101 0.0000000e+00 0.0000000e+00 0.0000000e+00
     36    102 0.0000000e+00 0.0000000e+00 0.0000000e+00
     37     81 0.0000000e+00 9.6465600e-12 4.8232800e-12
     37     81 1.0000000e+00 0.0000000e+00 0.0000000e+00
     37     82 0.0000000e+00 6.4542500e-11 3.2271200e-11
     37     82 1.0000000e+00 2.2488600e-10 1.1244300e-10
     37     83 0.0000000e+00 1.4810680e-08 2.1802800e-13
     37     84 0.0000000e+00 4.3787600e-08 1.3894100e-12
     37     84 1.0000000e+00 3.0121260e-07 1.1947100e-11
     37     85 0.0000000e+00 4.2217570e-06 1.3720000e-09
     37     86 0.0000000e+00 2.7809830e-05 2.7902320e-08
     37     86 1.0000000e+00 2.0471960e-05 2.0814130e-08
     37     87 0.0000000e+00 4.1491450e-04 5.8041830e-07
     37     88 0.0000000e+00 1.4567340e-03 1.8368550e-05
     37     89 0.0000000e+00 4.4071570e-03 2.2684860e-04
     37     90 0.0000000e+00 2.9724770e-03 2.7596070e-04
     37     90 1.0000000e+00 5.0126850e-03 5.2593160e-04
     37     91 0.0000000e+00 1.0668460e-02 1.6128660e-03
     37     92 0.0000000e+00 8.7683890e-03 4.7721140e-03
     37     93 0.0000000e+00 5.1649540e-03 4.9325870e-03
     37     94 0.0000000e+00 1.8607180e-03 5.8970060e-03
     37     95 0.0000000e+00 6.1391310e-04 4.8294220e-03
     37     96 0.0000000e+00 1.0512700e-04 2.3325310e-03
     37     97 0.0000000e+00 1.0320260e-05 8.2353700e-04
     37     98 0.0000000e+00 5.4034790e-07 6.0577700e-05
     37     98 1.0000000e+00 2.8911900e-07 3.9107640e-05
     37     99 0.0000000e+00 8.0725420e-08 8.7188790e-06
     37    100 0.0000000e+00 1.4738470e-09 6.2341360e-07
     37    101 0.0000000e+00 3.6316200e-11 4.0642090e-08
     37    102 0.0000000e+00 0.0000000e+00 0.0000000e+00
     37    103 0.0000000e+00 0.0000000e+00 0.0000000e+00
     37    104 0.0000000e+00 0.0000000e+00 0.0000000e+00
     37    105 0.0000000e+00 0.0000000e+00 0.0000000e+00
     38     83 0.0000000e+00 2.4218800e-12 1.2109400e-12
     38     83 1.0000000e+00 0.0000000e+00 0.0000000e+00
     38     84 0.0000000e+00 1.8483800e-10 9.2419200e-11
     38     85 0.0000000e+00 4.0027590e-09 2.9586000e-14
     38     85 1.0000000e+00 8.0825200e-10 5.9741000e-15
     38     86 0.0000000e+00 1.8262530e-07 5.0027700e-12
     38     87 0.0000000e+00 3.3851380e-06 8.7363000e-11
     38     87 1.0000000e+00 6.8353770e-07 1.7640600e-11
     38     88 0.0000000e+00 4.7872800e-05 2.7160010e-08
     38     89 0.0000000e+00 3.3536130e-04 1.0108630e-06
     38     90 0.0000000e+00 1.8770780e-03 1.1066890e-05
     38     91 0.0000000e+00 5.4900260e-03 1.1384710e-04
     38     92 0.0000000e+00 1.1624010e-02 5.1187140e-04
     38     93 0.0000000e+00 1.5674790e-02 1.7904200e-03
     38     94 0.0000000e+00 1.7039510e-02 4.2768010e-03
     38     95 0.0000000e+00 1.1403480e-02 5.3665760e-03
     38     96 0.0000000e+00 5.7203220e-03 7.7854280e-03
     38     97 0.0000000e+00 1.4197880e-03 8.9036350e-03
     38     98 0.0000000e+00 3.3133570e-04 5.6307020e-03
     38     99 0.0000000e+00 5.9624570e-05 1.4442160e-03
     38    100 0.0000000e+00 4.4523920e-06 4.1213770e-04
     38    101 0.0000000e+00 2.7091260e-07 6.0408130e-05
     38    102 0.0000000e+00 1.5128750e-08 5.3688830e-06
     38    103 0.0000000e+00 3.5171600e-10 2.6078790e-07
     38    104 0.0000000e+00 6.1417200e-12 2.6371730e-09
     38    105 0.0000000e+00 0.0000000e+00 0.0000000e+00
     38    106 0.0000000e+00 0.0000000e+00 0.0000000e+00
     38    107 0.0000000e+00 0.0000000e+00 0.0000000e+00
     39     86 0.0000000e+00 0.0000000e+00 0.0000000e+00
     39     86 1.0000000e+00 0.0000000e+00 0.0000000e+00
     39     87 0.0000000e+00 1.0310500e-10 5.1552500e-11
     39     87 1.0000000e+00 3.0928450e-09 1.5464230e-09
     39     88 0.0000000e+00 3.0030890e-08 2.9106100e-13
     39     88 1.0000000e+00 1.6663910e-08 2.0188300e-13
     39     88 2.0000000e+00 4.4560560e-08 5.3985200e-13
     39     89 0.0000000e+00 3.8444650e-07 3.6588200e-11
     39     89 1.0000000e+00 1.9039240e-06 1.8119900e-10
     39     90 0.0000000e+00 1.9401080e-05 2.4210990e-09
     39     90 1.0000000e+00 1.4234050e-05 1.8283000e-09
     39     91 0.0000000e+00 9.7781790e-05 7.1519870e-08
     39     91 1.0000000e+00 2.0286320e-04 1.4869060e-07
     39     92 0.0000000e+00 1.3395790e-03 5.9242910e-06
     39     93 0.0000000e+00 1.9639440e-03 3.0560920e-05
     39     93 1.0000000e+00 3.4395220e-03 4.8964460e-05
     39     94 0.0000000e+00 1.3195610e-02 2.3128030e-04
     39     95 0.0000000e+00 2.2885230e-02 1.5933880e-03
     39     96 0.0000000e+00 1.5250630e-02 4.2884670e-03
     39     96 1.0000000e+00 9.0628490e-03 1.2757520e-03
     39     97 0.0000000e+00 4.3926660e-03 3.5986240e-03
     39     97 1.0000000e+00 1.3564430e-02 8.5247380e-03
     39     97 2.0000000e+00 0.0000000e+00 0.0000000e+00
     39     98 0.0000000e+00 3.7617740e-03 6.2517960e-03
     39     98 1.0000000e+00 5.1952580e-03 8.2638530e-03
     39     99 0.0000000e+00 3.9119770e-03 8.5698180e-03
     39    100 0.0000000e+00 7.4858620e-04 7.3613480e-03
     39    100 1.0000000e+00 7.2529120e-05 1.1013320e-03
     39    101 0.0000000e+00 1.5163990e-04 4.4909250e-03
     39    102 0.0000000e+00 1.4101560e-05 7.7432100e-04
     39    102 1.0000000e+00 5.0440970e-06 3.4635930e-04
     39    103 0.0000000e+00 1.4489000e-06 2.0708670e-04
     39    104 0.0000000e+00 6.4804600e-08 9.2481660e-06
     39    105 0.0000000e+00 2.0394930e-09 6.9281190e-07
     39    106 0.0000000e+00 6.6616300e-11 4.6261910e-08
     39    107 0.0000000e+00 0.0000000e+00 0.0000000e+00
     39    108 0.0000000e+00 0.0000000e+00 0.0000000e+00
     39    109 0.0000000e+00 0.0000000e+00 0.0000000e+00
     40     88 0.0000000e+00 1.7293500e-11 8.6467700e-12
     40     89 0.0000000e+00 8.7821000e-10 4.3910500e-10
     40     89 1.0000000e+00 2.2656600e-10 1.1328300e-10
     40     90 0.0000000e+00 1.1024720e-08 1.9055400e-14
     40     90 1.0000000e+00 5.3447330e-08 9.2379900e-14
     40     91 0.0000000e+00 1.4476750e-06 2.0143200e-11
     40     92 0.0000000e+00 1.8699670e-05 2.8370630e-09
     40     93 0.0000000e+00 1.9182530e-04 9.4427270e-08
     40     94 0.0000000e+00 1.4474910e-03 2.1528690e-06
     40     95 0.0000000e+00 5.1349770e-03 4.6560990e-05
     40     96 0.0000000e+00 1.5388810e-02 2.4209740e-04
     40     97 0.0000000e+00 2.5016610e-02 6.8455240e-04
     40     98 0.0000000e+00 3.1946160e-02 3.4423970e-03
     40     99 0.0000000e+00 2.6493200e-02 7.1168990e-03
     40    100 0.0000000e+00 1.7196430e-02 8.7533650e-03
     40    101 0.0000000e+00 7.1142340e-03 1.0157870e-02
     40    102 0.0000000e+00 2.4578630e-03 1.3378650e-02
     40    103 0.0000000e+00 4.5632050e-04 7.6549450e-03
     40    104 0.0000000e+00 6.4322610e-05 2.2523100e-03
     40    105 0.0000000e+00 5.7363640e-06 4.2768310e-04
     40    106 0.0000000e+00 4.6822340e-07 7.9197350e-05
     40    107 0.0000000e+00 9.6832260e-09 4.6339500e-06
     40    108 0.0000000e+00 4.4081100e-10 2.6708140e-07
     40    109 0.0000000e+00 5.0751700e-12 2.6860250e-09
     40    110 0.0000000e+00 1.6883600e-14 8.4418000e-15
     40    111 0.0000000e+00 0.0000000e+00 0.0000000e+00
     40    112 0.0000000e+00 0.0000000e+00 0.0000000e+00
     41     90 0.0000000e+00 6.5010600e-12 3.2505300e-12
     41     90 1.0000000e+00 0.0000000e+00 0.0000000e+00
     41     91 0.0000000e+00 4.2777700e-10 2.1388800e-10
     41     91 1.0000000e+00 1.1586600e-10 5.7932900e-11
     41     92 0.0000000e+00 8.2584460e-09 1.8858900e-14
     41     92 1.0000000e+00 8.2019800e-09 2.3412400e-14
     41     93 0.0000000e+00 4.8798510e-07 4.4153600e-12
     41     93 1.0000000e+00 9.8535860e-08 8.9156300e-13
     41     94 0.0000000e+00 7.2481500e-06 1.9137900e-10
     41     94 1.0000000e+00 4.3303660e-06 1.1433900e-10
     41     95 0.0000000e+00 1.0692880e-04 3.3390430e-08
     41     95 1.0000000e+00 8.5688890e-06 2.6906760e-09
     41     96 0.0000000e+00 8.0488080e-04 5.7151310e-07
     41     97 0.0000000e+00 3.4840590e-03 7.2694410e-06
     41     97 1.0000000e+00 5.0009050e-04 9.9044470e-07
     41     98 0.0000000e+00 6.6435070e-03 7.6736240e-05
     41     98 1.0000000e+00 3.7267650e-03 4.8349850e-05
     41     99 0.0000000e+00 1.8655770e-02 1.1547410e-03
     41     99 1.0000000e+00 3.0455650e-03 9.5061490e-05
     41    100 0.0000000e+00 2.0081150e-02 1.2215200e-03
     41    100 1.0000000e+00 1.0330090e-02 6.1532440e-04
     41    101 0.0000000e+00 3.3264240e-02 4.9309240e-03
     41    102 0.0000000e+00 2.0811500e-02 1.2853210e-02
     41    102 1.0000000e+00 2.2315080e-03 1.6994750e-03
     41    103 0.0000000e+00 1.2346040e-02 9.1879810e-03
     41    104 0.0000000e+00 2.3926400e-03 9.1134710e-03
     41    104 1.0000000e+00 1.6809090e-03 7.0395530e-03
     41    105 0.0000000e+00 1.1516530e-03 9.7835650e-03
     41    106 0.0000000e+00 1.9525820e-04 4.2437560e-03
     41    107 0.0000000e+00 1.6672370e-05 1.2438300e-03
     41    108 0.0000000e+00 1.4613090e-06 1.5774960e-04
     41    109 0.0000000e+00 5.5542070e-08 8.3575220e-06
     41    110 0.0000000e+00 5.8553000e-10 1.8742500e-12
     41    111 0.0000000e+00 3.3428000e-12 1.3757200e-14
     41    112 0.0000000e+00 0.0000000e+00 0.0000000e+00
     41    113 0.0000000e+00 0.0000000e+00 0.0000000e+00
     41    114 0.0000000e+00 0.0000000e+00 0.0000000e+00
     41    115 0.0000000e+00 0.0000000e+00 0.0000000e+00
     42     92 0.0000000e+00 1.3989200e-12 6.9946200e-13
     42     93 0.0000000e+00 7.9001900e-11 3.9501000e-11
     42     93 1.0000000e+00 5.8392700e-11 2.9196400e-11
     42     94 0.0000000e+00 9.4725300e-09 4.7362650e-09
     42     95 0.0000000e+00 2.1868450e-07 1.3190900e-12
     42     96 0.0000000e+00 4.8260290e-06 7.5608400e-11
     42     97 0.0000000e+00 6.1324850e-05 2.5155490e-09
     42     98 0.0000000e+00 4.4715030e-04 1.9750350e-07
     42     99 0.0000000e+00 2.0897920e-03 7.7374600e-06
     42    100 0.0000000e+00 7.8970150e-03 5.7661200e-05
     42    101 0.0000000e+00 1.7950930e-02 1.6256820e-04
     42    102 0.0000000e+00 3.0536570e-02 1.1037830e-03
     42    103 0.0000000e+00 3.4801940e-02 3.2732340e-03
     42    104 0.0000000e+00 3.1344550e-02 8.2539640e-03
     42    105 0.0000000e+00 1.8972330e-02 9.6963330e-03
     42    106 0.0000000e+00 8.5902480e-03 9.2415190e-03
     42    107 0.0000000e+00 2.0708750e-03 8.7995390e-03
     42    108 0.0000000e+00 4.5370010e-04 6.8180420e-03
     42    109 0.0000000e+00 4.4442760e-05 1.2278960e-03
     42    110 0.0000000e+00 1.8499700e-06 4.5594900e-06
     42    111 0.0000000e+00 3.2988690e-08 1.7472250e-07
     42    112 0.0000000e+00 0.0000000e+00 0.0000000e+00
     42    113 0.0000000e+00 0.0000000e+00 0.0000000e+00
     42    114 0.0000000e+00 0.0000000e+00 0.0000000e+00
     42    115 0.0000000e+00 0.0000000e+00 0.0000000e+00
     42    116 0.0000000e+00 0.0000000e+00 0.0000000e+00
     42    117 0.0000000e+00 0.0000000e+00 0.0000000e+00
     43     95 0.0000000e+00 2.6078900e-11 1.3039400e-11
     43     95 1.0000000e+00 5.2659300e-12 2.6329700e-12
     43     96 0.0000000e+00 9.2257200e-10 4.6128600e-10
     43     96 1.0000000e+00 8.5502500e-10 4.2751300e-10
     43     97 0.0000000e+00 6.4050310e-08 2.8783600e-14
     43     97 1.0000000e+00 1.2933170e-08 5.8120800e-15
     43     98 0.0000000e+00 1.3042400e-06 9.0356100e-12
     43     99 0.0000000e+00 1.6700370e-05 2.0694230e-09
     43     99 1.0000000e+00 3.3721890e-06 4.1786400e-10
     43    100 0.0000000e+00 1.6188490e-04 2.9639620e-08
     43    101 0.0000000e+00 1.0465980e-03 5.9608390e-07
     43    102 0.0000000e+00 2.8629530e-03 8.1618990e-06
     43    102 1.0000000e+00 7.6195590e-04 2.3671440e-06
     43    103 0.0000000e+00 1.1438100e-02 6.0220280e-05
     43    104 0.0000000e+00 2.1825270e-02 4.5665000e-04
     43    105 0.0000000e+00 3.1797520e-02 2.1467450e-03
     43    106 0.0000000e+00 3.0009410e-02 3.6957550e-03
     43    107 0.0000000e+00 2.1985600e-02 6.5118430e-03
     43    108 0.0000000e+00 9.7206150e-03 8.6283760e-03
     43    109 0.0000000e+00 2.8559340e-03 6.3307790e-03
     43    110 0.0000000e+00 3.5053860e-04 3.1534670e-03
     43    111 0.0000000e+00 2.3336760e-05 8.6487100e-04
     43    112 0.0000000e+00 1.2015200e-12 1.2057470e-04
     43    113 0.0000000e+00 1.9525300e-14 1.7826500e-05
     43    114 0.0000000e+00 0.0000000e+00 0.0000000e+00
     43    115 0.0000000e+00 8.9878700e-19 9.0399690e-06
     43    116 0.0000000e+00 0.0000000e+00 0.0000000e+00
     43    117 0.0000000e+00 0.0000000e+00 0.0000000e+00
     43    118 0.0000000e+00 2.5383900e-12 3.3355900e-10
     43    119 0.0000000e+00 0.0000000e+00 0.0000000e+00
     43    120 0.0000000e+00 0.0000000e+00 0.0000000e+00
     44     98 0.0000000e+00 3.7497500e-10 1.8748700e-10
     44     99 0.0000000e+00 1.6659860e-08 4.0278100e-14
     44    100 0.0000000e+00 3.5277700e-07 1.1382700e-12
     44    101 0.0000000e+00 5.4266330e-06 5.2275100e-11
     44    102 0.0000000e+00 5.2296320e-05 4.1235300e-09
     44    103 0.0000000e+00 1.8290710e-04 5.6879600e-08
     44    103 1.0000000e+00 2.0594250e-04 7.6293340e-08
     44    104 0.0000000e+00 2.1283400e-03 3.7496880e-06
     44    105 0.0000000e+00 5.8295850e-03 4.3244260e-05
     44    106 0.0000000e+00 1.5373560e-02 1.3370650e-04
     44    107 0.0000000e+00 2.4337390e-02 4.2109090e-04
     44    108 0.0000000e+00 2.7376940e-02 2.2608760e-03
     44    109 0.0000000e+00 1.7719780e-02 5.0397710e-03
     44    110 0.0000000e+00 7.3405410e-03 5.2756880e-03
     44    111 0.0000000e+00 1.3559230e-03 2.9978890e-03
     44    112 0.0000000e+00 2.4270640e-06 1.5652800e-03
     44    113 0.0000000e+00 1.7137570e-08 1.6018700e-04
     44    113 1.0000000e+00 1.3010600e-07 8.5940390e-04
     44    114 0.0000000e+00 6.2744700e-09 3.7191600e-04
     44    115 0.0000000e+00 1.8299000e-10 2.1770810e-04
     44    116 0.0000000e+00 2.4431400e-11 5.0714540e-05
     44    117 0.0000000e+00 1.1390100e-12 7.2229200e-06
     44    118 0.0000000e+00 1.6330960e-08 7.5078200e-07
     44    119 0.0000000e+00 7.5917800e-11 5.1459850e-08
     44    120 0.0000000e+00 2.3911800e-13 6.7910600e-10
     44    121 0.0000000e+00 0.0000000e+00 0.0000000e+00
     44    122 0.0000000e+00 0.0000000e+00 0.0000000e+00
     44    123 0.0000000e+00 0.0000000e+00 0.0000000e+00
     44    124 0.0000000e+00 0.0000000e+00 0.0000000e+00
     45    100 0.0000000e+00 0.0000000e+00 0.0000000e+00
     45    100 1.0000000e+00 0.0000000e+00 0.0000000e+00
     45    101 0.0000000e+00 3.7112400e-10 1.8556200e-10
     45    101 1.0000000e+00 1.8379440e-09 9.1897200e-10
     45    102 0.0000000e+00 1.2921040e-08 1.2207700e-14
     45    102 1.0000000e+00 3.5291780e-08 3.3343300e-14
     45    103 0.0000000e+00 1.3409870e-07 6.4219400e-13
     45    103 1.0000000e+00 1.0023340e-06 4.8001300e-12
     45    104 0.0000000e+00 3.3665520e-06 9.4801300e-11
     45    104 1.0000000e+00 1.1730080e-05 3.3031700e-10
     45    105 0.0000000e+00 7.8882950e-05 1.6303550e-08
     45    105 1.0000000e+00 1.8570780e-05 3.8738510e-09
     45    106 0.0000000e+00 1.2258260e-04 6.2279240e-08
     45    106 1.0000000e+00 5.4384460e-04 2.7689430e-07
     45    107 0.0000000e+00 2.9014970e-03 2.5343820e-06
     45    108 0.0000000e+00 4.2331220e-03 3.3578890e-05
     45    108 1.0000000e+00 2.8256100e-03 2.2811610e-05
     45    109 0.0000000e+00 1.2461200e-02 3.1287070e-04
     45    110 0.0000000e+00 4.5191070e-03 4.2195140e-05
     45    110 1.0000000e+00 8.5016290e-03 5.4960350e-05
     45    111 0.0000000e+00 7.6322750e-03 3.9588310e-04
     45    112 0.0000000e+00 1.3950260e-03 3.5197550e-04
     45    112 1.0000000e+00 5.7193270e-04 1.9787170e-04
     45    113 0.0000000e+00 4.9643150e-04 5.9650780e-04
     45    114 0.0000000e+00 3.2889120e-05 1.7292040e-04
     45    114 1.0000000e+00 4.9715720e-05 2.5993810e-04
     45    115 0.0000000e+00 1.3677610e-05 2.6581200e-04
     45    116 0.0000000e+00 1.9720280e-06 1.4490510e-04
     45    116 1.0000000e+00 2.3240480e-06 1.8376570e-04
     45    117 0.0000000e+00 9.2364240e-07 1.8313370e-04
     45    118 0.0000000e+00 5.8882920e-06 5.4824380e-05
     45    119 0.0000000e+00 1.5524170e-07 1.5399330e-05
     45    120 0.0000000e+00 2.0228970e-09 8.3417100e-07
     45    121 0.0000000e+00 9.6692400e-12 3.3042360e-08
     45    122 0.0000000e+00 0.0000000e+00 0.0000000e+00
     45    123 0.0000000e+00 0.0000000e+00 0.0000000e+00
     45    124 0.0000000e+00 0.0000000e+00 0.0000000e+00
     45    125 0.0000000e+00 0.0000000e+00 0.0000000e+00
     45    126 0.0000000e+00 0.0000000e+00 0.0000000e+00
     45    127 0.0000000e+00 0.0000000e+00 0.0000000e+00
     45    128 0.0000000e+00 0.0000000e+00 0.0000000e+00
     46    102 0.0000000e+00 4.2450700e-12 2.1225300e-12
     46    103 0.0000000e+00 2.5584800e-10 1.2792400e-10
     46    104 0.0000000e+00 1.0837900e-08 5.4189500e-09
     46    105 0.0000000e+00 1.2500820e-07 3.9514200e-13
     46    106 0.0000000e+00 3.2326120e-06 3.3226000e-11
     46    107 0.0000000e+00 1.0577780e-05 1.0483700e-10
     46    107 1.0000000e+00 1.9889940e-05 1.9713100e-10
     46    108 0.0000000e+00 2.3886700e-04 6.1582660e-08
     46    109 0.0000000e+00 2.8327690e-04 4.6478520e-07
     46    109 1.0000000e+00 6.9048440e-04 1.0478940e-06
     46    110 0.0000000e+00 3.3445960e-03 1.8031260e-09
     46    111 0.0000000e+00 1.7498160e-03 1.0586100e-08
     46    111 1.0000000e+00 3.1651210e-03 1.7341890e-08
     46    112 0.0000000e+00 5.3445960e-03 2.1104370e-07
     46    113 0.0000000e+00 9.1995480e-04 2.6865290e-07
     46    113 1.0000000e+00 1.9656350e-03 7.3680820e-07
     46    114 0.0000000e+00 1.5306030e-03 1.9836920e-06
     46    115 0.0000000e+00 1.2749100e-04 6.5733260e-06
     46    115 1.0000000e+00 6.6590640e-04 4.8779970e-05
     46    116 0.0000000e+00 6.2135030e-04 2.1251830e-04
     46    117 0.0000000e+00 1.0777100e-04 8.8563660e-05
     46    117 1.0000000e+00 2.9095250e-04 2.3472350e-04
     46    118 0.0000000e+00 1.9712660e-04 2.0069080e-04
     46    119 0.0000000e+00 2.3510390e-05 1.9462630e-04
     46    120 0.0000000e+00 1.5739830e-06 7.6966410e-05
     46    121 0.0000000e+00 3.4103280e-08 1.1431880e-05
     46    122 0.0000000e+00 0.0000000e+00 0.0000000e+00
     46    123 0.0000000e+00 0.0000000e+00 0.0000000e+00
     46    124 0.0000000e+00 0.0000000e+00 0.0000000e+00
     46    125 0.0000000e+00 0.0000000e+00 0.0000000e+00
     46    126 0.0000000e+00 0.0000000e+00 0.0000000e+00
     46    127 0.0000000e+00 0.0000000e+00 0.0000000e+00
     46    128 0.0000000e+00 0.0000000e+00 0.0000000e+00
     46    129 0.0000000e+00 0.0000000e+00 0.0000000e+00
     46    130 0.0000000e+00 0.0000000e+00 0.0000000e+00
     46    131 0.0000000e+00 0.0000000e+00 0.0000000e+00
     47    105 0.0000000e+00 1.3098000e-12 6.5490000e-13
     47    105 1.0000000e+00 9.7902000e-12 4.8951000e-12
     47    106 0.0000000e+00 2.5933800e-10 1.2966900e-10
     47    106 1.0000000e+00 7.0834100e-10 3.5417000e-10
     47    107 0.0000000e+00 2.8268690e-09 1.5386200e-16
     47    107 1.0000000e+00 2.1129650e-08 1.1500500e-15
     47    108 0.0000000e+00 1.4745430e-07 5.3842700e-13
     47    108 1.0000000e+00 4.0274910e-07 1.4706300e-12
     47    109 0.0000000e+00 8.2922910e-07 3.0750000e-11
     47    109 1.0000000e+00 6.1981360e-06 2.2984300e-10
     47    110 0.0000000e+00 2.2343120e-05 1.1171560e-05
     47    110 1.0000000e+00 4.7415920e-05 2.3707960e-05
     47    111 0.0000000e+00 6.6593790e-05 3.3296900e-05
     47    111 1.0000000e+00 2.8199180e-04 1.4099590e-04
     47    112 0.0000000e+00 7.4317570e-05 2.5709600e-14
     47    113 0.0000000e+00 1.8062140e-05 1.4377100e-13
     47    113 1.0000000e+00 1.1390350e-04 4.6129800e-13
     47    114 0.0000000e+00 3.5488290e-05 7.0505700e-13
     47    114 1.0000000e+00 1.4722440e-04 2.2291500e-12
     47    115 0.0000000e+00 2.6779350e-05 3.4983360e-08
     47    115 1.0000000e+00 2.7159780e-04 2.4211220e-07
     47    116 0.0000000e+00 1.5618410e-04 3.6214670e-06
     47    116 1.0000000e+00 2.1493170e-04 6.0709160e-06
     47    116 2.0000000e+00 0.0000000e+00 0.0000000e+00
     47    117 0.0000000e+00 1.7257440e-04 1.5454860e-05
     47    117 1.0000000e+00 4.2144470e-04 3.6492460e-05
     47    118 0.0000000e+00 4.0553540e-04 1.0163270e-04
     47    118 1.0000000e+00 1.0299210e-04 2.7222110e-05
     47    119 0.0000000e+00 3.0102210e-04 2.0308600e-04
     47    119 1.0000000e+00 1.6094960e-05 1.9361730e-05
     47    120 0.0000000e+00 4.0341980e-05 1.3369460e-04
     47    120 1.0000000e+00 3.7343320e-05 1.3164280e-04
     47    121 0.0000000e+00 8.7084140e-06 1.7284880e-04
     47    122 0.0000000e+00 1.1884400e-11 4.3188540e-05
     47    122 1.0000000e+00 1.0450100e-11 3.7589230e-05
     47    123 0.0000000e+00 1.6825300e-12 2.5703860e-05
     47    124 0.0000000e+00 1.4996000e-13 3.3786440e-06
     47    125 0.0000000e+00 0.0000000e+00 0.0000000e+00
     47    126 0.0000000e+00 0.0000000e+00 0.0000000e+00
     47    127 0.0000000e+00 0.0000000e+00 0.0000000e+00
     47    128 0.0000000e+00 0.0000000e+00 0.0000000e+00
     47    129 0.0000000e+00 1.8536550e-09 2.2575300e-15
     47    130 0.0000000e+00 3.4442700e-11 1.7221400e-11
     47    131 0.0000000e+00 0.0000000e+00 0.0000000e+00
     47    132 0.0000000e+00 0.0000000e+00 0.0000000e+00
     47    133 0.0000000e+00 0.0000000e+00 0.0000000e+00
     48    108 0.0000000e+00 1.2383700e-10 6.1918700e-11
     48    109 0.0000000e+00 4.0880390e-09 2.0440190e-09
     48    110 0.0000000e+00 1.5625870e-07 7.8129350e-08
     48    111 0.0000000e+00 4.7827510e-07 2.3913760e-07
     48    111 1.0000000e+00 1.8101230e-06 9.0506150e-07
     48    112 0.0000000e+00 1.0221490e-09 5.1107400e-10
     48    113 0.0000000e+00 1.5791440e-09 7.8957200e-10
     48    113 1.0000000e+00 4.8605590e-09 2.4302800e-09
     48    114 0.0000000e+00 4.3641470e-08 2.1820730e-08
     48    115 0.0000000e+00 6.9996750e-08 1.1397600e-11
     48    115 1.0000000e+00 2.2765910e-07 5.9250100e-11
     48    116 0.0000000e+00 9.9777260e-07 3.5565750e-08
     48    117 0.0000000e+00 6.8919210e-07 7.2414280e-08
     48    117 1.0000000e+00 4.0645130e-06 3.8276430e-07
     48    118 0.0000000e+00 1.8186250e-04 5.7093780e-06
     48    119 0.0000000e+00 2.3026410e-04 1.3288080e-05
     48    119 1.0000000e+00 2.4331590e-04 1.4567430e-05
     48    120 0.0000000e+00 4.7502940e-04 1.3426160e-04
     48    121 0.0000000e+00 1.4635710e-04 1.7454790e-04
     48    121 1.0000000e+00 5.1334610e-05 7.5375320e-05
     48    122 0.0000000e+00 4.6080100e-06 2.3510260e-04
     48    123 0.0000000e+00 3.2568180e-07 6.2901430e-05
     48    123 1.0000000e+00 8.0728210e-07 2.2194770e-04
     48    124 0.0000000e+00 3.2731070e-07 1.5056410e-04
     48    125 0.0000000e+00 5.2297560e-09 6.0237880e-07
     48    125 1.0000000e+00 6.0332130e-08 8.6858690e-06
     48    126 0.0000000e+00 1.3728260e-08 3.1382730e-06
     48    127 0.0000000e+00 2.1825260e-09 7.4372320e-07
     48    128 0.0000000e+00 2.5300300e-10 2.3619000e-07
     48    129 0.0000000e+00 2.6545420e-06 5.3822290e-08
     48    130 0.0000000e+00 2.1162830e-07 3.2588690e-09
     48    131 0.0000000e+00 7.0539580e-09 1.7680040e-06
     48    132 0.0000000e+00 1.8362500e-10 9.0632040e-08
     48    133 0.0000000e+00 2.1360500e-12 9.3139500e-10
     48    134 0.0000000e+00 8.4969200e-15 3.0410000e-11
     48    135 0.0000000e+00 0.0000000e+00 0.0000000e+00
     48    136 0.0000000e+00 0.0000000e+00 0.0000000e+00
     49    110 0.0000000e+00 0.0000000e+00 0.0000000e+00
     49    110 1.0000000e+00 0.0000000e+00 0.0000000e+00
     49    111 0.0000000e+00 9.8651800e-10 4.9325900e-10
     49    111 1.0000000e+00 2.1671000e-10 1.0835500e-10
     49    112 0.0000000e+00 0.0000000e+00 0.0000000e+00
     49    112 1.0000000e+00 0.0000000e+00 0.0000000e+00
     49    113 0.0000000e+00 0.0000000e+00 0.0000000e+00
     49    113 1.0000000e+00 0.0000000e+00 0.0000000e+00
     49    114 0.0000000e+00 0.0000000e+00 0.0000000e+00
     49    114 1.0000000e+00 0.0000000e+00 0.0000000e+00
     49    114 2.0000000e+00 0.0000000e+00 0.0000000e+00
     49    115 0.0000000e+00 1.2806500e-13 5.8494600e-16
     49    115 1.0000000e+00 2.5859200e-14 1.1811400e-16
     49    116 0.0000000e+00 1.9825800e-13 4.3438200e-13
     49    116 1.0000000e+00 1.0332400e-12 3.9295000e-12
     49    116 2.0000000e+00 0.0000000e+00 0.0000000e+00
     49    117 0.0000000e+00 2.2501200e-11 1.7729100e-10
     49    117 1.0000000e+00 3.8110700e-12 1.8403600e-11
     49    118 0.0000000e+00 9.2735120e-07 1.8062820e-09
     49    118 1.0000000e+00 4.2168840e-06 7.6457390e-09
     49    118 2.0000000e+00 0.0000000e+00 0.0000000e+00
     49    119 0.0000000e+00 7.2071740e-05 1.5871690e-07
     49    119 1.0000000e+00 1.0705590e-05 2.3999910e-08
     49    120 0.0000000e+00 1.5946700e-04 2.1997790e-06
     49    120 1.0000000e+00 1.1318680e-04 1.6043010e-06
     49    120 2.0000000e+00 0.0000000e+00 0.0000000e+00
     49    121 0.0000000e+00 4.1733160e-04 2.8906630e-05
     49    121 1.0000000e+00 6.2967170e-05 4.7065710e-06
     49    122 0.0000000e+00 1.0294030e-04 2.0457360e-05
     49    122 1.0000000e+00 4.2082230e-04 7.0616170e-05
     49    122 2.0000000e+00 0.0000000e+00 0.0000000e+00
     49    123 0.0000000e+00 3.9256250e-04 1.9794750e-04
     49    123 1.0000000e+00 4.5467520e-05 2.5674240e-05
     49    124 0.0000000e+00 1.4848620e-04 1.6407390e-04
     49    124 1.0000000e+00 1.4639260e-04 1.7517200e-04
     49    125 0.0000000e+00 1.7064900e-04 3.4036030e-04
     49    125 1.0000000e+00 4.6979470e-05 1.2074400e-04
     49    126 0.0000000e+00 8.9505190e-05 2.8256000e-04
     49    126 1.0000000e+00 5.5177730e-05 1.6091460e-04
     49    127 0.0000000e+00 5.1440670e-05 3.5557730e-04
     49    127 1.0000000e+00 3.2697950e-05 1.7849330e-04
     49    127 2.0000000e+00 0.0000000e+00 0.0000000e+00
     49    128 0.0000000e+00 2.1282860e-05 3.1326310e-04
     49    128 1.0000000e+00 1.3540850e-05 1.5882710e-04
     49    129 0.0000000e+00 3.0698180e-04 4.9549500e-04
     49    129 1.0000000e+00 2.3900630e-05 4.8768640e-05
     49    129 2.0000000e+00 0.0000000e+00 0.0000000e+00
     49    130 0.0000000e+00 3.9347620e-05 9.8332470e-05
     49    130 1.0000000e+00 3.9071580e-05 6.8080960e-05
     49    130 2.0000000e+00 0.0000000e+00 0.0000000e+00
     49    131 0.0000000e+00 8.8017480e-06 4.0978510e-04
     49    131 1.0000000e+00 3.3390970e-06 1.8760330e-04
     49    131 2.0000000e+00 0.0000000e+00 0.0000000e+00
     49    132 0.0000000e+00 8.6626380e-07 8.1117370e-05
     49    133 0.0000000e+00 3.4695300e-08 4.7878000e-06
     49    134 0.0000000e+00 4.4464000e-10 3.4288560e-07
     49    135 0.0000000e+00 7.1205800e-12 1.9299090e-08
     49    136 0.0000000e+00 8.5154000e-14 1.7207200e-10
     49    137 0.0000000e+00 0.0000000e+00 0.0000000e+00
     49    138 0.0000000e+00 0.0000000e+00 0.0000000e+00
     50    113 0.0000000e+00 0.0000000e+00 0.0000000e+00
     50    113 1.0000000e+00 0.0000000e+00 0.0000000e+00
     50    114 0.0000000e+00 0.0000000e+00 0.0000000e+00
     50    115 0.0000000e+00 0.0000000e+00 0.0000000e+00
     50    116 0.0000000e+00 0.0000000e+00 0.0000000e+00
     50    117 0.0000000e+00 0.0000000e+00 0.0000000e+00
     50    117 1.0000000e+00 0.0000000e+00 0.0000000e+00
     50    118 0.0000000e+00 1.4635310e-08 1.2170400e-12
     50    119 0.0000000e+00 7.6814490e-07 3.3479800e-11
     50    119 1.0000000e+00 6.6984400e-07 2.9634800e-11
     50    120 0.0000000e+00 2.1604060e-05 8.6869960e-09
     50    121 0.0000000e+00 2.5893350e-05 5.3737410e-08
     50    121 1.0000000e+00 1.1213830e-04 2.1767720e-07
     50    122 0.0000000e+00 3.9760000e-04 2.7325470e-06
     50    123 0.0000000e+00 5.3483670e-04 1.5043210e-05
     50    123 1.0000000e+00 9.3916930e-05 3.8225890e-06
     50    124 0.0000000e+00 8.7646590e-04 1.1203070e-04
     50    125 0.0000000e+00 1.0103200e-03 1.7873010e-04
     50    125 1.0000000e+00 2.7731870e-04 7.6080360e-05
     50    126 0.0000000e+00 2.3233820e-03 2.5660720e-04
     50    127 0.0000000e+00 2.2812850e-03 6.6072030e-04
     50    127 1.0000000e+00 6.8307810e-04 3.2497940e-04
     50    128 0.0000000e+00 2.3858140e-03 1.4225850e-03
     50    128 1.0000000e+00 1.6967580e-03 8.3133440e-04
     50    129 0.0000000e+00 2.2546650e-03 2.6607480e-03
     50    129 1.0000000e+00 1.7356100e-03 2.5813830e-03
     50    130 0.0000000e+00 1.8671700e-03 4.4245620e-03
     50    130 1.0000000e+00 1.3864770e-03 3.2389420e-03
     50    131 0.0000000e+00 6.9572100e-04 4.0644980e-03
     50    131 1.0000000e+00 7.8611290e-04 4.1663690e-03
     50    132 0.0000000e+00 3.9245360e-04 6.0731780e-03
     50    133 0.0000000e+00 4.2637620e-05 1.3707910e-03
     50    134 0.0000000e+00 2.1316710e-06 3.1908240e-04
     50    135 0.0000000e+00 7.9248740e-08 4.0004450e-05
     50    136 0.0000000e+00 2.9718360e-09 1.7933460e-06
     50    137 0.0000000e+00 4.1332700e-11 5.6186620e-09
     50    138 0.0000000e+00 2.8286000e-13 7.9544000e-10
     50    139 0.0000000e+00 0.0000000e+00 0.0000000e+00
     50    140 0.0000000e+00 0.0000000e+00 0.0000000e+00
     51    116 0.0000000e+00 0.0000000e+00 0.0000000e+00
     51    116 1.0000000e+00 0.0000000e+00 0.0000000e+00
     51    117 0.0000000e+00 0.0000000e+00 0.0000000e+00
     51    118 0.0000000e+00 7.9881600e-13 3.9940800e-13
     51    118 1.0000000e+00 1.3370600e-12 6.6852800e-13
     51    119 0.0000000e+00 1.8597060e-09 9.2985300e-10
     51    120 0.0000000e+00 4.1680010e-08 1.8479400e-13
     51    120 1.0000000e+00 6.9763790e-08 3.0930800e-13
     51    121 0.0000000e+00 3.6071690e-06 8.9513100e-11
     51    122 0.0000000e+00 4.1595730e-07 1.3881810e-09
     51    122 1.0000000e+00 3.4342140e-07 9.1661500e-10
     51    122 2.0000000e+00 0.0000000e+00 0.0000000e+00
     51    123 0.0000000e+00 4.1134320e-06 6.9963570e-08
     51    124 0.0000000e+00 3.5596180e-06 4.8629940e-07
     51    124 1.0000000e+00 8.7382490e-06 8.3714300e-07
     51    124 2.0000000e+00 0.0000000e+00 0.0000000e+00
     51    125 0.0000000e+00 5.3974930e-05 2.9079800e-07
     51    126 0.0000000e+00 1.1166570e-04 2.9460480e-07
     51    126 1.0000000e+00 1.0929690e-04 1.1699220e-06
     51    126 2.0000000e+00 0.0000000e+00 0.0000000e+00
     51    127 0.0000000e+00 6.8281810e-04 1.3173250e-05
     51    128 0.0000000e+00 1.2130450e-03 3.9152520e-05
     51    128 1.0000000e+00 7.0839740e-04 2.5990080e-05
     51    129 0.0000000e+00 3.8853280e-03 4.8211420e-04
     51    129 1.0000000e+00 1.1251540e-03 8.7202420e-05
     51    130 0.0000000e+00 5.8536380e-03 1.1664050e-03
     51    130 1.0000000e+00 4.5689500e-03 1.0846970e-03
     51    131 0.0000000e+00 1.4712890e-02 4.0246600e-03
     51    132 0.0000000e+00 6.4866500e-03 8.2568140e-03
     51    132 1.0000000e+00 3.0801160e-03 3.7981670e-03
     51    133 0.0000000e+00 3.7439370e-03 1.0681220e-02
     51    134 0.0000000e+00 1.9796610e-04 3.5195830e-03
     51    134 1.0000000e+00 3.7490230e-04 5.5754270e-03
     51    135 0.0000000e+00 6.4870280e-05 3.7952190e-03
     51    136 0.0000000e+00 6.1066190e-06 5.4096200e-04
     51    137 0.0000000e+00 2.7284410e-07 1.4392500e-05
     51    138 0.0000000e+00 5.4523010e-09 3.0593150e-06
     51    139 0.0000000e+00 1.3207300e-10 1.3778060e-07
     51    140 0.0000000e+00 0.0000000e+00 0.0000000e+00
     51    141 0.0000000e+00 0.0000000e+00 0.0000000e+00
     51    142 0.0000000e+00 0.0000000e+00 0.0000000e+00
     51    143 0.0000000e+00 0.0000000e+00 0.0000000e+00
     52    119 0.0000000e+00 1.8688800e-13 9.3444000e-14
     52    119 1.0000000e+00 0.0000000e+00 0.0000000e+00
     52    120 0.0000000e+00 5.8407500e-11 2.9203700e-11
     52    121 0.0000000e+00 1.7239430e-09 8.6197200e-10
     52    121 1.0000000e+00 6.5245840e-09 3.2622920e-09
     52    122 0.0000000e+00 1.0179700e-12 1.4936500e-13
     52    123 0.0000000e+00 3.7637300e-12 2.8042000e-12
     52    123 1.0000000e+00 1.4244500e-11 1.0613100e-11
     52    124 0.0000000e+00 1.7164300e-10 1.3012810e-09
     52    125 0.0000000e+00 4.7576700e-10 4.7879100e-14
     52    125 1.0000000e+00 1.9131000e-09 1.2608100e-13
     52    126 0.0000000e+00 3.8931830e-08 3.5351300e-12
     52    127 0.0000000e+00 7.0452250e-08 2.8279600e-11
     52    127 1.0000000e+00 2.6803270e-07 8.2956800e-11
     52    128 0.0000000e+00 3.7018650e-06 2.3321050e-09
     52    129 0.0000000e+00 2.1302010e-04 2.0891900e-08
     52    129 1.0000000e+00 5.5511800e-04 4.4112910e-08
     52    130 0.0000000e+00 5.0802800e-03 1.9052680e-06
     52    131 0.0000000e+00 4.7665940e-03 2.7155030e-04
     52    131 1.0000000e+00 1.1501090e-02 2.3080520e-04
     52    132 0.0000000e+00 2.9791380e-02 2.7412110e-03
     52    133 0.0000000e+00 8.1300210e-03 6.8183670e-03
     52    133 1.0000000e+00 1.9409770e-02 5.9158380e-03
     52    134 0.0000000e+00 1.6305030e-02 9.5682070e-03
     52    135 0.0000000e+00 4.6326590e-03 1.1478300e-02
     52    136 0.0000000e+00 1.3054560e-03 1.0994270e-02
     52    137 0.0000000e+00 1.5023520e-04 2.0976400e-03
     52    138 0.0000000e+00 1.0550990e-05 9.9333890e-04
     52    139 0.0000000e+00 6.2154660e-07 1.3272950e-04
     52    140 0.0000000e+00 3.0680330e-08 1.8566660e-05
     52    141 0.0000000e+00 4.6463500e-10 9.2954720e-07
     52    142 0.0000000e+00 8.6551700e-12 2.8803910e-08
     52    143 0.0000000e+00 0.0000000e+00 0.0000000e+00
     52    144 0.0000000e+00 0.0000000e+00 0.0000000e+00
     52    145 0.0000000e+00 0.0000000e+00 0.0000000e+00
     53    122 0.0000000e+00 0.0000000e+00 0.0000000e+00
     53    123 0.0000000e+00 0.0000000e+00 0.0000000e+00
     53    124 0.0000000e+00 0.0000000e+00 0.0000000e+00
     53    125 0.0000000e+00 0.0000000e+00 0.0000000e+00
     53    126 0.0000000e+00 0.0000000e+00 0.0000000e+00
     53    127 0.0000000e+00 8.0352100e-14 4.0176100e-14
     53    128 0.0000000e+00 3.1396200e-12 1.5698100e-12
     53    129 0.0000000e+00 1.2468090e-05 6.2340450e-06
     53    130 0.0000000e+00 1.9698660e-04 4.4800500e-13
     53    130 1.0000000e+00 3.3482560e-05 8.6358500e-14
     53    131 0.0000000e+00 2.0552570e-03 3.7548960e-06
     53    132 0.0000000e+00 4.9786780e-03 6.4510350e-05
     53    132 1.0000000e+00 3.8043830e-03 3.5454920e-05
     53    133 0.0000000e+00 1.7757960e-02 1.4305950e-03
     53    133 1.0000000e+00 5.2088800e-03 2.5990160e-04
     53    134 0.0000000e+00 2.0781220e-02 1.8412020e-03
     53    134 1.0000000e+00 1.4234060e-02 5.7525610e-04
     53    135 0.0000000e+00 3.3971620e-02 7.2043590e-03
     53    136 0.0000000e+00 1.8224870e-02 8.7442950e-03
     53    136 1.0000000e+00 3.3244070e-03 1.8015330e-03
     53    137 0.0000000e+00 7.2844400e-03 1.1819410e-02
     53    138 0.0000000e+00 1.4075480e-03 1.0234010e-02
     53    139 0.0000000e+00 2.4390640e-04 6.6730990e-03
     53    140 0.0000000e+00 2.8776570e-05 2.0859550e-03
     53    141 0.0000000e+00 1.7008980e-06 4.6001780e-04
     53    142 0.0000000e+00 8.3889100e-08 3.8339780e-05
     53    143 0.0000000e+00 3.0197760e-09 1.9941970e-06
     53    144 0.0000000e+00 3.7988800e-11 1.2204160e-07
     53    145 0.0000000e+00 0.0000000e+00 0.0000000e+00
     53    146 0.0000000e+00 0.0000000e+00 0.0000000e+00
     53    147 0.0000000e+00 0.0000000e+00 0.0000000e+00
     53    148 0.0000000e+00 0.0000000e+00 0.0000000e+00
     54    125 0.0000000e+00 0.0000000e+00 0.0000000e+00
     54    125 1.0000000e+00 0.0000000e+00 0.0000000e+00
     54    126 0.0000000e+00 0.0000000e+00 0.0000000e+00
     54    127 0.0000000e+00 0.0000000e+00 0.0000000e+00
     54    127 1.0000000e+00 0.0000000e+00 0.0000000e+00
     54    128 0.0000000e+00 0.0000000e+00 0.0000000e+00
     54    129 0.0000000e+00 3.8107430e-09 1.9053720e-09
     54    129 1.0000000e+00 1.4422500e-08 7.2112500e-09
     54    130 0.0000000e+00 1.2445850e-06 6.2229250e-07
     54    131 0.0000000e+00 5.8988840e-06 2.4809800e-10
     54    131 1.0000000e+00 1.9224130e-05 7.4656700e-10
     54    132 0.0000000e+00 2.6702910e-04 1.4663170e-07
     54    132 1.0000000e+00 6.8169300e-05 2.8951940e-08
     54    133 0.0000000e+00 5.5908850e-04 3.1120810e-06
     54    133 1.0000000e+00 1.6012230e-03 7.2785180e-06
     54    134 0.0000000e+00 5.8799700e-03 6.4100130e-05
     54    134 1.0000000e+00 4.9083720e-03 3.6810070e-05
     54    135 0.0000000e+00 8.2139570e-03 2.2772260e-04
     54    135 1.0000000e+00 1.8284390e-02 1.7868800e-04
     54    136 0.0000000e+00 4.9749050e-02 2.3912810e-03
     54    137 0.0000000e+00 3.7434870e-02 7.8322930e-03
     54    138 0.0000000e+00 2.2247310e-02 9.2315000e-03
     54    139 0.0000000e+00 8.5905240e-03 1.0277360e-02
     54    140 0.0000000e+00 2.7771000e-03 1.0505220e-02
     54    141 0.0000000e+00 4.6767760e-04 8.4214540e-03
     54    142 0.0000000e+00 7.4400420e-05 3.8279660e-03
     54    143 0.0000000e+00 6.6770630e-06 4.6298700e-04
     54    144 0.0000000e+00 2.8292540e-07 1.3208720e-04
     54    145 0.0000000e+00 5.8077480e-09 1.4325800e-05
     54    146 0.0000000e+00 1.3483000e-10 6.5989790e-07
     54    147 0.0000000e+00 3.1755600e-12 1.5613860e-08
     54    148 0.0000000e+00 1.0745400e-14 1.7858600e-10
     54    149 0.0000000e+00 0.0000000e+00 0.0000000e+00
     54    150 0.0000000e+00 0.0000000e+00 0.0000000e+00
     55    128 0.0000000e+00 0.0000000e+00 0.0000000e+00
     55    129 0.0000000e+00 2.2289700e-12 1.1144900e-12
     55    130 0.0000000e+00 0.0000000e+00 0.0000000e+00
     55    130 1.0000000e+00 0.0000000e+00 0.0000000e+00
     55    131 0.0000000e+00 2.5357820e-08 1.2348700e-14
     55    132 0.0000000e+00 9.0941920e-07 1.0312400e-11
     55    133 0.0000000e+00 1.9126870e-05 3.6524890e-09
     55    134 0.0000000e+00 1.5871090e-04 4.4784730e-08
     55    134 1.0000000e+00 1.2138520e-04 3.2471460e-08
     55    135 0.0000000e+00 1.8366510e-03 1.1712230e-06
     55    135 1.0000000e+00 6.2129500e-04 3.0854570e-07
     55    136 0.0000000e+00 6.9896600e-03 2.7374040e-05
     55    136 1.0000000e+00 3.1539540e-03 1.0452160e-05
     55    137 0.0000000e+00 2.3430670e-02 6.1983190e-04
     55    138 0.0000000e+00 1.2908950e-02 4.9151430e-04
     55    138 1.0000000e+00 2.0299070e-02 6.5890540e-04
     55    139 0.0000000e+00 3.2772550e-02 3.5637620e-03
     55    140 0.0000000e+00 2.2160520e-02 5.4999790e-03
     55    141 0.0000000e+00 1.1118490e-02 7.6523070e-03
     55    142 0.0000000e+00 4.2572120e-03 8.6162530e-03
     55    143 0.0000000e+00 1.1084830e-03 8.2125160e-03
     55    144 0.0000000e+00 1.2781350e-04 4.7472340e-03
     55    145 0.0000000e+00 9.3943150e-06 1.7322070e-03
     55    146 0.0000000e+00 5.5732030e-07 2.4617810e-04
     55    147 0.0000000e+00 3.0670270e-08 2.2063360e-05
     55    148 0.0000000e+00 3.9351700e-10 9.4355510e-07
     55    149 0.0000000e+00 4.9338300e-12 4.2091540e-08
     55    150 0.0000000e+00 5.2464200e-14 1.3492310e-09
     55    151 0.0000000e+00 0.0000000e+00 0.0000000e+00
     55    152 0.0000000e+00 0.0000000e+00 0.0000000e+00
     56    131 0.0000000e+00 1.9643300e-12 9.8216500e-13
     56    131 1.0000000e+00 0.0000000e+00 0.0000000e+00
     56    132 0.0000000e+00 2.3866300e-10 1.1933200e-10
     56    133 0.0000000e+00 7.3836900e-10 3.6072200e-15
     56    133 1.0000000e+00 1.3070340e-08 7.9817500e-14
     56    134 0.0000000e+00 7.7491910e-07 4.8066900e-12
     56    135 0.0000000e+00 5.2621940e-06 4.7461600e-11
     56    135 1.0000000e+00 1.7819630e-05 1.6072100e-10
     56    136 0.0000000e+00 1.4173350e-04 1.4377060e-08
     56    136 1.0000000e+00 1.3393210e-04 1.1988840e-08
     56    137 0.0000000e+00 5.7781910e-04 1.9345560e-06
     56    137 1.0000000e+00 9.2566520e-04 2.7960830e-06
     56    138 0.0000000e+00 7.4103590e-03 2.4603110e-05
     56    139 0.0000000e+00 1.5331280e-02 7.7160750e-05
     56    140 0.0000000e+00 2.5775250e-02 3.6686470e-04
     56    141 0.0000000e+00 2.7790070e-02 1.1776010e-03
     56    142 0.0000000e+00 2.9185470e-02 4.2984090e-03
     56    143 0.0000000e+00 1.6497600e-02 6.7093690e-03
     56    144 0.0000000e+00 5.7873900e-03 7.3911940e-03
     56    145 0.0000000e+00 1.1506760e-03 5.7188900e-03
     56    146 0.0000000e+00 2.0355120e-04 5.2841100e-03
     56    147 0.0000000e+00 2.3750230e-05 1.7038820e-03
     56    148 0.0000000e+00 1.2752620e-06 3.5218260e-04
     56    149 0.0000000e+00 4.4648520e-08 4.0933160e-05
     56    150 0.0000000e+00 1.4560720e-09 4.5697130e-06
     56    151 0.0000000e+00 2.2604200e-11 1.5027810e-07
     56    152 0.0000000e+00 2.5547800e-13 4.5659740e-09
     56    153 0.0000000e+00 0.0000000e+00 0.0000000e+00
     56    154 0.0000000e+00 0.0000000e+00 0.0000000e+00
     57    133 0.0000000e+00 7.5472800e-13 3.7736400e-13
     57    134 0.0000000e+00 0.0000000e+00 0.0000000e+00
     57    135 0.0000000e+00 1.9235000e-08 9.6175000e-09
     57    136 0.0000000e+00 2.1131780e-07 1.0565890e-07
     57    136 1.0000000e+00 3.5370290e-07 1.7685140e-07
     57    137 0.0000000e+00 9.4892450e-06 1.0162140e-09
     57    138 0.0000000e+00 1.2629130e-04 7.8264880e-09
     57    139 0.0000000e+00 8.1375480e-04 1.8140390e-07
     57    140 0.0000000e+00 2.9263660e-03 1.8665480e-06
     57    141 0.0000000e+00 8.0685020e-03 1.8115990e-05
     57    142 0.0000000e+00 1.8681100e-02 1.1942740e-04
     57    143 0.0000000e+00 2.6914820e-02 8.6414810e-04
     57    144 0.0000000e+00 2.1611420e-02 1.9429040e-03
     57    145 0.0000000e+00 1.3039540e-02 3.4837010e-03
     57    146 0.0000000e+00 2.1643570e-03 3.7824040e-03
     57    146 1.0000000e+00 3.0782490e-03 4.8049060e-03
     57    147 0.0000000e+00 1.5609540e-03 4.6984840e-03
     57    148 0.0000000e+00 2.5154700e-04 4.1000010e-03
     57    149 0.0000000e+00 2.9156760e-05 1.8837470e-03
     57    150 0.0000000e+00 2.4447940e-06 5.2046530e-04
     57    151 0.0000000e+00 1.2217770e-07 7.5865370e-05
     57    152 0.0000000e+00 3.6562030e-09 6.3531170e-06
     57    153 0.0000000e+00 1.1477900e-10 2.4357950e-07
     57    154 0.0000000e+00 1.3860300e-12 1.3086320e-08
     57    155 0.0000000e+00 0.0000000e+00 0.0000000e+00
     57    156 0.0000000e+00 0.0000000e+00 0.0000000e+00
     57    157 0.0000000e+00 0.0000000e+00 0.0000000e+00
     58    135 0.0000000e+00 1.3181100e-12 6.5905700e-13
     58    135 1.0000000e+00 0.0000000e+00 0.0000000e+00
     58    136 0.0000000e+00 0.0000000e+00 0.0000000e+00
     58    137 0.0000000e+00 3.6728700e-10 1.8364300e-10
     58    137 1.0000000e+00 4.8488230e-09 2.4244110e-09
     58    138 0.0000000e+00 2.1062810e-08 1.7267400e-14
     58    138 1.0000000e+00 2.2024270e-07 2.2569500e-13
     58    139 0.0000000e+00 9.6223090e-07 2.1020800e-12
     58    139 1.0000000e+00 2.6964400e-06 5.8906100e-12
     58    140 0.0000000e+00 4.1519890e-05 3.5273000e-10
     58    141 0.0000000e+00 2.3941560e-04 6.4337250e-09
     58    142 0.0000000e+00 1.6109240e-03 5.4811460e-07
     58    143 0.0000000e+00 5.0400970e-03 1.2470750e-05
     58    144 0.0000000e+00 1.1432540e-02 4.4137310e-05
     58    145 0.0000000e+00 1.6393650e-02 1.6553490e-04
     58    146 0.0000000e+00 1.7014200e-02 8.5870260e-04
     58    147 0.0000000e+00 1.0648360e-02 2.0946310e-03
     58    148 0.0000000e+00 5.2971300e-03 4.7711890e-03
     58    149 0.0000000e+00 1.5570440e-03 3.5224580e-03
     58    150 0.0000000e+00 3.7672860e-04 3.4580630e-03
     58    151 0.0000000e+00 5.7428400e-06 2.3228630e-04
     58    151 1.0000000e+00 4.2345720e-05 1.9158470e-03
     58    152 0.0000000e+00 4.6734340e-06 6.4665700e-04
     58    153 0.0000000e+00 3.4317390e-07 9.0545540e-05
     58    154 0.0000000e+00 1.3523310e-08 1.4022630e-05
     58    155 0.0000000e+00 3.2224600e-10 1.5160440e-06
     58    156 0.0000000e+00 7.9259200e-12 7.6703480e-08
     58    157 0.0000000e+00 1.0711400e-13 1.3286820e-09
     58    158 0.0000000e+00 0.0000000e+00 0.0000000e+00
     58    159 0.0000000e+00 0.0000000e+00 0.0000000e+00
     58    160 0.0000000e+00 0.0000000e+00 0.0000000e+00
     59    138 0.0000000e+00 0.0000000e+00 0.0000000e+00
     59    138 1.0000000e+00 0.0000000e+00 0.0000000e+00
     59    139 0.0000000e+00 1.4174070e-09 7.0870400e-10
     59    140 0.0000000e+00 3.7741640e-08 1.8870820e-08
     59    141 0.0000000e+00 6.0997090e-07 9.5486100e-14
     59    142 0.0000000e+00 2.7839750e-06 1.0916600e-11
     59    142 1.0000000e+00 7.6040040e-06 2.9817000e-11
     59    143 0.0000000e+00 9.2994950e-05 4.6184920e-09
     59    144 0.0000000e+00 1.2795240e-04 1.7032860e-08
     59    144 1.0000000e+00 4.0141070e-04 5.5816220e-08
     59    145 0.0000000e+00 2.3495010e-03 8.8843150e-07
     59    146 0.0000000e+00 5.2714960e-03 1.3547120e-05
     59    147 0.0000000e+00 8.7151060e-03 1.6589590e-04
     59    148 0.0000000e+00 8.8178490e-03 5.4677200e-04
     59    148 1.0000000e+00 1.0572250e-03 7.0031990e-05
     59    149 0.0000000e+00 8.1183100e-03 1.6802950e-03
     59    150 0.0000000e+00 4.3552510e-03 2.4966270e-03
     59    151 0.0000000e+00 1.6057190e-03 2.3391590e-03
     59    152 0.0000000e+00 3.8358450e-04 2.0231080e-03
     59    153 0.0000000e+00 7.6462650e-05 1.3916860e-03
     59    154 0.0000000e+00 7.8826130e-06 4.9443930e-04
     59    155 0.0000000e+00 5.9534330e-07 1.7425680e-04
     59    156 0.0000000e+00 3.4427480e-08 2.4344520e-05
     59    157 0.0000000e+00 1.3652860e-09 1.9213070e-06
     59    158 0.0000000e+00 2.6957900e-11 1.0107650e-07
     59    159 0.0000000e+00 3.6235100e-13 3.9500570e-09
     59    160 0.0000000e+00 0.0000000e+00 0.0000000e+00
     59    161 0.0000000e+00 0.0000000e+00 0.0000000e+00
     59    162 0.0000000e+00 0.0000000e+00 0.0000000e+00
     60    141 0.0000000e+00 1.0647900e-10 5.3239600e-11
     60    141 1.0000000e+00 0.0000000e+00 0.0000000e+00
     60    142 0.0000000e+00 6.5728040e-09 3.2864020e-09
     60    143 0.0000000e+00 1.4323520e-07 7.9645600e-14
     60    144 0.0000000e+00 2.6586240e-06 4.2752200e-12
     60    145 0.0000000e+00 3.2495680e-05 1.1794100e-10
     60    146 0.0000000e+00 2.0717380e-04 8.2955660e-09
     60    147 0.0000000e+00 8.4438310e-04 4.0952930e-07
     60    148 0.0000000e+00 2.5872180e-03 5.0087970e-06
     60    149 0.0000000e+00 4.8994880e-03 3.3927330e-05
     60    150 0.0000000e+00 6.6847380e-03 1.6775160e-04
     60    151 0.0000000e+00 5.4413080e-03 5.8331390e-04
     60    152 0.0000000e+00 3.6146680e-03 1.4146030e-03
     60    153 0.0000000e+00 1.4945980e-03 1.5625890e-03
     60    154 0.0000000e+00 4.5833110e-04 1.1352500e-03
     60    155 0.0000000e+00 8.3840040e-05 8.4001760e-04
     60    156 0.0000000e+00 1.3374520e-05 5.1773010e-04
     60    157 0.0000000e+00 1.2763760e-06 1.3700340e-04
     60    158 0.0000000e+00 7.8627900e-08 2.7795720e-05
     60    159 0.0000000e+00 2.7039510e-09 2.7889860e-06
     60    160 0.0000000e+00 9.3747000e-11 3.3467490e-07
     60    161 0.0000000e+00 1.4298900e-12 1.9654020e-08
     60    162 0.0000000e+00 1.1193500e-14 4.7135200e-10
     60    163 0.0000000e+00 0.0000000e+00 0.0000000e+00
     60    164 0.0000000e+00 0.0000000e+00 0.0000000e+00
     61    144 0.0000000e+00 8.6054700e-10 4.3027300e-10
     61    145 0.0000000e+00 3.6963360e-08 1.8481680e-08
     61    146 0.0000000e+00 5.8036970e-07 1.6088400e-13
     61    147 0.0000000e+00 8.1968390e-06 5.5129700e-11
     61    148 0.0000000e+00 1.5042860e-05 3.7749400e-10
     61    148 1.0000000e+00 4.1087190e-05 1.0310660e-09
     61    149 0.0000000e+00 3.2072080e-04 3.6226010e-08
     61    150 0.0000000e+00 9.7479080e-04 4.2258990e-07
     61    151 0.0000000e+00 2.1452720e-03 6.2476530e-06
     61    152 0.0000000e+00 1.2345390e-03 1.7340500e-05
     61    152 1.0000000e+00 1.8928550e-03 2.3903950e-05
     61    152 2.0000000e+00 0.0000000e+00 0.0000000e+00
     61    153 0.0000000e+00 3.1197850e-03 2.0395380e-04
     61    154 0.0000000e+00 5.1038380e-04 8.9359350e-05
     61    154 1.0000000e+00 1.6264540e-03 2.9855800e-04
     61    155 0.0000000e+00 1.0817140e-03 6.3120990e-04
     61    156 0.0000000e+00 3.6711790e-04 5.8465280e-04
     61    157 0.0000000e+00 9.5255990e-05 4.0731100e-04
     61    158 0.0000000e+00 1.4288100e-05 2.4600770e-04
     61    159 0.0000000e+00 1.4822000e-06 9.6209570e-05
     61    160 0.0000000e+00 1.2133310e-07 2.4840700e-05
     61    161 0.0000000e+00 5.5968450e-09 4.7615210e-06
     61    162 0.0000000e+00 1.1161500e-10 3.6089590e-07
     61    163 0.0000000e+00 1.8445200e-12 1.1073950e-08
     61    164 0.0000000e+00 1.7489200e-14 1.7453400e-10
     61    165 0.0000000e+00 0.0000000e+00 0.0000000e+00
     61    166 0.0000000e+00 0.0000000e+00 0.0000000e+00
     62    146 0.0000000e+00 1.5414400e-10 7.7072100e-11
     62    147 0.0000000e+00 6.9727760e-09 3.4863880e-09
     62    148 0.0000000e+00 1.2558590e-07 2.7305200e-14
     62    149 0.0000000e+00 1.9047350e-06 1.8583700e-12
     62    150 0.0000000e+00 1.6735810e-05 7.7164500e-11
     62    151 0.0000000e+00 8.8341440e-05 3.4424130e-09
     62    152 0.0000000e+00 3.7015610e-04 9.4052720e-08
     62    153 0.0000000e+00 3.1792700e-04 4.9806220e-07
     62    153 1.0000000e+00 4.3033020e-04 8.0538590e-07
     62    154 0.0000000e+00 1.3947250e-03 8.5053620e-06
     62    155 0.0000000e+00 1.5116100e-03 2.9974400e-05
     62    156 0.0000000e+00 1.2458520e-03 1.1854390e-04
     62    157 0.0000000e+00 6.7796990e-04 2.4212400e-04
     62    158 0.0000000e+00 2.7859450e-04 2.6861470e-04
     62    159 0.0000000e+00 6.7383820e-05 1.6172600e-04
     62    160 0.0000000e+00 1.4735440e-05 1.0303200e-04
     62    161 0.0000000e+00 1.6408750e-06 5.4597320e-05
     62    162 0.0000000e+00 9.8235300e-08 1.6675670e-05
     62    163 0.0000000e+00 3.8040660e-09 1.8143230e-06
     62    164 0.0000000e+00 1.1221900e-10 9.6168370e-08
     62    165 0.0000000e+00 2.1906700e-12 1.4260490e-08
     62    166 0.0000000e+00 3.8687100e-14 9.7268700e-10
     62    167 0.0000000e+00 0.0000000e+00 0.0000000e+00
     62    168 0.0000000e+00 0.0000000e+00 0.0000000e+00
     63    149 0.0000000e+00 8.9755700e-10 4.4877800e-10
     63    150 0.0000000e+00 1.6216010e-08 8.1080050e-09
     63    150 1.0000000e+00 3.3449290e-09 1.6724650e-09
     63    151 0.0000000e+00 3.1908540e-07 8.9313600e-14
     63    152 0.0000000e+00 1.5472110e-06 3.1998900e-12
     63    152 1.0000000e+00 1.5168690e-07 3.1371500e-13
     63    152 2.0000000e+00 1.6685570e-06 3.4508600e-12
     63    153 0.0000000e+00 1.8107360e-05 2.9257800e-10
     63    154 0.0000000e+00 3.3850000e-05 2.8300260e-09
     63    154 1.0000000e+00 4.7414700e-05 3.9641000e-09
     63    155 0.0000000e+00 2.4218510e-04 7.5935700e-08
     63    156 0.0000000e+00 4.0376420e-04 8.0906670e-07
     63    157 0.0000000e+00 5.4154640e-04 7.1968820e-06
     63    158 0.0000000e+00 4.7823950e-04 2.3738910e-05
     63    159 0.0000000e+00 3.0259510e-04 5.5001960e-05
     63    160 0.0000000e+00 1.3733610e-04 6.2407740e-05
     63    161 0.0000000e+00 4.1468930e-05 5.6874810e-05
     63    162 0.0000000e+00 5.8341350e-06 2.4469640e-05
     63    163 0.0000000e+00 6.0050930e-07 1.1748420e-05
     63    164 0.0000000e+00 4.4656020e-08 2.2614410e-06
     63    165 0.0000000e+00 2.6946370e-09 8.7462660e-07
     63    166 0.0000000e+00 1.0916200e-10 1.4336180e-07
     63    167 0.0000000e+00 2.5676600e-12 1.1513360e-08
     63    168 0.0000000e+00 6.4914000e-14 3.0721400e-10
     63    169 0.0000000e+00 0.0000000e+00 0.0000000e+00
     63    170 0.0000000e+00 0.0000000e+00 0.0000000e+00
     64    151 0.0000000e+00 9.0367400e-11 4.5183700e-11
     64    152 0.0000000e+00 3.0208790e-09 1.5104400e-09
     64    153 0.0000000e+00 3.6831150e-08 1.8415570e-08
     64    154 0.0000000e+00 5.1541530e-07 3.7527700e-13
     64    155 0.0000000e+00 3.1196040e-07 7.7837900e-13
     64    155 1.0000000e+00 3.4488620e-06 1.0756700e-11
     64    156 0.0000000e+00 1.6408770e-05 4.1152600e-10
     64    157 0.0000000e+00 4.7998760e-05 1.1443170e-08
     64    158 0.0000000e+00 1.1391130e-04 1.4134910e-07
     64    159 0.0000000e+00 1.5595290e-04 8.1622920e-07
     64    160 0.0000000e+00 1.6997440e-04 2.7229800e-06
     64    161 0.0000000e+00 1.0848470e-04 6.4935200e-06
     64    162 0.0000000e+00 3.9961140e-05 1.3645660e-05
     64    163 0.0000000e+00 8.5581360e-06 1.1429850e-05
     64    164 0.0000000e+00 1.8071080e-06 3.3606090e-06
     64    165 0.0000000e+00 2.6161950e-07 1.9689840e-06
     64    166 0.0000000e+00 2.8484340e-08 1.0149800e-06
     64    167 0.0000000e+00 1.6217710e-09 3.0211160e-07
     64    168 0.0000000e+00 9.8372300e-11 3.8192980e-08
     64    169 0.0000000e+00 2.4211600e-12 5.4494980e-09
     64    170 0.0000000e+00 9.9545100e-14 5.5180000e-10
     64    171 0.0000000e+00 1.3914100e-15 6.0173500e-11
     64    172 0.0000000e+00 0.0000000e+00 0.0000000e+00
     65    154 0.0000000e+00 1.5318400e-11 7.6592000e-12
     65    154 1.0000000e+00 1.5573800e-10 7.7868800e-11
     65    154 2.0000000e+00 4.1700100e-11 2.0850100e-11
     65    155 0.0000000e+00 4.7936220e-09 2.3968110e-09
     65    156 0.0000000e+00 1.9092930e-08 2.6438200e-15
     65    156 1.0000000e+00 1.8627240e-09 2.5793400e-16
     65    156 2.0000000e+00 2.6732740e-08 4.6271100e-15
     65    157 0.0000000e+00 3.9107440e-07 8.6636700e-13
     65    158 0.0000000e+00 9.0219080e-07 1.1651300e-11
     65    158 1.0000000e+00 8.8018560e-08 1.1367100e-12
     65    158 2.0000000e+00 1.2433150e-06 2.0070900e-11
     65    159 0.0000000e+00 8.5614570e-06 6.2837300e-10
     65    160 0.0000000e+00 1.9583570e-05 4.3623210e-09
     65    161 0.0000000e+00 3.2569950e-05 3.5056750e-08
     65    162 0.0000000e+00 2.5581950e-05 1.6138690e-07
     65    163 0.0000000e+00 1.3079670e-05 8.8835100e-07
     65    164 0.0000000e+00 6.0294950e-06 8.1882060e-07
     65    165 0.0000000e+00 2.3714220e-06 1.2561660e-06
     65    166 0.0000000e+00 5.3793350e-07 9.4615910e-07
     65    167 0.0000000e+00 8.5152660e-08 3.6726510e-07
     65    168 0.0000000e+00 9.8170740e-09 1.5137270e-07
     65    169 0.0000000e+00 8.8256400e-10 8.7299560e-08
     65    170 0.0000000e+00 8.6004600e-11 2.3246060e-08
     65    171 0.0000000e+00 3.6469600e-12 5.6683670e-09
     65    172 0.0000000e+00 1.3651500e-13 7.3261000e-10
     66    157 0.0000000e+00 2.1611700e-11 1.0805800e-11
     66    157 1.0000000e+00 2.3393600e-10 1.1696800e-10
     66    158 0.0000000e+00 4.4233590e-09 2.2116800e-09
     66    159 0.0000000e+00 4.1897090e-08 2.2790000e-14
     66    160 0.0000000e+00 2.5890880e-07 4.9229700e-13
     66    161 0.0000000e+00 9.9730410e-07 9.4233000e-12
     66    162 0.0000000e+00 2.1606790e-06 2.3844600e-10
     66    163 0.0000000e+00 2.2694470e-06 3.2434270e-09
     66    164 0.0000000e+00 2.7866460e-06 9.9534540e-09
     66    165 0.0000000e+00 2.1777030e-06 2.9947570e-08
     66    165 1.0000000e+00 1.8275620e-07 2.7021740e-09
     66    166 0.0000000e+00 1.2788420e-06 7.6843690e-08
     66    167 0.0000000e+00 4.3244920e-07 1.2082480e-07
     66    168 0.0000000e+00 1.0967620e-07 1.4191340e-07
     66    169 0.0000000e+00 2.7586380e-08 9.2136960e-08
     66    170 0.0000000e+00 7.2099290e-09 4.0201750e-08
     66    171 0.0000000e+00 7.4151300e-10 2.4899560e-08
     66    172 0.0000000e+00 8.0754000e-11 1.3044450e-08
     67    160 0.0000000e+00 1.1685300e-10 5.8426600e-11
     67    160 1.0000000e+00 4.2930300e-11 2.1465100e-11
     67    160 2.0000000e+00 6.9790400e-11 3.4895200e-11
     67    161 0.0000000e+00 2.3094220e-09 1.1547110e-09
     67    161 1.0000000e+00 3.0897000e-10 1.5448500e-10
     67    162 0.0000000e+00 3.6831080e-09 2.5905800e-15
     67    162 1.0000000e+00 1.0059820e-08 7.0757900e-15
     67    163 0.0000000e+00 3.3851160e-08 5.1279000e-13
     67    163 1.0000000e+00 4.5288380e-09 6.8604400e-14
     67    164 0.0000000e+00 2.9885000e-08 1.3745000e-12
     67    164 1.0000000e+00 8.1626220e-08 3.7542400e-12
     67    165 0.0000000e+00 2.6109160e-07 4.4037500e-11
     67    166 0.0000000e+00 6.2575990e-08 5.5064900e-11
     67    166 1.0000000e+00 2.2429880e-07 1.9737600e-10
     67    167 0.0000000e+00 2.4567890e-07 1.3753150e-09
     67    168 0.0000000e+00 8.8027620e-08 4.9611690e-09
     67    168 1.0000000e+00 2.1569890e-08 2.2232780e-09
     67    169 0.0000000e+00 8.5878190e-08 1.7857110e-08
     67    170 0.0000000e+00 4.5033820e-08 2.0300150e-08
     67    170 1.0000000e+00 3.0925010e-09 1.5240270e-09
     67    171 0.0000000e+00 1.3363510e-08 2.2851400e-08
     67    172 0.0000000e+00 3.3145940e-09 1.3897270e-08
     68    163 0.0000000e+00 5.3589200e-11 2.6794600e-11
     68    164 0.0000000e+00 4.7177800e-10 2.3588900e-10
     68    165 0.0000000e+00 2.7087930e-09 1.3543970e-09
     68    166 0.0000000e+00 7.7419340e-09 4.8729300e-14
     68    167 0.0000000e+00 1.3241260e-08 7.0812200e-13
     68    167 1.0000000e+00 1.7715090e-09 9.4737000e-14
     68    168 0.0000000e+00 1.4656900e-08 1.8554800e-11
     68    169 0.0000000e+00 3.0529650e-08 1.3153200e-10
     68    170 0.0000000e+00 4.2197780e-08 4.6175400e-10
     68    171 0.0000000e+00 2.5211800e-08 1.2178780e-09
     68    172 0.0000000e+00 1.6191350e-08 2.8662430e-09
     69    166 0.0000000e+00 1.8848600e-12 9.4242800e-13
     69    166 1.0000000e+00 1.2804700e-11 6.4023600e-12
     69    167 0.0000000e+00 8.2067000e-11 4.1033500e-11
     69    168 0.0000000e+00 1.5373100e-10 7.6865400e-11
     69    169 0.0000000e+00 1.1172730e-09 4.8575200e-14
     69    170 0.0000000e+00 3.3504530e-09 4.2122000e-13
     69    171 0.0000000e+00 5.3672630e-09 3.1748600e-12
     69    172 0.0000000e+00 7.2940820e-09 1.9635000e-11
     70    168 0.0000000e+00 1.5764600e-13 7.8823100e-14
     70    169 0.0000000e+00 3.1097300e-12 1.5548600e-12
     70    169 1.0000000e+00 4.1604100e-13 2.0802000e-13
     70    170 0.0000000e+00 2.9394700e-11 1.4697300e-11
     70    171 0.0000000e+00 1.6736100e-12 8.3680700e-13
     70    171 1.0000000e+00 1.1040100e-10 5.5200300e-11
     70    172 0.0000000e+00 4.1733000e-10 8.0990700e-15
     71    172 0.0000000e+00 8.7890200e-13 4.3945100e-13
     71    172 1.0000000e+00 8.7890200e-13 4.3945100e-13


