    2   6.9256E-05
    3   0.0000E+00
    4   1.0786E-03
    5   1.5062E-05
    6   1.5177E-06
    7   3.4734E-08
    8   5.4237E-07
    9   3.0803E-07
   10   2.8331E-07
   65   2.7818E-07
   66   5.0733E-07
   67   1.5855E-06
   68   3.0820E-06
   69   4.1632E-06
   70   1.6138E-05
   71   8.6529E-06
   72   2.7175E-05
   73   5.1523E-05
   74   8.0312E-05
   75   1.4548E-04
   76   2.1238E-04
   77   3.0678E-04
   78   6.4044E-04
   79   1.2672E-03
   80   2.1014E-03
   81   3.1755E-03
   82   4.5570E-03
   83   6.6924E-03
   84   9.6489E-03
   85   1.1630E-02
   86   1.5303E-02
   87   1.6582E-02
   88   2.0570E-02
   89   2.8963E-02
   90   3.3815E-02
   91   3.9098E-02
   92   3.8904E-02
   93   4.3149E-02
   94   4.8764E-02
   95   4.9473E-02
   96   5.9936E-02
   97   4.9970E-02
   98   5.4259E-02
   99   5.7847E-02
  100   4.8835E-02
  101   5.7221E-02
  102   7.2816E-02
  103   2.0295E-02
  104   3.9451E-02
  105   3.2648E-02
  106   2.6536E-02
  107   1.5103E-02
  108   1.2265E-02
  109   1.4930E-02
  110   6.6763E-03
  111   9.9648E-03
  112   1.0214E-02
  113   8.3620E-03
  114   6.7076E-03
  115   1.0855E-02
  116   3.6814E-03
  117   5.4645E-03
  118   8.7596E-03
  119   6.7140E-03
  120   7.7257E-03
  121   8.6389E-03
  122   1.2929E-02
  123   3.7864E-03
  124   1.0394E-02
  125   1.1507E-02
  126   1.3182E-02
  127   1.5030E-02
  128   2.2415E-02
  129   1.6619E-02
  130   3.1637E-02
  131   5.4721E-02
  132   3.4139E-02
  133   6.0194E-02
  134   6.4381E-02
  135   7.2790E-02
  136   4.0713E-02
  137   7.4955E-02
  138   4.1117E-02
  139   3.7384E-02
  140   4.6444E-02
  141   4.4256E-02
  142   4.0353E-02
  143   3.9319E-02
  144   5.3598E-02
  145   1.4188E-02
  146   2.4551E-02
  147   2.1892E-02
  148   1.6586E-02
  149   1.4540E-02
  150   1.1038E-02
  151   1.0793E-02
  152   2.4238E-03
  153   3.9357E-03
  154   2.5628E-03
  155   1.5284E-03
  156   1.1486E-03
  157   8.3709E-04
  158   3.9758E-04
  159   2.6129E-04
  160   1.9592E-04
  161   4.6447E-05
  162   5.9619E-05
  163   3.4083E-05
  164   2.2289E-05
  165   8.7320E-06
  166   7.5996E-06
  167   2.4350E-06
  168   2.0100E-06
  169   1.2982E-06
  170   5.9835E-07
  171   3.3073E-07
  172   2.1354E-07
