# header:
#   title: "U238+n induced fission product yield"
#   source: "ENDF"
#   creator: "Shin Okumura"
#   date: 2023-07-14
#   format: "YANDF-0.1"
# endf:
#   library: "jendl5.0"
#   author: "K.Tsubakihara"
#   year: 2020
# target:
#   Z: 92
#   A: 238
#   nuclide: "U238"
# reaction:
#   type: "(n,f)"
#   Incident energy [MeV]:  5.000000e+05
# datablock:
#   quantity: "cumulative fission product yield"
#   columns: 4
#   entries: 1299
##   A      Z  ISO           Yield         dYield
##                           %/fission     %/fission
      1      1 0.0000000e+00 1.9679900e-05 6.7859990e-06
      1      2 0.0000000e+00 6.0143400e-06 2.0281630e-06
      1      3 0.0000000e+00 8.5805800e-05 2.7107170e-05
      2      3 0.0000000e+00 8.5805800e-05 2.7107170e-05
      2      4 0.0000000e+00 1.4298740e-03 4.3670310e-04
      2      6 0.0000000e+00 1.9958200e-05 9.9791000e-06
      2      8 0.0000000e+00 3.7310200e-07 1.8655100e-07
      3      6 0.0000000e+00 2.1451020e-05 1.0006980e-05
      3      7 0.0000000e+00 6.3073930e-07 2.6509750e-07
      3      8 0.0000000e+00 3.4131280e-07 1.5736710e-07
      3      9 0.0000000e+00 3.2960300e-08 1.6480150e-08
      4      7 0.0000000e+00 5.2473100e-07 2.6236550e-07
      4      8 0.0000000e+00 6.7415470e-07 2.2322390e-07
      4      9 0.0000000e+00 3.8976630e-07 1.8690390e-07
      4     10 0.0000000e+00 3.7345100e-07 1.8672550e-07
     23     66 0.0000000e+00 8.0546000e-15 4.0301700e-15
     24     66 0.0000000e+00 2.3456500e-11 1.1735900e-11
     24     67 0.0000000e+00 1.1632300e-11 5.8203100e-12
     24     68 0.0000000e+00 7.9303900e-13 3.9680200e-13
     24     69 0.0000000e+00 1.4632800e-14 7.3216000e-15
     24     70 0.0000000e+00 0.0000000e+00 0.0000000e+00
     25     66 0.0000000e+00 2.0139630e-09 2.1143810e-09
     25     67 0.0000000e+00 3.8515130e-09 4.1141000e-09
     25     68 0.0000000e+00 6.4524500e-10 3.2252000e-10
     25     69 0.0000000e+00 6.2724900e-11 3.1381600e-11
     25     70 0.0000000e+00 8.4903600e-12 4.2482100e-12
     25     71 0.0000000e+00 4.4740900e-13 2.2386400e-13
     25     72 0.0000000e+00 3.5280500e-15 1.7652800e-15
     25     73 0.0000000e+00 3.6947800e-16 1.8487100e-16
     26     66 0.0000000e+00 2.3556200e-08 1.3719970e-08
     26     67 0.0000000e+00 7.8143170e-08 6.8716190e-08
     26     68 0.0000000e+00 4.9258440e-08 4.9302440e-08
     26     69 0.0000000e+00 1.2418890e-08 1.3200810e-08
     26     70 0.0000000e+00 4.7773890e-09 5.1326130e-09
     26     71 0.0000000e+00 6.2982700e-10 3.1511700e-10
     26     72 0.0000000e+00 3.6099700e-11 1.8062200e-11
     26     73 0.0000000e+00 8.0596800e-12 4.0327000e-12
     26     74 0.0000000e+00 5.4820500e-13 2.7429800e-13
     26     75 0.0000000e+00 5.3805600e-15 2.6922000e-15
     26     76 0.0000000e+00 0.0000000e+00 0.0000000e+00
     27     66 0.0000000e+00 3.5930420e-08 1.0820870e-08
     27     67 0.0000000e+00 1.9870740e-07 6.4249660e-08
     27     68 0.0000000e+00 8.7781630e-08 7.7207520e-08
     27     68 1.0000000e+00 1.1409810e-07 7.3286180e-08
     27     69 0.0000000e+00 1.7178840e-07 1.2410100e-07
     27     70 0.0000000e+00 5.1534100e-08 4.9813040e-08
     27     70 1.0000000e+00 5.0496450e-08 5.3331030e-08
     27     71 0.0000000e+00 5.0463460e-08 5.2722980e-08
     27     72 0.0000000e+00 9.4759160e-09 1.0054950e-08
     27     73 0.0000000e+00 7.6754490e-09 8.1958270e-09
     27     74 0.0000000e+00 1.1987360e-09 1.2837790e-09
     27     75 0.0000000e+00 8.2748400e-11 4.1401500e-11
     27     76 0.0000000e+00 6.2908900e-12 3.1476900e-12
     27     77 0.0000000e+00 2.5474200e-12 1.2746200e-12
     27     78 0.0000000e+00 7.7454900e-14 3.8755100e-14
     28     66 0.0000000e+00 3.6987650e-08 1.0783190e-08
     28     67 0.0000000e+00 2.2176520e-07 6.3008360e-08
     28     68 0.0000000e+00 2.7180940e-07 7.5565190e-08
     28     69 0.0000000e+00 1.4790280e-07 1.1206370e-07
     28     69 1.0000000e+00 2.0130600e-07 1.1978280e-07
     28     70 0.0000000e+00 4.0630760e-07 1.0272300e-07
     28     71 0.0000000e+00 3.4348540e-07 1.7561860e-07
     28     72 0.0000000e+00 2.7911120e-07 2.1828290e-07
     28     73 0.0000000e+00 4.1519100e-07 4.1626680e-07
     28     74 0.0000000e+00 2.3076200e-07 2.4431310e-07
     28     75 0.0000000e+00 5.2795800e-08 5.6423610e-08
     28     76 0.0000000e+00 1.5953960e-08 1.7075330e-08
     28     77 0.0000000e+00 1.0269800e-08 3.9636820e-09
     28     78 0.0000000e+00 1.8536540e-09 9.2748200e-10
     28     79 0.0000000e+00 1.2854700e-10 6.4319600e-11
     28     80 0.0000000e+00 6.8308400e-12 3.4178600e-12
     28     81 0.0000000e+00 1.3212700e-13 6.6110500e-14
     28     82 0.0000000e+00 0.0000000e+00 0.0000000e+00
     29     66 0.0000000e+00 3.6990340e-08 1.0783190e-08
     29     67 0.0000000e+00 2.2187660e-07 6.3008280e-08
     29     68 0.0000000e+00 2.7287550e-07 7.5562070e-08
     29     68 1.0000000e+00 8.6950100e-10 9.2675500e-10
     29     69 0.0000000e+00 3.6158770e-07 1.0209010e-07
     29     70 0.0000000e+00 5.0789330e-08 1.8082300e-08
     29     70 1.0000000e+00 3.7011660e-08 3.9114480e-08
     29     70 2.0000000e+00 4.0263700e-07 1.0179500e-07
     29     71 0.0000000e+00 4.8179190e-07 1.4380830e-07
     29     72 0.0000000e+00 5.6081390e-07 1.7833950e-07
     29     73 0.0000000e+00 1.6929160e-06 5.1696140e-07
     29     74 0.0000000e+00 1.5623050e-06 1.0210760e-06
     29     75 0.0000000e+00 1.4603980e-06 1.3600300e-06
     29     76 0.0000000e+00 6.8064160e-07 7.0555770e-07
     29     76 1.0000000e+00 2.2049000e-07 2.3563220e-07
     29     77 0.0000000e+00 1.6365790e-06 6.2584510e-07
     29     78 0.0000000e+00 7.9319890e-07 5.7969550e-07
     29     79 0.0000000e+00 2.9325540e-07 2.0562410e-07
     29     80 0.0000000e+00 3.2623330e-08 2.9956630e-08
     29     81 0.0000000e+00 2.8913430e-09 1.4466870e-09
     29     82 0.0000000e+00 1.3506700e-10 6.7581600e-11
     29     83 0.0000000e+00 9.2344400e-12 4.6205200e-12
     29     84 0.0000000e+00 1.9895100e-13 9.9546600e-14
     30     66 0.0000000e+00 3.6990340e-08 1.0783190e-08
     30     67 0.0000000e+00 2.2187660e-07 6.3008280e-08
     30     68 0.0000000e+00 2.7299910e-07 7.5562410e-08
     30     69 0.0000000e+00 3.6164020e-07 1.0209010e-07
     30     69 1.0000000e+00 4.3718000e-11 4.6703000e-11
     30     70 0.0000000e+00 4.4594420e-07 9.6628570e-08
     30     71 0.0000000e+00 3.8980870e-07 1.1566590e-07
     30     71 1.0000000e+00 9.7126550e-08 2.8489330e-08
     30     72 0.0000000e+00 6.0583380e-07 1.7450230e-07
     30     73 0.0000000e+00 1.9619450e-06 4.5637820e-07
     30     73 1.0000000e+00 8.9659610e-08 9.3426660e-08
     30     74 0.0000000e+00 2.7664230e-06 7.9914770e-07
     30     75 0.0000000e+00 4.1985670e-06 1.3861340e-06
     30     76 0.0000000e+00 6.8038520e-06 2.2646360e-06
     30     77 0.0000000e+00 1.3345270e-05 2.5810940e-06
     30     77 1.0000000e+00 7.0400840e-06 1.6417170e-06
     30     78 0.0000000e+00 3.3805190e-05 2.1193680e-05
     30     79 0.0000000e+00 2.8803470e-05 1.9917470e-05
     30     80 0.0000000e+00 1.3005800e-05 1.1896320e-05
     30     81 0.0000000e+00 2.9450100e-06 2.1756140e-06
     30     82 0.0000000e+00 6.2357800e-07 3.4531050e-07
     30     83 0.0000000e+00 9.1037430e-08 4.5550700e-08
     30     84 0.0000000e+00 9.9427800e-09 4.9749190e-09
     30     85 0.0000000e+00 1.3567700e-10 6.7886900e-11
     30     86 0.0000000e+00 5.9591500e-12 2.9817000e-12
     31     67 0.0000000e+00 0.0000000e+00 0.0000000e+00
     31     68 0.0000000e+00 0.0000000e+00 0.0000000e+00
     31     69 0.0000000e+00 3.6164030e-07 1.0209010e-07
     31     70 0.0000000e+00 3.5966400e-13 1.7996000e-13
     31     71 0.0000000e+00 4.8694730e-07 1.4393750e-07
     31     72 0.0000000e+00 6.0608750e-07 1.7450350e-07
     31     72 1.0000000e+00 2.1069160e-08 6.0685810e-09
     31     73 0.0000000e+00 2.0585880e-06 4.4868630e-07
     31     74 0.0000000e+00 2.8122890e-06 8.1715000e-07
     31     74 1.0000000e+00 1.8686570e-06 5.3600340e-07
     31     75 0.0000000e+00 4.6212210e-06 1.3404850e-06
     31     76 0.0000000e+00 8.3880530e-06 1.7573440e-06
     31     77 0.0000000e+00 3.1934190e-05 3.0157800e-06
     31     78 0.0000000e+00 9.5356070e-05 2.4297720e-05
     31     79 0.0000000e+00 2.1601620e-04 7.3328810e-05
     31     80 0.0000000e+00 1.6466800e-04 1.1644150e-04
     31     81 0.0000000e+00 1.6700480e-04 1.1432430e-04
     31     82 0.0000000e+00 8.5574950e-05 4.6883790e-05
     31     83 0.0000000e+00 4.2641230e-05 2.1997180e-05
     31     84 0.0000000e+00 1.2430340e-05 7.5970220e-06
     31     85 0.0000000e+00 7.2218320e-07 2.8574880e-07
     31     86 0.0000000e+00 7.1830410e-08 3.5939960e-08
     31     87 0.0000000e+00 1.6940150e-09 8.4761100e-10
     31     88 0.0000000e+00 7.9607600e-12 3.9832200e-12
     31     89 0.0000000e+00 2.9372900e-13 1.4696900e-13
     32     69 0.0000000e+00 0.0000000e+00 0.0000000e+00
     32     70 0.0000000e+00 3.5818900e-13 1.7922200e-13
     32     71 0.0000000e+00 0.0000000e+00 0.0000000e+00
     32     71 1.0000000e+00 0.0000000e+00 0.0000000e+00
     32     72 0.0000000e+00 6.0608760e-07 1.7450350e-07
     32     73 0.0000000e+00 2.0585950e-06 4.4868680e-07
     32     73 1.0000000e+00 2.0279020e-06 4.4199790e-07
     32     74 0.0000000e+00 2.8124750e-06 8.1715000e-07
     32     75 0.0000000e+00 4.6250440e-06 1.3406310e-06
     32     75 1.0000000e+00 3.4374040e-07 9.9679930e-08
     32     76 0.0000000e+00 8.4420190e-06 1.7565690e-06
     32     77 0.0000000e+00 6.8432340e-06 6.6101410e-07
     32     77 1.0000000e+00 3.2174930e-05 3.0153990e-06
     32     78 0.0000000e+00 1.1247130e-04 2.2757700e-05
     32     79 0.0000000e+00 2.8610820e-04 6.3686640e-05
     32     79 1.0000000e+00 3.7350450e-05 1.6417150e-05
     32     80 0.0000000e+00 4.2783930e-04 6.7967260e-05
     32     81 0.0000000e+00 4.3918750e-04 1.6597980e-04
     32     81 1.0000000e+00 2.6385370e-04 1.1593910e-04
     32     82 0.0000000e+00 1.3474190e-03 3.3270200e-04
     32     83 0.0000000e+00 1.1776630e-03 4.6086610e-04
     32     84 0.0000000e+00 1.2437890e-03 6.9889610e-04
     32     85 0.0000000e+00 1.9105840e-04 7.4296860e-05
     32     86 0.0000000e+00 7.0188230e-05 2.6078640e-05
     32     87 0.0000000e+00 4.9388560e-06 1.7185560e-06
     32     88 0.0000000e+00 1.7961130e-07 6.2997480e-08
     32     89 0.0000000e+00 1.1826070e-08 5.9172450e-09
     32     90 0.0000000e+00 1.9001300e-10 9.5074400e-11
     32     91 0.0000000e+00 3.4484800e-12 1.7254700e-12
     33     72 0.0000000e+00 0.0000000e+00 0.0000000e+00
     33     73 0.0000000e+00 0.0000000e+00 0.0000000e+00
     33     74 0.0000000e+00 2.1475700e-14 1.0745500e-14
     33     75 0.0000000e+00 4.6251490e-06 1.3406610e-06
     33     76 0.0000000e+00 5.3590900e-11 5.7379500e-11
     33     77 0.0000000e+00 3.2909030e-05 3.0570310e-06
     33     78 0.0000000e+00 1.1266100e-04 2.2757470e-05
     33     79 0.0000000e+00 3.2667830e-04 6.5417200e-05
     33     80 0.0000000e+00 4.4733800e-04 6.5955010e-05
     33     81 0.0000000e+00 8.5721650e-04 1.6360830e-04
     33     82 0.0000000e+00 1.7809630e-03 3.1174270e-04
     33     82 1.0000000e+00 3.0366340e-04 1.5070100e-04
     33     83 0.0000000e+00 3.7152460e-03 1.4173550e-04
     33     84 0.0000000e+00 5.7689990e-03 1.0673450e-03
     33     85 0.0000000e+00 3.2023310e-03 8.1204340e-04
     33     86 0.0000000e+00 2.3046900e-03 6.7221440e-04
     33     87 0.0000000e+00 7.4689230e-04 2.5091870e-04
     33     88 0.0000000e+00 1.0194540e-04 3.5617780e-05
     33     89 0.0000000e+00 1.9271740e-05 7.2858570e-06
     33     90 0.0000000e+00 1.7457060e-06 7.1519700e-07
     33     91 0.0000000e+00 1.1882910e-07 5.9456300e-08
     33     92 0.0000000e+00 6.5898060e-09 3.2972530e-09
     33     93 0.0000000e+00 6.7500500e-11 3.3774300e-11
     33     94 0.0000000e+00 8.3658800e-13 4.1859200e-13
     33     95 0.0000000e+00 0.0000000e+00 0.0000000e+00
     34     74 0.0000000e+00 7.3017300e-15 3.6786300e-15
     34     75 0.0000000e+00 0.0000000e+00 0.0000000e+00
     34     76 0.0000000e+00 5.3590900e-11 5.7379500e-11
     34     77 0.0000000e+00 3.2909030e-05 3.0577250e-06
     34     77 1.0000000e+00 1.0904880e-07 1.1407340e-08
     34     78 0.0000000e+00 1.1266120e-04 2.2757470e-05
     34     79 0.0000000e+00 3.2651200e-04 6.5381570e-05
     34     79 1.0000000e+00 3.1892060e-04 6.3863190e-05
     34     80 0.0000000e+00 4.4751250e-04 6.5954840e-05
     34     81 0.0000000e+00 8.6049240e-04 1.6380840e-04
     34     81 1.0000000e+00 3.2528750e-05 7.1297650e-06
     34     82 0.0000000e+00 2.1454320e-03 2.9360140e-04
     34     83 0.0000000e+00 1.8342860e-03 7.7925410e-05
     34     83 1.0000000e+00 2.2485320e-03 8.0847300e-05
     34     84 0.0000000e+00 1.0094800e-02 1.2014900e-04
     34     85 0.0000000e+00 5.8265740e-03 1.6469080e-04
     34     86 0.0000000e+00 1.0429550e-02 5.0106470e-04
     34     87 0.0000000e+00 7.7451000e-03 1.0083310e-03
     34     88 0.0000000e+00 5.0921170e-03 1.2450860e-03
     34     89 0.0000000e+00 1.5083440e-03 5.9763590e-04
     34     90 0.0000000e+00 7.3986260e-04 3.1317620e-04
     34     91 0.0000000e+00 1.4998910e-04 5.6776010e-05
     34     92 0.0000000e+00 2.9877080e-05 1.0158260e-05
     34     93 0.0000000e+00 8.2406260e-07 2.8848570e-07
     34     94 0.0000000e+00 4.5978520e-08 2.3005570e-08
     34     95 0.0000000e+00 3.1056200e-11 1.5539200e-11
     34     96 0.0000000e+00 3.0595000e-11 1.5308400e-11
     35     77 0.0000000e+00 0.0000000e+00 0.0000000e+00
     35     77 1.0000000e+00 0.0000000e+00 0.0000000e+00
     35     78 0.0000000e+00 0.0000000e+00 0.0000000e+00
     35     79 0.0000000e+00 1.7859710e-07 3.9588020e-08
     35     79 1.0000000e+00 1.2426100e-12 6.2174700e-13
     35     80 0.0000000e+00 4.6491000e-11 1.6517400e-11
     35     80 1.0000000e+00 2.5371500e-11 1.2694800e-11
     35     81 0.0000000e+00 8.6051300e-04 1.6381150e-04
     35     82 0.0000000e+00 7.3936290e-07 2.9179550e-07
     35     82 1.0000000e+00 4.2567100e-07 2.3577490e-07
     35     83 0.0000000e+00 4.0863410e-03 5.5556020e-05
     35     84 0.0000000e+00 1.0111930e-02 1.1969640e-04
     35     84 1.0000000e+00 2.2279570e-05 1.3570200e-05
     35     85 0.0000000e+00 6.2273130e-03 7.8970840e-05
     35     86 0.0000000e+00 1.2233130e-02 1.3042210e-04
     35     87 0.0000000e+00 1.5467340e-02 2.8008590e-04
     35     88 0.0000000e+00 1.5112200e-02 1.1303770e-03
     35     89 0.0000000e+00 1.9613600e-02 1.4334950e-03
     35     90 0.0000000e+00 1.1618840e-02 2.2985590e-03
     35     91 0.0000000e+00 7.5407150e-03 2.3982700e-03
     35     92 0.0000000e+00 3.8105470e-03 1.2828090e-03
     35     93 0.0000000e+00 4.3472710e-04 1.5400620e-04
     35     94 0.0000000e+00 5.5328500e-05 2.1081470e-05
     35     95 0.0000000e+00 6.8722410e-07 2.6671440e-07
     35     96 0.0000000e+00 4.8976570e-07 2.4505270e-07
     35     97 0.0000000e+00 1.0644940e-09 5.3262600e-10
     35     98 0.0000000e+00 9.5058200e-11 4.7563000e-11
     35     99 0.0000000e+00 5.8640600e-12 2.9341200e-12
     35    100 0.0000000e+00 4.9874200e-14 2.4954900e-14
     36     79 0.0000000e+00 0.0000000e+00 0.0000000e+00
     36     79 1.0000000e+00 0.0000000e+00 0.0000000e+00
     36     80 0.0000000e+00 4.2632300e-11 1.5146600e-11
     36     81 0.0000000e+00 2.1889000e-13 9.7460100e-14
     36     81 1.0000000e+00 2.5829000e-14 1.2923700e-14
     36     82 0.0000000e+00 7.4962650e-07 2.9628660e-07
     36     83 0.0000000e+00 4.0863430e-03 5.5556040e-05
     36     83 1.0000000e+00 4.0791900e-03 5.5458790e-05
     36     84 0.0000000e+00 1.0134270e-02 1.1892670e-04
     36     85 0.0000000e+00 1.3405510e-03 1.7781360e-05
     36     85 1.0000000e+00 6.2211130e-03 7.8827790e-05
     36     86 0.0000000e+00 1.2665910e-02 1.2931250e-04
     36     87 0.0000000e+00 1.6762140e-02 1.6208580e-04
     36     88 0.0000000e+00 2.2006900e-02 2.8237130e-04
     36     89 0.0000000e+00 2.6077780e-02 7.1750830e-04
     36     90 0.0000000e+00 2.8357480e-02 1.0681430e-03
     36     91 0.0000000e+00 2.9449030e-02 2.0763770e-03
     36     92 0.0000000e+00 3.3648780e-02 1.7948920e-03
     36     93 0.0000000e+00 5.8084700e-03 1.6699510e-03
     36     94 0.0000000e+00 6.5169900e-03 2.4433030e-03
     36     95 0.0000000e+00 5.1636380e-04 2.0676290e-04
     36     96 0.0000000e+00 5.3088660e-04 2.1124880e-04
     36     97 0.0000000e+00 9.1226900e-06 3.2404420e-06
     36     98 0.0000000e+00 1.7783000e-06 6.2171280e-07
     36     99 0.0000000e+00 1.5334540e-07 7.6727000e-08
     36    100 0.0000000e+00 5.3089040e-09 2.6563370e-09
     36    101 0.0000000e+00 2.4185200e-11 1.2101200e-11
     36    102 0.0000000e+00 4.7092200e-13 2.3562900e-13
     37     81 0.0000000e+00 0.0000000e+00 0.0000000e+00
     37     81 1.0000000e+00 0.0000000e+00 0.0000000e+00
     37     82 0.0000000e+00 0.0000000e+00 0.0000000e+00
     37     82 1.0000000e+00 0.0000000e+00 0.0000000e+00
     37     83 0.0000000e+00 4.6906500e-14 2.3470000e-14
     37     84 0.0000000e+00 2.1309800e-12 1.0662500e-12
     37     84 1.0000000e+00 0.0000000e+00 0.0000000e+00
     37     85 0.0000000e+00 6.2427890e-03 7.9254250e-05
     37     86 0.0000000e+00 2.5964840e-08 6.9437430e-09
     37     86 1.0000000e+00 1.0821880e-08 4.0372670e-09
     37     87 0.0000000e+00 1.6763450e-02 1.6208520e-04
     37     88 0.0000000e+00 2.2032240e-02 2.8223620e-04
     37     89 0.0000000e+00 2.7753690e-02 3.8563130e-04
     37     90 0.0000000e+00 2.5877590e-02 8.5805360e-04
     37     90 1.0000000e+00 6.0354070e-03 7.6222120e-04
     37     91 0.0000000e+00 3.9274440e-02 8.0847170e-04
     37     92 0.0000000e+00 4.0324240e-02 1.2318890e-03
     37     93 0.0000000e+00 4.3705070e-02 1.5530840e-03
     37     94 0.0000000e+00 2.8831200e-02 2.7397780e-03
     37     95 0.0000000e+00 1.8524310e-02 3.5232730e-03
     37     96 0.0000000e+00 1.1221640e-02 3.3361810e-03
     37     97 0.0000000e+00 1.2735690e-03 4.5496160e-04
     37     98 0.0000000e+00 5.2136160e-04 1.8261290e-04
     37     98 1.0000000e+00 2.6769580e-04 9.4083690e-05
     37     99 0.0000000e+00 1.8438740e-04 6.6112850e-05
     37    100 0.0000000e+00 1.5582990e-05 5.9532810e-06
     37    101 0.0000000e+00 4.5795310e-07 1.6887690e-07
     37    102 0.0000000e+00 1.6196180e-08 8.1036750e-09
     37    103 0.0000000e+00 2.5684500e-10 1.2851400e-10
     37    104 0.0000000e+00 1.9651300e-12 9.8326500e-13
     37    105 0.0000000e+00 7.2737900e-15 3.6394900e-15
     38     83 0.0000000e+00 0.0000000e+00 0.0000000e+00
     38     83 1.0000000e+00 0.0000000e+00 0.0000000e+00
     38     84 0.0000000e+00 8.3108200e-14 4.1583700e-14
     38     85 0.0000000e+00 0.0000000e+00 0.0000000e+00
     38     85 1.0000000e+00 0.0000000e+00 0.0000000e+00
     38     86 0.0000000e+00 2.5964760e-08 6.9433820e-09
     38     87 0.0000000e+00 1.9683600e-10 7.8965300e-11
     38     87 1.0000000e+00 4.5952000e-11 2.2992400e-11
     38     88 0.0000000e+00 2.2032260e-02 2.8223620e-04
     38     89 0.0000000e+00 2.7753790e-02 3.8563130e-04
     38     90 0.0000000e+00 3.1762830e-02 5.0981340e-04
     38     91 0.0000000e+00 3.9387810e-02 8.0758710e-04
     38     92 0.0000000e+00 4.2916370e-02 1.1160730e-03
     38     93 0.0000000e+00 5.1080900e-02 9.4053100e-04
     38     94 0.0000000e+00 4.3104350e-02 1.3204420e-03
     38     95 0.0000000e+00 4.4073250e-02 2.4161910e-03
     38     96 0.0000000e+00 5.1607560e-02 2.3486760e-03
     38     97 0.0000000e+00 4.0320980e-02 2.2617010e-03
     38     98 0.0000000e+00 2.1756930e-02 3.4793330e-03
     38     99 0.0000000e+00 1.5725150e-02 3.9927980e-03
     38    100 0.0000000e+00 3.7024470e-03 1.3713410e-03
     38    101 0.0000000e+00 3.6875000e-04 1.3586400e-04
     38    102 0.0000000e+00 4.0682210e-05 1.5976420e-05
     38    103 0.0000000e+00 3.1876910e-06 1.1107460e-06
     38    104 0.0000000e+00 7.5430490e-08 3.7741280e-08
     38    105 0.0000000e+00 8.0101500e-10 4.0079200e-10
     38    106 0.0000000e+00 0.0000000e+00 0.0000000e+00
     38    107 0.0000000e+00 0.0000000e+00 0.0000000e+00
     39     86 0.0000000e+00 0.0000000e+00 0.0000000e+00
     39     86 1.0000000e+00 0.0000000e+00 0.0000000e+00
     39     87 0.0000000e+00 0.0000000e+00 0.0000000e+00
     39     87 1.0000000e+00 0.0000000e+00 0.0000000e+00
     39     88 0.0000000e+00 3.0190900e-13 1.5106200e-13
     39     88 1.0000000e+00 0.0000000e+00 0.0000000e+00
     39     88 2.0000000e+00 0.0000000e+00 0.0000000e+00
     39     89 0.0000000e+00 2.7753790e-02 3.8563130e-04
     39     89 1.0000000e+00 2.6754690e-06 3.7236690e-08
     39     90 0.0000000e+00 3.1762830e-02 5.0981340e-04
     39     90 1.0000000e+00 4.5924900e-10 2.2978800e-10
     39     91 0.0000000e+00 3.9387880e-02 8.1326270e-04
     39     91 1.0000000e+00 2.3166280e-02 4.7733490e-04
     39     92 0.0000000e+00 4.2920480e-02 1.1160720e-03
     39     93 0.0000000e+00 5.1109260e-02 2.6149340e-03
     39     93 1.0000000e+00 1.6942010e-02 1.3808070e-03
     39     94 0.0000000e+00 4.4647350e-02 1.2003870e-03
     39     95 0.0000000e+00 5.1322350e-02 5.0867100e-04
     39     96 0.0000000e+00 5.6098110e-02 1.9977660e-03
     39     96 1.0000000e+00 2.5640290e-03 8.6165760e-04
     39     97 0.0000000e+00 3.7744530e-02 1.9369310e-03
     39     97 1.0000000e+00 1.5892700e-02 1.4400160e-03
     39     97 2.0000000e+00 0.0000000e+00 0.0000000e+00
     39     98 0.0000000e+00 3.4261400e-02 3.3555520e-03
     39     98 1.0000000e+00 1.9568480e-02 3.3523900e-03
     39     99 0.0000000e+00 4.4216000e-02 3.2039890e-03
     39    100 0.0000000e+00 1.7394240e-02 3.4482680e-03
     39    100 1.0000000e+00 1.4220400e-03 4.1724430e-04
     39    101 0.0000000e+00 1.4645280e-02 3.4817970e-03
     39    102 0.0000000e+00 2.3047190e-03 8.8095080e-04
     39    102 1.0000000e+00 9.1980810e-04 3.3809300e-04
     39    103 0.0000000e+00 1.4252580e-03 4.9102720e-04
     39    104 0.0000000e+00 7.5475290e-05 3.0706760e-05
     39    105 0.0000000e+00 3.9625940e-06 1.4464330e-06
     39    106 0.0000000e+00 3.0656900e-12 1.1653400e-12
     39    107 0.0000000e+00 1.8296400e-14 9.1547400e-15
     39    108 0.0000000e+00 8.6574400e-17 4.3318100e-17
     39    109 0.0000000e+00 1.8978000e-17 9.4957700e-18
     40     88 0.0000000e+00 0.0000000e+00 0.0000000e+00
     40     89 0.0000000e+00 0.0000000e+00 0.0000000e+00
     40     89 1.0000000e+00 0.0000000e+00 0.0000000e+00
     40     90 0.0000000e+00 3.1762830e-02 5.0981340e-04
     40     90 1.0000000e+00 1.4402100e-14 5.2322700e-15
     40     91 0.0000000e+00 3.9387880e-02 8.1326270e-04
     40     92 0.0000000e+00 4.2920490e-02 1.1160720e-03
     40     93 0.0000000e+00 5.1109270e-02 2.6149340e-03
     40     94 0.0000000e+00 4.4647910e-02 1.2003870e-03
     40     95 0.0000000e+00 5.1345640e-02 5.0859240e-04
     40     96 0.0000000e+00 5.8911520e-02 1.8482460e-03
     40     97 0.0000000e+00 5.6138300e-02 5.8758790e-04
     40     98 0.0000000e+00 5.9432210e-02 8.1993280e-04
     40     99 0.0000000e+00 6.0358690e-02 8.5359300e-04
     40    100 0.0000000e+00 6.4902720e-02 8.8477400e-04
     40    101 0.0000000e+00 5.1597440e-02 2.5589760e-03
     40    102 0.0000000e+00 5.2801180e-02 2.7496970e-03
     40    103 0.0000000e+00 2.7974160e-02 4.1767510e-03
     40    104 0.0000000e+00 2.8250060e-02 3.0945270e-03
     40    105 0.0000000e+00 9.4839670e-04 3.3430110e-04
     40    106 0.0000000e+00 7.7505000e-06 2.9158220e-06
     40    107 0.0000000e+00 2.5490990e-07 9.6950790e-08
     40    108 0.0000000e+00 7.5490050e-09 4.4723460e-09
     40    109 0.0000000e+00 7.9868800e-10 2.8786200e-10
     40    110 0.0000000e+00 1.2047600e-12 6.0280800e-13
     40    111 0.0000000e+00 5.5408080e-09 2.7723800e-09
     40    112 0.0000000e+00 7.4201900e-12 3.7127400e-12
     41     90 0.0000000e+00 0.0000000e+00 0.0000000e+00
     41     90 1.0000000e+00 0.0000000e+00 0.0000000e+00
     41     91 0.0000000e+00 0.0000000e+00 0.0000000e+00
     41     91 1.0000000e+00 0.0000000e+00 0.0000000e+00
     41     92 0.0000000e+00 0.0000000e+00 0.0000000e+00
     41     92 1.0000000e+00 0.0000000e+00 0.0000000e+00
     41     93 0.0000000e+00 1.8099600e-13 7.6868800e-14
     41     93 1.0000000e+00 3.0407400e-14 1.5214500e-14
     41     94 0.0000000e+00 2.5574500e-11 9.3365000e-12
     41     94 1.0000000e+00 9.5828100e-12 4.7948200e-12
     41     95 0.0000000e+00 5.1314590e-02 5.0832190e-04
     41     95 1.0000000e+00 5.5464580e-04 6.9440820e-06
     41     96 0.0000000e+00 1.1777260e-07 4.6337710e-08
     41     97 0.0000000e+00 5.6142790e-02 5.8796230e-04
     41     97 1.0000000e+00 5.3357960e-02 5.5849890e-04
     41     98 0.0000000e+00 5.9450300e-02 8.1990610e-04
     41     98 1.0000000e+00 1.0339880e-05 3.6056690e-06
     41     99 0.0000000e+00 3.9642070e-02 5.5533340e-04
     41     99 1.0000000e+00 2.2060740e-02 3.2637190e-04
     41    100 0.0000000e+00 6.6344610e-02 7.1395260e-04
     41    100 1.0000000e+00 7.5762100e-04 2.7727360e-04
     41    101 0.0000000e+00 5.9252700e-02 1.4950600e-03
     41    102 0.0000000e+00 1.0136780e-02 2.6785890e-03
     41    102 1.0000000e+00 5.3847970e-02 2.7377750e-03
     41    103 0.0000000e+00 5.9665070e-02 1.1840120e-03
     41    104 0.0000000e+00 3.8031560e-02 2.0725040e-03
     41    104 1.0000000e+00 6.5043230e-03 1.6111930e-03
     41    105 0.0000000e+00 1.4159560e-02 2.5190820e-03
     41    106 0.0000000e+00 5.9413910e-03 1.5062370e-03
     41    107 0.0000000e+00 1.4775440e-03 4.9010790e-04
     41    108 0.0000000e+00 1.6342870e-04 9.4876920e-05
     41    109 0.0000000e+00 2.9697980e-05 1.0465490e-05
     41    110 0.0000000e+00 9.4629290e-07 6.3970740e-07
     41    111 0.0000000e+00 4.1144330e-06 1.4296200e-06
     41    112 0.0000000e+00 4.8150280e-08 1.8251540e-08
     41    113 0.0000000e+00 9.8441500e-10 4.9255800e-10
     41    114 0.0000000e+00 7.1750400e-12 3.5900800e-12
     41    115 0.0000000e+00 1.5084300e-13 7.5475600e-14
     42     92 0.0000000e+00 0.0000000e+00 0.0000000e+00
     42     93 0.0000000e+00 0.0000000e+00 0.0000000e+00
     42     93 1.0000000e+00 0.0000000e+00 0.0000000e+00
     42     94 0.0000000e+00 4.7914000e-14 2.4653900e-14
     42     95 0.0000000e+00 5.1345650e-02 5.0863410e-04
     42     96 0.0000000e+00 1.1777690e-07 4.6337710e-08
     42     97 0.0000000e+00 5.6142790e-02 5.8796230e-04
     42     98 0.0000000e+00 5.9460650e-02 8.1989740e-04
     42     99 0.0000000e+00 6.0880120e-02 8.6041500e-04
     42    100 0.0000000e+00 6.7114790e-02 6.5857580e-04
     42    101 0.0000000e+00 5.9351230e-02 1.4946860e-03
     42    102 0.0000000e+00 6.4561140e-02 6.4874790e-04
     42    103 0.0000000e+00 6.2655000e-02 8.6179230e-04
     42    104 0.0000000e+00 5.0311610e-02 5.0575110e-04
     42    105 0.0000000e+00 3.9230670e-02 7.1266350e-04
     42    106 0.0000000e+00 2.4494450e-02 3.5447510e-04
     42    107 0.0000000e+00 1.3544900e-02 9.4850920e-04
     42    108 0.0000000e+00 5.2456470e-03 9.0838380e-04
     42    109 0.0000000e+00 1.6966350e-03 2.0072480e-04
     42    110 0.0000000e+00 6.1629830e-04 3.1588120e-04
     42    111 0.0000000e+00 1.7156400e-04 4.9026140e-05
     42    112 0.0000000e+00 1.9872880e-05 7.4932710e-06
     42    113 0.0000000e+00 1.2955990e-06 5.1713760e-07
     42    114 0.0000000e+00 5.4914920e-08 4.1657290e-08
     42    115 0.0000000e+00 2.8844250e-09 1.4431650e-09
     42    116 0.0000000e+00 7.1059400e-11 3.5555000e-11
     42    117 0.0000000e+00 3.9570300e-13 1.9799300e-13
     43     95 0.0000000e+00 0.0000000e+00 0.0000000e+00
     43     95 1.0000000e+00 0.0000000e+00 0.0000000e+00
     43     96 0.0000000e+00 0.0000000e+00 0.0000000e+00
     43     96 1.0000000e+00 0.0000000e+00 0.0000000e+00
     43     97 0.0000000e+00 0.0000000e+00 0.0000000e+00
     43     97 1.0000000e+00 0.0000000e+00 0.0000000e+00
     43     98 0.0000000e+00 7.4936900e-14 3.7495200e-14
     43     99 0.0000000e+00 6.0878130e-02 8.6043240e-04
     43     99 1.0000000e+00 5.3627550e-02 7.5792030e-04
     43    100 0.0000000e+00 2.2351570e-09 1.1183750e-09
     43    101 0.0000000e+00 6.1919580e-02 8.4188200e-04
     43    102 0.0000000e+00 6.4562000e-02 6.4874780e-04
     43    102 1.0000000e+00 2.2554530e-07 8.8536140e-08
     43    103 0.0000000e+00 6.2671800e-02 8.6177280e-04
     43    104 0.0000000e+00 5.0403550e-02 5.0438870e-04
     43    105 0.0000000e+00 4.0509000e-02 5.5714890e-04
     43    106 0.0000000e+00 2.4731550e-02 3.4466310e-04
     43    107 0.0000000e+00 1.4355220e-02 9.3422150e-04
     43    108 0.0000000e+00 6.0330400e-03 8.4979000e-04
     43    109 0.0000000e+00 2.4998820e-03 1.4191500e-04
     43    110 0.0000000e+00 1.3965210e-03 2.0986840e-04
     43    111 0.0000000e+00 6.0301090e-04 2.5148340e-05
     43    112 0.0000000e+00 2.5683410e-04 4.2152480e-05
     43    113 0.0000000e+00 8.3188950e-05 2.8758390e-05
     43    114 0.0000000e+00 1.2176790e-05 9.0834200e-06
     43    115 0.0000000e+00 2.4258670e-06 8.7742170e-07
     43    116 0.0000000e+00 1.8326090e-07 1.4465930e-07
     43    117 0.0000000e+00 5.8700060e-09 2.9368980e-09
     43    118 0.0000000e+00 2.8015800e-10 1.4017900e-10
     43    119 0.0000000e+00 6.7909700e-12 3.3979100e-12
     43    120 0.0000000e+00 3.3694300e-14 1.6859200e-14
     44     98 0.0000000e+00 0.0000000e+00 0.0000000e+00
     44     99 0.0000000e+00 1.9842190e-06 5.4605440e-08
     44    100 0.0000000e+00 2.2351460e-09 1.1183550e-09
     44    101 0.0000000e+00 6.1919580e-02 8.4188200e-04
     44    102 0.0000000e+00 6.4562220e-02 6.4874780e-04
     44    103 0.0000000e+00 6.2671800e-02 8.6177280e-04
     44    103 1.0000000e+00 2.3254720e-09 8.1032700e-10
     44    104 0.0000000e+00 5.0403660e-02 5.0438870e-04
     44    105 0.0000000e+00 4.0516190e-02 5.5714280e-04
     44    106 0.0000000e+00 2.4731550e-02 3.4466310e-04
     44    107 0.0000000e+00 1.4355290e-02 9.3422150e-04
     44    108 0.0000000e+00 6.0353790e-03 8.4978980e-04
     44    109 0.0000000e+00 2.5004620e-03 1.4180060e-04
     44    110 0.0000000e+00 1.4095270e-03 2.0971400e-04
     44    111 0.0000000e+00 6.9942890e-04 1.4159320e-05
     44    112 0.0000000e+00 5.4109690e-04 2.2046280e-05
     44    113 0.0000000e+00 2.4516410e-04 3.0064950e-05
     44    113 1.0000000e+00 2.6028590e-04 4.4704740e-05
     44    114 0.0000000e+00 2.1843960e-04 8.8636020e-05
     44    115 0.0000000e+00 9.7671570e-05 2.7660770e-05
     44    116 0.0000000e+00 3.4196590e-05 2.6241190e-05
     44    117 0.0000000e+00 3.8363070e-06 2.6936370e-06
     44    118 0.0000000e+00 6.7917480e-07 6.3039250e-07
     44    119 0.0000000e+00 4.3999490e-08 2.8561350e-08
     44    120 0.0000000e+00 1.2131980e-09 6.9523900e-10
     44    121 0.0000000e+00 1.2200600e-11 6.1046700e-12
     44    122 0.0000000e+00 2.8148000e-13 1.4084000e-13
     44    123 0.0000000e+00 4.8860900e-15 2.4447900e-15
     44    124 0.0000000e+00 0.0000000e+00 0.0000000e+00
     45    100 0.0000000e+00 0.0000000e+00 0.0000000e+00
     45    100 1.0000000e+00 0.0000000e+00 0.0000000e+00
     45    101 0.0000000e+00 0.0000000e+00 0.0000000e+00
     45    101 1.0000000e+00 0.0000000e+00 0.0000000e+00
     45    102 0.0000000e+00 0.0000000e+00 0.0000000e+00
     45    102 1.0000000e+00 0.0000000e+00 0.0000000e+00
     45    103 0.0000000e+00 6.2671800e-02 8.6178180e-04
     45    103 1.0000000e+00 6.1932300e-02 8.5160470e-04
     45    104 0.0000000e+00 3.4848700e-12 1.4092600e-12
     45    104 1.0000000e+00 2.7104800e-12 1.3562100e-12
     45    105 0.0000000e+00 4.0516190e-02 5.6348480e-04
     45    105 1.0000000e+00 1.1503570e-02 1.6463940e-04
     45    106 0.0000000e+00 2.4731550e-02 3.4466310e-04
     45    106 1.0000000e+00 0.0000000e+00 0.0000000e+00
     45    107 0.0000000e+00 1.4355290e-02 9.3422150e-04
     45    108 0.0000000e+00 6.0353790e-03 8.4978980e-04
     45    108 1.0000000e+00 1.7508700e-14 1.0374500e-14
     45    109 0.0000000e+00 2.5004620e-03 1.4180060e-04
     45    110 0.0000000e+00 1.4297300e-11 9.6928300e-12
     45    110 1.0000000e+00 1.4095270e-03 2.0971400e-04
     45    111 0.0000000e+00 7.0087390e-04 1.4152800e-05
     45    112 0.0000000e+00 5.5152180e-04 2.1770350e-05
     45    112 1.0000000e+00 4.6417250e-06 1.6438660e-06
     45    113 0.0000000e+00 4.5781110e-04 4.1840110e-05
     45    114 0.0000000e+00 2.4888070e-04 8.7983400e-05
     45    114 1.0000000e+00 1.2910370e-04 7.8485290e-05
     45    115 0.0000000e+00 3.3071690e-04 1.1024890e-05
     45    116 0.0000000e+00 1.1916860e-04 6.1024510e-05
     45    116 1.0000000e+00 1.2069670e-04 7.3220610e-05
     45    117 0.0000000e+00 1.1913220e-04 6.3926220e-05
     45    118 0.0000000e+00 4.9239250e-05 4.4165630e-05
     45    119 0.0000000e+00 1.3127180e-05 8.4329410e-06
     45    120 0.0000000e+00 1.2024670e-06 6.7876610e-07
     45    121 0.0000000e+00 6.5982620e-08 2.4672700e-08
     45    122 0.0000000e+00 3.8730270e-09 2.6003780e-09
     45    123 0.0000000e+00 2.4615600e-10 1.2316300e-10
     45    124 0.0000000e+00 3.1723900e-12 1.5873300e-12
     45    125 0.0000000e+00 1.1126500e-13 5.5672300e-14
     45    126 0.0000000e+00 0.0000000e+00 0.0000000e+00
     45    127 0.0000000e+00 0.0000000e+00 0.0000000e+00
     45    128 0.0000000e+00 0.0000000e+00 0.0000000e+00
     46    102 0.0000000e+00 0.0000000e+00 0.0000000e+00
     46    103 0.0000000e+00 0.0000000e+00 0.0000000e+00
     46    104 0.0000000e+00 3.4727100e-12 1.4046200e-12
     46    105 0.0000000e+00 4.0516190e-02 5.6348480e-04
     46    106 0.0000000e+00 2.4731550e-02 3.4466310e-04
     46    107 0.0000000e+00 1.4355290e-02 9.3422150e-04
     46    107 1.0000000e+00 0.0000000e+00 0.0000000e+00
     46    108 0.0000000e+00 6.0353790e-03 8.4978980e-04
     46    109 0.0000000e+00 2.5004620e-03 1.4180060e-04
     46    109 1.0000000e+00 0.0000000e+00 0.0000000e+00
     46    110 0.0000000e+00 1.4095270e-03 2.0971400e-04
     46    111 0.0000000e+00 7.0087480e-04 1.4152800e-05
     46    111 1.0000000e+00 6.5878000e-10 2.2920400e-10
     46    112 0.0000000e+00 5.5622450e-04 2.1715110e-05
     46    113 0.0000000e+00 4.5930370e-04 4.1839280e-05
     46    113 1.0000000e+00 9.8958720e-07 3.9081690e-07
     46    114 0.0000000e+00 3.9232880e-04 5.8968480e-05
     46    115 0.0000000e+00 3.7861020e-05 2.8754390e-06
     46    115 1.0000000e+00 3.6766310e-04 7.6252720e-06
     46    116 0.0000000e+00 3.9143270e-04 4.1775680e-05
     46    117 0.0000000e+00 3.3989770e-04 4.2440070e-05
     46    117 1.0000000e+00 1.6190150e-04 6.8018370e-05
     46    118 0.0000000e+00 3.4000420e-04 7.6488070e-05
     46    119 0.0000000e+00 1.9659130e-04 7.8611590e-05
     46    120 0.0000000e+00 8.5821650e-05 4.0481580e-05
     46    121 0.0000000e+00 1.5879650e-05 5.4368450e-06
     46    122 0.0000000e+00 3.6364600e-06 2.4280350e-06
     46    123 0.0000000e+00 5.3064790e-07 3.2335600e-07
     46    124 0.0000000e+00 3.2727330e-08 2.3827860e-08
     46    125 0.0000000e+00 2.1312200e-09 1.0663140e-09
     46    126 0.0000000e+00 0.0000000e+00 0.0000000e+00
     46    127 0.0000000e+00 6.2689100e-20 3.1366900e-20
     46    128 0.0000000e+00 0.0000000e+00 0.0000000e+00
     46    129 0.0000000e+00 0.0000000e+00 0.0000000e+00
     46    130 0.0000000e+00 0.0000000e+00 0.0000000e+00
     46    131 0.0000000e+00 0.0000000e+00 0.0000000e+00
     47    105 0.0000000e+00 0.0000000e+00 0.0000000e+00
     47    105 1.0000000e+00 0.0000000e+00 0.0000000e+00
     47    106 0.0000000e+00 0.0000000e+00 0.0000000e+00
     47    106 1.0000000e+00 0.0000000e+00 0.0000000e+00
     47    107 0.0000000e+00 0.0000000e+00 0.0000000e+00
     47    107 1.0000000e+00 0.0000000e+00 0.0000000e+00
     47    108 0.0000000e+00 0.0000000e+00 0.0000000e+00
     47    108 1.0000000e+00 0.0000000e+00 0.0000000e+00
     47    109 0.0000000e+00 2.5004620e-03 1.4180060e-04
     47    109 1.0000000e+00 2.4991780e-03 1.4172780e-04
     47    110 0.0000000e+00 0.0000000e+00 0.0000000e+00
     47    110 1.0000000e+00 0.0000000e+00 0.0000000e+00
     47    111 0.0000000e+00 6.9600330e-04 1.4056750e-05
     47    111 1.0000000e+00 6.9595530e-04 1.4053460e-05
     47    112 0.0000000e+00 5.5622450e-04 2.1715110e-05
     47    113 0.0000000e+00 3.0097030e-04 3.0962680e-05
     47    113 1.0000000e+00 4.3981850e-04 4.0064220e-05
     47    114 0.0000000e+00 3.9237410e-04 5.8968470e-05
     47    114 1.0000000e+00 3.4332710e-08 2.6047260e-08
     47    115 0.0000000e+00 9.8061310e-05 2.3888150e-06
     47    115 1.0000000e+00 3.5261520e-04 7.1570410e-06
     47    116 0.0000000e+00 3.9350590e-04 4.1743940e-05
     47    116 1.0000000e+00 2.9803160e-06 2.3403630e-06
     47    116 2.0000000e+00 0.0000000e+00 0.0000000e+00
     47    117 0.0000000e+00 3.5102600e-04 4.1668800e-05
     47    117 1.0000000e+00 2.4231720e-05 1.6725740e-05
     47    118 0.0000000e+00 3.8231680e-04 4.3442840e-05
     47    118 1.0000000e+00 7.7501490e-05 1.9069610e-05
     47    119 0.0000000e+00 1.7559050e-04 7.8009310e-05
     47    119 1.0000000e+00 2.0616750e-04 7.8617970e-05
     47    120 0.0000000e+00 2.2854360e-04 4.8695400e-05
     47    120 1.0000000e+00 1.1176910e-04 4.8913070e-05
     47    121 0.0000000e+00 1.9715950e-04 3.2960500e-05
     47    122 0.0000000e+00 4.2441730e-05 2.4634300e-05
     47    122 1.0000000e+00 5.9478990e-05 3.7106720e-05
     47    123 0.0000000e+00 5.1799580e-05 2.8652970e-05
     47    124 0.0000000e+00 9.9511410e-06 7.1278010e-06
     47    125 0.0000000e+00 2.0060260e-06 7.5209090e-07
     47    126 0.0000000e+00 2.4729800e-10 9.6492000e-11
     47    127 0.0000000e+00 2.0916900e-11 7.3260100e-12
     47    128 0.0000000e+00 1.6449800e-12 6.1093500e-13
     47    129 0.0000000e+00 1.1868500e-13 4.2571100e-14
     47    130 0.0000000e+00 0.0000000e+00 0.0000000e+00
     47    131 0.0000000e+00 2.4498400e-17 1.2257900e-17
     47    132 0.0000000e+00 7.5779400e-11 3.7916700e-11
     47    133 0.0000000e+00 3.0220800e-13 1.5121200e-13
     48    108 0.0000000e+00 0.0000000e+00 0.0000000e+00
     48    109 0.0000000e+00 0.0000000e+00 0.0000000e+00
     48    110 0.0000000e+00 0.0000000e+00 0.0000000e+00
     48    111 0.0000000e+00 7.0087500e-04 1.4160930e-05
     48    111 1.0000000e+00 0.0000000e+00 0.0000000e+00
     48    112 0.0000000e+00 5.5622450e-04 2.1715110e-05
     48    113 0.0000000e+00 4.5408620e-04 5.0353440e-05
     48    113 1.0000000e+00 5.2261270e-06 5.4056780e-07
     48    114 0.0000000e+00 3.9237410e-04 5.8968470e-05
     48    115 0.0000000e+00 3.7097840e-04 7.5457900e-06
     48    115 1.0000000e+00 5.6492620e-06 7.3043880e-07
     48    116 0.0000000e+00 3.9629090e-04 4.1698380e-05
     48    117 0.0000000e+00 3.0968230e-04 3.2707420e-05
     48    117 1.0000000e+00 6.4524760e-05 7.3565340e-06
     48    118 0.0000000e+00 4.3094200e-04 4.6981640e-05
     48    119 0.0000000e+00 3.3909800e-04 4.2280370e-05
     48    119 1.0000000e+00 5.7112080e-05 2.2831340e-05
     48    120 0.0000000e+00 3.8602440e-04 3.9256950e-05
     48    121 0.0000000e+00 2.9541520e-04 2.5713710e-05
     48    121 1.0000000e+00 6.2637220e-05 9.9792820e-06
     48    122 0.0000000e+00 3.7089450e-04 4.7742680e-05
     48    123 0.0000000e+00 1.1054980e-04 4.2110950e-05
     48    123 1.0000000e+00 2.1216410e-04 7.5964070e-05
     48    124 0.0000000e+00 2.1931120e-04 9.1265730e-05
     48    125 0.0000000e+00 9.3149610e-06 2.3844690e-06
     48    125 1.0000000e+00 8.6005130e-05 2.4499510e-05
     48    126 0.0000000e+00 1.1139160e-05 2.9001370e-06
     48    127 0.0000000e+00 4.1156800e-06 1.0540230e-06
     48    128 0.0000000e+00 1.4277580e-06 4.6469540e-07
     48    129 0.0000000e+00 4.7630550e-07 1.6343450e-07
     48    130 0.0000000e+00 6.9730360e-08 2.1982520e-08
     48    131 0.0000000e+00 3.5251800e-09 1.2626110e-09
     48    132 0.0000000e+00 9.8399580e-07 3.4258070e-07
     48    133 0.0000000e+00 1.1956050e-08 5.9822800e-09
     48    134 0.0000000e+00 8.3734100e-10 4.1896900e-10
     48    135 0.0000000e+00 5.8153000e-12 2.9097200e-12
     48    136 0.0000000e+00 3.9386600e-14 1.9707300e-14
     49    110 0.0000000e+00 0.0000000e+00 0.0000000e+00
     49    110 1.0000000e+00 0.0000000e+00 0.0000000e+00
     49    111 0.0000000e+00 0.0000000e+00 0.0000000e+00
     49    111 1.0000000e+00 0.0000000e+00 0.0000000e+00
     49    112 0.0000000e+00 0.0000000e+00 0.0000000e+00
     49    112 1.0000000e+00 0.0000000e+00 0.0000000e+00
     49    113 0.0000000e+00 5.2188110e-06 5.3981100e-07
     49    113 1.0000000e+00 0.0000000e+00 0.0000000e+00
     49    114 0.0000000e+00 0.0000000e+00 0.0000000e+00
     49    114 1.0000000e+00 0.0000000e+00 0.0000000e+00
     49    114 2.0000000e+00 0.0000000e+00 0.0000000e+00
     49    115 0.0000000e+00 3.5807870e-04 7.4167230e-06
     49    115 1.0000000e+00 3.7097870e-04 7.5458060e-06
     49    116 0.0000000e+00 1.7378800e-13 8.6956000e-14
     49    116 1.0000000e+00 9.0570800e-13 4.5317700e-13
     49    116 2.0000000e+00 0.0000000e+00 0.0000000e+00
     49    117 0.0000000e+00 2.2205900e-04 2.3636030e-05
     49    117 1.0000000e+00 2.8761470e-04 3.0377240e-05
     49    118 0.0000000e+00 4.3094270e-04 4.6981640e-05
     49    118 1.0000000e+00 2.6185020e-09 2.4314880e-09
     49    118 2.0000000e+00 0.0000000e+00 0.0000000e+00
     49    119 0.0000000e+00 1.0354970e-04 2.1890050e-05
     49    119 1.0000000e+00 3.0619900e-04 3.8155260e-05
     49    120 0.0000000e+00 3.8666740e-04 3.9255740e-05
     49    120 1.0000000e+00 4.6980940e-07 2.6927300e-07
     49    120 2.0000000e+00 0.0000000e+00 0.0000000e+00
     49    121 0.0000000e+00 1.7070800e-04 1.2818950e-05
     49    121 1.0000000e+00 2.0075530e-04 1.7380890e-05
     49    122 0.0000000e+00 3.7945060e-04 4.7465700e-05
     49    122 1.0000000e+00 3.0831270e-05 2.0067390e-05
     49    122 2.0000000e+00 0.0000000e+00 0.0000000e+00
     49    123 0.0000000e+00 3.5093930e-04 6.4734070e-05
     49    123 1.0000000e+00 9.0265420e-05 2.8780130e-05
     49    124 0.0000000e+00 3.2706090e-04 8.1475360e-05
     49    124 1.0000000e+00 1.0954910e-04 7.0502700e-05
     49    125 0.0000000e+00 2.8839290e-04 3.6771690e-05
     49    125 1.0000000e+00 1.0816210e-04 2.5524850e-05
     49    126 0.0000000e+00 2.0636640e-04 5.1772740e-05
     49    126 1.0000000e+00 1.7216950e-04 4.8366860e-05
     49    127 0.0000000e+00 4.7145230e-04 8.3655500e-05
     49    127 1.0000000e+00 2.1944840e-04 4.4262470e-05
     49    127 2.0000000e+00 0.0000000e+00 0.0000000e+00
     49    128 0.0000000e+00 4.8717990e-04 1.3315840e-04
     49    128 1.0000000e+00 1.4933270e-04 4.2085530e-05
     49    129 0.0000000e+00 1.1932050e-03 2.8940760e-04
     49    129 1.0000000e+00 1.4321270e-04 3.5800070e-05
     49    129 2.0000000e+00 0.0000000e+00 0.0000000e+00
     49    130 0.0000000e+00 5.9886210e-04 1.6533320e-04
     49    130 1.0000000e+00 1.1988570e-04 3.3149430e-05
     49    130 2.0000000e+00 0.0000000e+00 0.0000000e+00
     49    131 0.0000000e+00 1.5640250e-04 4.8620180e-05
     49    131 1.0000000e+00 1.4743900e-04 4.6008010e-05
     49    131 2.0000000e+00 0.0000000e+00 0.0000000e+00
     49    132 0.0000000e+00 4.6060640e-04 1.5868990e-04
     49    133 0.0000000e+00 2.6831680e-05 9.5782110e-06
     49    134 0.0000000e+00 4.7278950e-06 1.7202120e-06
     49    135 0.0000000e+00 1.5885630e-07 5.9153480e-08
     49    136 0.0000000e+00 3.3051890e-09 1.6537690e-09
     49    137 0.0000000e+00 2.2865000e-11 1.1440600e-11
     49    138 0.0000000e+00 4.6465200e-13 2.3249200e-13
     50    113 0.0000000e+00 0.0000000e+00 0.0000000e+00
     50    113 1.0000000e+00 0.0000000e+00 0.0000000e+00
     50    114 0.0000000e+00 0.0000000e+00 0.0000000e+00
     50    115 0.0000000e+00 1.8548930e-05 8.3145840e-07
     50    116 0.0000000e+00 1.0794600e-12 4.6144100e-13
     50    117 0.0000000e+00 3.7420720e-04 3.9686500e-05
     50    117 1.0000000e+00 7.5721050e-07 8.0722110e-08
     50    118 0.0000000e+00 4.3094530e-04 4.6981640e-05
     50    119 0.0000000e+00 3.9627590e-04 4.2096100e-05
     50    119 1.0000000e+00 7.6845730e-06 1.6248780e-06
     50    120 0.0000000e+00 3.8713850e-04 3.9255090e-05
     50    121 0.0000000e+00 3.6474230e-04 2.6473140e-05
     50    121 1.0000000e+00 1.9441960e-05 1.5273710e-06
     50    122 0.0000000e+00 4.1085610e-04 4.3642340e-05
     50    123 0.0000000e+00 1.4463500e-05 2.8182800e-06
     50    123 1.0000000e+00 4.3046640e-04 6.1528950e-05
     50    124 0.0000000e+00 4.6453120e-04 4.9084290e-05
     50    125 0.0000000e+00 1.2233680e-04 2.0885240e-05
     50    125 1.0000000e+00 3.6109050e-04 2.8230220e-05
     50    126 0.0000000e+00 5.4220960e-04 3.0952900e-05
     50    127 0.0000000e+00 5.4165720e-04 8.7857570e-05
     50    127 1.0000000e+00 8.1651260e-04 8.5014000e-05
     50    128 0.0000000e+00 2.5857500e-03 1.7177830e-04
     50    128 1.0000000e+00 1.1123120e-03 1.7997010e-04
     50    129 0.0000000e+00 6.0601840e-03 6.0941600e-04
     50    129 1.0000000e+00 3.6467510e-03 5.1509170e-04
     50    130 0.0000000e+00 7.9148370e-03 9.9313960e-04
     50    130 1.0000000e+00 2.2928400e-03 2.9798070e-04
     50    131 0.0000000e+00 1.0337600e-02 1.1240750e-03
     50    131 1.0000000e+00 3.1422440e-03 3.1878100e-04
     50    132 0.0000000e+00 1.2445360e-02 1.5820680e-03
     50    133 0.0000000e+00 3.7241180e-03 1.1705390e-03
     50    134 0.0000000e+00 2.0445540e-03 7.3200280e-04
     50    135 0.0000000e+00 2.0863260e-04 7.7616220e-05
     50    136 0.0000000e+00 1.9354880e-05 6.8501150e-06
     50    137 0.0000000e+00 3.8751610e-07 1.3513830e-07
     50    138 0.0000000e+00 2.9826900e-08 1.4924060e-08
     50    139 0.0000000e+00 3.6351500e-10 1.8188700e-10
     50    140 0.0000000e+00 1.4913400e-11 7.4620100e-12
     51    116 0.0000000e+00 0.0000000e+00 0.0000000e+00
     51    116 1.0000000e+00 0.0000000e+00 0.0000000e+00
     51    117 0.0000000e+00 0.0000000e+00 0.0000000e+00
     51    118 0.0000000e+00 0.0000000e+00 0.0000000e+00
     51    118 1.0000000e+00 0.0000000e+00 0.0000000e+00
     51    119 0.0000000e+00 0.0000000e+00 0.0000000e+00
     51    120 0.0000000e+00 1.2084900e-14 6.0467600e-15
     51    120 1.0000000e+00 2.0227600e-14 1.0121000e-14
     51    121 0.0000000e+00 3.6909740e-04 2.6765550e-05
     51    122 0.0000000e+00 2.0433300e-10 7.2623200e-11
     51    122 1.0000000e+00 9.2407500e-11 4.6236700e-11
     51    122 2.0000000e+00 0.0000000e+00 0.0000000e+00
     51    123 0.0000000e+00 4.4493460e-04 6.3386940e-05
     51    124 0.0000000e+00 8.8671170e-08 3.2655110e-08
     51    124 1.0000000e+00 7.4674080e-08 3.7363670e-08
     51    124 2.0000000e+00 0.0000000e+00 0.0000000e+00
     51    125 0.0000000e+00 4.8485750e-04 2.7052100e-05
     51    126 0.0000000e+00 7.0739680e-08 2.4722370e-08
     51    126 1.0000000e+00 6.4801380e-08 2.5559490e-08
     51    126 2.0000000e+00 0.0000000e+00 0.0000000e+00
     51    127 0.0000000e+00 1.3610500e-03 5.2286390e-05
     51    128 0.0000000e+00 2.5265130e-04 5.4352940e-05
     51    128 1.0000000e+00 2.7127220e-03 1.6726130e-04
     51    129 0.0000000e+00 9.8008040e-03 5.2040730e-04
     51    129 1.0000000e+00 3.6477020e-04 5.0993940e-05
     51    130 0.0000000e+00 5.9307040e-03 1.0786890e-03
     51    130 1.0000000e+00 1.3194260e-02 1.2366720e-03
     51    131 0.0000000e+00 3.2911280e-02 3.2694190e-04
     51    132 0.0000000e+00 4.1176300e-02 2.1056200e-03
     51    132 1.0000000e+00 4.3153760e-03 1.0007310e-03
     51    133 0.0000000e+00 3.3965080e-02 3.2284390e-03
     51    134 0.0000000e+00 6.2077570e-03 1.3883070e-03
     51    134 1.0000000e+00 5.1769490e-03 1.4188400e-03
     51    135 0.0000000e+00 1.1994690e-02 3.4913470e-03
     51    136 0.0000000e+00 3.0569310e-03 1.0547500e-03
     51    137 0.0000000e+00 2.2868280e-04 7.9359860e-05
     51    138 0.0000000e+00 4.7184150e-05 1.6427510e-05
     51    139 0.0000000e+00 2.6805240e-06 9.5169980e-07
     51    140 0.0000000e+00 2.3748110e-07 1.1882400e-07
     51    141 0.0000000e+00 1.1270050e-08 5.6390450e-09
     51    142 0.0000000e+00 8.9079000e-11 4.4571300e-11
     51    143 0.0000000e+00 6.8380700e-14 3.4214700e-14
     52    119 0.0000000e+00 0.0000000e+00 0.0000000e+00
     52    119 1.0000000e+00 0.0000000e+00 0.0000000e+00
     52    120 0.0000000e+00 0.0000000e+00 0.0000000e+00
     52    121 0.0000000e+00 0.0000000e+00 0.0000000e+00
     52    121 1.0000000e+00 0.0000000e+00 0.0000000e+00
     52    122 0.0000000e+00 1.9940800e-10 7.0873200e-11
     52    123 0.0000000e+00 2.7164300e-13 1.1120100e-13
     52    123 1.0000000e+00 2.1487000e-13 1.0751200e-13
     52    124 0.0000000e+00 1.0736960e-07 4.1460190e-08
     52    125 0.0000000e+00 4.8485880e-04 2.7134670e-05
     52    125 1.0000000e+00 1.1197030e-04 6.3174000e-06
     52    126 0.0000000e+00 1.2646900e-07 3.5662800e-08
     52    127 0.0000000e+00 1.3566470e-03 5.2284630e-05
     52    127 1.0000000e+00 1.8345580e-04 7.3298970e-06
     52    128 0.0000000e+00 2.8677150e-03 1.6117760e-04
     52    129 0.0000000e+00 9.4215170e-03 5.2120150e-04
     52    129 1.0000000e+00 1.8957790e-03 1.0860410e-04
     52    130 0.0000000e+00 1.9125840e-02 9.7375120e-04
     52    131 0.0000000e+00 3.1291830e-02 3.1610450e-04
     52    131 1.0000000e+00 2.2068480e-03 7.7268930e-05
     52    132 0.0000000e+00 5.1251920e-02 7.0191820e-04
     52    133 0.0000000e+00 4.3732760e-02 2.6745270e-03
     52    133 1.0000000e+00 2.6055160e-02 3.1897990e-03
     52    134 0.0000000e+00 6.8612750e-02 2.8992650e-03
     52    135 0.0000000e+00 4.5021210e-02 3.7574810e-03
     52    136 0.0000000e+00 3.2867450e-02 2.9344960e-03
     52    137 0.0000000e+00 6.3446230e-03 1.3838640e-03
     52    138 0.0000000e+00 5.9758130e-03 1.6510730e-03
     52    139 0.0000000e+00 9.9051490e-04 3.4697080e-04
     52    140 0.0000000e+00 2.7909930e-04 1.0774130e-04
     52    141 0.0000000e+00 2.9221090e-05 1.0015910e-05
     52    142 0.0000000e+00 1.1417770e-06 3.7729230e-07
     52    143 0.0000000e+00 4.2939460e-09 2.1484970e-09
     52    144 0.0000000e+00 2.8739200e-10 1.4379800e-10
     52    145 0.0000000e+00 1.1719500e-12 5.8639000e-13
     53    122 0.0000000e+00 0.0000000e+00 0.0000000e+00
     53    123 0.0000000e+00 0.0000000e+00 0.0000000e+00
     53    124 0.0000000e+00 0.0000000e+00 0.0000000e+00
     53    125 0.0000000e+00 5.9867800e-14 2.9955200e-14
     53    126 0.0000000e+00 0.0000000e+00 0.0000000e+00
     53    127 0.0000000e+00 1.3610500e-03 5.2460370e-05
     53    128 0.0000000e+00 0.0000000e+00 0.0000000e+00
     53    129 0.0000000e+00 1.0110890e-02 5.7116850e-04
     53    130 0.0000000e+00 1.7867800e-13 7.7318800e-14
     53    130 1.0000000e+00 3.1468100e-14 1.5745300e-14
     53    131 0.0000000e+00 3.2927110e-02 3.4032870e-04
     53    132 0.0000000e+00 5.1437970e-02 7.0019360e-04
     53    132 1.0000000e+00 7.3299520e-05 2.5521440e-05
     53    133 0.0000000e+00 6.7927240e-02 4.1427870e-04
     53    133 1.0000000e+00 2.8243140e-03 3.5166680e-04
     53    134 0.0000000e+00 7.8098320e-02 1.6289670e-03
     53    134 1.0000000e+00 2.0151440e-03 7.2360650e-04
     53    135 0.0000000e+00 6.5190700e-02 9.9319500e-04
     53    136 0.0000000e+00 6.3676020e-02 1.7885340e-03
     53    136 1.0000000e+00 4.5066780e-03 1.2649620e-03
     53    137 0.0000000e+00 5.5163460e-02 1.7291810e-03
     53    138 0.0000000e+00 2.3006800e-02 3.6289330e-03
     53    139 0.0000000e+00 2.2181220e-02 3.5536250e-03
     53    140 0.0000000e+00 1.0970930e-02 3.0997190e-03
     53    141 0.0000000e+00 4.0329270e-03 1.3266290e-03
     53    142 0.0000000e+00 4.8927900e-04 1.6127610e-04
     53    143 0.0000000e+00 1.2758000e-05 4.4825480e-06
     53    144 0.0000000e+00 2.3755880e-06 9.0742610e-07
     53    145 0.0000000e+00 3.9995670e-08 2.0011690e-08
     53    146 0.0000000e+00 1.5250750e-09 7.6308100e-10
     53    147 0.0000000e+00 1.9699800e-11 9.8569100e-12
     53    148 0.0000000e+00 6.6690100e-14 3.3368800e-14
     54    125 0.0000000e+00 0.0000000e+00 0.0000000e+00
     54    125 1.0000000e+00 0.0000000e+00 0.0000000e+00
     54    126 0.0000000e+00 0.0000000e+00 0.0000000e+00
     54    127 0.0000000e+00 0.0000000e+00 0.0000000e+00
     54    127 1.0000000e+00 0.0000000e+00 0.0000000e+00
     54    128 0.0000000e+00 0.0000000e+00 0.0000000e+00
     54    129 0.0000000e+00 0.0000000e+00 0.0000000e+00
     54    129 1.0000000e+00 0.0000000e+00 0.0000000e+00
     54    130 0.0000000e+00 1.8371300e-13 7.7797000e-14
     54    131 0.0000000e+00 3.2927110e-02 3.4171670e-04
     54    131 1.0000000e+00 3.6113400e-04 8.3631800e-06
     54    132 0.0000000e+00 5.1448280e-02 7.0018630e-04
     54    132 1.0000000e+00 8.4413820e-09 4.2237010e-09
     54    133 0.0000000e+00 6.7941190e-02 4.1648540e-04
     54    133 1.0000000e+00 1.9831580e-03 1.5644190e-05
     54    134 0.0000000e+00 7.8163260e-02 1.6293210e-03
     54    134 1.0000000e+00 5.3121060e-05 2.6040060e-05
     54    135 0.0000000e+00 6.8391050e-02 5.1682220e-04
     54    135 1.0000000e+00 1.2541360e-02 5.6337550e-04
     54    136 0.0000000e+00 7.3059840e-02 1.2619640e-03
     54    137 0.0000000e+00 5.7462280e-02 4.1935740e-04
     54    138 0.0000000e+00 5.7620580e-02 7.9412150e-04
     54    139 0.0000000e+00 5.1753770e-02 1.3260560e-03
     54    140 0.0000000e+00 4.4133830e-02 3.0078290e-03
     54    141 0.0000000e+00 1.7398100e-02 1.9536970e-03
     54    142 0.0000000e+00 8.1561500e-03 1.1145010e-03
     54    143 0.0000000e+00 1.9542490e-03 6.4216510e-04
     54    144 0.0000000e+00 1.1640900e-03 4.6219850e-04
     54    145 0.0000000e+00 5.8548670e-05 2.2047740e-05
     54    146 0.0000000e+00 8.6327770e-06 3.2272640e-06
     54    147 0.0000000e+00 3.1828870e-07 1.0918340e-07
     54    148 0.0000000e+00 6.7680100e-09 3.3864040e-09
     54    149 0.0000000e+00 1.1614200e-10 5.8112400e-11
     54    150 0.0000000e+00 1.1298200e-12 5.6531200e-13
     55    128 0.0000000e+00 0.0000000e+00 0.0000000e+00
     55    129 0.0000000e+00 0.0000000e+00 0.0000000e+00
     55    130 0.0000000e+00 0.0000000e+00 0.0000000e+00
     55    130 1.0000000e+00 0.0000000e+00 0.0000000e+00
     55    131 0.0000000e+00 0.0000000e+00 0.0000000e+00
     55    132 0.0000000e+00 1.5450800e-12 7.7309300e-13
     55    133 0.0000000e+00 6.7941200e-02 4.1648540e-04
     55    134 0.0000000e+00 4.1407850e-09 1.5031720e-09
     55    134 1.0000000e+00 1.5949060e-09 7.9802200e-10
     55    135 0.0000000e+00 6.8428960e-02 5.1716960e-04
     55    135 1.0000000e+00 6.0624070e-08 3.0333650e-08
     55    136 0.0000000e+00 2.6262660e-06 7.2260850e-07
     55    136 1.0000000e+00 7.1318890e-07 2.5240980e-07
     55    137 0.0000000e+00 5.7542520e-02 4.1843660e-04
     55    138 0.0000000e+00 5.8167400e-02 7.8065480e-04
     55    138 1.0000000e+00 3.1279740e-04 1.0806800e-04
     55    139 0.0000000e+00 5.5348530e-02 5.6019300e-04
     55    140 0.0000000e+00 5.5457080e-02 1.1271560e-03
     55    141 0.0000000e+00 4.7067310e-02 2.0111050e-03
     55    142 0.0000000e+00 3.4456300e-02 2.5541700e-03
     55    143 0.0000000e+00 2.2417910e-02 2.7296250e-03
     55    144 0.0000000e+00 1.4777090e-02 2.8351040e-03
     55    145 0.0000000e+00 4.1504860e-03 1.2786220e-03
     55    146 0.0000000e+00 1.0902060e-03 4.0208670e-04
     55    147 0.0000000e+00 2.1346620e-04 7.3320590e-05
     55    148 0.0000000e+00 1.3371170e-05 4.4669670e-06
     55    149 0.0000000e+00 9.8394020e-07 3.4833690e-07
     55    150 0.0000000e+00 2.4296800e-08 9.4064010e-09
     55    151 0.0000000e+00 1.5352580e-09 6.5099700e-10
     55    152 0.0000000e+00 4.6170100e-12 2.3101500e-12
     56    131 0.0000000e+00 0.0000000e+00 0.0000000e+00
     56    131 1.0000000e+00 0.0000000e+00 0.0000000e+00
     56    132 0.0000000e+00 2.8893100e-14 1.4523600e-14
     56    133 0.0000000e+00 0.0000000e+00 0.0000000e+00
     56    133 1.0000000e+00 0.0000000e+00 0.0000000e+00
     56    134 0.0000000e+00 4.1408390e-09 1.5031670e-09
     56    135 0.0000000e+00 1.4266200e-11 5.3933200e-12
     56    135 1.0000000e+00 9.8185700e-12 4.9127900e-12
     56    136 0.0000000e+00 2.6283070e-06 7.2300640e-07
     56    136 1.0000000e+00 4.1003100e-07 1.1320910e-07
     56    137 0.0000000e+00 5.7542570e-02 4.1845460e-04
     56    137 1.0000000e+00 5.4492480e-02 3.9625830e-04
     56    138 0.0000000e+00 5.8228890e-02 7.8042520e-04
     56    139 0.0000000e+00 5.5386230e-02 5.6003450e-04
     56    140 0.0000000e+00 5.8092750e-02 5.5024160e-04
     56    141 0.0000000e+00 5.2526430e-02 1.0474340e-03
     56    142 0.0000000e+00 4.4473490e-02 7.1662030e-04
     56    143 0.0000000e+00 3.3976680e-02 2.9665330e-03
     56    144 0.0000000e+00 3.9784300e-02 1.9395330e-03
     56    145 0.0000000e+00 2.8599230e-02 2.2420020e-03
     56    146 0.0000000e+00 1.6068040e-02 1.1343500e-03
     56    147 0.0000000e+00 1.0800600e-02 1.5066430e-03
     56    148 0.0000000e+00 2.5503450e-03 5.6040210e-04
     56    149 0.0000000e+00 3.7003930e-04 1.2680280e-04
     56    150 0.0000000e+00 4.6897930e-05 1.8113240e-05
     56    151 0.0000000e+00 4.5490630e-06 1.4622830e-06
     56    152 0.0000000e+00 9.0200260e-08 3.4295200e-08
     56    153 0.0000000e+00 2.0845830e-09 7.4067900e-10
     56    154 0.0000000e+00 1.1699900e-10 5.8541400e-11
     57    133 0.0000000e+00 0.0000000e+00 0.0000000e+00
     57    134 0.0000000e+00 0.0000000e+00 0.0000000e+00
     57    135 0.0000000e+00 0.0000000e+00 0.0000000e+00
     57    136 0.0000000e+00 0.0000000e+00 0.0000000e+00
     57    136 1.0000000e+00 0.0000000e+00 0.0000000e+00
     57    137 0.0000000e+00 1.5627000e-12 7.8190500e-13
     57    138 0.0000000e+00 1.5372400e-10 7.6916600e-11
     57    139 0.0000000e+00 5.5386250e-02 5.6003450e-04
     57    140 0.0000000e+00 5.8151280e-02 5.4946890e-04
     57    141 0.0000000e+00 5.2529810e-02 1.0474330e-03
     57    142 0.0000000e+00 4.6163350e-02 4.5467230e-04
     57    143 0.0000000e+00 4.6299870e-02 3.6951920e-04
     57    144 0.0000000e+00 4.5339080e-02 3.7118180e-04
     57    145 0.0000000e+00 3.7572190e-02 2.6841120e-04
     57    146 0.0000000e+00 2.2991980e-02 1.8780310e-03
     57    146 1.0000000e+00 8.0110140e-03 1.8850650e-03
     57    147 0.0000000e+00 2.4027900e-02 5.8758710e-04
     57    148 0.0000000e+00 1.0486510e-02 1.3893530e-03
     57    149 0.0000000e+00 7.0192450e-03 1.0119480e-03
     57    150 0.0000000e+00 1.9788060e-03 5.6906740e-04
     57    151 0.0000000e+00 6.8735620e-04 1.9484590e-04
     57    152 0.0000000e+00 3.8739860e-05 1.4303730e-05
     57    153 0.0000000e+00 3.9711830e-06 1.3952110e-06
     57    154 0.0000000e+00 3.4317520e-07 1.2061950e-07
     57    155 0.0000000e+00 7.5202180e-09 3.9409720e-09
     57    156 0.0000000e+00 7.1009000e-11 3.5529800e-11
     57    157 0.0000000e+00 3.2127000e-12 1.6074900e-12
     58    135 0.0000000e+00 0.0000000e+00 0.0000000e+00
     58    135 1.0000000e+00 0.0000000e+00 0.0000000e+00
     58    136 0.0000000e+00 0.0000000e+00 0.0000000e+00
     58    137 0.0000000e+00 0.0000000e+00 0.0000000e+00
     58    137 1.0000000e+00 0.0000000e+00 0.0000000e+00
     58    138 0.0000000e+00 0.0000000e+00 0.0000000e+00
     58    138 1.0000000e+00 0.0000000e+00 0.0000000e+00
     58    139 0.0000000e+00 2.7369000e-13 1.0716000e-13
     58    139 1.0000000e+00 2.0170900e-13 1.0092700e-13
     58    140 0.0000000e+00 5.8151280e-02 5.4946890e-04
     58    141 0.0000000e+00 5.2529810e-02 1.0474330e-03
     58    142 0.0000000e+00 4.6163390e-02 4.5467230e-04
     58    143 0.0000000e+00 4.6302120e-02 3.6951830e-04
     58    144 0.0000000e+00 4.5553500e-02 3.6211400e-04
     58    145 0.0000000e+00 3.7671620e-02 2.6587530e-04
     58    146 0.0000000e+00 3.4300220e-02 2.4123700e-04
     58    147 0.0000000e+00 2.5858350e-02 1.9762220e-04
     58    148 0.0000000e+00 2.0169040e-02 3.4621070e-04
     58    149 0.0000000e+00 1.5386600e-02 3.2222280e-04
     58    150 0.0000000e+00 1.1056770e-02 5.5406480e-04
     58    151 0.0000000e+00 1.3001410e-03 2.0314150e-04
     58    151 1.0000000e+00 4.6591860e-03 9.0344510e-04
     58    152 0.0000000e+00 1.9138520e-03 2.0148210e-04
     58    153 0.0000000e+00 3.8617030e-04 8.1685080e-05
     58    154 0.0000000e+00 1.1273640e-04 3.1555990e-05
     58    155 0.0000000e+00 6.7095090e-06 3.4489470e-06
     58    156 0.0000000e+00 3.4408720e-07 1.3075960e-07
     58    157 0.0000000e+00 2.3391800e-08 1.9179280e-08
     58    158 0.0000000e+00 4.8685700e-10 2.4360200e-10
     58    159 0.0000000e+00 3.2756900e-12 1.6390100e-12
     58    160 0.0000000e+00 9.7994800e-14 4.9032400e-14
     59    138 0.0000000e+00 0.0000000e+00 0.0000000e+00
     59    138 1.0000000e+00 0.0000000e+00 0.0000000e+00
     59    139 0.0000000e+00 0.0000000e+00 0.0000000e+00
     59    140 0.0000000e+00 0.0000000e+00 0.0000000e+00
     59    141 0.0000000e+00 5.2529810e-02 1.0474330e-03
     59    142 0.0000000e+00 9.2376800e-13 3.6030300e-13
     59    142 1.0000000e+00 6.7619800e-13 3.3834000e-13
     59    143 0.0000000e+00 4.6302120e-02 3.6951830e-04
     59    144 0.0000000e+00 4.5553190e-02 3.6212560e-04
     59    144 1.0000000e+00 4.4478270e-04 5.3376650e-06
     59    145 0.0000000e+00 3.7671720e-02 2.6587530e-04
     59    146 0.0000000e+00 3.4367850e-02 2.3992680e-04
     59    147 0.0000000e+00 2.5874920e-02 1.9754110e-04
     59    148 0.0000000e+00 2.1118980e-02 1.6920890e-04
     59    148 1.0000000e+00 1.1365070e-04 3.7890200e-05
     59    149 0.0000000e+00 1.6189360e-02 1.6181960e-04
     59    150 0.0000000e+00 1.2638930e-02 1.2759210e-04
     59    151 0.0000000e+00 9.2694400e-03 9.4952550e-05
     59    152 0.0000000e+00 4.5803270e-03 2.5931830e-04
     59    153 0.0000000e+00 2.4058940e-03 2.4645120e-04
     59    154 0.0000000e+00 9.8112290e-04 1.6489100e-04
     59    155 0.0000000e+00 3.1828760e-04 1.3986320e-04
     59    156 0.0000000e+00 3.8200470e-05 1.2767100e-05
     59    157 0.0000000e+00 8.4689720e-06 6.8533720e-06
     59    158 0.0000000e+00 4.0953710e-07 3.4733770e-07
     59    159 0.0000000e+00 1.5060370e-08 5.7023910e-09
     59    160 0.0000000e+00 6.8117400e-10 3.4078400e-10
     59    161 0.0000000e+00 1.2710300e-11 6.3596900e-12
     59    162 0.0000000e+00 7.3267900e-14 3.6660100e-14
     60    141 0.0000000e+00 0.0000000e+00 0.0000000e+00
     60    141 1.0000000e+00 0.0000000e+00 0.0000000e+00
     60    142 0.0000000e+00 9.2361600e-13 3.6024400e-13
     60    143 0.0000000e+00 4.6302120e-02 3.6951830e-04
     60    144 0.0000000e+00 4.5553500e-02 3.6212810e-04
     60    145 0.0000000e+00 3.7671720e-02 2.6587530e-04
     60    146 0.0000000e+00 3.4367850e-02 2.3992680e-04
     60    147 0.0000000e+00 2.5874930e-02 1.9754110e-04
     60    148 0.0000000e+00 2.1192180e-02 1.6814380e-04
     60    149 0.0000000e+00 1.6193810e-02 1.6181200e-04
     60    150 0.0000000e+00 1.2677520e-02 1.2672990e-04
     60    151 0.0000000e+00 9.4296060e-03 7.9894870e-05
     60    152 0.0000000e+00 5.2948430e-03 5.2954860e-05
     60    153 0.0000000e+00 3.2862680e-03 8.2521690e-05
     60    154 0.0000000e+00 2.1093280e-03 2.6108420e-05
     60    155 0.0000000e+00 1.1952640e-03 1.7429420e-04
     60    156 0.0000000e+00 5.1467320e-04 4.1295010e-05
     60    157 0.0000000e+00 1.6985350e-04 1.0125330e-04
     60    158 0.0000000e+00 3.8779000e-05 2.8212600e-05
     60    159 0.0000000e+00 3.4465300e-06 1.1354210e-06
     60    160 0.0000000e+00 4.9031430e-07 3.8760100e-07
     60    161 0.0000000e+00 1.9243180e-08 7.3477600e-09
     60    162 0.0000000e+00 4.4974500e-10 2.2499900e-10
     60    163 0.0000000e+00 1.6452700e-11 8.2322200e-12
     60    164 0.0000000e+00 3.8536500e-13 1.9282000e-13
     61    144 0.0000000e+00 0.0000000e+00 0.0000000e+00
     61    145 0.0000000e+00 0.0000000e+00 0.0000000e+00
     61    146 0.0000000e+00 0.0000000e+00 0.0000000e+00
     61    147 0.0000000e+00 2.5874930e-02 1.9754110e-04
     61    148 0.0000000e+00 7.4529100e-12 3.3690700e-12
     61    148 1.0000000e+00 1.8261500e-11 9.1372900e-12
     61    149 0.0000000e+00 1.6193810e-02 1.6181200e-04
     61    150 0.0000000e+00 2.2376820e-08 1.1196390e-08
     61    151 0.0000000e+00 9.4300790e-03 7.9894730e-05
     61    152 0.0000000e+00 5.2973610e-03 5.2946250e-05
     61    152 1.0000000e+00 3.3273170e-06 1.2658110e-06
     61    152 2.0000000e+00 0.0000000e+00 0.0000000e+00
     61    153 0.0000000e+00 3.3158740e-03 8.1882520e-05
     61    154 0.0000000e+00 2.1218510e-03 2.5738130e-05
     61    154 1.0000000e+00 3.9982310e-05 1.4055290e-05
     61    155 0.0000000e+00 1.4111420e-03 1.4616890e-04
     61    156 0.0000000e+00 7.4209130e-04 1.6419700e-05
     61    157 0.0000000e+00 3.8892270e-04 6.5775920e-05
     61    158 0.0000000e+00 1.3786590e-04 4.2705150e-05
     61    159 0.0000000e+00 4.4763900e-05 6.8851520e-06
     61    160 0.0000000e+00 9.5080790e-06 6.2868950e-06
     61    161 0.0000000e+00 1.5320850e-06 4.8877760e-07
     61    162 0.0000000e+00 9.5225560e-08 1.0115210e-07
     61    163 0.0000000e+00 1.1998600e-08 1.2795310e-08
     61    164 0.0000000e+00 7.5376800e-10 3.7696700e-10
     61    165 0.0000000e+00 2.7616500e-11 1.3818100e-11
     61    166 0.0000000e+00 1.3626300e-12 6.8179900e-13
     62    146 0.0000000e+00 0.0000000e+00 0.0000000e+00
     62    147 0.0000000e+00 2.5874930e-02 1.9754110e-04
     62    148 0.0000000e+00 2.4947500e-11 9.7329000e-12
     62    149 0.0000000e+00 1.6193810e-02 1.6181200e-04
     62    150 0.0000000e+00 2.2378030e-08 1.1196390e-08
     62    151 0.0000000e+00 9.4300790e-03 7.9894730e-05
     62    152 0.0000000e+00 5.3006940e-03 5.2931210e-05
     62    153 0.0000000e+00 3.3159310e-03 8.1882520e-05
     62    153 1.0000000e+00 3.1050870e-08 1.5536510e-08
     62    154 0.0000000e+00 2.1621670e-03 2.1595410e-05
     62    155 0.0000000e+00 1.4147260e-03 1.4615960e-04
     62    156 0.0000000e+00 7.6006430e-04 1.5026070e-05
     62    157 0.0000000e+00 4.1345610e-04 6.3216900e-05
     62    158 0.0000000e+00 1.8409820e-04 2.8260300e-05
     62    159 0.0000000e+00 8.3316980e-05 1.0086400e-05
     62    160 0.0000000e+00 3.2982550e-05 7.6295060e-06
     62    161 0.0000000e+00 8.9952670e-06 7.9106260e-07
     62    162 0.0000000e+00 1.7308230e-06 1.2535630e-06
     62    163 0.0000000e+00 4.8576210e-07 4.6850340e-07
     62    164 0.0000000e+00 1.0877720e-07 1.1305730e-07
     62    165 0.0000000e+00 1.1301490e-08 1.2012400e-08
     62    166 0.0000000e+00 1.7666210e-09 8.8328400e-10
     62    167 0.0000000e+00 1.7672800e-10 8.8426900e-11
     62    168 0.0000000e+00 6.7726200e-12 3.3887200e-12
     63    149 0.0000000e+00 0.0000000e+00 0.0000000e+00
     63    150 0.0000000e+00 0.0000000e+00 0.0000000e+00
     63    150 1.0000000e+00 0.0000000e+00 0.0000000e+00
     63    151 0.0000000e+00 9.4300790e-03 7.9894730e-05
     63    152 0.0000000e+00 1.1445100e-13 4.0522300e-14
     63    152 1.0000000e+00 5.3986500e-15 2.7012500e-15
     63    152 2.0000000e+00 5.9385100e-14 2.9713700e-14
     63    153 0.0000000e+00 3.3159310e-03 8.1882520e-05
     63    154 0.0000000e+00 4.9649100e-11 1.7578800e-11
     63    154 1.0000000e+00 2.5767900e-11 1.2893100e-11
     63    155 0.0000000e+00 1.4147290e-03 1.4615960e-04
     63    156 0.0000000e+00 7.6010390e-04 1.5026060e-05
     63    157 0.0000000e+00 4.1362690e-04 6.3216770e-05
     63    158 0.0000000e+00 1.8481370e-04 2.8254900e-05
     63    159 0.0000000e+00 8.6151650e-05 1.0082620e-05
     63    160 0.0000000e+00 3.5395850e-05 7.4676830e-06
     63    161 0.0000000e+00 1.2055240e-05 3.3418620e-07
     63    162 0.0000000e+00 3.2380120e-06 9.9222620e-07
     63    163 0.0000000e+00 1.7504820e-06 6.3724770e-07
     63    164 0.0000000e+00 7.6164100e-07 4.6065090e-07
     63    165 0.0000000e+00 2.7068790e-07 2.3308930e-07
     63    166 0.0000000e+00 8.4692180e-08 8.6571070e-08
     63    167 0.0000000e+00 2.6027810e-08 2.7402970e-08
     63    168 0.0000000e+00 2.8077050e-09 1.4015380e-09
     63    169 0.0000000e+00 2.1569400e-10 1.0792400e-10
     63    170 0.0000000e+00 1.1523000e-11 5.7656100e-12
     64    151 0.0000000e+00 0.0000000e+00 0.0000000e+00
     64    152 0.0000000e+00 3.5895800e-14 1.1486000e-14
     64    153 0.0000000e+00 0.0000000e+00 0.0000000e+00
     64    154 0.0000000e+00 4.9640200e-11 1.7575600e-11
     64    155 0.0000000e+00 1.4147290e-03 1.4615960e-04
     64    155 1.0000000e+00 0.0000000e+00 0.0000000e+00
     64    156 0.0000000e+00 7.6010390e-04 1.5026060e-05
     64    157 0.0000000e+00 4.1362690e-04 6.3216770e-05
     64    158 0.0000000e+00 1.8481500e-04 2.8254900e-05
     64    159 0.0000000e+00 8.6164370e-05 1.0082620e-05
     64    160 0.0000000e+00 3.5429450e-05 7.4676510e-06
     64    161 0.0000000e+00 1.2146230e-05 3.3253870e-07
     64    162 0.0000000e+00 3.3982790e-06 9.8289190e-07
     64    163 0.0000000e+00 2.0351370e-06 5.9196560e-07
     64    164 0.0000000e+00 1.2323560e-06 3.6077820e-07
     64    165 0.0000000e+00 7.0519370e-07 1.7634080e-07
     64    166 0.0000000e+00 4.6459690e-07 1.8542840e-07
     64    167 0.0000000e+00 2.5676660e-07 1.4748440e-07
     64    168 0.0000000e+00 9.6027630e-08 8.5082330e-08
     64    169 0.0000000e+00 1.8701080e-08 1.9413990e-08
     64    170 0.0000000e+00 3.3983730e-09 1.6943390e-09
     64    171 0.0000000e+00 3.0855700e-10 1.5438800e-10
     64    172 0.0000000e+00 8.7695500e-11 4.3879000e-11
     65    154 0.0000000e+00 0.0000000e+00 0.0000000e+00
     65    154 1.0000000e+00 0.0000000e+00 0.0000000e+00
     65    154 2.0000000e+00 0.0000000e+00 0.0000000e+00
     65    155 0.0000000e+00 0.0000000e+00 0.0000000e+00
     65    156 0.0000000e+00 0.0000000e+00 0.0000000e+00
     65    156 1.0000000e+00 0.0000000e+00 0.0000000e+00
     65    156 2.0000000e+00 0.0000000e+00 0.0000000e+00
     65    157 0.0000000e+00 0.0000000e+00 0.0000000e+00
     65    158 0.0000000e+00 5.3623300e-14 2.6830800e-14
     65    158 1.0000000e+00 0.0000000e+00 0.0000000e+00
     65    158 2.0000000e+00 0.0000000e+00 0.0000000e+00
     65    159 0.0000000e+00 8.6164370e-05 1.0082620e-05
     65    160 0.0000000e+00 1.1412100e-11 5.7101100e-12
     65    161 0.0000000e+00 1.2146380e-05 3.3253870e-07
     65    162 0.0000000e+00 3.3989880e-06 9.8289170e-07
     65    163 0.0000000e+00 2.0394020e-06 5.9195430e-07
     65    164 0.0000000e+00 1.2495660e-06 3.6048750e-07
     65    165 0.0000000e+00 7.6525280e-07 1.6700280e-07
     65    166 0.0000000e+00 5.6420820e-07 1.6567790e-07
     65    167 0.0000000e+00 4.2557450e-07 6.8369210e-08
     65    168 0.0000000e+00 2.5195710e-07 8.5969220e-08
     65    169 0.0000000e+00 1.2093200e-07 6.0484670e-08
     65    170 0.0000000e+00 4.3795990e-08 3.5015110e-08
     65    171 0.0000000e+00 1.2820900e-08 1.2513720e-08
     65    172 0.0000000e+00 8.0342200e-09 3.9727450e-09
     66    157 0.0000000e+00 0.0000000e+00 0.0000000e+00
     66    157 1.0000000e+00 0.0000000e+00 0.0000000e+00
     66    158 0.0000000e+00 8.9014700e-15 4.4697000e-15
     66    159 0.0000000e+00 0.0000000e+00 0.0000000e+00
     66    160 0.0000000e+00 1.1412100e-11 5.7101100e-12
     66    161 0.0000000e+00 1.2146380e-05 3.3253870e-07
     66    162 0.0000000e+00 3.3989890e-06 9.8289170e-07
     66    163 0.0000000e+00 2.0394050e-06 5.9195430e-07
     66    164 0.0000000e+00 1.2496180e-06 3.6048750e-07
     66    165 0.0000000e+00 7.6576920e-07 1.6700220e-07
     66    165 1.0000000e+00 3.7244600e-11 1.8635600e-11
     66    166 0.0000000e+00 5.6683180e-07 1.6566190e-07
     66    167 0.0000000e+00 4.3483940e-07 6.7727240e-08
     66    168 0.0000000e+00 2.8365140e-07 8.1923390e-08
     66    169 0.0000000e+00 1.6840140e-07 4.9291220e-08
     66    170 0.0000000e+00 9.7882610e-08 2.9699430e-08
     66    171 0.0000000e+00 4.8512430e-08 1.8033150e-08
     66    172 0.0000000e+00 7.4096950e-08 3.8760480e-08
     67    160 0.0000000e+00 0.0000000e+00 0.0000000e+00
     67    160 1.0000000e+00 0.0000000e+00 0.0000000e+00
     67    160 2.0000000e+00 0.0000000e+00 0.0000000e+00
     67    161 0.0000000e+00 0.0000000e+00 0.0000000e+00
     67    161 1.0000000e+00 0.0000000e+00 0.0000000e+00
     67    162 0.0000000e+00 0.0000000e+00 0.0000000e+00
     67    162 1.0000000e+00 0.0000000e+00 0.0000000e+00
     67    163 0.0000000e+00 0.0000000e+00 0.0000000e+00
     67    163 1.0000000e+00 0.0000000e+00 0.0000000e+00
     67    164 0.0000000e+00 0.0000000e+00 0.0000000e+00
     67    164 1.0000000e+00 0.0000000e+00 0.0000000e+00
     67    165 0.0000000e+00 7.6577030e-07 1.6700220e-07
     67    166 0.0000000e+00 5.6683240e-07 1.6566190e-07
     67    166 1.0000000e+00 1.8500800e-12 9.2570100e-13
     67    167 0.0000000e+00 4.3486790e-07 6.7727240e-08
     67    168 0.0000000e+00 2.8392590e-07 8.1923210e-08
     67    168 1.0000000e+00 7.1424300e-11 3.5737600e-11
     67    169 0.0000000e+00 1.6993600e-07 4.9273660e-08
     67    170 0.0000000e+00 5.2739350e-08 1.4949910e-08
     67    170 1.0000000e+00 4.9204810e-08 1.4850210e-08
     67    171 0.0000000e+00 5.7050970e-08 1.6601700e-08
     67    172 0.0000000e+00 1.0536800e-07 3.1134620e-08
     68    163 0.0000000e+00 0.0000000e+00 0.0000000e+00
     68    164 0.0000000e+00 0.0000000e+00 0.0000000e+00
     68    165 0.0000000e+00 0.0000000e+00 0.0000000e+00
     68    166 0.0000000e+00 5.6683240e-07 1.6566190e-07
     68    167 0.0000000e+00 4.3486790e-07 6.8034580e-08
     68    167 1.0000000e+00 5.8985390e-08 9.7526350e-09
     68    168 0.0000000e+00 2.8392610e-07 8.1923210e-08
     68    169 0.0000000e+00 1.6993870e-07 4.9273660e-08
     68    170 0.0000000e+00 1.0196940e-07 2.9523010e-08
     68    171 0.0000000e+00 5.7184690e-08 1.6601610e-08
     68    172 0.0000000e+00 1.0696290e-07 3.1103990e-08
     69    166 0.0000000e+00 0.0000000e+00 0.0000000e+00
     69    166 1.0000000e+00 0.0000000e+00 0.0000000e+00
     69    167 0.0000000e+00 0.0000000e+00 0.0000000e+00
     69    168 0.0000000e+00 0.0000000e+00 0.0000000e+00
     69    169 0.0000000e+00 1.6993870e-07 4.9273660e-08
     69    170 0.0000000e+00 5.3081600e-15 2.6559700e-15
     69    171 0.0000000e+00 5.7184800e-08 1.6601610e-08
     69    172 0.0000000e+00 1.0696590e-07 3.1103990e-08
     70    168 0.0000000e+00 0.0000000e+00 0.0000000e+00
     70    169 0.0000000e+00 0.0000000e+00 0.0000000e+00
     70    169 1.0000000e+00 0.0000000e+00 0.0000000e+00
     70    170 0.0000000e+00 5.3012100e-15 2.6524900e-15
     70    171 0.0000000e+00 5.7184800e-08 1.6601610e-08
     70    171 1.0000000e+00 0.0000000e+00 0.0000000e+00
     70    172 0.0000000e+00 1.0696590e-07 3.1103990e-08
     71    172 0.0000000e+00 0.0000000e+00 0.0000000e+00
     71    172 1.0000000e+00 0.0000000e+00 0.0000000e+00


