    1   1.9680E-05
    2   6.0143E-06
    3   8.5806E-05
    4   1.4292E-03
    6   2.1451E-05
    7   5.7104E-07
    8   7.1721E-07
    9   4.0641E-07
   10   3.7345E-07
   66   3.7089E-08
   67   2.1494E-07
   68   2.7992E-07
   69   3.5789E-07
   70   4.4087E-07
   71   4.9485E-07
   72   6.0482E-07
   73   2.0594E-06
   74   2.7692E-06
   75   4.6186E-06
   76   7.9976E-06
   77   3.3000E-05
   78   1.1219E-04
   79   3.2663E-04
   80   4.2728E-04
   81   8.6182E-04
   82   2.1372E-03
   83   3.9612E-03
   84   8.2552E-03
   85   7.4283E-03
   86   1.2961E-02
   87   1.6250E-02
   88   2.0274E-02
   89   2.7602E-02
   90   3.2460E-02
   91   4.0382E-02
   92   4.3112E-02
   93   4.9118E-02
   94   4.6087E-02
   95   5.1389E-02
   96   6.0155E-02
   97   5.5608E-02
   98   5.9432E-02
   99   6.1664E-02
  100   6.6953E-02
  101   6.2072E-02
  102   6.4454E-02
  103   6.2734E-02
  104   5.0345E-02
  105   4.0500E-02
  106   2.4890E-02
  107   1.4454E-02
  108   6.0124E-03
  109   2.5207E-03
  110   1.4072E-03
  111   7.1193E-04
  112   5.5884E-04
  113   4.6097E-04
  114   3.9245E-04
  115   3.7537E-04
  116   3.9302E-04
  117   3.7721E-04
  118   4.3163E-04
  119   3.9708E-04
  120   3.8701E-04
  121   3.6916E-04
  122   4.1061E-04
  123   4.4521E-04
  124   4.6447E-04
  125   4.8510E-04
  126   5.4073E-04
  127   1.3625E-03
  128   2.8600E-03
  129   1.0110E-02
  130   1.9131E-02
  131   3.2898E-02
  132   5.1460E-02
  133   6.7607E-02
  134   7.6071E-02
  135   6.9655E-02
  136   6.9778E-02
  137   6.0507E-02
  138   5.7607E-02
  139   5.6685E-02
  140   5.8135E-02
  141   5.3349E-02
  142   4.5844E-02
  143   4.6207E-02
  144   4.5466E-02
  145   3.8078E-02
  146   3.4446E-02
  147   2.5919E-02
  148   2.1119E-02
  149   1.6248E-02
  150   1.2731E-02
  151   9.4301E-03
  152   5.3007E-03
  153   3.3159E-03
  154   2.1622E-03
  155   1.4147E-03
  156   7.6010E-04
  157   4.1363E-04
  158   1.8482E-04
  159   8.6164E-05
  160   3.5429E-05
  161   1.2146E-05
  162   3.3990E-06
  163   2.0394E-06
  164   1.2496E-06
  165   7.6577E-07
  166   5.6683E-07
  167   4.3487E-07
  168   2.8392E-07
  169   1.6995E-07
  170   1.0197E-07
  171   5.7183E-08
  172   1.0697E-07
