    2   6.4720E-05
    3   0.0000E+00
    4   1.0795E-03
    5   1.5062E-05
    6   1.1196E-06
    7   7.9785E-08
    8   5.0980E-07
    9   2.9554E-07
   10   2.8331E-07
   65   2.7916E-07
   66   5.0636E-07
   67   1.4197E-06
   68   2.4676E-06
   69   4.2049E-06
   70   8.8964E-06
   71   8.5464E-06
   72   2.7183E-05
   73   5.1423E-05
   74   8.1197E-05
   75   1.3935E-04
   76   2.1339E-04
   77   3.0592E-04
   78   5.7218E-04
   79   1.2691E-03
   80   2.1423E-03
   81   3.1600E-03
   82   4.5500E-03
   83   6.7501E-03
   84   1.1661E-02
   85   1.0141E-02
   86   1.5210E-02
   87   1.7119E-02
   88   2.1745E-02
   89   2.9439E-02
   90   3.2492E-02
   91   3.8183E-02
   92   3.9219E-02
   93   4.5316E-02
   94   4.7186E-02
   95   4.9141E-02
   96   5.5950E-02
   97   5.0563E-02
   98   5.3860E-02
   99   5.7234E-02
  100   4.8925E-02
  101   5.7130E-02
  102   4.6112E-02
  103   1.9572E-02
  104   3.9631E-02
  105   3.2615E-02
  106   2.4328E-02
  107   1.5120E-02
  108   1.2307E-02
  109   1.1202E-02
  110   6.7009E-03
  111   9.9498E-03
  112   1.0171E-02
  113   8.3505E-03
  114   6.7068E-03
  115   8.2227E-03
  116   3.7443E-03
  117   5.4320E-03
  118   8.3328E-03
  119   6.6129E-03
  120   7.7020E-03
  121   8.3624E-03
  122   8.2732E-03
  123   3.7762E-03
  124   1.0414E-02
  125   1.1377E-02
  126   1.3187E-02
  127   1.5027E-02
  128   1.9511E-02
  129   1.6639E-02
  130   3.1643E-02
  131   4.0052E-02
  132   3.3946E-02
  133   6.0251E-02
  134   6.4861E-02
  135   5.8371E-02
  136   4.2917E-02
  137   5.0146E-02
  138   2.7563E-02
  139   3.6767E-02
  140   8.3759E-02
  141   4.3986E-02
  142   4.0645E-02
  143   6.7662E-02
  144   3.7406E-02
  145   1.3895E-02
  146   2.4506E-02
  147   2.8388E-02
  148   1.6476E-02
  149   1.4518E-02
  150   1.0835E-02
  151   7.4041E-03
  152   2.4238E-03
  153   3.9357E-03
  154   2.5320E-03
  155   1.5284E-03
  156   1.1486E-03
  157   8.5337E-04
  158   3.9758E-04
  159   2.6129E-04
  160   1.5710E-04
  161   4.6447E-05
  162   5.9619E-05
  163   3.4078E-05
  164   1.9999E-05
  165   8.7320E-06
  166   6.3242E-06
  167   2.4350E-06
  168   2.0100E-06
  169   1.2982E-06
  170   5.9743E-07
  171   3.3073E-07
  172   2.1354E-07
