#  n-Th232-MT454-E0000.500.jendl4.0  independent fission yields
#   0    90   232  90xx  5.0000E-01        1243
    0     1     1     0       9.919370E-06       1.587100E-06
    1     1     2     0       3.031440E-06       4.334970E-07
    2     1     3     0       4.324920E-05       3.459930E-06
    1     2     3     0       0.000000E+00       0.000000E+00
    2     2     4     0       7.691580E-04       4.922610E-05
    4     2     6     0       1.074100E-05       1.589670E-06
    6     2     8     0       2.007940E-07       4.979690E-08
    3     3     6     0       0.000000E+00       0.000000E+00
    4     3     7     0       4.673720E-07       8.833320E-08
    6     3     9     0       3.326280E-07       7.750240E-08
    5     4     9     0       0.000000E+00       0.000000E+00
    6     4    10     0       2.900000E-06       4.843000E-07
   43    23    66     0       9.641180E-16       6.170360E-16
   42    24    66     0       3.178670E-12       2.034360E-12
   43    24    67     0       5.559310E-13       3.557960E-13
   44    24    68     0       7.829040E-14       5.010590E-14
   45    24    69     0       1.498050E-14       9.587560E-15
   46    24    70     0       0.000000E+00       0.000000E+00
   41    25    66     0       5.149410E-10       3.295630E-10
   42    25    67     0       3.819560E-10       2.444520E-10
   43    25    68     0       1.629810E-10       1.043090E-10
   44    25    69     0       2.808180E-11       1.797240E-11
   45    25    70     0       2.289740E-12       1.465440E-12
   46    25    71     0       1.739770E-13       1.113460E-13
   47    25    72     0       1.663860E-15       1.064870E-15
   48    25    73     0       1.038380E-16       6.645620E-17
   40    26    66     0       7.429160E-09       4.754660E-09
   41    26    67     0       1.469840E-08       9.406940E-09
   42    26    68     0       2.409730E-08       1.542230E-08
   43    26    69     0       1.239860E-08       7.935100E-09
   44    26    70     0       4.169530E-09       2.668500E-09
   45    26    71     0       9.998860E-10       6.399280E-10
   46    26    72     0       1.829770E-10       1.171050E-10
   47    26    73     0       9.698800E-12       6.207230E-12
   48    26    74     0       4.809410E-13       3.078020E-13
   49    26    75     0       5.085210E-15       3.254530E-15
   50    26    76     0       0.000000E+00       0.000000E+00
   39    27    66     0       3.219640E-09       2.060560E-09
   40    27    67     0       2.109760E-08       1.350250E-08
   41    27    68     0       8.139080E-08       5.209010E-08
   42    27    69     0       1.489830E-07       9.534910E-08
   43    27    70     0       1.329850E-07       8.511040E-08
   44    27    71     0       1.289850E-07       8.255060E-08
   45    27    72     0       6.869220E-08       4.396300E-08
   46    27    73     0       1.569820E-08       1.004690E-08
   47    27    74     0       2.389730E-09       1.529430E-09
   48    27    75     0       3.179590E-10       2.034940E-10
   49    27    76     0       2.079760E-11       1.331050E-11
   50    27    77     0       4.033440E-12       2.581410E-12
   51    27    78     0       1.491110E-14       9.543100E-15
   38    28    66     0       1.619810E-10       1.036690E-10
   39    28    67     0       2.819680E-09       1.804600E-09
   40    28    68     0       3.679590E-08       2.354940E-08
   41    28    69     0       1.619810E-07       1.036690E-07
   42    28    70     0       4.659470E-07       2.982060E-07
   43    28    71     0       1.109870E-06       7.103190E-07
   44    28    72     0       2.089760E-06       1.337450E-06
   45    28    73     0       1.339850E-06       8.575030E-07
   46    28    74     0       8.029090E-07       5.138610E-07
   47    28    75     0       3.259630E-07       2.086160E-07
   48    28    76     0       9.268950E-08       5.932130E-08
   49    28    77     0       1.129470E-08       7.228600E-09
   50    28    78     0       1.639800E-09       1.049470E-09
   51    28    79     0       1.727290E-10       1.105470E-10
   52    28    80     0       2.339740E-12       1.497430E-12
   53    28    81     0       4.781380E-14       3.060080E-14
   54    28    82     0       0.000000E+00       0.000000E+00
   37    29    66     0       1.489830E-13       9.534910E-14
   38    29    67     0       1.099880E-11       7.039200E-12
   39    29    68     0       1.090640E-10       6.980040E-11
   39    29    68     1       2.978900E-10       1.906500E-10
   40    29    69     0       6.879210E-09       4.402700E-09
   41    29    70     0       1.119330E-08       7.163700E-09
   41    29    70     1       3.900100E-08       2.496060E-08
   42    29    71     0       4.089540E-07       2.617300E-07
   43    29    72     0       1.789800E-06       1.145470E-06
   44    29    73     0       3.799560E-06       2.431730E-06
   45    29    74     0       5.589360E-06       3.577200E-06
   46    29    75     0       8.419050E-06       5.388190E-06
   47    29    76     0       6.819230E-06       4.364300E-06
   48    29    77     0       3.429610E-06       2.194950E-06
   49    29    78     0       1.549830E-06       9.918880E-07
   50    29    79     0       3.237910E-07       2.072260E-07
   51    29    80     0       3.449610E-08       2.207750E-08
   52    29    81     0       2.989610E-09       1.913360E-09
   53    29    82     0       9.098960E-11       5.823340E-11
   54    29    83     0       1.066210E-12       6.823740E-13
   55    29    84     0       3.254980E-14       2.083190E-14
   36    30    66     0       0.000000E+00       0.000000E+00
   37    30    67     0       2.975190E-15       2.380150E-15
   38    30    68     0       3.299630E-13       2.111760E-13
   39    30    69     0       2.914470E-12       1.865270E-12
   39    30    69     1       1.443360E-11       9.237470E-12
   40    30    70     0       5.119410E-10       3.276430E-10
   41    30    71     0       2.017450E-09       1.291170E-09
   41    30    71     1       9.991190E-09       6.394360E-09
   42    30    72     0       1.919790E-07       1.228660E-07
   43    30    73     0       1.039890E-06       6.655250E-07
   44    30    74     0       5.019430E-06       3.212440E-06
   45    30    75     0       1.798800E-05       1.151230E-05
   46    30    76     0       4.917440E-05       3.147160E-05
   47    30    77     0       6.362280E-05       4.071860E-05
   48    30    78     0       1.091780E-04       6.987370E-05
   49    30    79     0       6.860230E-05       4.390540E-05
   50    30    80     0       3.281630E-05       2.100240E-05
   51    30    81     0       9.218950E-06       5.900130E-06
   52    30    82     0       1.379840E-06       8.831000E-07
   53    30    83     0       9.958770E-08       6.373610E-08
   54    30    84     0       3.579560E-09       2.290920E-09
   55    30    85     0       1.479190E-11       9.466800E-12
   56    30    86     0       5.239400E-13       3.353220E-13
   36    31    67     0       0.000000E+00       0.000000E+00
   37    31    68     0       0.000000E+00       0.000000E+00
   38    31    69     0       0.000000E+00       0.000000E+00
   39    31    70     0       8.439040E-14       5.400990E-14
   40    31    71     0       8.659010E-12       5.541770E-12
   41    31    72     0       4.589480E-10       2.076970E-10
   42    31    73     0       9.228950E-09       5.906530E-09
   43    31    74     0       1.111290E-07       7.112280E-08
   43    31    74     1       1.085680E-08       6.948330E-09
   44    31    75     0       1.609810E-06       1.030290E-06
   45    31    76     0       1.103880E-05       7.064800E-06
   46    31    77     0       4.746460E-05       3.037730E-05
   47    31    78     0       1.945580E-04       1.245170E-04
   48    31    79     0       4.323610E-04       2.767110E-04
   49    31    80     0       5.802140E-04       3.713370E-04
   50    31    81     0       6.573850E-04       4.207270E-04
   51    31    82     0       3.222340E-04       2.062290E-04
   52    31    83     0       1.066580E-04       6.826110E-05
   53    31    84     0       1.300850E-05       8.325450E-06
   54    31    85     0       9.248800E-07       5.919230E-07
   55    31    86     0       3.179640E-08       2.034970E-08
   56    31    87     0       2.987610E-09       1.912070E-09
   57    31    88     0       3.227710E-12       2.065730E-12
   58    31    89     0       1.854990E-13       1.187190E-13
   37    32    69     0       0.000000E+00       0.000000E+00
   38    32    70     0       0.000000E+00       0.000000E+00
   39    32    71     0       0.000000E+00       0.000000E+00
   40    32    72     0       6.539260E-14       4.185130E-14
   41    32    73     0       4.128750E-12       2.642400E-12
   41    32    73     1       8.336900E-13       5.335620E-13
   42    32    74     0       2.329740E-10       1.491030E-10
   43    32    75     0       1.109070E-09       7.098100E-10
   43    32    75     1       8.289850E-09       5.305510E-09
   44    32    76     0       2.609700E-07       1.670210E-07
   45    32    77     0       2.745360E-06       1.757030E-06
   45    32    77     1       3.672930E-07       2.350670E-07
   46    32    78     0       4.599480E-05       2.943660E-05
   47    32    79     0       3.043580E-05       1.947890E-05
   47    32    79     1       2.274950E-04       1.455970E-04
   48    32    80     0       1.179400E-03       7.548200E-04
   49    32    81     0       2.263270E-03       1.448490E-03
   49    32    81     1       6.659770E-04       5.327820E-04
   50    32    82     0       6.414070E-03       4.105000E-03
   51    32    83     0       6.190790E-03       3.962100E-03
   52    32    84     0       3.238990E-03       2.072950E-03
   53    32    85     0       7.729630E-04       4.946960E-04
   54    32    86     0       1.194960E-04       7.647780E-05
   55    32    87     0       8.366060E-06       5.354280E-06
   56    32    88     0       3.549570E-07       2.271720E-07
   57    32    89     0       1.732620E-08       1.108880E-08
   58    32    90     0       8.460710E-12       5.414860E-12
   59    32    91     0       7.710140E-13       4.934490E-13
   39    33    72     0       0.000000E+00       0.000000E+00
   40    33    73     0       0.000000E+00       0.000000E+00
   41    33    74     0       0.000000E+00       0.000000E+00
   42    33    75     0       1.199860E-12       7.679130E-13
   43    33    76     0       1.059880E-10       6.783230E-11
   44    33    77     0       5.439390E-09       3.481200E-09
   45    33    78     0       2.419730E-07       1.548630E-07
   46    33    79     0       5.569360E-06       3.564400E-06
   47    33    80     0       7.479150E-05       4.786660E-05
   48    33    81     0       7.600940E-04       4.864600E-04
   49    33    82     0       8.376680E-04       5.361090E-04
   49    33    82     1       2.918690E-03       1.867960E-03
   50    33    83     0       1.266510E-02       4.052830E-03
   51    33    84     0       1.488810E-02       9.528360E-03
   51    33    84     1       2.423640E-03       1.551130E-03
   52    33    85     0       1.659630E-02       5.310810E-03
   53    33    86     0       7.476520E-03       4.784980E-03
   54    33    87     0       2.304570E-03       1.474930E-03
   55    33    88     0       3.232540E-04       2.068820E-04
   56    33    89     0       3.247900E-05       2.078650E-05
   57    33    90     0       4.493160E-07       2.875620E-07
   58    33    91     0       4.820860E-08       3.085350E-08
   59    33    92     0       2.549760E-09       1.631850E-09
   60    33    93     0       1.865840E-12       1.194130E-12
   61    33    94     0       6.419050E-14       4.108190E-14
   62    33    95     0       0.000000E+00       0.000000E+00
   40    34    74     0       0.000000E+00       0.000000E+00
   41    34    75     0       0.000000E+00       0.000000E+00
   42    34    76     0       0.000000E+00       0.000000E+00
   43    34    77     0       5.617350E-14       3.595110E-14
   43    34    77     1       4.198730E-13       2.687180E-13
   44    34    78     0       8.539030E-11       5.464980E-11
   45    34    79     0       6.123030E-09       3.918740E-09
   45    34    79     1       8.191810E-10       5.242760E-10
   46    34    80     0       4.069540E-07       2.604500E-07
   47    34    81     0       1.485450E-06       9.506830E-07
   47    34    81     1       1.110310E-05       7.106000E-06
   48    34    82     0       2.648100E-04       1.694790E-04
   49    34    83     0       2.152790E-03       1.377780E-03
   49    34    83     1       4.346980E-04       2.782060E-04
   50    34    84     0       1.089850E-02       3.487530E-03
   51    34    85     0       3.011810E-02       6.814960E-03
   52    34    86     0       4.682020E-02       1.498240E-02
   53    34    87     0       3.908190E-02       1.250620E-02
   54    34    88     0       2.209010E-02       7.068830E-03
   55    34    89     0       6.873360E-03       4.398950E-03
   56    34    90     0       1.481390E-03       9.480850E-04
   57    34    91     0       1.349970E-04       8.639770E-05
   58    34    92     0       8.406500E-06       5.380160E-06
   59    34    93     0       1.742750E-07       1.115370E-07
   60    34    94     0       7.059140E-09       4.517850E-09
   61    34    95     0       5.662040E-12       3.623700E-12
   62    34    96     0       5.879340E-13       3.762780E-13
   42    35    77     0       0.000000E+00       0.000000E+00
   42    35    77     1       0.000000E+00       0.000000E+00
   43    35    78     0       0.000000E+00       0.000000E+00
   44    35    79     0       3.546330E-14       2.269650E-14
   44    35    79     1       1.342170E-13       8.589920E-14
   45    35    80     0       7.692630E-12       4.923280E-12
   45    35    80     1       2.680350E-11       1.715420E-11
   46    35    81     0       4.459490E-09       2.854080E-09
   47    35    82     0       7.231340E-07       4.628060E-07
   47    35    82     1       2.647540E-07       1.694420E-07
   48    35    83     0       1.475840E-05       9.445330E-06
   49    35    84     0       7.215340E-05       4.617820E-05
   49    35    84     1       1.512320E-04       9.678800E-05
   50    35    85     0       2.264140E-03       1.449050E-03
   51    35    86     0       9.143190E-03       4.137730E-03
   52    35    87     0       2.656510E-02       6.109970E-03
   53    35    88     0       3.819510E-02       1.222250E-02
   54    35    89     0       4.328360E-02       1.385070E-02
   55    35    90     0       2.619390E-02       8.382050E-03
   56    35    91     0       9.947940E-03       6.366670E-03
   57    35    92     0       1.967010E-03       1.258890E-03
   58    35    93     0       3.266880E-04       2.090810E-04
   59    35    94     0       2.476720E-05       1.585100E-05
   60    35    95     0       3.540260E-07       2.265760E-07
   61    35    96     0       3.209640E-08       2.054160E-08
   62    35    97     0       2.602110E-09       1.665350E-09
   63    35    98     0       2.854930E-12       1.827150E-12
   64    35    99     0       2.045520E-13       1.309140E-13
   65    35   100     0       0.000000E+00       0.000000E+00
   43    36    79     0       0.000000E+00       0.000000E+00
   43    36    79     1       0.000000E+00       0.000000E+00
   44    36    80     0       0.000000E+00       0.000000E+00
   45    36    81     0       6.014560E-14       3.849320E-14
   45    36    81     1       0.000000E+00       0.000000E+00
   46    36    82     0       3.099650E-11       1.983780E-11
   47    36    83     0       3.759390E-09       2.406010E-09
   47    36    83     1       7.591070E-10       4.858280E-10
   48    36    84     0       3.139650E-07       2.009370E-07
   49    36    85     0       9.974550E-06       6.383710E-06
   49    36    85     1       2.014090E-06       1.289020E-06
   50    36    86     0       1.659010E-04       1.061760E-04
   51    36    87     0       1.541470E-03       9.865370E-04
   52    36    88     0       8.468450E-03       5.419810E-03
   53    36    89     0       2.450650E-02       7.842090E-03
   54    36    90     0       5.338130E-02       5.871950E-03
   55    36    91     0       5.235790E-02       3.141470E-03
   56    36    92     0       3.922150E-02       3.137720E-03
   57    36    93     0       1.838160E-02       1.470540E-03
   58    36    94     0       5.968960E-03       3.820130E-03
   59    36    95     0       9.913640E-04       6.344720E-04
   60    36    96     0       1.086580E-04       6.954090E-05
   61    36    97     0       7.286570E-06       4.663410E-06
   62    36    98     0       3.139610E-07       2.009360E-07
   63    36    99     0       1.910590E-08       1.222780E-08
   64    36   100     0       0.000000E+00       0.000000E+00
   65    36   101     0       0.000000E+00       0.000000E+00
   66    36   102     0       0.000000E+00       0.000000E+00
   44    37    81     0       0.000000E+00       0.000000E+00
   44    37    81     1       0.000000E+00       0.000000E+00
   45    37    82     0       0.000000E+00       0.000000E+00
   45    37    82     1       0.000000E+00       0.000000E+00
   46    37    83     0       2.679700E-14       1.715000E-14
   47    37    84     0       6.811910E-13       4.359630E-13
   47    37    84     1       0.000000E+00       0.000000E+00
   48    37    85     0       1.299850E-09       8.319050E-10
   49    37    86     0       1.831210E-08       1.171970E-08
   49    37    86     1       3.838160E-08       2.456420E-08
   50    37    87     0       2.429730E-06       1.555020E-06
   51    37    88     0       4.534490E-05       2.902070E-05
   52    37    89     0       5.581260E-04       3.572020E-04
   53    37    90     0       5.512230E-04       3.527820E-04
   53    37    90     1       2.672300E-03       1.710270E-03
   54    37    91     0       1.197030E-02       2.753180E-03
   55    37    92     0       2.562750E-02       5.894320E-03
   56    37    93     0       3.822410E-02       1.223170E-02
   57    37    94     0       3.102170E-02       9.926940E-03
   58    37    95     0       2.002230E-02       6.407130E-03
   59    37    96     0       6.170660E-03       3.949220E-03
   60    37    97     0       1.754890E-03       1.123130E-03
   61    37    98     0       2.324540E-04       1.487700E-04
   62    37    99     0       3.581500E-05       2.292160E-05
   63    37   100     0       2.719690E-11       1.740600E-11
   64    37   101     0       5.024230E-14       3.215510E-14
   65    37   102     0       2.102420E-15       1.345550E-15
   66    37   103     0       2.180660E-16       1.395620E-16
   67    37   104     0       1.415490E-18       9.059140E-19
   68    37   105     0       0.000000E+00       0.000000E+00
   45    38    83     0       0.000000E+00       0.000000E+00
   46    38    84     0       0.000000E+00       0.000000E+00
   47    38    85     0       0.000000E+00       0.000000E+00
   47    38    85     1       0.000000E+00       0.000000E+00
   48    38    86     0       1.199860E-12       7.679130E-13
   49    38    87     0       1.502420E-10       9.615490E-11
   49    38    87     1       3.033740E-11       1.941600E-11
   50    38    88     0       1.599810E-08       1.023890E-08
   51    38    89     0       6.859230E-07       4.389900E-07
   52    38    90     0       1.760800E-05       1.126910E-05
   53    38    91     0       2.080060E-04       1.331240E-04
   54    38    92     0       2.009600E-03       6.430730E-04
   55    38    93     0       7.171480E-03       4.589740E-03
   56    38    94     0       2.038960E-02       6.524710E-03
   57    38    95     0       3.406160E-02       7.834170E-03
   58    38    96     0       3.537260E-02       1.131930E-02
   59    38    97     0       2.640800E-02       8.450550E-03
   60    38    98     0       1.315080E-02       4.208250E-03
   61    38    99     0       3.499600E-03       2.239750E-03
   62    38   100     0       2.216750E-05       1.418720E-05
   63    38   101     0       1.229860E-06       7.871100E-07
   64    38   102     0       6.059310E-08       3.877960E-08
   65    38   103     0       5.337950E-09       3.416290E-09
   66    38   104     0       4.079540E-11       2.610900E-11
   67    38   105     0       1.407520E-15       9.008150E-16
   68    38   106     0       5.335460E-10       3.414690E-10
   69    38   107     0       1.937340E-14       1.239900E-14
   47    39    86     0       0.000000E+00       0.000000E+00
   47    39    86     1       0.000000E+00       0.000000E+00
   48    39    87     0       0.000000E+00       0.000000E+00
   48    39    87     1       0.000000E+00       0.000000E+00
   49    39    88     0       8.069090E-14       5.164210E-14
   50    39    89     0       2.812000E-12       1.799680E-12
   50    39    89     1       1.392610E-11       8.912710E-12
   51    39    90     0       5.347600E-10       3.422460E-10
   51    39    90     1       8.950790E-10       5.728510E-10
   52    39    91     0       1.419440E-08       9.084410E-09
   52    39    91     1       7.029590E-08       4.498950E-08
   53    39    92     0       2.349740E-06       1.503830E-06
   54    39    93     0       3.948270E-05       2.526890E-05
   54    39    93     1       5.282260E-06       3.380650E-06
   55    39    94     0       3.785370E-04       2.422640E-04
   56    39    95     0       2.434220E-03       1.557900E-03
   57    39    96     0       5.675940E-04       3.632600E-04
   57    39    96     1       5.809860E-03       3.718310E-03
   58    39    97     0       2.625030E-03       1.680020E-03
   58    39    97     1       1.300020E-02       8.320110E-03
   59    39    98     0       2.610300E-03       1.670590E-03
   59    39    98     1       1.672530E-02       1.070420E-02
   60    39    99     0       1.769780E-02       5.663280E-03
   61    39   100     0       9.007130E-05       5.764550E-05
   61    39   100     1       5.238130E-03       4.190510E-03
   62    39   101     0       1.418360E-03       9.077500E-04
   63    39   102     0       2.580110E-04       1.651270E-04
   64    39   103     0       3.671050E-05       2.349480E-05
   65    39   104     0       4.269510E-06       2.732490E-06
   66    39   105     0       2.306440E-08       1.476120E-08
   67    39   106     0       8.494750E-07       5.436650E-07
   68    39   107     0       1.211350E-09       7.752640E-10
   69    39   108     0       5.002510E-10       3.201600E-10
   70    39   109     0       1.122640E-10       7.184870E-11
   48    40    88     0       0.000000E+00       0.000000E+00
   49    40    89     0       0.000000E+00       0.000000E+00
   49    40    89     1       0.000000E+00       0.000000E+00
   50    40    90     0       0.000000E+00       0.000000E+00
   50    40    90     1       0.000000E+00       0.000000E+00
   51    40    91     0       1.509830E-12       9.662900E-13
   52    40    92     0       2.019770E-10       1.292650E-10
   53    40    93     0       1.319850E-08       8.447040E-09
   54    40    94     0       5.239400E-07       3.353220E-07
   55    40    95     0       1.088880E-05       6.968810E-06
   56    40    96     0       1.166660E-04       7.466670E-05
   57    40    97     0       8.634730E-04       5.526220E-04
   58    40    98     0       3.711550E-03       2.375390E-03
   59    40    99     0       8.453230E-03       5.410070E-03
   60    40   100     0       8.747040E-03       5.598100E-03
   61    40   101     0       5.613070E-03       3.592360E-03
   62    40   102     0       3.258700E-03       2.085570E-03
   63    40   103     0       1.297310E-03       5.837910E-04
   64    40   104     0       6.341480E-04       4.058550E-04
   65    40   105     0       2.369500E-04       1.516480E-04
   66    40   106     0       9.772880E-05       6.254640E-05
   67    40   107     0       3.392080E-06       2.170930E-06
   68    40   108     0       1.649310E-06       1.055560E-06
   69    40   109     0       3.143660E-07       2.011950E-07
   70    40   110     0       1.779780E-09       1.139060E-09
   71    40   111     0       2.029560E-10       1.298910E-10
   72    40   112     0       2.694650E-14       1.724570E-14
   49    41    90     0       0.000000E+00       0.000000E+00
   50    41    91     0       0.000000E+00       0.000000E+00
   50    41    91     1       0.000000E+00       0.000000E+00
   51    41    92     0       0.000000E+00       0.000000E+00
   51    41    92     1       0.000000E+00       0.000000E+00
   52    41    93     0       6.272570E-14       4.014440E-14
   52    41    93     1       1.266580E-14       8.106100E-15
   53    41    94     0       6.584770E-12       4.214250E-12
   53    41    94     1       3.934030E-12       2.517780E-12
   54    41    95     0       8.809880E-10       5.638320E-10
   54    41    95     1       1.778920E-10       1.138500E-10
   55    41    96     0       1.779800E-06       1.139070E-06
   56    41    97     0       9.550280E-07       6.112180E-07
   56    41    97     1       1.928420E-07       1.234190E-07
   57    41    98     0       1.230700E-05       7.876480E-06
   57    41    98     1       3.291220E-06       2.106380E-06
   58    41    99     0       1.184050E-04       7.577960E-05
   58    41    99     1       2.390870E-05       1.530160E-05
   59    41   100     0       6.025360E-06       3.856210E-06
   59    41   100     1       2.921060E-05       1.869470E-05
   60    41   101     0       1.019590E-04       6.525340E-05
   61    41   102     0       3.581870E-05       2.292390E-05
   61    41   102     1       1.248030E-04       7.987390E-05
   62    41   103     0       2.189850E-04       1.401500E-04
   63    41   104     0       5.603790E-05       3.586430E-05
   63    41   104     1       1.952530E-04       1.249620E-04
   64    41   105     0       2.857580E-04       1.828840E-04
   65    41   106     0       2.818080E-04       1.803580E-04
   66    41   107     0       2.218810E-04       1.420040E-04
   67    41   108     0       8.504040E-05       5.442590E-05
   68    41   109     0       2.056310E-05       1.316040E-05
   69    41   110     0       2.129760E-06       1.363050E-06
   70    41   111     0       3.804500E-07       2.434880E-07
   71    41   112     0       1.431020E-09       9.158520E-10
   72    41   113     0       2.550120E-10       1.632080E-10
   73    41   114     0       9.546740E-14       6.109910E-14
   74    41   115     0       5.822140E-15       3.726170E-15
   50    42    92     0       0.000000E+00       0.000000E+00
   51    42    93     0       0.000000E+00       0.000000E+00
   51    42    93     1       0.000000E+00       0.000000E+00
   52    42    94     0       0.000000E+00       0.000000E+00
   53    42    95     0       0.000000E+00       0.000000E+00
   54    42    96     0       6.849230E-13       4.383500E-13
   55    42    97     0       7.539150E-11       4.825050E-11
   56    42    98     0       4.479490E-09       2.866880E-09
   57    42    99     0       1.289850E-07       8.255060E-08
   58    42   100     0       1.829790E-10       1.171060E-10
   59    42   101     0       2.289740E-09       1.465440E-09
   60    42   102     0       1.949780E-08       1.247860E-08
   61    42   103     0       1.069880E-07       6.847230E-08
   62    42   104     0       6.549250E-07       4.191530E-07
   63    42   105     0       2.639700E-06       1.689410E-06
   64    42   106     0       1.077680E-04       6.897130E-05
   65    42   107     0       2.722990E-04       1.742710E-04
   66    42   108     0       4.500790E-04       2.880510E-04
   67    42   109     0       3.648290E-04       2.334910E-04
   68    42   110     0       1.876890E-04       1.201210E-04
   69    42   111     0       3.717510E-05       2.379200E-05
   70    42   112     0       4.718030E-06       3.019550E-06
   71    42   113     0       7.140990E-07       4.570230E-07
   72    42   114     0       1.049870E-08       6.719180E-09
   73    42   115     0       5.438090E-10       3.480370E-10
   74    42   116     0       4.149530E-12       2.655700E-12
   75    42   117     0       1.935240E-14       1.238560E-14
   52    43    95     0       0.000000E+00       0.000000E+00
   52    43    95     1       0.000000E+00       0.000000E+00
   53    43    96     0       0.000000E+00       0.000000E+00
   53    43    96     1       0.000000E+00       0.000000E+00
   54    43    97     0       0.000000E+00       0.000000E+00
   54    43    97     1       0.000000E+00       0.000000E+00
   55    43    98     0       1.819790E-14       1.164660E-14
   56    43    99     0       1.954980E-12       1.251180E-12
   56    43    99     1       3.947560E-13       2.526440E-13
   57    43   100     0       0.000000E+00       0.000000E+00
   58    43   101     0       0.000000E+00       0.000000E+00
   59    43   102     0       0.000000E+00       0.000000E+00
   59    43   102     1       0.000000E+00       0.000000E+00
   60    43   103     0       1.649810E-14       1.055880E-14
   61    43   104     0       4.349500E-13       2.783690E-13
   62    43   105     0       1.059880E-11       6.783230E-12
   63    43   106     0       9.828890E-07       6.290490E-07
   64    43   107     0       1.307850E-05       8.370250E-06
   65    43   108     0       7.430150E-05       4.755300E-05
   66    43   109     0       2.578310E-04       1.650120E-04
   67    43   110     0       4.058740E-04       2.597590E-04
   68    43   111     0       3.566700E-04       2.282680E-04
   69    43   112     0       1.557920E-04       9.970710E-05
   70    43   113     0       4.671030E-05       2.989460E-05
   71    43   114     0       6.329290E-06       4.050740E-06
   72    43   115     0       1.019400E-06       6.524140E-07
   73    43   116     0       3.879560E-08       2.482910E-08
   74    43   117     0       1.210030E-09       7.744220E-10
   75    43   118     0       8.155600E-11       5.219590E-11
   76    43   119     0       1.434460E-13       9.180540E-14
   77    43   120     0       4.400590E-15       2.816380E-15
   54    44    98     0       0.000000E+00       0.000000E+00
   55    44    99     0       0.000000E+00       0.000000E+00
   56    44   100     0       0.000000E+00       0.000000E+00
   57    44   101     0       0.000000E+00       0.000000E+00
   58    44   102     0       0.000000E+00       0.000000E+00
   59    44   103     0       0.000000E+00       0.000000E+00
   60    44   104     0       0.000000E+00       0.000000E+00
   61    44   105     0       0.000000E+00       0.000000E+00
   62    44   106     0       6.489260E-10       4.153130E-10
   63    44   107     0       3.779570E-08       2.418930E-08
   64    44   108     0       1.229860E-06       7.871100E-07
   65    44   109     0       4.183860E-06       2.677670E-06
   65    44   109     1       1.172430E-05       7.503580E-06
   66    44   110     0       1.171260E-04       7.496110E-05
   67    44   111     0       3.114850E-04       1.993500E-04
   68    44   112     0       5.593160E-04       3.579630E-04
   69    44   113     0       5.015630E-04       3.210010E-04
   70    44   114     0       2.968760E-04       1.900010E-04
   71    44   115     0       9.960860E-05       6.374950E-05
   72    44   116     0       2.377730E-05       1.521750E-05
   73    44   117     0       3.388400E-06       2.168580E-06
   74    44   118     0       2.688880E-07       1.720880E-07
   75    44   119     0       1.339840E-08       8.574930E-09
   76    44   120     0       4.839410E-10       3.097220E-10
   77    44   121     0       2.788200E-11       1.784450E-11
   78    44   122     0       4.429500E-14       2.834880E-14
   79    44   123     0       4.013800E-16       2.568830E-16
   80    44   124     0       0.000000E+00       0.000000E+00
   55    45   100     0       0.000000E+00       0.000000E+00
   55    45   100     1       0.000000E+00       0.000000E+00
   56    45   101     0       0.000000E+00       0.000000E+00
   56    45   101     1       0.000000E+00       0.000000E+00
   57    45   102     0       0.000000E+00       0.000000E+00
   57    45   102     1       0.000000E+00       0.000000E+00
   58    45   103     0       0.000000E+00       0.000000E+00
   58    45   103     1       0.000000E+00       0.000000E+00
   59    45   104     0       0.000000E+00       0.000000E+00
   59    45   104     1       0.000000E+00       0.000000E+00
   60    45   105     0       0.000000E+00       0.000000E+00
   60    45   105     1       0.000000E+00       0.000000E+00
   61    45   106     0       0.000000E+00       0.000000E+00
   61    45   106     1       0.000000E+00       0.000000E+00
   62    45   107     0       2.309740E-12       1.478240E-12
   63    45   108     0       7.625730E-11       4.880490E-11
   63    45   108     1       2.657040E-10       1.700510E-10
   64    45   109     0       2.599700E-08       1.176490E-08
   65    45   110     0       1.323390E-07       8.469680E-08
   65    45   110     1       6.415730E-07       4.106060E-07
   66    45   111     0       1.038890E-05       6.648850E-06
   67    45   112     0       6.205300E-05       3.971390E-05
   68    45   113     0       2.234150E-04       1.429850E-04
   69    45   114     0       3.705580E-04       2.371570E-04
   70    45   115     0       4.623380E-04       2.958960E-04
   71    45   116     0       2.829380E-04       1.810810E-04
   72    45   117     0       1.496930E-04       9.580350E-05
   73    45   118     0       3.566600E-05       2.282620E-05
   74    45   119     0       7.489150E-06       4.793050E-06
   75    45   120     0       8.469040E-07       5.420190E-07
   76    45   121     0       5.226620E-08       3.345040E-08
   77    45   122     0       1.279850E-09       8.191080E-10
   78    45   123     0       2.509670E-11       1.606190E-11
   79    45   124     0       2.379730E-13       1.523030E-13
   80    45   125     0       2.130280E-15       1.363380E-15
   81    45   126     0       0.000000E+00       0.000000E+00
   82    45   127     0       0.000000E+00       0.000000E+00
   83    45   128     0       0.000000E+00       0.000000E+00
   56    46   102     0       0.000000E+00       0.000000E+00
   57    46   103     0       0.000000E+00       0.000000E+00
   58    46   104     0       0.000000E+00       0.000000E+00
   59    46   105     0       0.000000E+00       0.000000E+00
   60    46   106     0       0.000000E+00       0.000000E+00
   61    46   107     0       0.000000E+00       0.000000E+00
   61    46   107     1       0.000000E+00       0.000000E+00
   62    46   108     0       0.000000E+00       0.000000E+00
   63    46   109     0       6.221740E-13       3.981910E-13
   63    46   109     1       1.365600E-12       8.739840E-13
   64    46   110     0       3.609590E-10       2.310140E-10
   65    46   111     0       6.259290E-09       4.005950E-09
   65    46   111     1       1.373850E-08       8.792600E-09
   66    46   112     0       6.529260E-07       4.178730E-07
   67    46   113     0       8.169080E-06       5.228210E-06
   68    46   114     0       6.016310E-05       3.850440E-05
   69    46   115     0       2.038660E-04       1.304750E-04
   70    46   116     0       4.137130E-04       2.647760E-04
   71    46   117     0       5.096520E-04       3.261770E-04
   72    46   118     0       4.313610E-04       2.760710E-04
   73    46   119     0       2.400530E-04       1.536340E-04
   74    46   120     0       1.061880E-04       6.796030E-05
   75    46   121     0       2.079760E-05       1.331050E-05
   76    46   122     0       2.329740E-06       1.491030E-06
   77    46   123     0       1.549830E-07       9.918880E-08
   78    46   124     0       7.279180E-09       4.658670E-09
   79    46   125     0       1.989750E-10       1.273440E-10
   80    46   126     0       0.000000E+00       0.000000E+00
   81    46   127     0       0.000000E+00       0.000000E+00
   82    46   128     0       0.000000E+00       0.000000E+00
   83    46   129     0       0.000000E+00       0.000000E+00
   84    46   130     0       0.000000E+00       0.000000E+00
   85    46   131     0       3.105520E-14       1.987530E-14
   58    47   105     0       0.000000E+00       0.000000E+00
   58    47   105     1       0.000000E+00       0.000000E+00
   59    47   106     0       0.000000E+00       0.000000E+00
   59    47   106     1       0.000000E+00       0.000000E+00
   60    47   107     0       0.000000E+00       0.000000E+00
   60    47   107     1       0.000000E+00       0.000000E+00
   61    47   108     0       0.000000E+00       0.000000E+00
   61    47   108     1       0.000000E+00       0.000000E+00
   62    47   109     0       0.000000E+00       0.000000E+00
   62    47   109     1       0.000000E+00       0.000000E+00
   63    47   110     0       0.000000E+00       0.000000E+00
   63    47   110     1       0.000000E+00       0.000000E+00
   64    47   111     0       9.464890E-14       6.057530E-14
   64    47   111     1       7.074600E-13       4.527750E-13
   65    47   112     0       1.259860E-10       8.063090E-11
   66    47   113     0       8.834840E-10       5.654290E-10
   66    47   113     1       6.603670E-09       4.226340E-09
   67    47   114     0       2.059760E-07       1.318250E-07
   68    47   115     0       3.681170E-07       2.355960E-07
   68    47   115     1       2.751520E-06       1.760980E-06
   69    47   116     0       4.662670E-06       2.984110E-06
   69    47   116     1       1.273530E-05       8.150620E-06
   70    47   117     0       8.806530E-06       5.636180E-06
   70    47   117     1       6.582510E-05       4.212810E-05
   71    47   118     0       2.715510E-05       1.737930E-05
   71    47   118     1       1.316470E-04       8.425410E-05
   72    47   119     0       2.916270E-04       1.866410E-04
   73    47   120     0       1.167720E-04       7.473400E-05
   73    47   120     1       1.954520E-04       1.250900E-04
   74    47   121     0       2.291140E-04       1.466330E-04
   75    47   122     0       7.447160E-05       3.370200E-05
   76    47   123     0       2.124760E-05       1.359850E-05
   77    47   124     0       3.349620E-06       2.143760E-06
   78    47   125     0       4.559490E-07       2.918060E-07
   79    47   126     0       3.739580E-11       2.393330E-11
   80    47   127     0       4.419500E-12       2.828480E-12
   81    47   128     0       2.359740E-13       1.510230E-13
   82    47   129     0       3.692600E-15       2.363270E-15
   83    47   130     0       0.000000E+00       0.000000E+00
   84    47   131     0       1.941760E-09       1.242730E-09
   85    47   132     0       5.628030E-12       3.601940E-12
   86    47   133     0       2.552470E-13       1.633580E-13
   60    48   108     0       0.000000E+00       0.000000E+00
   61    48   109     0       0.000000E+00       0.000000E+00
   62    48   110     0       0.000000E+00       0.000000E+00
   63    48   111     0       0.000000E+00       0.000000E+00
   63    48   111     1       0.000000E+00       0.000000E+00
   64    48   112     0       0.000000E+00       0.000000E+00
   65    48   113     0       6.586920E-14       4.215630E-14
   65    48   113     1       2.492950E-13       1.595480E-13
   66    48   114     0       4.789450E-11       3.065250E-11
   67    48   115     0       5.318440E-10       3.403800E-10
   67    48   115     1       2.012860E-09       1.288230E-09
   68    48   116     0       6.119300E-08       3.916350E-08
   69    48   117     0       1.590310E-07       1.017800E-07
   69    48   117     1       6.018820E-07       3.852040E-07
   70    48   118     0       6.629250E-06       4.242720E-06
   71    48   119     0       8.614890E-06       5.513560E-06
   71    48   119     1       2.414130E-05       1.545050E-05
   72    48   120     0       1.227860E-04       7.858310E-05
   73    48   121     0       6.026200E-05       3.856780E-05
   73    48   121     1       1.688710E-04       1.080780E-04
   74    48   122     0       2.601200E-04       1.664770E-04
   75    48   123     0       1.943480E-04       1.243830E-04
   76    48   124     0       1.225160E-04       7.841030E-05
   77    48   125     0       5.348390E-05       3.422970E-05
   78    48   126     0       5.509380E-06       3.526000E-06
   79    48   127     0       2.239750E-06       1.433440E-06
   80    48   128     0       6.259290E-07       4.005950E-07
   81    48   129     0       9.038980E-08       5.784940E-08
   82    48   130     0       2.959660E-08       1.894190E-08
   83    48   131     0       5.437450E-06       3.479960E-06
   84    48   132     0       6.189240E-07       3.961110E-07
   85    48   133     0       2.384090E-08       1.525820E-08
   86    48   134     0       1.979780E-10       1.267050E-10
   87    48   135     0       9.265760E-13       5.930080E-13
   88    48   136     0       0.000000E+00       0.000000E+00
   61    49   110     0       0.000000E+00       0.000000E+00
   61    49   110     1       0.000000E+00       0.000000E+00
   62    49   111     0       0.000000E+00       0.000000E+00
   62    49   111     1       0.000000E+00       0.000000E+00
   63    49   112     0       0.000000E+00       0.000000E+00
   63    49   112     1       0.000000E+00       0.000000E+00
   64    49   113     0       0.000000E+00       0.000000E+00
   64    49   113     1       0.000000E+00       0.000000E+00
   65    49   114     0       0.000000E+00       0.000000E+00
   65    49   114     1       0.000000E+00       0.000000E+00
   66    49   115     0       2.870070E-14       1.836850E-14
   66    49   115     1       0.000000E+00       0.000000E+00
   67    49   116     0       5.345420E-13       3.421050E-13
   67    49   116     1       1.867600E-12       1.195260E-12
   67    49   116     2       8.975020E-13       5.743990E-13
   68    49   117     0       1.383460E-10       8.854140E-11
   68    49   117     1       2.793530E-11       1.787860E-11
   69    49   118     0       8.082880E-10       5.173040E-10
   69    49   118     1       2.824020E-09       1.807370E-09
   69    49   118     2       1.357130E-09       8.685600E-10
   70    49   119     0       8.701730E-08       5.569100E-08
   70    49   119     1       1.757080E-08       1.124530E-08
   71    49   120     0       4.322950E-07       2.766690E-07
   71    49   120     1       1.108860E-06       5.246470E-07
   72    49   121     0       7.403960E-06       4.738530E-06
   72    49   121     1       1.495030E-06       9.568170E-07
   73    49   122     0       6.252210E-06       4.001410E-06
   73    49   122     1       3.113020E-05       1.517100E-05
   74    49   123     0       6.282550E-05       4.020830E-05
   74    49   123     1       1.268590E-05       8.118990E-06
   75    49   124     0       5.917550E-05       3.787230E-05
   75    49   124     1       6.385050E-05       4.086430E-05
   76    49   125     0       1.676460E-04       1.072930E-04
   76    49   125     1       3.385160E-05       2.166500E-05
   77    49   126     0       1.380170E-04       8.833080E-05
   77    49   126     1       1.489210E-04       9.530910E-05
   78    49   127     0       3.727770E-04       2.385780E-04
   78    49   127     1       7.527230E-05       4.817430E-05
   79    49   128     0       1.917870E-04       1.227440E-04
   79    49   128     1       2.069390E-04       1.324410E-04
   80    49   129     0       2.242820E-04       1.435400E-04
   80    49   129     1       4.528770E-05       2.898410E-05
   81    49   130     0       4.135380E-04       1.323330E-04
   82    49   131     0       5.403600E-04       3.458310E-04
   82    49   131     1       1.088490E-04       6.966370E-05
   82    49   131     2       3.533420E-04       2.826730E-04
   83    49   132     0       3.486100E-04       2.231110E-04
   84    49   133     0       4.469100E-05       2.860230E-05
   85    49   134     0       2.059760E-06       1.318250E-06
   86    49   135     0       5.793530E-08       3.707860E-08
   87    49   136     0       7.199190E-10       4.607480E-10
   88    49   137     0       1.691380E-12       1.082480E-12
   89    49   138     0       9.910430E-14       6.342670E-14
   63    50   113     0       0.000000E+00       0.000000E+00
   63    50   113     1       0.000000E+00       0.000000E+00
   64    50   114     0       0.000000E+00       0.000000E+00
   65    50   115     0       0.000000E+00       0.000000E+00
   66    50   116     0       0.000000E+00       0.000000E+00
   67    50   117     0       0.000000E+00       0.000000E+00
   67    50   117     1       0.000000E+00       0.000000E+00
   68    50   118     0       2.389730E-13       1.529430E-13
   69    50   119     0       3.385410E-12       2.166670E-12
   69    50   119     1       1.281270E-11       8.200160E-12
   70    50   120     0       7.899100E-10       5.055430E-10
   71    50   121     0       1.494470E-08       9.564590E-09
   71    50   121     1       5.333050E-09       3.413140E-09
   72    50   122     0       2.859680E-07       1.830190E-07
   73    50   123     0       1.742070E-06       1.114920E-06
   73    50   123     1       6.216610E-07       3.978630E-07
   74    50   124     0       1.578820E-05       1.010450E-05
   75    50   125     0       5.392760E-05       3.451360E-05
   75    50   125     1       1.924420E-05       1.231620E-05
   76    50   126     0       1.871290E-04       1.197620E-04
   77    50   127     0       4.144570E-04       2.652530E-04
   77    50   127     1       1.479000E-04       9.465570E-05
   78    50   128     0       1.391760E-03       6.298390E-04
   79    50   129     0       5.713680E-04       2.571160E-04
   79    50   129     1       1.601130E-03       1.024730E-03
   80    50   130     0       2.258770E-03       1.445620E-03
   80    50   130     1       6.169480E-03       3.948470E-03
   81    50   131     0       2.942740E-03       1.883350E-03
   81    50   131     1       8.246380E-03       5.277680E-03
   82    50   132     0       1.536600E-02       4.917130E-03
   83    50   133     0       6.175600E-03       3.952380E-03
   84    50   134     0       1.394470E-03       8.924620E-04
   85    50   135     0       1.622330E-04       1.038300E-04
   86    50   136     0       9.478930E-06       6.066510E-06
   87    50   137     0       1.579810E-07       1.011080E-07
   88    50   138     0       1.089870E-08       6.975150E-09
   89    50   139     0       2.974370E-11       1.903600E-11
   90    50   140     0       1.112230E-12       7.118230E-13
   65    51   116     0       0.000000E+00       0.000000E+00
   65    51   116     1       0.000000E+00       0.000000E+00
   66    51   117     0       0.000000E+00       0.000000E+00
   67    51   118     0       0.000000E+00       0.000000E+00
   67    51   118     1       0.000000E+00       0.000000E+00
   68    51   119     0       0.000000E+00       0.000000E+00
   69    51   120     0       0.000000E+00       0.000000E+00
   69    51   120     1       0.000000E+00       0.000000E+00
   70    51   121     0       9.708900E-13       6.213700E-13
   71    51   122     0       2.015210E-11       1.289740E-11
   71    51   122     1       2.704250E-11       1.730720E-11
   72    51   123     0       1.819790E-09       1.164660E-09
   73    51   124     0       9.893490E-09       6.331830E-09
   73    51   124     1       2.078050E-08       1.329950E-08
   73    51   124     2       1.068000E-08       6.835190E-09
   74    51   125     0       8.938990E-07       5.720950E-07
   75    51   126     0       6.908900E-08       4.421700E-08
   75    51   126     1       1.446370E-07       6.904380E-08
   76    51   127     0       2.039760E-06       1.305450E-06
   77    51   128     0       1.292140E-05       8.269690E-06
   77    51   128     1       1.806510E-05       1.156170E-05
   78    51   129     0       2.612630E-05       1.672090E-05
   78    51   129     1       4.706020E-05       3.764820E-05
   79    51   130     0       2.924420E-04       1.871630E-04
   79    51   130     1       4.088580E-04       2.616690E-04
   80    51   131     0       3.892940E-03       1.751820E-03
   81    51   132     0       5.060660E-03       3.036390E-04
   81    51   132     1       4.487760E-03       2.692660E-04
   82    51   133     0       2.240980E-02       7.171110E-03
   83    51   134     0       4.868930E-03       3.116120E-03
   83    51   134     1       1.329870E-02       8.511190E-03
   84    51   135     0       9.540780E-03       6.106110E-03
   85    51   136     0       1.938570E-03       1.240690E-03
   86    51   137     0       1.470840E-04       9.413330E-05
   87    51   138     0       3.455610E-05       2.211590E-05
   88    51   139     0       1.859760E-06       1.190240E-06
   89    51   140     0       5.906590E-08       3.780220E-08
   90    51   141     0       1.564240E-08       1.001120E-08
   91    51   142     0       5.564380E-12       3.561210E-12
   92    51   143     0       4.066780E-13       2.602740E-13
   67    52   119     0       0.000000E+00       0.000000E+00
   67    52   119     1       0.000000E+00       0.000000E+00
   68    52   120     0       0.000000E+00       0.000000E+00
   69    52   121     0       0.000000E+00       0.000000E+00
   69    52   121     1       0.000000E+00       0.000000E+00
   70    52   122     0       0.000000E+00       0.000000E+00
   71    52   123     0       1.345810E-14       8.613180E-15
   71    52   123     1       5.093470E-14       3.259820E-14
   72    52   124     0       7.289180E-12       4.665070E-12
   73    52   125     0       1.201610E-10       7.690350E-11
   73    52   125     1       4.547730E-10       2.910540E-10
   74    52   126     0       1.539830E-13       9.854880E-14
   75    52   127     0       1.667230E-12       1.067030E-12
   75    52   127     1       4.672040E-12       2.990110E-12
   76    52   128     0       2.479710E-10       1.587020E-10
   77    52   129     0       1.701420E-09       1.088910E-09
   77    52   129     1       4.767850E-09       3.051420E-09
   78    52   130     0       2.549710E-07       1.631810E-07
   79    52   131     0       3.874880E-05       2.479920E-05
   79    52   131     1       1.085850E-04       6.949400E-05
   80    52   132     0       3.465690E-03       2.218040E-03
   81    52   133     0       3.001310E-03       1.920840E-03
   81    52   133     1       8.410510E-03       5.382720E-03
   82    52   134     0       3.114010E-02       9.964830E-03
   83    52   135     0       3.784760E-02       4.163230E-03
   84    52   136     0       3.435980E-02       1.099510E-02
   85    52   137     0       7.525260E-03       2.408080E-03
   86    52   138     0       7.545120E-03       4.828880E-03
   87    52   139     0       1.311500E-03       8.393610E-04
   88    52   140     0       1.947390E-04       1.246330E-04
   89    52   141     0       4.380280E-05       2.803380E-05
   90    52   142     0       6.119250E-07       3.916320E-07
   91    52   143     0       3.798510E-08       2.431050E-08
   92    52   144     0       1.337920E-11       8.562710E-12
   93    52   145     0       1.128610E-12       7.223070E-13
   69    53   122     0       0.000000E+00       0.000000E+00
   70    53   123     0       0.000000E+00       0.000000E+00
   71    53   124     0       0.000000E+00       0.000000E+00
   72    53   125     0       0.000000E+00       0.000000E+00
   73    53   126     0       0.000000E+00       0.000000E+00
   74    53   127     0       0.000000E+00       0.000000E+00
   75    53   128     0       0.000000E+00       0.000000E+00
   76    53   129     0       0.000000E+00       0.000000E+00
   77    53   130     0       8.490210E-15       5.433750E-15
   77    53   130     1       0.000000E+00       0.000000E+00
   78    53   131     0       1.979780E-07       1.267050E-07
   79    53   132     0       5.115700E-04       3.274050E-04
   79    53   132     1       4.628490E-04       2.962240E-04
   80    53   133     0       9.211610E-05       5.895420E-05
   80    53   133     1       6.808580E-05       4.357490E-05
   81    53   134     0       7.028640E-04       2.249170E-04
   81    53   134     1       6.232950E-04       3.989090E-04
   82    53   135     0       8.388540E-03       9.227390E-04
   83    53   136     0       4.827220E-03       3.089420E-03
   83    53   136     1       1.318480E-02       3.032500E-03
   84    53   137     0       1.363060E-02       3.135030E-03
   85    53   138     0       3.595870E-02       1.150690E-02
   86    53   139     0       2.415160E-02       7.728520E-03
   87    53   140     0       1.037220E-02       3.319080E-03
   88    53   141     0       2.865200E-03       1.833730E-03
   89    53   142     0       4.232820E-04       2.709000E-04
   90    53   143     0       7.120510E-05       4.557130E-05
   91    53   144     0       7.105190E-07       4.547330E-07
   92    53   145     0       7.056750E-08       4.516320E-08
   93    53   146     0       4.056570E-09       2.596200E-09
   94    53   147     0       6.565880E-13       4.202170E-13
   95    53   148     0       8.101090E-14       5.184700E-14
   71    54   125     0       0.000000E+00       0.000000E+00
   72    54   126     0       0.000000E+00       0.000000E+00
   73    54   127     0       0.000000E+00       0.000000E+00
   73    54   127     1       0.000000E+00       0.000000E+00
   74    54   128     0       0.000000E+00       0.000000E+00
   75    54   129     0       0.000000E+00       0.000000E+00
   75    54   129     1       0.000000E+00       0.000000E+00
   76    54   130     0       0.000000E+00       0.000000E+00
   77    54   131     0       2.282580E-12       1.460860E-12
   77    54   131     1       6.396440E-12       4.093720E-12
   78    54   132     0       1.569820E-09       1.004690E-09
   79    54   133     0       3.166160E-08       2.026340E-08
   79    54   133     1       8.872480E-08       5.678380E-08
   80    54   134     0       1.361290E-06       8.712230E-07
   80    54   134     1       3.718140E-06       2.379610E-06
   81    54   135     0       2.683350E-05       1.717340E-05
   81    54   135     1       7.519500E-05       4.812480E-05
   82    54   136     0       1.122540E-03       7.184280E-04
   83    54   137     0       2.388700E-03       1.528770E-03
   84    54   138     0       2.082720E-02       6.664710E-03
   85    54   139     0       4.475720E-02       3.580580E-03
   86    54   140     0       5.728350E-02       2.291340E-03
   87    54   141     0       4.123360E-02       4.535700E-03
   88    54   142     0       2.249240E-02       1.799390E-03
   89    54   143     0       1.829870E-03       1.171120E-03
   89    54   143     1       5.127820E-03       3.281800E-03
   90    54   144     0       2.342570E-03       1.499240E-03
   91    54   145     0       1.976070E-04       1.264690E-04
   92    54   146     0       1.337440E-05       8.559630E-06
   93    54   147     0       6.132760E-08       3.924960E-08
   94    54   148     0       8.908910E-09       5.701700E-09
   95    54   149     0       1.984110E-12       1.269820E-12
   96    54   150     0       2.819680E-13       1.804600E-13
   73    55   128     0       0.000000E+00       0.000000E+00
   74    55   129     0       0.000000E+00       0.000000E+00
   75    55   130     0       0.000000E+00       0.000000E+00
   76    55   131     0       0.000000E+00       0.000000E+00
   77    55   132     0       0.000000E+00       0.000000E+00
   78    55   133     0       1.829790E-12       1.171060E-12
   79    55   134     0       1.611020E-10       1.031050E-10
   79    55   134     1       1.428640E-10       9.143280E-11
   80    55   135     0       1.816790E-08       1.162750E-08
   80    55   135     1       1.342840E-08       8.594250E-09
   81    55   136     0       9.501830E-07       6.081160E-07
   81    55   136     1       6.796330E-07       4.349650E-07
   82    55   137     0       3.359870E-02       7.727700E-03
   83    55   138     0       1.370480E-04       8.771070E-05
   83    55   138     1       2.293910E-04       1.468100E-04
   84    55   139     0       2.339020E-03       1.496970E-03
   85    55   140     0       1.106340E-02       3.540280E-03
   86    55   141     0       2.902710E-02       9.288650E-03
   87    55   142     0       3.526910E-02       1.128610E-02
   88    55   143     0       4.070920E-02       1.302690E-02
   89    55   144     0       2.961780E-02       9.477690E-03
   90    55   145     0       9.902540E-03       6.337620E-03
   91    55   146     0       2.027750E-03       1.297760E-03
   92    55   147     0       1.149620E-04       7.357550E-05
   93    55   148     0       1.987780E-05       1.272170E-05
   94    55   149     0       1.240590E-07       7.939770E-08
   95    55   150     0       1.039890E-08       6.655250E-09
   96    55   151     0       1.149200E-09       7.354850E-10
   97    55   152     0       1.254720E-13       8.030170E-14
   75    56   131     0       0.000000E+00       0.000000E+00
   76    56   132     0       0.000000E+00       0.000000E+00
   77    56   133     0       0.000000E+00       0.000000E+00
   77    56   133     1       0.000000E+00       0.000000E+00
   78    56   134     0       0.000000E+00       0.000000E+00
   79    56   135     0       1.167590E-13       7.472570E-14
   79    56   135     1       3.271910E-13       2.094020E-13
   80    56   136     0       1.264820E-10       8.094850E-11
   80    56   136     1       3.454650E-10       2.210980E-10
   81    56   137     0       1.125510E-09       7.203310E-10
   81    56   137     1       3.154000E-09       2.018550E-09
   82    56   138     0       4.489490E-07       2.873280E-07
   83    56   139     0       1.013890E-05       6.488860E-06
   84    56   140     0       1.662510E-04       1.064000E-04
   85    56   141     0       1.921310E-03       1.229640E-03
   86    56   142     0       6.415810E-03       4.106120E-03
   87    56   143     0       1.830110E-02       5.856370E-03
   88    56   144     0       4.488360E-02       1.032330E-02
   89    56   145     0       3.785790E-02       1.211450E-02
   90    56   146     0       2.756310E-02       8.820190E-03
   91    56   147     0       1.123330E-02       3.594650E-03
   92    56   148     0       3.128550E-03       2.002270E-03
   93    56   149     0       3.473960E-04       2.223340E-04
   94    56   150     0       2.418730E-05       1.547990E-05
   95    56   151     0       3.218040E-06       2.059540E-06
   96    56   152     0       1.379830E-08       8.830920E-09
   97    56   153     0       1.892560E-10       1.211240E-10
   98    56   154     0       5.449340E-13       3.487570E-13
   76    57   133     0       0.000000E+00       0.000000E+00
   77    57   134     0       0.000000E+00       0.000000E+00
   78    57   135     0       0.000000E+00       0.000000E+00
   79    57   136     0       0.000000E+00       0.000000E+00
   80    57   137     0       2.199750E-14       1.407840E-14
   81    57   138     0       8.109080E-12       5.189810E-12
   82    57   139     0       8.729010E-10       5.586560E-10
   83    57   140     0       4.849450E-08       3.103650E-08
   84    57   141     0       1.809800E-06       1.158260E-06
   85    57   142     0       2.500710E-05       1.600450E-05
   86    57   143     0       2.966360E-04       1.898480E-04
   87    57   144     0       2.031960E-03       1.300450E-03
   88    57   145     0       6.451920E-03       4.129240E-03
   89    57   146     0       5.061510E-03       3.239370E-03
   89    57   146     1       1.060880E-02       6.789640E-03
   90    57   147     0       1.623830E-02       5.196280E-03
   91    57   148     0       1.120960E-02       3.587070E-03
   92    57   149     0       4.722760E-03       3.022570E-03
   93    57   150     0       9.655400E-04       6.179460E-04
   94    57   151     0       2.104970E-04       1.347180E-04
   95    57   152     0       7.539150E-06       4.825050E-06
   96    57   153     0       3.547710E-07       2.270530E-07
   97    57   154     0       4.579480E-09       2.930860E-09
   98    57   155     0       6.282190E-11       4.020590E-11
   99    57   156     0       3.698820E-12       2.367240E-12
  100    57   157     0       2.526360E-15       1.616870E-15
   77    58   135     0       0.000000E+00       0.000000E+00
   78    58   136     0       0.000000E+00       0.000000E+00
   79    58   137     0       0.000000E+00       0.000000E+00
   79    58   137     1       0.000000E+00       0.000000E+00
   80    58   138     0       0.000000E+00       0.000000E+00
   81    58   139     0       0.000000E+00       0.000000E+00
   81    58   139     1       0.000000E+00       0.000000E+00
   82    58   140     0       8.429040E-13       5.394590E-13
   83    58   141     0       1.079880E-10       6.911210E-11
   84    58   142     0       6.499260E-09       4.159530E-09
   85    58   143     0       2.389730E-07       1.529430E-07
   86    58   144     0       7.679130E-06       4.914640E-06
   87    58   145     0       7.175190E-05       4.592120E-05
   88    58   146     0       5.346090E-04       3.421500E-04
   89    58   147     0       2.188080E-03       1.400370E-03
   90    58   148     0       5.570480E-03       2.506720E-03
   91    58   149     0       5.538940E-03       3.544920E-03
   92    58   150     0       4.090480E-03       2.617900E-03
   93    58   151     0       2.316950E-03       1.482850E-03
   94    58   152     0       3.220740E-04       2.061270E-04
   95    58   153     0       4.594480E-05       2.940460E-05
   96    58   154     0       2.539710E-06       1.625410E-06
   97    58   155     0       1.759170E-07       1.125870E-07
   98    58   156     0       1.219490E-08       7.804750E-09
   99    58   157     0       2.359710E-10       1.510210E-10
  100    58   158     0       4.999390E-12       3.199610E-12
  101    58   159     0       7.516940E-14       4.810840E-14
  102    58   160     0       0.000000E+00       0.000000E+00
   79    59   138     0       0.000000E+00       0.000000E+00
   79    59   138     1       0.000000E+00       0.000000E+00
   80    59   139     0       0.000000E+00       0.000000E+00
   81    59   140     0       0.000000E+00       0.000000E+00
   82    59   141     0       0.000000E+00       0.000000E+00
   83    59   142     0       6.592040E-15       4.218910E-15
   83    59   142     1       1.800510E-14       1.152330E-14
   84    59   143     0       4.139530E-12       2.649300E-12
   85    59   144     0       3.892420E-11       2.491150E-11
   85    59   144     1       3.984260E-10       2.549920E-10
   86    59   145     0       1.899790E-08       1.215860E-08
   87    59   146     0       4.609480E-07       2.950060E-07
   88    59   147     0       8.479040E-06       5.426590E-06
   89    59   148     0       1.126420E-05       7.209080E-06
   89    59   148     1       5.460840E-05       3.494930E-05
   90    59   149     0       2.743290E-04       1.755700E-04
   91    59   150     0       5.386090E-04       3.447100E-04
   92    59   151     0       1.065280E-03       6.817790E-04
   93    59   152     0       3.704780E-04       2.371050E-04
   94    59   153     0       1.883890E-04       1.205690E-04
   95    59   154     0       2.758690E-05       1.765560E-05
   96    59   155     0       7.519150E-06       4.812250E-06
   97    59   156     0       1.569820E-06       1.004690E-06
   98    59   157     0       1.279850E-07       8.191080E-08
   99    59   158     0       8.179080E-09       5.234600E-09
  100    59   159     0       1.409090E-10       9.018170E-11
  101    59   160     0       4.129530E-12       2.642900E-12
  102    59   161     0       4.640250E-14       2.969760E-14
  103    59   162     0       5.100690E-17       3.264440E-17
   81    60   141     0       0.000000E+00       0.000000E+00
   82    60   142     0       0.000000E+00       0.000000E+00
   83    60   143     0       0.000000E+00       0.000000E+00
   84    60   144     0       0.000000E+00       0.000000E+00
   85    60   145     0       2.329740E-13       1.491030E-13
   86    60   146     0       3.249630E-11       2.079760E-11
   87    60   147     0       1.619810E-09       1.036690E-09
   88    60   148     0       5.729350E-08       3.666790E-08
   89    60   149     0       7.919100E-07       5.068230E-07
   90    60   150     0       6.899210E-06       4.415500E-06
   91    60   151     0       4.017550E-05       2.571230E-05
   92    60   152     0       5.510380E-05       3.526640E-05
   93    60   153     0       7.436150E-05       4.759140E-05
   94    60   154     0       3.718580E-05       2.379890E-05
   95    60   155     0       2.489710E-05       1.593420E-05
   96    60   156     0       1.844790E-05       1.180660E-05
   97    60   157     0       3.979550E-06       2.546910E-06
   98    60   158     0       9.608910E-07       6.149700E-07
   99    60   159     0       4.919440E-08       3.148440E-08
  100    60   160     0       6.119300E-09       3.916350E-09
  101    60   161     0       1.299390E-10       8.316080E-11
  102    60   162     0       5.609310E-12       3.589960E-12
  103    60   163     0       1.259850E-13       8.063000E-14
  104    60   164     0       1.653520E-15       1.322820E-15
   83    61   144     0       0.000000E+00       0.000000E+00
   84    61   145     0       0.000000E+00       0.000000E+00
   85    61   146     0       0.000000E+00       0.000000E+00
   86    61   147     0       0.000000E+00       0.000000E+00
   87    61   148     0       1.945460E-13       1.245090E-13
   87    61   148     1       5.313720E-13       3.400780E-13
   88    61   149     0       4.709460E-11       3.014060E-11
   89    61   150     0       1.449840E-09       9.278950E-10
   90    61   151     0       3.809560E-08       2.438120E-08
   91    61   152     0       2.271380E-08       1.453680E-08
   91    61   152     1       1.101530E-07       7.049820E-08
   91    61   152     2       3.791330E-08       2.426450E-08
   92    61   153     0       9.998860E-07       6.399280E-07
   93    61   154     0       1.259350E-06       8.059870E-07
   93    61   154     1       1.684850E-07       1.078300E-07
   94    61   155     0       3.539600E-06       2.265340E-06
   95    61   156     0       6.609250E-06       4.229920E-06
   96    61   157     0       4.699460E-06       3.007660E-06
   97    61   158     0       2.669700E-06       1.708600E-06
   98    61   159     0       4.809450E-07       3.078050E-07
   99    61   160     0       1.619810E-07       1.036690E-07
  100    61   161     0       1.369850E-08       8.767000E-09
  101    61   162     0       1.719800E-09       1.100680E-09
  102    61   163     0       1.659810E-10       1.062280E-10
  103    61   164     0       6.499260E-12       4.159530E-12
  104    61   165     0       6.559150E-14       4.197860E-14
  105    61   166     0       8.883230E-16       5.685270E-16
   84    62   146     0       0.000000E+00       0.000000E+00
   85    62   147     0       0.000000E+00       0.000000E+00
   86    62   148     0       0.000000E+00       0.000000E+00
   87    62   149     0       0.000000E+00       0.000000E+00
   88    62   150     0       1.869790E-14       1.196660E-14
   89    62   151     0       1.219860E-12       7.807110E-13
   90    62   152     0       3.579590E-11       2.290940E-11
   91    62   153     0       7.129190E-10       4.562690E-10
   92    62   154     0       4.539490E-09       2.905270E-09
   93    62   155     0       3.499600E-08       2.239750E-08
   94    62   156     0       2.669700E-07       1.708600E-07
   95    62   157     0       5.129410E-07       3.282830E-07
   96    62   158     0       9.938880E-07       6.360880E-07
   97    62   159     0       4.319510E-07       2.764490E-07
   98    62   160     0       4.799450E-07       3.071650E-07
   99    62   161     0       9.928880E-08       6.354480E-08
  100    62   162     0       4.359500E-08       2.790090E-08
  101    62   163     0       1.169860E-08       7.487150E-09
  102    62   164     0       1.789800E-09       1.145470E-09
  103    62   165     0       5.489380E-11       3.513200E-11
  104    62   166     0       2.928780E-12       1.874420E-12
  105    62   167     0       1.569260E-13       1.004330E-13
  106    62   168     0       5.326930E-15       4.261550E-15
   86    63   149     0       0.000000E+00       0.000000E+00
   87    63   150     0       0.000000E+00       0.000000E+00
   87    63   150     1       0.000000E+00       0.000000E+00
   88    63   151     0       0.000000E+00       0.000000E+00
   89    63   152     0       0.000000E+00       0.000000E+00
   89    63   152     1       0.000000E+00       0.000000E+00
   89    63   152     2       0.000000E+00       0.000000E+00
   90    63   153     0       1.109870E-14       7.103190E-15
   91    63   154     0       1.058080E-13       6.771710E-14
   91    63   154     1       1.141680E-13       7.306690E-14
   92    63   155     0       7.799110E-12       4.991440E-12
   93    63   156     0       2.029770E-10       1.299050E-10
   94    63   157     0       1.579820E-09       1.011090E-09
   95    63   158     0       8.779000E-09       5.618560E-09
   96    63   159     0       1.479840E-08       9.470930E-09
   97    63   160     0       4.349500E-08       2.783690E-08
   98    63   161     0       3.099650E-08       1.983780E-08
   99    63   162     0       3.159640E-08       2.022170E-08
  100    63   163     0       2.809680E-08       1.798200E-08
  101    63   164     0       1.039890E-08       6.655250E-09
  102    63   165     0       1.179860E-09       7.551140E-10
  103    63   166     0       1.719800E-10       1.100680E-10
  104    63   167     0       3.779570E-11       2.418930E-11
  105    63   168     0       3.549600E-12       2.271740E-12
  106    63   169     0       2.088650E-13       1.336740E-13
  107    63   170     0       6.192180E-15       4.953750E-15
   87    64   151     0       0.000000E+00       0.000000E+00
   88    64   152     0       0.000000E+00       0.000000E+00
   89    64   153     0       0.000000E+00       0.000000E+00
   90    64   154     0       0.000000E+00       0.000000E+00
   91    64   155     0       0.000000E+00       0.000000E+00
   92    64   156     0       0.000000E+00       0.000000E+00
   93    64   157     0       2.369730E-13       1.516630E-13
   94    64   158     0       5.599360E-12       3.583590E-12
   95    64   159     0       2.949660E-11       1.887790E-11
   96    64   160     0       3.639590E-10       2.329340E-10
   97    64   161     0       7.519150E-10       4.812250E-10
   98    64   162     0       2.839680E-09       1.817390E-09
   99    64   163     0       6.499260E-09       4.159530E-09
  100    64   164     0       7.959100E-09       5.093830E-09
  101    64   165     0       2.139760E-09       1.369450E-09
  102    64   166     0       1.019890E-09       6.527260E-10
  103    64   167     0       5.689350E-10       3.641190E-10
  104    64   168     0       1.949780E-10       1.247860E-10
  105    64   169     0       3.289630E-11       2.105360E-11
  106    64   170     0       3.289630E-12       2.105360E-12
  107    64   171     0       1.909110E-13       1.221830E-13
  108    64   172     0       1.009580E-14       6.461300E-15
   89    65   154     0       0.000000E+00       0.000000E+00
   89    65   154     1       0.000000E+00       0.000000E+00
   89    65   154     2       0.000000E+00       0.000000E+00
   90    65   155     0       0.000000E+00       0.000000E+00
   91    65   156     0       0.000000E+00       0.000000E+00
   91    65   156     1       0.000000E+00       0.000000E+00
   91    65   156     2       0.000000E+00       0.000000E+00
   92    65   157     0       0.000000E+00       0.000000E+00
   93    65   158     0       0.000000E+00       0.000000E+00
   93    65   158     1       0.000000E+00       0.000000E+00
   94    65   159     0       0.000000E+00       0.000000E+00
   95    65   160     0       4.869450E-14       3.116450E-14
   96    65   161     0       4.419500E-13       2.828480E-13
   97    65   162     0       4.979430E-12       2.253430E-12
   98    65   163     0       4.729460E-11       3.026860E-11
   99    65   164     0       1.599810E-10       1.023890E-10
  100    65   165     0       1.609810E-10       1.030290E-10
  101    65   166     0       1.879790E-10       1.203060E-10
  102    65   167     0       3.509600E-10       2.246150E-10
  103    65   168     0       2.789690E-10       1.785400E-10
  104    65   169     0       1.599810E-10       1.023890E-10
  105    65   170     0       4.029540E-11       2.578910E-11
  106    65   171     0       8.958990E-12       5.733750E-12
  107    65   172     0       1.349850E-12       8.639020E-13
   91    66   157     0       0.000000E+00       0.000000E+00
   92    66   158     0       0.000000E+00       0.000000E+00
   93    66   159     0       0.000000E+00       0.000000E+00
   94    66   160     0       0.000000E+00       0.000000E+00
   95    66   161     0       0.000000E+00       0.000000E+00
   96    66   162     0       0.000000E+00       0.000000E+00
   97    66   163     0       1.749800E-14       1.119870E-14
   98    66   164     0       2.499710E-13       1.599810E-13
   99    66   165     0       6.764180E-13       4.329070E-13
   99    66   165     1       9.049580E-14       5.791730E-14
  100    66   166     0       3.549600E-12       2.271740E-12
  101    66   167     0       1.859790E-11       1.190260E-11
  102    66   168     0       5.239400E-11       3.353220E-11
  103    66   169     0       7.459150E-11       4.773860E-11
  104    66   170     0       6.059310E-11       3.877960E-11
  105    66   171     0       3.219640E-11       2.060560E-11
  106    66   172     0       1.629810E-11       1.043090E-11
   93    67   160     0       0.000000E+00       0.000000E+00
   93    67   160     1       0.000000E+00       0.000000E+00
   94    67   161     0       0.000000E+00       0.000000E+00
   94    67   161     1       0.000000E+00       0.000000E+00
   95    67   162     0       0.000000E+00       0.000000E+00
   95    67   162     1       0.000000E+00       0.000000E+00
   96    67   163     0       0.000000E+00       0.000000E+00
   96    67   163     1       0.000000E+00       0.000000E+00
   97    67   164     0       0.000000E+00       0.000000E+00
   97    67   164     1       0.000000E+00       0.000000E+00
   98    67   165     0       1.136080E-16       9.088640E-17
   99    67   166     0       4.077800E-16       3.262240E-16
   99    67   166     1       1.113790E-15       8.910300E-16
  100    67   167     0       2.559710E-14       1.638210E-14
  101    67   168     0       2.109760E-13       1.350250E-13
  102    67   169     0       1.209860E-12       7.743130E-13
  103    67   170     0       1.917620E-12       1.227280E-12
  103    67   170     1       7.020800E-13       4.493310E-13
  104    67   171     0       4.999440E-12       3.199640E-12
  105    67   172     0       5.989320E-12       3.833160E-12
   95    68   163     0       0.000000E+00       0.000000E+00
   96    68   164     0       0.000000E+00       0.000000E+00
   97    68   165     0       0.000000E+00       0.000000E+00
   98    68   166     0       0.000000E+00       0.000000E+00
   99    68   167     0       0.000000E+00       0.000000E+00
   99    68   167     1       0.000000E+00       0.000000E+00
  100    68   168     0       6.443870E-17       5.155090E-17
  101    68   169     0       1.251790E-15       1.001430E-15
  102    68   170     0       1.147420E-14       9.179380E-15
  103    68   171     0       5.439390E-14       3.481200E-14
  104    68   172     0       2.499710E-13       1.599810E-13
   97    69   166     0       0.000000E+00       0.000000E+00
   98    69   167     0       0.000000E+00       0.000000E+00
   99    69   168     0       0.000000E+00       0.000000E+00
  100    69   169     0       0.000000E+00       0.000000E+00
  101    69   170     0       0.000000E+00       0.000000E+00
  102    69   171     0       1.791980E-17       1.433590E-17
  103    69   172     0       2.492740E-16       1.994190E-16
   98    70   168     0       0.000000E+00       0.000000E+00
   99    70   169     0       0.000000E+00       0.000000E+00
  100    70   170     0       0.000000E+00       0.000000E+00
  101    70   171     0       0.000000E+00       0.000000E+00
  102    70   172     0       0.000000E+00       0.000000E+00
  101    71   172     0       0.000000E+00       0.000000E+00
  101    71   172     1       0.000000E+00       0.000000E+00
