   65   1.1302E-09
   66   6.2300E-07
   67   9.8200E-07
   68   2.1700E-06
   69   3.7101E-06
   70   6.6939E-06
   71   1.1960E-05
   72   2.1800E-05
   73   3.7590E-05
   74   5.8797E-05
   75   1.0230E-04
   76   1.6357E-04
   77   2.3701E-04
   78   4.1501E-04
   79   8.6153E-04
   80   1.5736E-03
   81   2.7201E-03
   82   3.4546E-03
   83   4.7352E-03
   84   4.9880E-03
   85   5.6982E-03
   86   9.9629E-03
   87   1.1998E-02
   88   1.5001E-02
   89   1.7000E-02
   90   1.9200E-02
   91   2.2372E-02
   92   2.6185E-02
   93   2.9997E-02
   94   3.4875E-02
   95   4.3887E-02
   96   4.3384E-02
   97   4.8678E-02
   98   4.8615E-02
   99   5.6561E-02
  100   5.1112E-02
  101   4.9934E-02
  102   4.9961E-02
  103   5.8642E-02
  104   4.5751E-02
  105   4.2712E-02
  106   3.5746E-02
  107   2.8604E-02
  108   2.3969E-02
  109   2.4749E-02
  110   1.7428E-02
  111   1.9190E-02
  112   1.8590E-02
  113   1.2795E-02
  114   1.2561E-02
  115   1.4478E-02
  116   1.1560E-02
  117   1.1510E-02
  118   1.2647E-02
  119   1.2512E-02
  120   1.2474E-02
  121   1.4439E-02
  122   1.4572E-02
  123   1.7281E-02
  124   1.8125E-02
  125   1.9531E-02
  126   2.0201E-02
  127   2.2019E-02
  128   2.4935E-02
  129   2.7959E-02
  130   3.1760E-02
  131   3.5932E-02
  132   4.1904E-02
  133   5.0855E-02
  134   5.1413E-02
  135   5.1816E-02
  136   4.6271E-02
  137   5.1031E-02
  138   4.8786E-02
  139   4.5865E-02
  140   4.1885E-02
  141   4.1485E-02
  142   3.7151E-02
  143   3.2809E-02
  144   2.9837E-02
  145   2.6449E-02
  146   2.2961E-02
  147   1.9173E-02
  148   1.4956E-02
  149   1.1989E-02
  150   9.3972E-03
  151   8.3944E-03
  152   6.3958E-03
  153   5.7473E-03
  154   4.1427E-03
  155   3.0991E-03
  156   2.5594E-03
  157   1.4998E-03
  158   9.2948E-04
  159   5.9997E-04
  160   3.7743E-04
  161   2.2699E-04
  162   7.5376E-05
  163   3.1922E-05
  164   1.8307E-05
  165   7.0000E-06
  166   4.4555E-06
  167   2.7000E-06
  168   1.3800E-06
  169   6.6300E-07
  170   4.6351E-07
  171   3.6700E-07
  172   1.8400E-07
