# header:
#   title: "Pu239+n induced fission product yield"
#   source: "ENDF"
#   creator: "Shin Okumura"
#   date: 2023-07-14
#   format: "YANDF-0.1"
# endf:
#   library: "endfb8.0"
#   author: "M.B. Chadwick, T. Kawano"
#   year: 2011
# target:
#   Z: 94
#   A: 239
#   nuclide: "Pu239"
# reaction:
#   type: "(n,f)"
#   Incident energy [MeV]: 2.0000000e+06
# datablock:
#   quantity: "cumulative fission product yield"
#   columns: 4
#   entries: 1244
##   A      Z  ISO           Yield         dYield
##                           %/fission     %/fission
     23     66 0.0000000e+00 3.5972600e-18 2.3022400e-18
     24     66 0.0000000e+00 8.9199400e-14 5.7087700e-14
     24     67 0.0000000e+00 0.0000000e+00 0.0000000e+00
     24     68 0.0000000e+00 0.0000000e+00 0.0000000e+00
     24     69 0.0000000e+00 4.8501800e-17 3.1041100e-17
     24     70 0.0000000e+00 0.0000000e+00 0.0000000e+00
     25     66 0.0000000e+00 4.0703600e-11 2.6050200e-11
     25     67 0.0000000e+00 1.5810100e-11 1.0118400e-11
     25     68 0.0000000e+00 3.0900600e-12 1.9776400e-12
     25     69 0.0000000e+00 6.2997700e-13 4.0318500e-13
     25     70 0.0000000e+00 5.2599100e-14 3.3663400e-14
     25     71 0.0000000e+00 0.0000000e+00 0.0000000e+00
     25     72 0.0000000e+00 1.8349200e-16 1.1743500e-16
     26     65 0.0000000e+00 4.4285500e-12 2.8342700e-12
     26     66 0.0000000e+00 3.2197870e-09 2.0606580e-09
     26     67 0.0000000e+00 2.5718290e-09 1.6459660e-09
     26     68 0.0000000e+00 1.6409950e-09 1.0502360e-09
     26     69 0.0000000e+00 8.5260000e-10 5.4566400e-10
     26     70 0.0000000e+00 2.6111300e-10 1.6711200e-10
     26     71 0.0000000e+00 3.8500000e-11 2.4640100e-11
     26     72 0.0000000e+00 4.5497400e-12 2.9118400e-12
     26     73 0.0000000e+00 1.5099700e-13 9.6638300e-14
     26     74 0.0000000e+00 0.0000000e+00 0.0000000e+00
     26     75 0.0000000e+00 3.0486800e-16 1.9511600e-16
     26     76 0.0000000e+00 0.0000000e+00 0.0000000e+00
     27     65 0.0000000e+00 4.4285500e-12 2.8342700e-12
     27     66 0.0000000e+00 1.0859970e-08 6.9503760e-09
     27     67 0.0000000e+00 2.4679670e-08 1.5794980e-08
     27     68 0.0000000e+00 2.9299290e-08 1.8751490e-08
     27     69 0.0000000e+00 4.4495340e-08 2.8476960e-08
     27     70 0.0000000e+00 3.1402410e-08 2.0097560e-08
     27     71 0.0000000e+00 1.5962250e-08 1.0215830e-08
     27     72 0.0000000e+00 4.8896160e-09 3.1293520e-09
     27     73 0.0000000e+00 5.9612900e-10 3.8152200e-10
     27     74 0.0000000e+00 7.1498900e-11 4.5759400e-11
     27     75 0.0000000e+00 3.9596300e-12 2.5341700e-12
     27     76 0.0000000e+00 1.9899600e-13 1.2735800e-13
     27     77 0.0000000e+00 9.8385200e-15 6.2966500e-15
     28     65 0.0000000e+00 4.4285500e-12 2.8342700e-12
     28     66 0.0000000e+00 1.3002320e-08 5.8510400e-09
     28     67 0.0000000e+00 4.1913400e-08 1.8861070e-08
     28     68 0.0000000e+00 1.1711400e-07 7.4952950e-08
     28     69 0.0000000e+00 3.7504230e-07 2.4002640e-07
     28     70 0.0000000e+00 8.1499190e-07 5.2159440e-07
     28     71 0.0000000e+00 8.0765580e-07 5.1689980e-07
     28     72 0.0000000e+00 7.1812950e-07 4.5960290e-07
     28     73 0.0000000e+00 2.0165180e-07 1.2905710e-07
     28     74 0.0000000e+00 8.4812360e-08 5.4279870e-08
     28     75 0.0000000e+00 1.2706930e-08 8.1324230e-09
     28     76 0.0000000e+00 2.3701700e-09 1.5169040e-09
     28     77 0.0000000e+00 2.0698700e-10 1.3247200e-10
     28     78 0.0000000e+00 1.1699800e-11 7.4878700e-12
     28     79 0.0000000e+00 3.8031600e-13 2.4340200e-13
     28     80 0.0000000e+00 0.0000000e+00 0.0000000e+00
     28     82 0.0000000e+00 0.0000000e+00 0.0000000e+00
     29     65 0.0000000e+00 4.4285500e-12 2.8342700e-12
     29     66 0.0000000e+00 1.3022880e-08 4.1673190e-09
     29     67 0.0000000e+00 4.2401660e-08 1.3568530e-08
     29     68 0.0000000e+00 1.2181120e-07 3.8979510e-08
     29     68 1.0000000e+00 3.9122760e-09 2.5038620e-09
     29     69 0.0000000e+00 4.4501500e-07 2.0025710e-07
     29     70 0.0000000e+00 4.2515110e-07 2.7209650e-07
     29     70 1.0000000e+00 3.5322750e-07 2.2606540e-07
     29     70 2.0000000e+00 6.2412900e-07 3.9944260e-07
     29     71 0.0000000e+00 2.5083510e-06 1.6053430e-06
     29     72 0.0000000e+00 4.4186080e-06 2.8279070e-06
     29     73 0.0000000e+00 3.3317070e-06 2.1322950e-06
     29     74 0.0000000e+00 2.8286810e-06 1.8103580e-06
     29     75 0.0000000e+00 1.3904190e-06 8.8986590e-07
     29     76 0.0000000e+00 6.4046070e-07 4.0989490e-07
     29     77 0.0000000e+00 2.0646040e-07 1.3213520e-07
     29     78 0.0000000e+00 3.0712860e-08 1.9656250e-08
     29     79 0.0000000e+00 4.9396940e-09 3.1614020e-09
     29     80 0.0000000e+00 2.6699500e-10 1.7087700e-10
     29     81 0.0000000e+00 1.0899800e-11 6.9758800e-12
     29     82 0.0000000e+00 2.0199600e-13 1.2927800e-13
     29     83 0.0000000e+00 1.0551500e-14 6.7529300e-15
     30     66 0.0000000e+00 1.3022910e-08 2.0836720e-09
     30     67 0.0000000e+00 4.2403580e-08 6.7845730e-09
     30     68 0.0000000e+00 1.2250980e-07 1.9601630e-08
     30     69 0.0000000e+00 4.4709580e-07 1.4307040e-07
     30     69 1.0000000e+00 1.7280570e-09 1.1059560e-09
     30     70 0.0000000e+00 1.2263860e-06 1.9622230e-07
     30     71 0.0000000e+00 2.5576640e-06 1.1509480e-06
     30     71 1.0000000e+00 2.6147460e-07 1.6734330e-07
     30     72 0.0000000e+00 7.0697360e-06 4.5246280e-06
     30     73 0.0000000e+00 9.1644370e-06 5.8652350e-06
     30     74 0.0000000e+00 2.0572620e-05 1.3166510e-05
     30     75 0.0000000e+00 2.2109450e-05 1.4150040e-05
     30     76 0.0000000e+00 2.9748580e-05 1.9039030e-05
     30     77 0.0000000e+00 2.0276570e-05 1.2977000e-05
     30     78 0.0000000e+00 9.7139780e-06 6.2169450e-06
     30     79 0.0000000e+00 4.0556840e-06 2.5956330e-06
     30     80 0.0000000e+00 7.9547350e-07 5.0910300e-07
     30     81 0.0000000e+00 8.8605760e-08 5.6707710e-08
     30     82 0.0000000e+00 6.5299010e-09 4.1791370e-09
     30     83 0.0000000e+00 2.2198600e-10 1.4207200e-10
     30     84 0.0000000e+00 5.7699000e-12 3.6927400e-12
     30     85 0.0000000e+00 1.5243400e-13 9.7557900e-14
     30     86 0.0000000e+00 0.0000000e+00 0.0000000e+00
     31     66 0.0000000e+00 0.0000000e+00 0.0000000e+00
     31     67 0.0000000e+00 0.0000000e+00 0.0000000e+00
     31     68 0.0000000e+00 2.4399600e-14 1.5615700e-14
     31     69 0.0000000e+00 4.4709900e-07 7.1535700e-08
     31     70 0.0000000e+00 1.0901200e-10 6.9767600e-11
     31     71 0.0000000e+00 2.8222560e-06 9.0312440e-07
     31     72 0.0000000e+00 7.1217760e-06 4.5579330e-06
     31     72 1.0000000e+00 2.6020210e-08 1.6652950e-08
     31     73 0.0000000e+00 9.5233870e-06 6.0949630e-06
     31     74 0.0000000e+00 2.3008790e-05 1.4725650e-05
     31     74 1.0000000e+00 1.6647550e-05 1.0654420e-05
     31     75 0.0000000e+00 3.2719580e-05 1.4723780e-05
     31     76 0.0000000e+00 6.7694670e-05 3.0462610e-05
     31     77 0.0000000e+00 1.1691680e-04 7.4826780e-05
     31     78 0.0000000e+00 1.0769160e-04 6.8922650e-05
     31     79 0.0000000e+00 1.3947280e-04 8.9262450e-05
     31     80 0.0000000e+00 5.8631350e-05 3.7524100e-05
     31     81 0.0000000e+00 2.3004690e-05 1.4722960e-05
     31     82 0.0000000e+00 4.6309600e-06 2.9638160e-06
     31     83 0.0000000e+00 6.1223000e-07 3.9182720e-07
     31     84 0.0000000e+00 4.5099320e-08 2.8863580e-08
     31     85 0.0000000e+00 1.9798100e-09 1.2670780e-09
     31     86 0.0000000e+00 4.4399200e-11 2.8415500e-11
     31     87 0.0000000e+00 1.2215000e-12 7.8175800e-13
     32     66 0.0000000e+00 0.0000000e+00 0.0000000e+00
     32     67 0.0000000e+00 0.0000000e+00 0.0000000e+00
     32     68 0.0000000e+00 0.0000000e+00 0.0000000e+00
     32     69 0.0000000e+00 0.0000000e+00 0.0000000e+00
     32     70 0.0000000e+00 1.0860500e-10 6.9507200e-11
     32     71 0.0000000e+00 3.0199400e-12 1.9327600e-12
     32     71 1.0000000e+00 1.5099700e-12 9.6638400e-13
     32     72 0.0000000e+00 7.1219590e-06 2.2790250e-06
     32     73 0.0000000e+00 9.5264960e-06 2.1910910e-06
     32     73 1.0000000e+00 6.6716600e-07 4.2698620e-07
     32     74 0.0000000e+00 2.3081280e-05 3.6930020e-06
     32     75 0.0000000e+00 3.3380530e-05 1.0681750e-05
     32     75 1.0000000e+00 8.1186340e-07 3.6533930e-07
     32     76 0.0000000e+00 7.4972380e-05 1.1995580e-05
     32     77 0.0000000e+00 6.2140780e-05 3.9770100e-05
     32     77 1.0000000e+00 1.2153840e-04 7.7784570e-05
     32     78 0.0000000e+00 2.7983060e-04 1.7909130e-04
     32     79 0.0000000e+00 4.0574970e-04 2.5967960e-04
     32     79 1.0000000e+00 2.7011690e-04 1.7287540e-04
     32     80 0.0000000e+00 8.3590130e-04 5.3497670e-04
     32     81 0.0000000e+00 6.9049210e-04 4.4191520e-04
     32     81 1.0000000e+00 9.4319220e-06 6.0364300e-06
     32     82 0.0000000e+00 4.6245590e-04 2.9597190e-04
     32     83 0.0000000e+00 1.4505720e-04 9.2836930e-05
     32     84 0.0000000e+00 3.9899580e-05 2.5535780e-05
     32     85 0.0000000e+00 5.0017670e-06 3.2011280e-06
     32     86 0.0000000e+00 4.5300730e-07 2.8992480e-07
     32     87 0.0000000e+00 2.5698310e-08 1.6446940e-08
     32     88 0.0000000e+00 7.5598700e-10 4.8383100e-10
     32     89 0.0000000e+00 9.8543300e-12 6.3067700e-12
     32     90 0.0000000e+00 1.0979100e-12 7.0266000e-13
     33     69 0.0000000e+00 0.0000000e+00 0.0000000e+00
     33     71 0.0000000e+00 0.0000000e+00 0.0000000e+00
     33     72 0.0000000e+00 1.4499700e-14 9.2798400e-15
     33     73 0.0000000e+00 9.1398400e-13 5.8495000e-13
     33     74 0.0000000e+00 1.5099700e-11 9.6638100e-12
     33     74 1.0000000e+00 4.0899400e-11 2.6175500e-11
     33     75 0.0000000e+00 3.3382640e-05 7.6779970e-06
     33     75 1.0000000e+00 2.8823900e-14 1.8447300e-14
     33     76 0.0000000e+00 4.8428720e-08 3.0994460e-08
     33     77 0.0000000e+00 1.6153580e-04 1.2922810e-05
     33     78 0.0000000e+00 2.8762680e-04 1.2943180e-04
     33     79 0.0000000e+00 7.5013010e-04 3.3755850e-04
     33     80 0.0000000e+00 1.1107840e-03 3.5545050e-04
     33     81 0.0000000e+00 1.5820630e-03 7.1192710e-04
     33     82 0.0000000e+00 1.1416950e-03 7.3068510e-04
     33     82 1.0000000e+00 6.7899210e-04 4.3455450e-04
     33     83 0.0000000e+00 1.6808440e-03 1.0757430e-03
     33     84 0.0000000e+00 5.1035520e-04 3.2662750e-04
     33     84 1.0000000e+00 4.7342760e-04 3.0299340e-04
     33     85 0.0000000e+00 4.3063170e-04 2.7560380e-04
     33     86 0.0000000e+00 1.0512050e-04 6.7277200e-05
     33     87 0.0000000e+00 2.2744480e-05 1.4556420e-05
     33     88 0.0000000e+00 1.9304970e-06 1.2355170e-06
     33     89 0.0000000e+00 1.2799570e-07 8.1917130e-08
     33     90 0.0000000e+00 1.2098990e-08 7.7433800e-09
     33     91 0.0000000e+00 5.2282000e-11 3.3460500e-11
     33     92 0.0000000e+00 2.3551500e-12 1.5073000e-12
     34     72 0.0000000e+00 0.0000000e+00 0.0000000e+00
     34     73 0.0000000e+00 0.0000000e+00 0.0000000e+00
     34     73 1.0000000e+00 0.0000000e+00 0.0000000e+00
     34     74 0.0000000e+00 5.1339000e-12 3.2857000e-12
     34     75 0.0000000e+00 4.4499200e-13 2.8479500e-13
     34     76 0.0000000e+00 4.8471320e-08 3.1021720e-08
     34     77 0.0000000e+00 1.6153770e-04 1.2922970e-05
     34     77 1.0000000e+00 5.3951040e-07 4.3160920e-08
     34     78 0.0000000e+00 2.8769140e-04 6.6169050e-05
     34     79 0.0000000e+00 7.5139630e-04 1.2022350e-04
     34     79 1.0000000e+00 7.0532030e-04 2.2570290e-04
     34     80 0.0000000e+00 1.1285630e-03 1.8056980e-04
     34     81 0.0000000e+00 1.7060150e-03 3.9238200e-04
     34     81 1.0000000e+00 1.1988680e-04 7.6727640e-05
     34     82 0.0000000e+00 2.5861350e-03 2.0689100e-04
     34     83 0.0000000e+00 2.1313990e-03 1.3640940e-03
     34     83 1.0000000e+00 1.4615720e-03 6.5770680e-04
     34     84 0.0000000e+00 4.7425120e-03 1.0907800e-03
     34     85 0.0000000e+00 2.4444540e-03 1.5644580e-03
     34     85 1.0000000e+00 2.0905080e-03 1.3379260e-03
     34     86 0.0000000e+00 3.8178830e-03 2.4434440e-03
     34     87 0.0000000e+00 2.1222790e-03 1.3582520e-03
     34     88 0.0000000e+00 5.7802660e-04 3.6993640e-04
     34     89 0.0000000e+00 1.0836210e-04 6.9351820e-05
     34     90 0.0000000e+00 1.4901140e-05 9.5367520e-06
     34     91 0.0000000e+00 1.0998870e-06 7.0392850e-07
     34     92 0.0000000e+00 5.8397730e-08 3.7374490e-08
     34     93 0.0000000e+00 3.7800600e-10 2.4192400e-10
     34     94 0.0000000e+00 2.4599600e-11 1.5743700e-11
     34     95 0.0000000e+00 2.2698600e-12 1.4527100e-12
     34     96 0.0000000e+00 0.0000000e+00 0.0000000e+00
     35     75 0.0000000e+00 0.0000000e+00 0.0000000e+00
     35     77 0.0000000e+00 1.8369600e-13 1.1756600e-13
     35     77 1.0000000e+00 1.4499700e-13 9.2798400e-14
     35     78 0.0000000e+00 1.2699800e-11 8.1278600e-12
     35     79 0.0000000e+00 3.9620440e-07 2.5357080e-07
     35     79 1.0000000e+00 9.6798400e-10 6.1951000e-10
     35     80 0.0000000e+00 3.3849800e-08 2.1663860e-08
     35     80 1.0000000e+00 2.6399900e-08 1.6895960e-08
     35     81 0.0000000e+00 1.7069310e-03 1.8776140e-04
     35     82 0.0000000e+00 1.1227540e-05 7.1856240e-06
     35     82 1.0000000e+00 3.0436450e-06 1.9479350e-06
     35     83 0.0000000e+00 3.6950310e-03 1.6627620e-03
     35     84 0.0000000e+00 4.9101330e-03 5.4011410e-04
     35     84 1.0000000e+00 3.6786700e-04 2.3543490e-04
     35     85 0.0000000e+00 4.6849270e-03 1.3117760e-04
     35     86 0.0000000e+00 7.8410120e-03 3.5284600e-03
     35     86 1.0000000e+00 2.0342990e-03 1.3019530e-03
     35     87 0.0000000e+00 9.0026040e-03 7.2020790e-04
     35     88 0.0000000e+00 6.0376530e-03 2.7169500e-03
     35     89 0.0000000e+00 3.8840110e-03 2.4857690e-03
     35     90 0.0000000e+00 1.1669410e-03 7.4684140e-04
     35     91 0.0000000e+00 3.2410360e-04 2.0742610e-04
     35     92 0.0000000e+00 4.7816930e-05 3.0602850e-05
     35     93 0.0000000e+00 4.9084270e-06 3.1413910e-06
     35     94 0.0000000e+00 2.3101400e-07 1.4784850e-07
     35     95 0.0000000e+00 2.9482360e-08 1.8868730e-08
     35     96 0.0000000e+00 2.2699600e-10 1.4527700e-10
     35     97 0.0000000e+00 5.7985500e-12 3.7110700e-12
     36     77 0.0000000e+00 0.0000000e+00 0.0000000e+00
     36     78 0.0000000e+00 1.2699800e-15 8.1278700e-16
     36     79 0.0000000e+00 7.2498800e-14 4.6399300e-14
     36     79 1.0000000e+00 3.6249400e-14 2.3199600e-14
     36     80 0.0000000e+00 3.1047750e-08 1.9870550e-08
     36     81 0.0000000e+00 5.0458900e-10 3.2293700e-10
     36     81 1.0000000e+00 6.0598900e-11 3.8783300e-11
     36     82 0.0000000e+00 1.1326980e-05 7.2492650e-06
     36     83 0.0000000e+00 3.6956680e-03 5.5435020e-05
     36     83 1.0000000e+00 3.6434090e-03 5.4651130e-05
     36     84 0.0000000e+00 5.2899370e-03 7.9349050e-05
     36     85 0.0000000e+00 1.2498450e-03 3.4995580e-05
     36     85 1.0000000e+00 4.5169760e-03 6.7754640e-05
     36     86 0.0000000e+00 8.8858090e-03 1.3328710e-04
     36     87 0.0000000e+00 1.1536510e-02 2.3073130e-04
     36     88 0.0000000e+00 1.4174920e-02 3.9689730e-04
     36     89 0.0000000e+00 1.5750280e-02 6.3001010e-04
     36     90 0.0000000e+00 1.4648990e-02 3.3692810e-03
     36     91 0.0000000e+00 9.4642080e-03 4.2588910e-03
     36     92 0.0000000e+00 4.2404980e-03 2.7139210e-03
     36     93 0.0000000e+00 1.2966190e-03 8.2983390e-04
     36     94 0.0000000e+00 2.4041300e-04 1.5386370e-04
     36     95 0.0000000e+00 3.0764270e-05 1.9689150e-05
     36     96 0.0000000e+00 2.4696440e-06 1.5805680e-06
     36     97 0.0000000e+00 1.2199370e-07 7.8075850e-08
     36     98 0.0000000e+00 3.8499280e-09 2.4639590e-09
     36     99 0.0000000e+00 3.5808200e-11 2.2917200e-11
     36    100 0.0000000e+00 9.9698200e-13 6.3806900e-13
     37     79 0.0000000e+00 0.0000000e+00 0.0000000e+00
     37     81 0.0000000e+00 0.0000000e+00 0.0000000e+00
     37     83 0.0000000e+00 1.3099800e-10 8.3838500e-11
     37     84 0.0000000e+00 6.8498920e-09 4.3839280e-09
     37     85 0.0000000e+00 4.8013280e-03 7.2019920e-05
     37     86 0.0000000e+00 4.7315140e-06 3.0281700e-06
     37     86 1.0000000e+00 2.3657570e-06 1.5140800e-06
     37     87 0.0000000e+00 1.1602740e-02 1.7404110e-04
     37     88 0.0000000e+00 1.4603150e-02 2.1904720e-04
     37     89 0.0000000e+00 1.8672530e-02 7.4690230e-04
     37     90 0.0000000e+00 1.4117230e-02 3.2469630e-03
     37     90 1.0000000e+00 7.5792390e-03 4.8507090e-03
     37     91 0.0000000e+00 2.3728190e-02 3.7965020e-03
     37     92 0.0000000e+00 2.0015440e-02 4.6035480e-03
     37     93 0.0000000e+00 1.5695250e-02 3.6099120e-03
     37     94 0.0000000e+00 6.1731930e-03 2.7779380e-03
     37     95 0.0000000e+00 2.6688210e-03 1.7080450e-03
     37     96 0.0000000e+00 5.8785580e-04 3.7622780e-04
     37     97 0.0000000e+00 1.0718100e-04 6.8595920e-05
     37     98 0.0000000e+00 9.2664870e-06 5.9305540e-06
     37     99 0.0000000e+00 4.6508770e-07 2.9765640e-07
     37    100 0.0000000e+00 2.4800360e-08 1.5872190e-08
     37    101 0.0000000e+00 2.2196100e-10 1.4205500e-10
     37    102 0.0000000e+00 9.5980600e-12 6.1427600e-12
     37    103 0.0000000e+00 1.0441200e-12 6.6823600e-13
     38     83 0.0000000e+00 0.0000000e+00 0.0000000e+00
     38     84 0.0000000e+00 2.7443100e-10 1.7563600e-10
     38     85 0.0000000e+00 4.5249800e-11 2.8959800e-11
     38     85 1.0000000e+00 2.4249600e-11 1.5519700e-11
     38     86 0.0000000e+00 4.7348570e-06 3.0303100e-06
     38     87 0.0000000e+00 1.3733950e-07 8.7897280e-08
     38     87 1.0000000e+00 2.3408680e-08 1.4981510e-08
     38     88 0.0000000e+00 1.4606540e-02 2.1909810e-04
     38     89 0.0000000e+00 1.8723470e-02 3.7446830e-04
     38     90 0.0000000e+00 2.1967870e-02 3.2951810e-04
     38     91 0.0000000e+00 2.6659550e-02 7.4646780e-04
     38     92 0.0000000e+00 3.1640220e-02 8.8592530e-04
     38     93 0.0000000e+00 3.8078420e-02 3.0462740e-03
     38     94 0.0000000e+00 3.5326090e-02 2.8260850e-03
     38     95 0.0000000e+00 3.1736970e-02 7.2994990e-03
     38     96 0.0000000e+00 1.8280820e-02 4.2045940e-03
     38     97 0.0000000e+00 6.1983600e-03 2.7892630e-03
     38     98 0.0000000e+00 2.2734220e-03 1.4549940e-03
     38     99 0.0000000e+00 4.7112750e-04 3.0152190e-04
     38    100 0.0000000e+00 6.7078120e-05 4.2929960e-05
     38    101 0.0000000e+00 4.6678820e-06 2.9874460e-06
     38    102 0.0000000e+00 2.3798810e-07 1.5231190e-07
     38    103 0.0000000e+00 2.1966540e-08 1.4058620e-08
     38    104 0.0000000e+00 8.5898500e-11 5.4975000e-11
     38    105 0.0000000e+00 3.6370700e-12 2.3277200e-12
     39     85 0.0000000e+00 0.0000000e+00 0.0000000e+00
     39     87 0.0000000e+00 8.9498400e-12 5.7279000e-12
     39     87 1.0000000e+00 0.0000000e+00 0.0000000e+00
     39     88 0.0000000e+00 6.4500200e-10 4.1280200e-10
     39     89 0.0000000e+00 1.8723440e-02 3.7446880e-04
     39     89 1.0000000e+00 1.8360420e-06 5.1409110e-08
     39     90 0.0000000e+00 2.1968840e-02 1.4060120e-02
     39     90 1.0000000e+00 4.8701720e-07 3.1169180e-07
     39     91 0.0000000e+00 2.6679260e-02 1.7074690e-02
     39     91 1.0000000e+00 1.5268180e-02 9.7716100e-03
     39     92 0.0000000e+00 3.1843870e-02 4.7765810e-04
     39     93 0.0000000e+00 3.9657580e-02 2.5380890e-02
     39     93 1.0000000e+00 2.8077350e-03 1.7969500e-03
     39     94 0.0000000e+00 4.3283980e-02 6.4925970e-04
     39     95 0.0000000e+00 4.7443290e-02 2.8465970e-03
     39     96 0.0000000e+00 2.0398360e-02 1.3054950e-02
     39     96 1.0000000e+00 2.2148300e-02 5.0941110e-03
     39     97 0.0000000e+00 2.1168590e-02 4.8687770e-03
     39     97 1.0000000e+00 1.4872080e-02 9.5181310e-03
     39     98 0.0000000e+00 1.2226040e-02 2.8119850e-03
     39     98 1.0000000e+00 9.9814550e-03 2.2957490e-03
     39     99 0.0000000e+00 1.1878650e-02 2.7320970e-03
     39    100 0.0000000e+00 3.6433800e-03 2.3317650e-03
     39    101 0.0000000e+00 1.0594320e-03 6.7803610e-04
     39    102 0.0000000e+00 1.5697490e-04 1.0046390e-04
     39    103 0.0000000e+00 1.4171080e-05 9.0694590e-06
     39    104 0.0000000e+00 6.5202100e-07 4.1729350e-07
     39    105 0.0000000e+00 4.7241230e-08 3.0234440e-08
     39    106 0.0000000e+00 1.2784000e-10 8.1817400e-11
     39    107 0.0000000e+00 5.6804700e-12 3.6355000e-12
     39    108 0.0000000e+00 6.0895300e-14 3.8973000e-14
     40     87 0.0000000e+00 0.0000000e+00 0.0000000e+00
     40     88 0.0000000e+00 1.3199800e-14 8.4478500e-15
     40     89 0.0000000e+00 2.2799600e-12 1.4591700e-12
     40     89 1.0000000e+00 0.0000000e+00 0.0000000e+00
     40     90 0.0000000e+00 2.1968840e-02 1.4060120e-02
     40     90 1.0000000e+00 1.1749800e-10 7.5198700e-11
     40     91 0.0000000e+00 2.6679280e-02 4.0018920e-04
     40     92 0.0000000e+00 3.1844420e-02 4.7766630e-04
     40     93 0.0000000e+00 3.9669060e-02 5.9503590e-04
     40     94 0.0000000e+00 4.3432300e-02 6.5148450e-04
     40     95 0.0000000e+00 4.8200000e-02 1.4942000e-03
     40     96 0.0000000e+00 4.8810110e-02 7.3215160e-04
     40     97 0.0000000e+00 5.2473970e-02 7.8710950e-04
     40     98 0.0000000e+00 5.3874860e-02 3.2324980e-03
     40     99 0.0000000e+00 5.2561660e-02 1.2089140e-02
     40    100 0.0000000e+00 4.2874230e-02 9.8610950e-03
     40    101 0.0000000e+00 2.3111260e-02 5.3155980e-03
     40    102 0.0000000e+00 1.1723850e-02 2.6964800e-03
     40    103 0.0000000e+00 2.6739090e-03 1.7113060e-03
     40    104 0.0000000e+00 5.3640330e-04 3.4329870e-04
     40    105 0.0000000e+00 4.9207400e-05 3.1492710e-05
     40    106 0.0000000e+00 3.1690300e-06 2.0281780e-06
     40    107 0.0000000e+00 1.1951070e-07 7.6486690e-08
     40    108 0.0000000e+00 1.5099550e-09 9.6637300e-10
     40    109 0.0000000e+00 0.0000000e+00 0.0000000e+00
     40    110 0.0000000e+00 0.0000000e+00 0.0000000e+00
     40    111 0.0000000e+00 0.0000000e+00 0.0000000e+00
     40    112 0.0000000e+00 0.0000000e+00 0.0000000e+00
     41     89 0.0000000e+00 0.0000000e+00 0.0000000e+00
     41     90 0.0000000e+00 0.0000000e+00 0.0000000e+00
     41     91 0.0000000e+00 2.9399500e-13 1.8815700e-13
     41     91 1.0000000e+00 0.0000000e+00 0.0000000e+00
     41     92 0.0000000e+00 3.2899400e-11 2.1055600e-11
     41     93 0.0000000e+00 2.8189530e-09 1.8041300e-09
     41     93 1.0000000e+00 4.7899200e-10 3.0655500e-10
     41     94 0.0000000e+00 1.0051240e-07 6.4328120e-08
     41     94 1.0000000e+00 3.7299470e-08 2.3871710e-08
     41     95 0.0000000e+00 4.8405460e-02 7.2608190e-04
     41     95 1.0000000e+00 5.2346460e-04 7.8519690e-06
     41     96 0.0000000e+00 3.3799010e-05 2.1631350e-05
     41     97 0.0000000e+00 5.2791250e-02 7.9186870e-04
     41     97 1.0000000e+00 4.9928770e-02 7.4893150e-04
     41     98 0.0000000e+00 5.5272350e-02 1.1054490e-03
     41     98 1.0000000e+00 3.7729490e-04 2.4146880e-04
     41     99 0.0000000e+00 3.4312910e-02 5.4900660e-03
     41     99 1.0000000e+00 2.6995280e-02 6.2089210e-03
     41    100 0.0000000e+00 5.2735960e-02 1.2129260e-02
     41    100 1.0000000e+00 9.8617330e-03 6.3115090e-03
     41    101 0.0000000e+00 5.7617490e-02 6.3379210e-03
     41    102 0.0000000e+00 2.7852130e-02 1.7825350e-02
     41    102 1.0000000e+00 1.6127630e-02 1.0321750e-02
     41    103 0.0000000e+00 2.7231340e-02 6.2632150e-03
     41    104 0.0000000e+00 5.3143830e-03 3.4012030e-03
     41    104 1.0000000e+00 4.7693720e-03 3.0523950e-03
     41    105 0.0000000e+00 3.3196550e-03 2.1245770e-03
     41    106 0.0000000e+00 6.4878780e-04 4.1522390e-04
     41    107 0.0000000e+00 7.6766850e-05 4.9130780e-05
     41    108 0.0000000e+00 3.5404070e-06 2.2658590e-06
     41    109 0.0000000e+00 3.9799300e-13 2.5471600e-13
     41    110 0.0000000e+00 0.0000000e+00 0.0000000e+00
     41    111 0.0000000e+00 1.2200600e-16 7.8083900e-17
     41    112 0.0000000e+00 3.3952000e-18 2.1729300e-18
     41    113 0.0000000e+00 0.0000000e+00 0.0000000e+00
     41    114 0.0000000e+00 2.0406000e-13 1.3059800e-13
     42     90 0.0000000e+00 0.0000000e+00 0.0000000e+00
     42     91 0.0000000e+00 0.0000000e+00 0.0000000e+00
     42     92 0.0000000e+00 0.0000000e+00 0.0000000e+00
     42     93 0.0000000e+00 5.3766700e-14 3.4410700e-14
     42     93 1.0000000e+00 2.6899500e-14 1.7215700e-14
     42     94 0.0000000e+00 1.9418700e-10 1.2428000e-10
     42     95 0.0000000e+00 4.8434770e-02 7.2652160e-04
     42     96 0.0000000e+00 3.3826110e-05 2.1648690e-05
     42     97 0.0000000e+00 5.2791940e-02 7.9187910e-04
     42     98 0.0000000e+00 5.5662680e-02 8.3494020e-04
     42     99 0.0000000e+00 6.0900000e-02 1.8879000e-03
     42    100 0.0000000e+00 6.3756180e-02 9.5634270e-04
     42    101 0.0000000e+00 6.4612960e-02 2.5845200e-03
     42    102 0.0000000e+00 6.4721380e-02 2.5888510e-03
     42    103 0.0000000e+00 6.3612940e-02 5.0890290e-03
     42    104 0.0000000e+00 5.5444340e-02 8.8710960e-03
     42    105 0.0000000e+00 3.4544190e-02 7.9451640e-03
     42    106 0.0000000e+00 1.7699730e-02 4.0709420e-03
     42    107 0.0000000e+00 4.3991030e-03 1.9795960e-03
     42    108 0.0000000e+00 9.3548910e-04 5.9871310e-04
     42    109 0.0000000e+00 1.6098320e-06 1.0302920e-06
     42    110 0.0000000e+00 9.5398120e-08 6.1054780e-08
     42    111 0.0000000e+00 3.1099500e-09 1.9903600e-09
     42    112 0.0000000e+00 1.0199800e-10 6.5278900e-11
     42    113 0.0000000e+00 8.4516800e-14 5.4090800e-14
     42    114 0.0000000e+00 5.0597200e-09 3.2382180e-09
     42    115 0.0000000e+00 2.1380700e-12 1.3683600e-12
     42    116 0.0000000e+00 1.1899800e-13 7.6158700e-14
     43     93 0.0000000e+00 0.0000000e+00 0.0000000e+00
     43     95 0.0000000e+00 0.0000000e+00 0.0000000e+00
     43     95 1.0000000e+00 0.0000000e+00 0.0000000e+00
     43     97 0.0000000e+00 4.4399200e-11 2.8415500e-11
     43     97 1.0000000e+00 2.2199600e-11 1.4207800e-11
     43     98 0.0000000e+00 2.3299610e-09 1.4911710e-09
     43     99 0.0000000e+00 6.0898570e-02 1.2179670e-03
     43     99 1.0000000e+00 5.3543240e-02 1.0708630e-03
     43    100 0.0000000e+00 1.9203090e-06 1.2289970e-06
     43    101 0.0000000e+00 6.4650080e-02 1.2929980e-03
     43    102 0.0000000e+00 6.4879840e-02 4.1523100e-02
     43    102 1.0000000e+00 1.5846370e-04 1.0141680e-04
     43    103 0.0000000e+00 6.5905610e-02 1.8453610e-03
     43    104 0.0000000e+00 6.3530550e-02 9.5295830e-04
     43    105 0.0000000e+00 5.1193850e-02 4.0955060e-03
     43    106 0.0000000e+00 3.8335750e-02 6.1337180e-03
     43    107 0.0000000e+00 2.1881130e-02 5.0326560e-03
     43    108 0.0000000e+00 7.9934700e-03 3.5970580e-03
     43    109 0.0000000e+00 1.8361070e-03 1.1751040e-03
     43    110 0.0000000e+00 4.2029030e-04 2.6898550e-04
     43    111 0.0000000e+00 7.8510810e-05 5.0246910e-05
     43    112 0.0000000e+00 9.3959910e-06 6.0134330e-06
     43    113 0.0000000e+00 1.3303170e-06 8.5140070e-07
     43    114 0.0000000e+00 2.9186580e-06 1.8679430e-06
     43    115 0.0000000e+00 2.7771750e-08 1.7773890e-08
     43    116 0.0000000e+00 1.5200810e-09 9.7285400e-10
     43    117 0.0000000e+00 5.8460700e-12 3.7414900e-12
     43    118 0.0000000e+00 1.4074500e-13 9.0076600e-14
     43    119 0.0000000e+00 2.4667600e-15 1.5787300e-15
     44     95 0.0000000e+00 0.0000000e+00 0.0000000e+00
     44     96 0.0000000e+00 0.0000000e+00 0.0000000e+00
     44     97 0.0000000e+00 0.0000000e+00 0.0000000e+00
     44     98 0.0000000e+00 4.5099200e-14 2.8863500e-14
     44     99 0.0000000e+00 1.9811040e-06 1.2679070e-06
     44    100 0.0000000e+00 1.9206580e-06 1.2292200e-06
     44    101 0.0000000e+00 6.4650100e-02 9.6975150e-04
     44    102 0.0000000e+00 6.5039000e-02 9.7558500e-04
     44    103 0.0000000e+00 6.5918550e-02 9.8877830e-04
     44    104 0.0000000e+00 6.3684160e-02 9.5526240e-04
     44    105 0.0000000e+00 5.2126850e-02 2.0850800e-03
     44    106 0.0000000e+00 4.2822070e-02 6.4233100e-04
     44    107 0.0000000e+00 3.1871680e-02 7.3304900e-03
     44    108 0.0000000e+00 1.9690240e-02 4.5287710e-03
     44    109 0.0000000e+00 1.0576450e-02 6.7689290e-03
     44    109 1.0000000e+00 4.3792660e-03 2.8027280e-03
     44    110 0.0000000e+00 6.5841440e-03 1.5143560e-03
     44    111 0.0000000e+00 3.3636760e-03 1.5136560e-03
     44    112 0.0000000e+00 1.5998160e-03 7.1991430e-04
     44    113 0.0000000e+00 7.0829450e-04 4.5330880e-04
     44    114 0.0000000e+00 2.3584690e-04 1.5094260e-04
     44    115 0.0000000e+00 2.9509450e-05 1.8886070e-05
     44    116 0.0000000e+00 2.1444270e-06 1.3724390e-06
     44    117 0.0000000e+00 1.2301180e-07 7.8727430e-08
     44    118 0.0000000e+00 3.4899620e-09 2.2335740e-09
     44    119 0.0000000e+00 5.1898300e-11 3.3214900e-11
     44    120 0.0000000e+00 5.2599100e-13 3.3663400e-13
     44    121 0.0000000e+00 9.0844600e-15 5.8140600e-15
     44    122 0.0000000e+00 0.0000000e+00 0.0000000e+00
     44    124 0.0000000e+00 0.0000000e+00 0.0000000e+00
     45     99 0.0000000e+00 0.0000000e+00 0.0000000e+00
     45     99 1.0000000e+00 0.0000000e+00 0.0000000e+00
     45    101 0.0000000e+00 8.0325800e-14 5.1408500e-14
     45    101 1.0000000e+00 2.8799500e-13 1.8431700e-13
     45    102 0.0000000e+00 1.6938600e-11 1.0840700e-11
     45    102 1.0000000e+00 1.6899700e-11 1.0815800e-11
     45    103 0.0000000e+00 6.5918360e-02 9.8877540e-04
     45    103 1.0000000e+00 6.5079410e-02 9.7619120e-04
     45    104 0.0000000e+00 8.4912770e-08 5.4344130e-08
     45    104 1.0000000e+00 6.6299230e-08 4.2431580e-08
     45    105 0.0000000e+00 5.2128710e-02 1.4596040e-03
     45    105 1.0000000e+00 1.4693740e-02 5.8775060e-04
     45    106 0.0000000e+00 4.2833100e-02 6.4249650e-04
     45    106 1.0000000e+00 1.1029080e-05 7.0586190e-06
     45    107 0.0000000e+00 3.2043160e-02 5.1269060e-03
     45    108 0.0000000e+00 1.9984220e-02 3.1974810e-03
     45    108 1.0000000e+00 2.9397440e-04 1.8814360e-04
     45    109 0.0000000e+00 1.0728470e-02 6.8662020e-03
     45    109 1.0000000e+00 7.6007540e-05 4.8644830e-05
     45    110 0.0000000e+00 6.7293580e-03 1.0766950e-03
     45    110 1.0000000e+00 1.4521360e-04 9.2937030e-05
     45    111 0.0000000e+00 3.8991490e-03 1.2477220e-03
     45    112 0.0000000e+00 2.1237250e-03 1.2742280e-04
     45    113 0.0000000e+00 1.4728500e-03 4.7131110e-04
     45    114 0.0000000e+00 8.5885210e-04 5.4966550e-04
     45    115 0.0000000e+00 3.9820900e-04 2.5485380e-04
     45    116 0.0000000e+00 8.1518370e-05 5.2171750e-05
     45    117 0.0000000e+00 2.1090170e-05 1.3497770e-05
     45    118 0.0000000e+00 1.9598820e-06 1.2543240e-06
     45    119 0.0000000e+00 1.3107390e-07 8.3887080e-08
     45    120 0.0000000e+00 4.3704490e-09 2.7970890e-09
     45    121 0.0000000e+00 1.1799700e-10 7.5518300e-11
     45    122 0.0000000e+00 1.5799700e-12 1.0111800e-12
     45    123 0.0000000e+00 1.2999800e-14 8.3198500e-15
     45    124 0.0000000e+00 0.0000000e+00 0.0000000e+00
     46     99 0.0000000e+00 0.0000000e+00 0.0000000e+00
     46    101 0.0000000e+00 0.0000000e+00 0.0000000e+00
     46    102 0.0000000e+00 3.7264800e-12 2.3849500e-12
     46    103 0.0000000e+00 3.9199300e-14 2.5087600e-14
     46    104 0.0000000e+00 8.4622090e-08 3.8079920e-08
     46    105 0.0000000e+00 5.2128710e-02 1.4596040e-03
     46    106 0.0000000e+00 4.2844140e-02 6.4266210e-04
     46    107 0.0000000e+00 3.2043490e-02 2.5634850e-03
     46    107 1.0000000e+00 2.2600080e-07 1.4464010e-07
     46    108 0.0000000e+00 2.0282530e-02 1.6226080e-03
     46    109 0.0000000e+00 1.0728470e-02 6.8662020e-03
     46    109 1.0000000e+00 2.6199510e-09 1.6767710e-09
     46    110 0.0000000e+00 6.8746100e-03 5.4996880e-04
     46    111 0.0000000e+00 3.8993790e-03 6.2390000e-04
     46    111 1.0000000e+00 1.9500090e-07 1.2480060e-07
     46    112 0.0000000e+00 2.1249660e-03 5.9498910e-05
     46    113 0.0000000e+00 1.4783190e-03 2.3653100e-04
     46    114 0.0000000e+00 1.1184930e-03 8.9479510e-05
     46    115 0.0000000e+00 9.5963010e-04 4.3183330e-04
     46    116 0.0000000e+00 6.4905130e-04 4.1539360e-04
     46    117 0.0000000e+00 4.9863960e-04 3.1912830e-04
     46    118 0.0000000e+00 1.7352660e-04 1.1105660e-04
     46    119 0.0000000e+00 2.9271030e-05 1.8733480e-05
     46    120 0.0000000e+00 4.0979860e-06 2.6227060e-06
     46    121 0.0000000e+00 3.5627690e-07 2.2801710e-07
     46    122 0.0000000e+00 2.1201620e-08 1.3569090e-08
     46    123 0.0000000e+00 5.6500100e-10 3.6160100e-10
     46    124 0.0000000e+00 0.0000000e+00 0.0000000e+00
     46    125 0.0000000e+00 0.0000000e+00 0.0000000e+00
     46    126 0.0000000e+00 0.0000000e+00 0.0000000e+00
     46    128 0.0000000e+00 0.0000000e+00 0.0000000e+00
     46    129 0.0000000e+00 0.0000000e+00 0.0000000e+00
     46    130 0.0000000e+00 0.0000000e+00 0.0000000e+00
     47    103 0.0000000e+00 0.0000000e+00 0.0000000e+00
     47    105 0.0000000e+00 0.0000000e+00 0.0000000e+00
     47    105 1.0000000e+00 0.0000000e+00 0.0000000e+00
     47    106 0.0000000e+00 6.1298900e-14 3.9231300e-14
     47    106 1.0000000e+00 1.6599700e-13 1.0623800e-13
     47    107 0.0000000e+00 2.0679700e-11 1.3235000e-11
     47    107 1.0000000e+00 1.8199700e-11 1.1647800e-11
     47    108 0.0000000e+00 4.1033500e-10 2.6261500e-10
     47    108 1.0000000e+00 3.7749300e-10 2.4159600e-10
     47    109 0.0000000e+00 1.0728500e-02 6.8662210e-03
     47    109 1.0000000e+00 1.0718600e-02 6.8599060e-03
     47    110 0.0000000e+00 0.0000000e+00 0.0000000e+00
     47    110 1.0000000e+00 0.0000000e+00 0.0000000e+00
     47    111 0.0000000e+00 3.8805010e-03 7.7609910e-05
     47    111 1.0000000e+00 3.7838000e-03 2.2702780e-04
     47    112 0.0000000e+00 2.1249660e-03 5.9498910e-05
     47    113 0.0000000e+00 9.6950910e-04 7.7560730e-05
     47    113 1.0000000e+00 1.4133760e-03 9.0456060e-04
     47    114 0.0000000e+00 1.1218990e-03 4.4875940e-05
     47    115 0.0000000e+00 7.7464240e-04 2.4788480e-04
     47    115 1.0000000e+00 2.7538230e-04 1.2392240e-04
     47    116 0.0000000e+00 7.0082400e-04 4.4852740e-04
     47    116 1.0000000e+00 4.8842170e-05 3.1258990e-05
     47    117 0.0000000e+00 4.2251660e-04 2.7041020e-04
     47    117 1.0000000e+00 4.2251660e-04 2.7041020e-04
     47    118 0.0000000e+00 4.5951330e-04 2.9408860e-04
     47    118 1.0000000e+00 2.0282740e-04 1.2980970e-04
     47    119 0.0000000e+00 3.5360690e-04 2.2630870e-04
     47    120 0.0000000e+00 7.3815270e-05 4.7241780e-05
     47    120 1.0000000e+00 5.0888010e-05 3.2568410e-05
     47    121 0.0000000e+00 3.7497900e-05 2.3998640e-05
     47    122 0.0000000e+00 3.2142680e-06 2.0571300e-06
     47    122 1.0000000e+00 3.1931550e-06 2.0436180e-06
     47    123 0.0000000e+00 7.3597350e-07 4.7102340e-07
     47    124 0.0000000e+00 9.4098300e-12 6.0222900e-12
     47    125 0.0000000e+00 9.2898400e-13 5.9455000e-13
     47    126 0.0000000e+00 6.1598900e-14 3.9423300e-14
     47    127 0.0000000e+00 0.0000000e+00 0.0000000e+00
     47    128 0.0000000e+00 0.0000000e+00 0.0000000e+00
     47    129 0.0000000e+00 7.3752800e-17 4.7201800e-17
     47    130 0.0000000e+00 2.2699600e-10 1.4527700e-10
     47    131 0.0000000e+00 5.5133700e-12 3.5285600e-12
     48    105 0.0000000e+00 0.0000000e+00 0.0000000e+00
     48    106 0.0000000e+00 6.1298900e-16 3.9231300e-16
     48    107 0.0000000e+00 0.0000000e+00 0.0000000e+00
     48    108 0.0000000e+00 3.9865400e-10 2.5513900e-10
     48    109 0.0000000e+00 0.0000000e+00 0.0000000e+00
     48    110 0.0000000e+00 0.0000000e+00 0.0000000e+00
     48    111 0.0000000e+00 3.8994200e-03 5.8491300e-05
     48    111 1.0000000e+00 0.0000000e+00 0.0000000e+00
     48    112 0.0000000e+00 2.1249660e-03 4.2499210e-05
     48    113 0.0000000e+00 1.4616530e-03 2.9233060e-05
     48    113 1.0000000e+00 1.6693980e-05 1.8363410e-06
     48    114 0.0000000e+00 1.1219060e-03 2.2438170e-05
     48    115 0.0000000e+00 9.4119950e-04 3.7648010e-05
     48    115 1.0000000e+00 5.1240720e-05 1.4347430e-06
     48    116 0.0000000e+00 7.5018530e-04 2.1005250e-05
     48    117 0.0000000e+00 4.6144500e-04 2.0764980e-04
     48    117 1.0000000e+00 4.1868390e-04 2.6795770e-04
     48    118 0.0000000e+00 7.5742090e-04 2.4237420e-04
     48    119 0.0000000e+00 5.1782390e-04 3.3140690e-04
     48    119 1.0000000e+00 1.6421480e-04 1.0509730e-04
     48    120 0.0000000e+00 6.3798040e-04 4.0830820e-04
     48    121 0.0000000e+00 2.7290540e-04 1.7465890e-04
     48    121 1.0000000e+00 2.4262940e-04 1.5528220e-04
     48    122 0.0000000e+00 3.4649500e-04 2.2175760e-04
     48    123 0.0000000e+00 9.0560890e-05 5.7958930e-05
     48    123 1.0000000e+00 9.2276360e-08 5.9056870e-08
     48    124 0.0000000e+00 4.2646870e-06 2.7293940e-06
     48    125 0.0000000e+00 1.2502080e-06 8.0013190e-07
     48    126 0.0000000e+00 3.4406130e-07 2.2019910e-07
     48    127 0.0000000e+00 9.3098060e-08 5.9582780e-08
     48    128 0.0000000e+00 1.5699690e-08 1.0047790e-08
     48    129 0.0000000e+00 1.9236440e-09 1.2311310e-09
     48    130 0.0000000e+00 1.9898170e-06 1.2734880e-06
     48    131 0.0000000e+00 1.1599050e-07 7.4233900e-08
     48    132 0.0000000e+00 2.9899490e-09 1.9135690e-09
     48    133 0.0000000e+00 2.9178100e-11 1.8674000e-11
     48    134 0.0000000e+00 1.8399700e-13 1.1775800e-13
     48    136 0.0000000e+00 0.0000000e+00 0.0000000e+00
     49    107 0.0000000e+00 0.0000000e+00 0.0000000e+00
     49    109 0.0000000e+00 0.0000000e+00 0.0000000e+00
     49    111 0.0000000e+00 0.0000000e+00 0.0000000e+00
     49    111 1.0000000e+00 0.0000000e+00 0.0000000e+00
     49    112 0.0000000e+00 0.0000000e+00 0.0000000e+00
     49    112 1.0000000e+00 0.0000000e+00 0.0000000e+00
     49    113 0.0000000e+00 1.6670610e-05 1.0669190e-05
     49    113 1.0000000e+00 0.0000000e+00 0.0000000e+00
     49    114 0.0000000e+00 2.6490500e-13 1.6953900e-13
     49    114 1.0000000e+00 2.1199600e-13 1.3567800e-13
     49    115 0.0000000e+00 9.4537990e-04 3.7815150e-05
     49    115 1.0000000e+00 9.4120500e-04 3.7648230e-05
     49    116 0.0000000e+00 1.0599810e-09 6.7838900e-10
     49    116 1.0000000e+00 2.1199620e-09 1.3567810e-09
     49    116 2.0000000e+00 1.0599810e-09 6.7838900e-10
     49    117 0.0000000e+00 6.9031800e-04 2.2090230e-04
     49    117 1.0000000e+00 3.5910450e-04 1.6159710e-04
     49    118 0.0000000e+00 7.5902570e-04 1.7457610e-04
     49    118 1.0000000e+00 4.4779930e-07 2.8659120e-07
     49    118 2.0000000e+00 2.2559160e-07 1.4437820e-07
     49    119 0.0000000e+00 3.6755910e-04 1.6540130e-04
     49    119 1.0000000e+00 3.3880500e-04 2.1683550e-04
     49    120 0.0000000e+00 6.5868710e-04 4.2155970e-04
     49    120 1.0000000e+00 2.0706720e-05 1.3252300e-05
     49    120 2.0000000e+00 2.0706720e-05 1.3252300e-05
     49    121 0.0000000e+00 5.9221980e-04 3.7901960e-04
     49    121 1.0000000e+00 1.7898130e-04 1.1454800e-04
     49    122 0.0000000e+00 4.8028730e-04 2.1612990e-04
     49    122 1.0000000e+00 1.3379230e-04 8.5626700e-05
     49    122 2.0000000e+00 1.3379230e-04 8.5627070e-05
     49    123 0.0000000e+00 4.7492770e-04 3.0395330e-04
     49    123 1.0000000e+00 1.2006150e-04 7.6839390e-05
     49    124 0.0000000e+00 2.8814540e-04 1.8441280e-04
     49    124 1.0000000e+00 2.8388070e-04 1.8168390e-04
     49    125 0.0000000e+00 2.8712640e-04 1.8376070e-04
     49    125 1.0000000e+00 2.8595120e-04 1.8300860e-04
     49    126 0.0000000e+00 2.2392630e-04 1.4331270e-04
     49    126 1.0000000e+00 2.2427040e-04 1.4353330e-04
     49    127 0.0000000e+00 2.0654630e-04 1.3218980e-04
     49    127 1.0000000e+00 2.0672250e-04 1.3230260e-04
     49    128 0.0000000e+00 2.2945550e-04 1.4685150e-04
     49    128 1.0000000e+00 1.1471990e-04 7.3420720e-05
     49    129 0.0000000e+00 6.4268740e-05 4.1132000e-05
     49    129 1.0000000e+00 6.4250800e-05 4.1120520e-05
     49    130 0.0000000e+00 1.3350340e-04 8.5442180e-05
     49    130 1.0000000e+00 1.3152720e-04 8.4177410e-05
     49    130 2.0000000e+00 1.3152720e-04 8.4177410e-05
     49    131 0.0000000e+00 4.6839800e-05 2.9977470e-05
     49    131 1.0000000e+00 4.6721720e-05 2.9901900e-05
     49    132 0.0000000e+00 7.6471940e-06 4.8941970e-06
     49    133 0.0000000e+00 3.7895720e-07 2.4253310e-07
     49    134 0.0000000e+00 7.2198640e-09 4.6207160e-09
     49    135 0.0000000e+00 5.9411300e-11 3.8023300e-11
     49    136 0.0000000e+00 5.2099100e-13 3.3343400e-13
     50    111 0.0000000e+00 0.0000000e+00 0.0000000e+00
     50    112 0.0000000e+00 0.0000000e+00 0.0000000e+00
     50    113 0.0000000e+00 0.0000000e+00 0.0000000e+00
     50    113 1.0000000e+00 0.0000000e+00 0.0000000e+00
     50    114 0.0000000e+00 2.6358100e-13 1.6869200e-13
     50    115 0.0000000e+00 4.7060250e-05 3.0118560e-05
     50    116 0.0000000e+00 3.1800270e-09 1.4310090e-09
     50    117 0.0000000e+00 8.8028440e-04 5.6338240e-04
     50    117 1.0000000e+00 1.1735710e-06 7.5108370e-07
     50    118 0.0000000e+00 7.5948070e-04 8.3542890e-05
     50    119 0.0000000e+00 6.9798490e-04 7.6778340e-05
     50    119 1.0000000e+00 3.4902070e-06 2.2337320e-06
     50    120 0.0000000e+00 7.0161370e-04 7.7177510e-05
     50    121 0.0000000e+00 7.7212060e-04 4.9415770e-04
     50    121 1.0000000e+00 5.3368000e-05 3.4155550e-05
     50    122 0.0000000e+00 8.5147520e-04 9.3662170e-05
     50    123 0.0000000e+00 2.7105660e-04 1.7347700e-04
     50    123 1.0000000e+00 6.3429770e-04 2.8543400e-04
     50    124 0.0000000e+00 1.3971220e-03 1.5368330e-04
     50    125 0.0000000e+00 1.1625620e-03 7.4403910e-04
     50    125 1.0000000e+00 8.2838380e-04 5.3016590e-04
     50    126 0.0000000e+00 2.8795390e-03 2.3036330e-04
     50    127 0.0000000e+00 3.8143080e-03 2.4411500e-03
     50    127 1.0000000e+00 1.2724030e-03 8.1433650e-04
     50    128 0.0000000e+00 8.1984330e-03 5.2470010e-03
     50    128 1.0000000e+00 3.9835090e-03 2.5494400e-03
     50    129 0.0000000e+00 7.9066010e-03 3.5579740e-03
     50    129 1.0000000e+00 2.7827920e-03 1.7809860e-03
     50    130 0.0000000e+00 5.2107140e-03 3.3348610e-03
     50    130 1.0000000e+00 5.1535460e-03 3.2982740e-03
     50    131 0.0000000e+00 2.9241550e-03 1.8714640e-03
     50    131 1.0000000e+00 2.8365090e-03 1.8153700e-03
     50    132 0.0000000e+00 2.0234850e-03 1.2950300e-03
     50    133 0.0000000e+00 3.4709680e-04 2.2214220e-04
     50    134 0.0000000e+00 3.0681260e-05 1.9636030e-05
     50    135 0.0000000e+00 1.2497780e-06 7.9985670e-07
     50    136 0.0000000e+00 3.1999280e-08 2.0479520e-08
     50    137 0.0000000e+00 4.8899100e-10 3.1295400e-10
     50    138 0.0000000e+00 9.6898300e-12 6.2014900e-12
     51    113 0.0000000e+00 0.0000000e+00 0.0000000e+00
     51    115 0.0000000e+00 0.0000000e+00 0.0000000e+00
     51    115 1.0000000e+00 0.0000000e+00 0.0000000e+00
     51    117 0.0000000e+00 0.0000000e+00 0.0000000e+00
     51    118 0.0000000e+00 5.7099000e-14 3.6543400e-14
     51    118 1.0000000e+00 9.7198300e-14 6.2206900e-14
     51    119 0.0000000e+00 1.6999700e-11 1.0879800e-11
     51    120 0.0000000e+00 3.4099400e-10 2.1823600e-10
     51    120 1.0000000e+00 5.7999000e-10 3.7119300e-10
     51    121 0.0000000e+00 7.8411510e-04 8.6252670e-05
     51    122 0.0000000e+00 7.4139040e-07 4.7449020e-07
     51    122 1.0000000e+00 4.2224970e-07 2.7023930e-07
     51    123 0.0000000e+00 9.1409350e-04 1.0055030e-04
     51    124 0.0000000e+00 1.2602080e-06 8.0653500e-07
     51    124 1.0000000e+00 1.0081660e-06 6.4522530e-07
     51    124 2.0000000e+00 5.0408310e-07 3.2261320e-07
     51    125 0.0000000e+00 2.0003370e-03 2.2003670e-04
     51    126 0.0000000e+00 1.7267450e-05 1.1051170e-05
     51    126 1.0000000e+00 1.9930690e-05 1.2755640e-05
     51    126 2.0000000e+00 9.9653430e-06 6.3778200e-06
     51    127 0.0000000e+00 5.3191350e-03 1.7021220e-03
     51    128 0.0000000e+00 8.5943850e-03 5.5004060e-03
     51    128 1.0000000e+00 5.2390100e-04 3.3529660e-04
     51    129 0.0000000e+00 1.3957270e-02 1.1165840e-03
     51    129 1.0000000e+00 8.6266560e-04 5.5210600e-04
     51    130 0.0000000e+00 9.5032780e-03 6.0820980e-03
     51    130 1.0000000e+00 1.2726750e-02 8.1451020e-03
     51    131 0.0000000e+00 2.7248020e-02 2.9972770e-03
     51    132 0.0000000e+00 1.1733070e-02 2.6986030e-03
     51    132 1.0000000e+00 7.4807390e-03 3.3663220e-03
     51    133 0.0000000e+00 1.0318930e-02 2.3733450e-03
     51    134 0.0000000e+00 1.3979010e-03 8.9465910e-04
     51    134 1.0000000e+00 1.3724130e-03 8.7834290e-04
     51    135 0.0000000e+00 5.1104090e-04 3.2706560e-04
     51    136 0.0000000e+00 4.2107180e-05 2.6948540e-05
     51    137 0.0000000e+00 2.6093930e-06 1.6700140e-06
     51    138 0.0000000e+00 1.4799400e-07 9.4716380e-08
     51    139 0.0000000e+00 2.8299490e-09 1.8111690e-09
     51    140 0.0000000e+00 3.2746300e-11 2.0957600e-11
     51    141 0.0000000e+00 2.6783600e-12 1.7141500e-12
     52    115 0.0000000e+00 0.0000000e+00 0.0000000e+00
     52    117 0.0000000e+00 0.0000000e+00 0.0000000e+00
     52    118 0.0000000e+00 0.0000000e+00 0.0000000e+00
     52    119 0.0000000e+00 0.0000000e+00 0.0000000e+00
     52    120 0.0000000e+00 6.2198900e-14 3.9807300e-14
     52    121 0.0000000e+00 8.4724800e-12 5.4223800e-12
     52    121 1.0000000e+00 4.4899200e-12 2.8735500e-12
     52    122 0.0000000e+00 7.2425690e-07 3.2591550e-07
     52    123 0.0000000e+00 2.6722540e-08 1.7102450e-08
     52    123 1.0000000e+00 2.1100030e-08 1.3504080e-08
     52    124 0.0000000e+00 1.5122540e-06 9.6784480e-07
     52    125 0.0000000e+00 2.0003370e-03 1.6002650e-04
     52    125 1.0000000e+00 4.6365820e-04 5.1002370e-05
     52    126 0.0000000e+00 3.4409020e-05 2.2021770e-05
     52    127 0.0000000e+00 5.3128270e-03 8.5005320e-04
     52    127 1.0000000e+00 2.6401080e-04 1.6896690e-04
     52    128 0.0000000e+00 9.0998200e-03 5.4598920e-04
     52    129 0.0000000e+00 1.3572220e-02 1.0857780e-03
     52    129 1.0000000e+00 3.0368510e-03 3.3405270e-04
     52    130 0.0000000e+00 2.4383520e-02 1.4630130e-03
     52    131 0.0000000e+00 3.1641410e-02 5.0626220e-03
     52    131 1.0000000e+00 7.9962380e-03 3.5983060e-03
     52    132 0.0000000e+00 4.9995120e-02 9.9990430e-04
     52    133 0.0000000e+00 2.7257560e-02 4.3612100e-03
     52    133 1.0000000e+00 3.0842500e-02 1.8505500e-03
     52    134 0.0000000e+00 4.5425770e-02 2.7255440e-03
     52    135 0.0000000e+00 1.7192030e-02 3.9541710e-03
     52    136 0.0000000e+00 4.1394380e-03 1.8627450e-03
     52    137 0.0000000e+00 1.0390690e-03 6.6500400e-04
     52    138 0.0000000e+00 2.4301020e-04 1.5552650e-04
     52    139 0.0000000e+00 1.3017100e-05 8.3309220e-06
     52    140 0.0000000e+00 8.1189010e-07 5.1960960e-07
     52    141 0.0000000e+00 5.6347980e-08 3.6062770e-08
     52    142 0.0000000e+00 4.6099200e-10 2.9503500e-10
     52    143 0.0000000e+00 8.6995200e-12 5.5676900e-12
     53    121 0.0000000e+00 0.0000000e+00 0.0000000e+00
     53    123 0.0000000e+00 2.5799500e-12 1.6511700e-12
     53    125 0.0000000e+00 0.0000000e+00 0.0000000e+00
     53    126 0.0000000e+00 0.0000000e+00 0.0000000e+00
     53    127 0.0000000e+00 5.3191630e-03 4.2553330e-04
     53    128 0.0000000e+00 3.4699400e-14 2.2207600e-14
     53    129 0.0000000e+00 1.4695850e-02 8.8175100e-04
     53    130 0.0000000e+00 2.8836280e-05 1.8455240e-05
     53    130 1.0000000e+00 8.1455290e-06 5.2131380e-06
     53    131 0.0000000e+00 3.8065200e-02 5.7097800e-04
     53    132 0.0000000e+00 5.1685760e-02 3.3078900e-02
     53    132 1.0000000e+00 9.0894790e-04 5.8172600e-04
     53    133 0.0000000e+00 6.6797620e-02 4.2750440e-02
     53    133 1.0000000e+00 7.0474950e-03 4.5103990e-03
     53    134 0.0000000e+00 6.8462140e-02 1.9169390e-03
     53    134 1.0000000e+00 1.1443030e-02 2.6318970e-03
     53    135 0.0000000e+00 5.6227900e-02 2.2491140e-03
     53    136 0.0000000e+00 1.8536870e-02 4.2634860e-03
     53    136 1.0000000e+00 1.4416190e-02 3.3157280e-03
     53    137 0.0000000e+00 1.8697270e-02 2.0567010e-03
     53    138 0.0000000e+00 1.0219480e-02 1.1241420e-03
     53    139 0.0000000e+00 1.7562730e-03 1.1240120e-03
     53    140 0.0000000e+00 3.1188970e-04 1.9960980e-04
     53    141 0.0000000e+00 3.6303520e-05 2.3234240e-05
     53    142 0.0000000e+00 1.9699940e-06 1.2607950e-06
     53    143 0.0000000e+00 1.1299480e-07 7.2316550e-08
     53    144 0.0000000e+00 3.6577500e-10 2.3409600e-10
     53    145 0.0000000e+00 1.7015400e-11 1.0889900e-11
     53    146 0.0000000e+00 3.8150300e-13 2.4416200e-13
     54    124 0.0000000e+00 0.0000000e+00 0.0000000e+00
     54    125 0.0000000e+00 0.0000000e+00 0.0000000e+00
     54    125 1.0000000e+00 0.0000000e+00 0.0000000e+00
     54    126 0.0000000e+00 0.0000000e+00 0.0000000e+00
     54    127 0.0000000e+00 0.0000000e+00 0.0000000e+00
     54    127 1.0000000e+00 0.0000000e+00 0.0000000e+00
     54    128 0.0000000e+00 3.2305100e-14 2.0675300e-14
     54    129 0.0000000e+00 0.0000000e+00 0.0000000e+00
     54    129 1.0000000e+00 0.0000000e+00 0.0000000e+00
     54    130 0.0000000e+00 3.0216280e-05 1.9338440e-05
     54    131 0.0000000e+00 3.8065450e-02 5.7098170e-04
     54    131 1.0000000e+00 4.4856080e-04 8.9712160e-06
     54    132 0.0000000e+00 5.1826690e-02 7.7740040e-04
     54    133 0.0000000e+00 6.7430690e-02 4.3155680e-02
     54    133 1.0000000e+00 1.1693250e-03 7.4836800e-04
     54    134 0.0000000e+00 7.1268650e-02 1.0690300e-03
     54    134 1.0000000e+00 2.1364150e-03 1.3673070e-03
     54    135 0.0000000e+00 7.2875140e-02 1.0931270e-03
     54    135 1.0000000e+00 1.6040140e-02 5.1328480e-03
     54    136 0.0000000e+00 6.7211780e-02 1.0081770e-03
     54    137 0.0000000e+00 5.4057260e-02 1.5136060e-03
     54    138 0.0000000e+00 4.6606070e-02 9.3212240e-04
     54    139 0.0000000e+00 2.7792170e-02 6.3921910e-03
     54    140 0.0000000e+00 1.4090200e-02 3.2407440e-03
     54    141 0.0000000e+00 3.8272780e-03 1.7222740e-03
     54    142 0.0000000e+00 9.0443170e-04 5.7883670e-04
     54    143 0.0000000e+00 5.8854660e-05 3.7666960e-05
     54    143 1.0000000e+00 5.8759870e-05 3.7606320e-05
     54    144 0.0000000e+00 9.0630340e-06 5.8003440e-06
     54    145 0.0000000e+00 3.5797880e-07 2.2910630e-07
     54    146 0.0000000e+00 9.4597090e-09 6.0542130e-09
     54    147 0.0000000e+00 2.5173800e-11 1.6111200e-11
     54    148 0.0000000e+00 1.4699700e-12 9.4078300e-13
     54    150 0.0000000e+00 0.0000000e+00 0.0000000e+00
     55    127 0.0000000e+00 0.0000000e+00 0.0000000e+00
     55    129 0.0000000e+00 0.0000000e+00 0.0000000e+00
     55    131 0.0000000e+00 2.1399600e-11 1.3695800e-11
     55    132 0.0000000e+00 2.5999510e-09 1.6639710e-09
     55    133 0.0000000e+00 6.7430910e-02 1.0114640e-03
     55    134 0.0000000e+00 6.6312980e-06 4.2440380e-06
     55    134 1.0000000e+00 3.3156490e-06 2.1220140e-06
     55    135 0.0000000e+00 7.3000810e-02 4.6720500e-02
     55    135 1.0000000e+00 6.2836850e-05 4.0215590e-05
     55    136 0.0000000e+00 6.3151480e-04 4.0416910e-04
     55    136 1.0000000e+00 6.3151480e-04 4.0416970e-04
     55    137 0.0000000e+00 6.4159940e-02 9.6239910e-04
     55    138 0.0000000e+00 5.8416580e-02 4.6733300e-03
     55    138 1.0000000e+00 6.2002290e-03 3.9681470e-03
     55    139 0.0000000e+00 5.2762920e-02 4.2210360e-03
     55    140 0.0000000e+00 4.1086450e-02 6.5738250e-03
     55    141 0.0000000e+00 2.8378840e-02 6.5271330e-03
     55    142 0.0000000e+00 1.2237240e-02 2.8145630e-03
     55    143 0.0000000e+00 4.2928430e-03 1.9317790e-03
     55    144 0.0000000e+00 1.0863720e-03 6.9527810e-04
     55    145 0.0000000e+00 1.7374720e-04 1.1119770e-04
     55    146 0.0000000e+00 1.3279460e-05 8.4988320e-06
     55    147 0.0000000e+00 3.2697480e-07 2.0926440e-07
     55    148 0.0000000e+00 2.3200880e-08 1.4848520e-08
     55    149 0.0000000e+00 1.1454500e-10 7.3308800e-11
     55    150 0.0000000e+00 5.5799000e-12 3.5711400e-12
     55    151 0.0000000e+00 3.0830600e-13 1.9731600e-13
     56    129 0.0000000e+00 0.0000000e+00 0.0000000e+00
     56    131 0.0000000e+00 0.0000000e+00 0.0000000e+00
     56    132 0.0000000e+00 4.8672500e-11 3.1150400e-11
     56    133 0.0000000e+00 1.4999700e-11 9.5998300e-12
     56    134 0.0000000e+00 6.6333980e-06 4.2453820e-06
     56    135 0.0000000e+00 1.2700240e-07 8.1281540e-08
     56    135 1.0000000e+00 6.3499290e-08 4.0639550e-08
     56    136 0.0000000e+00 1.2677600e-03 8.1136540e-04
     56    136 1.0000000e+00 7.2545620e-05 4.6429130e-05
     56    137 0.0000000e+00 6.4215100e-02 9.6322650e-04
     56    137 1.0000000e+00 6.0607810e-02 9.0911710e-04
     56    138 0.0000000e+00 6.0088460e-02 9.0132690e-04
     56    139 0.0000000e+00 5.5449690e-02 1.1089980e-03
     56    140 0.0000000e+00 5.2700000e-02 1.6337000e-03
     56    141 0.0000000e+00 4.9376370e-02 2.9625800e-03
     56    142 0.0000000e+00 4.3268150e-02 4.7594910e-03
     56    143 0.0000000e+00 3.1712620e-02 7.2939060e-03
     56    144 0.0000000e+00 1.9880250e-02 4.5724670e-03
     56    145 0.0000000e+00 6.5609140e-03 2.9524060e-03
     56    146 0.0000000e+00 2.1562430e-03 1.3799940e-03
     56    147 0.0000000e+00 3.3958940e-04 2.1733730e-04
     56    148 0.0000000e+00 4.0230710e-05 2.5747600e-05
     56    149 0.0000000e+00 2.4096140e-06 1.5421490e-06
     56    150 0.0000000e+00 1.1100200e-07 7.1041360e-08
     56    151 0.0000000e+00 6.4864700e-09 4.1513420e-09
     56    152 0.0000000e+00 4.1099300e-11 2.6303500e-11
     56    153 0.0000000e+00 4.8578800e-13 3.1090400e-13
     56    154 0.0000000e+00 0.0000000e+00 0.0000000e+00
     57    133 0.0000000e+00 0.0000000e+00 0.0000000e+00
     57    135 0.0000000e+00 3.8599300e-12 2.4703600e-12
     57    137 0.0000000e+00 2.1800320e-08 1.3952260e-08
     57    138 0.0000000e+00 5.3900660e-07 3.4496400e-07
     57    139 0.0000000e+00 5.5459210e-02 8.3188810e-04
     57    140 0.0000000e+00 5.2927850e-02 7.9391770e-04
     57    141 0.0000000e+00 5.0092730e-02 3.0055680e-03
     57    142 0.0000000e+00 4.6234320e-02 6.9351480e-04
     57    143 0.0000000e+00 4.1904240e-02 8.3808580e-04
     57    144 0.0000000e+00 3.4190820e-02 2.7352640e-03
     57    145 0.0000000e+00 2.4027680e-02 5.5263560e-03
     57    146 0.0000000e+00 8.2009600e-03 5.2486130e-03
     57    146 1.0000000e+00 6.0449320e-03 3.8687560e-03
     57    147 0.0000000e+00 6.5697480e-03 2.9563890e-03
     57    148 0.0000000e+00 1.7591950e-03 1.1258840e-03
     57    149 0.0000000e+00 3.8932780e-04 2.4916970e-04
     57    150 0.0000000e+00 4.8848160e-05 3.1262800e-05
     57    151 0.0000000e+00 4.1889610e-06 2.6809300e-06
     57    152 0.0000000e+00 1.9803720e-07 1.2674370e-07
     57    153 0.0000000e+00 6.3098620e-09 4.0383120e-09
     57    154 0.0000000e+00 1.0099800e-10 6.4638900e-11
     57    155 0.0000000e+00 1.1787200e-12 7.5438100e-13
     57    156 0.0000000e+00 3.1697800e-14 2.0286600e-14
     58    135 0.0000000e+00 0.0000000e+00 0.0000000e+00
     58    137 0.0000000e+00 6.7998800e-13 4.3519200e-13
     58    138 0.0000000e+00 6.6898800e-11 4.2815200e-11
     58    139 0.0000000e+00 3.2559790e-09 2.0838250e-09
     58    139 1.0000000e+00 2.4099610e-09 1.5423710e-09
     58    140 0.0000000e+00 5.2927910e-02 7.9391870e-04
     58    141 0.0000000e+00 5.0095200e-02 1.4026690e-03
     58    142 0.0000000e+00 4.6271160e-02 6.9406740e-04
     58    143 0.0000000e+00 4.2197740e-02 6.3296610e-04
     58    144 0.0000000e+00 3.5800000e-02 1.1098000e-03
     58    145 0.0000000e+00 3.0075830e-02 6.0151660e-04
     58    146 0.0000000e+00 2.5707620e-02 1.0283060e-03
     58    147 0.0000000e+00 1.9908430e-02 2.1899240e-03
     58    148 0.0000000e+00 1.4539580e-02 3.3441100e-03
     58    149 0.0000000e+00 7.4019640e-03 3.3308860e-03
     58    150 0.0000000e+00 2.8148520e-03 1.8015090e-03
     58    151 0.0000000e+00 6.1907000e-04 3.9620440e-04
     58    152 0.0000000e+00 1.1011720e-04 7.0475090e-05
     58    153 0.0000000e+00 9.5959840e-06 6.1414290e-06
     58    154 0.0000000e+00 5.7911350e-07 3.7063200e-07
     58    155 0.0000000e+00 2.4799470e-08 1.5871620e-08
     58    156 0.0000000e+00 7.8596700e-10 5.0301900e-10
     58    157 0.0000000e+00 1.2299800e-11 7.8718600e-12
     58    158 0.0000000e+00 1.2999800e-13 8.3198500e-14
     58    159 0.0000000e+00 2.8947100e-15 1.8526100e-15
     58    160 0.0000000e+00 0.0000000e+00 0.0000000e+00
     59    139 0.0000000e+00 3.2899400e-14 2.1055600e-14
     59    140 0.0000000e+00 3.5399400e-12 2.2655600e-12
     59    141 0.0000000e+00 5.0095200e-02 1.4026690e-03
     59    142 0.0000000e+00 1.1599810e-08 7.4238760e-09
     59    142 1.0000000e+00 5.7999030e-09 3.7119320e-09
     59    143 0.0000000e+00 4.2198090e-02 6.3297130e-04
     59    144 0.0000000e+00 3.5978620e-02 5.3967930e-04
     59    144 1.0000000e+00 3.4768750e-04 9.7352390e-06
     59    145 0.0000000e+00 3.0140840e-02 4.5211260e-04
     59    146 0.0000000e+00 2.6081170e-02 3.9121750e-04
     59    147 0.0000000e+00 2.1472710e-02 6.0123460e-04
     59    148 0.0000000e+00 1.6217250e-02 1.0379040e-02
     59    148 1.0000000e+00 1.6776700e-03 1.0737110e-03
     59    149 0.0000000e+00 1.3000720e-02 1.4300770e-03
     59    150 0.0000000e+00 8.9088510e-03 2.8508310e-03
     59    151 0.0000000e+00 4.7000050e-03 3.0080040e-03
     59    152 0.0000000e+00 1.9818590e-03 1.2683950e-03
     59    153 0.0000000e+00 5.1610010e-04 3.3030400e-04
     59    154 0.0000000e+00 7.8457770e-05 5.0212970e-05
     59    155 0.0000000e+00 1.2206940e-05 7.8124300e-06
     59    156 0.0000000e+00 1.0109900e-06 6.4703540e-07
     59    157 0.0000000e+00 5.8111930e-08 3.7191580e-08
     59    158 0.0000000e+00 1.6500970e-09 1.0560610e-09
     59    159 0.0000000e+00 3.7599100e-11 2.4063500e-11
     59    160 0.0000000e+00 3.2699400e-13 2.0927600e-13
     59    161 0.0000000e+00 4.7148800e-15 3.0175300e-15
     60    140 0.0000000e+00 0.0000000e+00 0.0000000e+00
     60    141 0.0000000e+00 0.0000000e+00 0.0000000e+00
     60    142 0.0000000e+00 1.1598350e-08 7.4229420e-09
     60    143 0.0000000e+00 4.2198090e-02 6.3297130e-04
     60    144 0.0000000e+00 3.5978860e-02 5.3968290e-04
     60    145 0.0000000e+00 3.0140910e-02 4.5211360e-04
     60    146 0.0000000e+00 2.6082840e-02 3.9124260e-04
     60    147 0.0000000e+00 2.1500000e-02 3.6550000e-04
     60    148 0.0000000e+00 1.8031460e-02 2.7047190e-04
     60    149 0.0000000e+00 1.3631510e-02 2.7262910e-04
     60    150 0.0000000e+00 1.1064210e-02 1.6596310e-04
     60    151 0.0000000e+00 8.7105590e-03 3.4842280e-04
     60    152 0.0000000e+00 6.7249050e-03 7.3973890e-04
     60    153 0.0000000e+00 3.8703440e-03 1.7416600e-03
     60    154 0.0000000e+00 1.8868290e-03 1.2075730e-03
     60    155 0.0000000e+00 6.2492290e-04 3.9995110e-04
     60    156 0.0000000e+00 1.6426460e-04 1.0512910e-04
     60    157 0.0000000e+00 2.3084660e-05 1.4774140e-05
     60    158 0.0000000e+00 2.3347460e-06 1.4942330e-06
     60    159 0.0000000e+00 1.4005830e-07 8.9636990e-08
     60    160 0.0000000e+00 4.5102580e-09 2.8865660e-09
     60    161 0.0000000e+00 9.9196500e-11 6.3485800e-11
     60    162 0.0000000e+00 2.0899600e-12 1.3375800e-12
     60    163 0.0000000e+00 1.6299700e-14 1.0431800e-14
     60    164 0.0000000e+00 0.0000000e+00 0.0000000e+00
     61    141 0.0000000e+00 0.0000000e+00 0.0000000e+00
     61    143 0.0000000e+00 0.0000000e+00 0.0000000e+00
     61    144 0.0000000e+00 1.9599700e-14 1.2543800e-14
     61    145 0.0000000e+00 2.6699500e-12 1.7087700e-12
     61    146 0.0000000e+00 1.7399700e-10 1.1135800e-10
     61    147 0.0000000e+00 2.1489930e-02 3.2234900e-04
     61    148 0.0000000e+00 4.6003520e-08 2.9442260e-08
     61    148 1.0000000e+00 1.1199970e-07 7.1679790e-08
     61    149 0.0000000e+00 1.3634030e-02 2.0451040e-04
     61    150 0.0000000e+00 2.2299000e-05 1.4271320e-05
     61    151 0.0000000e+00 8.8393090e-03 1.3258960e-04
     61    152 0.0000000e+00 6.8641640e-03 4.1184960e-04
     61    152 1.0000000e+00 1.3925940e-04 8.9125980e-05
     61    152 2.0000000e+00 1.3925940e-04 8.9125980e-05
     61    153 0.0000000e+00 4.8855750e-03 7.8169180e-04
     61    154 0.0000000e+00 2.4411040e-03 7.8115540e-04
     61    154 1.0000000e+00 5.5427510e-04 3.5473650e-04
     61    155 0.0000000e+00 2.0968030e-03 9.4356130e-04
     61    156 0.0000000e+00 1.0525210e-03 6.7361370e-04
     61    157 0.0000000e+00 4.0639030e-04 2.6008960e-04
     61    158 0.0000000e+00 8.8491160e-05 5.6634410e-05
     61    159 0.0000000e+00 1.7521390e-05 1.1213680e-05
     61    160 0.0000000e+00 1.4127780e-06 9.0417470e-07
     61    161 0.0000000e+00 1.1119440e-07 7.1164500e-08
     61    162 0.0000000e+00 6.2223660e-09 3.9823150e-09
     61    163 0.0000000e+00 1.8501300e-10 1.1840800e-10
     61    164 0.0000000e+00 3.6199400e-12 2.3167600e-12
     61    165 0.0000000e+00 5.0499100e-14 3.2319400e-14
     61    166 0.0000000e+00 7.0170700e-16 4.4909200e-16
     61    167 0.0000000e+00 9.8860500e-18 6.3270700e-18
     62    143 0.0000000e+00 0.0000000e+00 0.0000000e+00
     62    143 1.0000000e+00 0.0000000e+00 0.0000000e+00
     62    144 0.0000000e+00 0.0000000e+00 0.0000000e+00
     62    145 0.0000000e+00 0.0000000e+00 0.0000000e+00
     62    146 0.0000000e+00 5.9159000e-11 3.7861800e-11
     62    147 0.0000000e+00 2.1489930e-02 3.2234900e-04
     62    148 0.0000000e+00 1.5331880e-07 9.8124250e-08
     62    149 0.0000000e+00 1.3634030e-02 2.0451040e-04
     62    150 0.0000000e+00 2.2331400e-05 1.4292050e-05
     62    151 0.0000000e+00 8.8398440e-03 1.3259770e-04
     62    152 0.0000000e+00 7.1487820e-03 1.0723170e-04
     62    153 0.0000000e+00 4.9213920e-03 3.9371040e-04
     62    154 0.0000000e+00 3.1291300e-03 4.6936950e-05
     62    155 0.0000000e+00 2.4740390e-03 7.9169410e-04
     62    156 0.0000000e+00 1.8417520e-03 2.0259270e-04
     62    157 0.0000000e+00 1.2286630e-03 2.8259240e-04
     62    158 0.0000000e+00 6.9869720e-04 4.4716670e-04
     62    159 0.0000000e+00 3.0044280e-04 1.9228360e-04
     62    160 0.0000000e+00 7.2632720e-05 4.6484870e-05
     62    161 0.0000000e+00 1.2163590e-05 7.7846950e-06
     62    162 0.0000000e+00 2.2062510e-06 1.4120060e-06
     62    163 0.0000000e+00 1.7077730e-07 1.0929740e-07
     62    164 0.0000000e+00 1.2108960e-08 7.7497220e-09
     62    165 0.0000000e+00 4.5004800e-10 2.8803100e-10
     62    166 0.0000000e+00 1.7399600e-11 1.1135700e-11
     62    167 0.0000000e+00 2.0799100e-13 1.3311500e-13
     62    168 0.0000000e+00 0.0000000e+00 0.0000000e+00
     62    169 0.0000000e+00 1.0932100e-17 6.9965700e-18
     62    170 0.0000000e+00 0.0000000e+00 0.0000000e+00
     63    147 0.0000000e+00 0.0000000e+00 0.0000000e+00
     63    149 0.0000000e+00 1.0499800e-14 6.7198800e-15
     63    151 0.0000000e+00 8.8398440e-03 1.3259770e-04
     63    152 0.0000000e+00 1.4533080e-09 9.3011800e-10
     63    152 1.0000000e+00 7.2665400e-10 4.6505900e-10
     63    152 2.0000000e+00 7.2665400e-10 4.6505800e-10
     63    153 0.0000000e+00 4.9214370e-03 1.9685700e-04
     63    154 0.0000000e+00 4.7202160e-07 3.0209390e-07
     63    154 1.0000000e+00 2.3601080e-07 1.5104650e-07
     63    155 0.0000000e+00 2.4785350e-03 5.7006410e-04
     63    156 0.0000000e+00 1.8619940e-03 1.1171990e-04
     63    157 0.0000000e+00 1.2941630e-03 1.0353320e-04
     63    158 0.0000000e+00 8.0849550e-04 2.5871850e-04
     63    159 0.0000000e+00 4.7121760e-04 2.1204810e-04
     63    160 0.0000000e+00 1.8032220e-04 1.1540580e-04
     63    161 0.0000000e+00 7.6876900e-05 4.9201140e-05
     63    162 0.0000000e+00 2.7472300e-05 1.7582220e-05
     63    163 0.0000000e+00 6.3068090e-06 4.0363620e-06
     63    164 0.0000000e+00 1.0140260e-06 6.4897650e-07
     63    165 0.0000000e+00 1.2803050e-07 8.1939400e-08
     63    166 0.0000000e+00 1.2742680e-08 8.1553030e-09
     63    167 0.0000000e+00 5.5530600e-10 3.5539600e-10
     63    168 0.0000000e+00 8.9199200e-12 5.7087500e-12
     63    169 0.0000000e+00 1.4199700e-13 9.0877600e-14
     63    170 0.0000000e+00 0.0000000e+00 0.0000000e+00
     63    171 0.0000000e+00 7.0818300e-18 4.5323700e-18
     64    147 0.0000000e+00 0.0000000e+00 0.0000000e+00
     64    149 0.0000000e+00 0.0000000e+00 0.0000000e+00
     64    151 0.0000000e+00 0.0000000e+00 0.0000000e+00
     64    152 0.0000000e+00 9.3601500e-10 5.9905000e-10
     64    153 0.0000000e+00 5.0199100e-12 3.2127400e-12
     64    153 1.0000000e+00 0.0000000e+00 0.0000000e+00
     64    154 0.0000000e+00 4.7212920e-07 3.0216280e-07
     64    155 0.0000000e+00 2.4785400e-03 2.7263980e-04
     64    156 0.0000000e+00 1.8620070e-03 7.4480400e-05
     64    157 0.0000000e+00 1.2948540e-03 1.0358840e-04
     64    158 0.0000000e+00 8.1224850e-04 1.2995940e-04
     64    159 0.0000000e+00 4.8361420e-04 1.1123130e-04
     64    160 0.0000000e+00 2.0410950e-04 6.5315120e-05
     64    161 0.0000000e+00 1.1089460e-04 8.8715680e-06
     64    162 0.0000000e+00 7.8045380e-05 3.5120350e-05
     64    163 0.0000000e+00 3.6921980e-05 2.3630090e-05
     64    164 0.0000000e+00 1.7630020e-05 1.1283200e-05
     64    165 0.0000000e+00 4.7497860e-06 3.0398610e-06
     64    166 0.0000000e+00 1.3725500e-06 8.7843180e-07
     64    167 0.0000000e+00 1.3223620e-07 8.4631040e-08
     64    168 0.0000000e+00 7.2632610e-09 4.6484900e-09
     64    169 0.0000000e+00 3.0039300e-10 1.9225200e-10
     64    170 0.0000000e+00 8.4612100e-12 5.4151700e-12
     64    171 0.0000000e+00 1.4899500e-13 9.5357300e-14
     64    172 0.0000000e+00 0.0000000e+00 0.0000000e+00
     65    151 0.0000000e+00 0.0000000e+00 0.0000000e+00
     65    153 0.0000000e+00 0.0000000e+00 0.0000000e+00
     65    155 0.0000000e+00 1.8499700e-13 1.1839800e-13
     65    156 0.0000000e+00 8.5058500e-12 5.4437400e-12
     65    156 1.0000000e+00 7.6598700e-13 4.9023100e-13
     65    157 0.0000000e+00 2.4299600e-10 1.5551700e-10
     65    158 0.0000000e+00 3.4490460e-09 2.2073880e-09
     65    158 1.0000000e+00 3.1099500e-10 1.9903600e-10
     65    159 0.0000000e+00 4.8365450e-04 5.3202080e-05
     65    160 0.0000000e+00 1.8114090e-07 1.1593010e-07
     65    161 0.0000000e+00 1.1167660e-04 4.4670640e-06
     65    162 0.0000000e+00 7.9240620e-05 2.5357030e-05
     65    162 1.0000000e+00 1.1952420e-06 7.6495270e-07
     65    163 0.0000000e+00 4.1734290e-05 1.8780520e-05
     65    164 0.0000000e+00 2.3777330e-05 1.0699790e-05
     65    165 0.0000000e+00 1.1387480e-05 7.2879870e-06
     65    166 0.0000000e+00 6.4006520e-06 4.0964190e-06
     65    167 0.0000000e+00 1.7012340e-06 1.0887880e-06
     65    168 0.0000000e+00 1.8110880e-07 1.1590950e-07
     65    169 0.0000000e+00 2.3128280e-08 1.4802160e-08
     65    170 0.0000000e+00 1.5510420e-09 9.9266900e-10
     65    171 0.0000000e+00 9.5774800e-11 6.1295800e-11
     65    172 0.0000000e+00 2.8212200e-12 1.8055800e-12
     66    155 0.0000000e+00 0.0000000e+00 0.0000000e+00
     66    156 0.0000000e+00 0.0000000e+00 0.0000000e+00
     66    157 0.0000000e+00 0.0000000e+00 0.0000000e+00
     66    158 0.0000000e+00 5.7476500e-10 3.6785000e-10
     66    159 0.0000000e+00 1.1199800e-11 7.1678700e-12
     66    160 0.0000000e+00 1.8132490e-07 1.1604790e-07
     66    161 0.0000000e+00 1.1167940e-04 4.4671760e-06
     66    162 0.0000000e+00 7.9262930e-05 1.2682080e-05
     66    163 0.0000000e+00 4.1840520e-05 9.6233300e-06
     66    164 0.0000000e+00 2.4193500e-05 5.5645040e-06
     66    165 0.0000000e+00 1.2085090e-05 3.8672300e-06
     66    165 1.0000000e+00 8.0634650e-06 5.1606080e-06
     66    166 0.0000000e+00 8.7938640e-06 3.9572380e-06
     66    167 0.0000000e+00 3.6840170e-06 2.3577740e-06
     66    168 0.0000000e+00 1.0173560e-06 6.5110740e-07
     66    169 0.0000000e+00 2.8675890e-07 1.8352560e-07
     66    170 0.0000000e+00 6.4477790e-08 4.1265870e-08
     66    171 0.0000000e+00 7.1309150e-09 4.5637910e-09
     66    172 0.0000000e+00 6.1983600e-10 3.9669500e-10
     67    159 0.0000000e+00 0.0000000e+00 0.0000000e+00
     67    159 1.0000000e+00 0.0000000e+00 0.0000000e+00
     67    161 0.0000000e+00 2.2949600e-13 1.4687700e-13
     67    161 1.0000000e+00 2.7499500e-14 1.7599700e-14
     67    162 0.0000000e+00 3.6042400e-12 2.3067100e-12
     67    162 1.0000000e+00 3.6099400e-12 2.3103600e-12
     67    163 0.0000000e+00 8.8798500e-11 5.6831100e-11
     67    163 1.0000000e+00 1.0699800e-11 6.8478800e-12
     67    164 0.0000000e+00 8.8500400e-10 5.6640300e-10
     67    164 1.0000000e+00 6.4600600e-10 4.1344400e-10
     67    165 0.0000000e+00 1.2284970e-05 3.9311920e-06
     67    166 0.0000000e+00 8.8031470e-06 3.9614150e-06
     67    166 1.0000000e+00 2.5199620e-08 1.6127710e-08
     67    167 0.0000000e+00 3.7680000e-06 1.6956040e-06
     67    168 0.0000000e+00 1.0961190e-06 4.9325330e-07
     67    169 0.0000000e+00 3.7180880e-07 2.3795700e-07
     67    170 0.0000000e+00 8.5809380e-08 5.4918070e-08
     67    170 1.0000000e+00 2.1331590e-08 1.3652210e-08
     67    171 0.0000000e+00 3.1797050e-08 2.0350200e-08
     67    172 0.0000000e+00 5.6977010e-09 3.6465360e-09
     68    161 0.0000000e+00 0.0000000e+00 0.0000000e+00
     68    162 0.0000000e+00 0.0000000e+00 0.0000000e+00
     68    163 0.0000000e+00 0.0000000e+00 0.0000000e+00
     68    164 0.0000000e+00 3.5422200e-10 1.5939900e-10
     68    165 0.0000000e+00 4.1999300e-12 2.6879500e-12
     68    166 0.0000000e+00 8.8032300e-06 2.8170270e-06
     68    167 0.0000000e+00 3.7685060e-06 1.2059230e-06
     68    167 1.0000000e+00 4.4796280e-07 2.0158370e-07
     68    168 0.0000000e+00 1.0976930e-06 3.5126200e-07
     68    169 0.0000000e+00 3.7539420e-07 1.6892780e-07
     68    170 0.0000000e+00 1.1315340e-07 3.6209110e-08
     68    171 0.0000000e+00 3.8619380e-08 1.7378760e-08
     68    172 0.0000000e+00 1.1522710e-08 7.3745390e-09
     69    165 0.0000000e+00 0.0000000e+00 0.0000000e+00
     69    166 0.0000000e+00 0.0000000e+00 0.0000000e+00
     69    167 0.0000000e+00 1.0099800e-13 6.4638900e-14
     69    168 0.0000000e+00 8.2798600e-13 5.2991100e-13
     69    169 0.0000000e+00 3.7540090e-07 1.2012840e-07
     69    170 0.0000000e+00 2.6412700e-11 1.6904100e-11
     69    171 0.0000000e+00 3.8710160e-08 1.7419610e-08
     69    172 0.0000000e+00 1.1671140e-08 5.2520110e-09
     70    166 0.0000000e+00 0.0000000e+00 0.0000000e+00
     70    167 0.0000000e+00 0.0000000e+00 0.0000000e+00
     70    168 0.0000000e+00 8.2798600e-17 5.2991100e-17
     70    169 0.0000000e+00 0.0000000e+00 0.0000000e+00
     70    169 1.0000000e+00 0.0000000e+00 0.0000000e+00
     70    170 0.0000000e+00 2.6393400e-11 1.6891800e-11
     70    171 0.0000000e+00 3.8710300e-08 1.2387310e-08
     70    172 0.0000000e+00 1.1671930e-08 3.7350200e-09
     71    169 0.0000000e+00 0.0000000e+00 0.0000000e+00
     71    169 1.0000000e+00 0.0000000e+00 0.0000000e+00
     71    171 0.0000000e+00 0.0000000e+00 0.0000000e+00
     71    171 1.0000000e+00 0.0000000e+00 0.0000000e+00
     71    172 0.0000000e+00 0.0000000e+00 0.0000000e+00
     71    172 1.0000000e+00 0.0000000e+00 0.0000000e+00
     72    171 0.0000000e+00 0.0000000e+00 0.0000000e+00
     72    172 0.0000000e+00 0.0000000e+00 0.0000000e+00


