   66   3.0217E-10
   67   7.1887E-10
   68   2.7030E-09
   69   1.1452E-08
   70   3.6451E-08
   71   1.5607E-07
   72   7.1876E-07
   73   2.6001E-06
   74   1.0411E-05
   75   3.3830E-05
   76   1.1973E-04
   77   4.2056E-04
   78   2.5572E-03
   79   4.2264E-03
   80   1.6335E-02
   81   2.3002E-02
   82   3.4576E-02
   83   5.1943E-02
   84   9.2138E-02
   85   9.3445E-02
   86   8.1876E-02
   87   7.1912E-02
   88   8.1730E-02
   89   9.1986E-02
   90   8.3933E-02
   91   6.6160E-02
   92   5.9426E-02
   93   4.8302E-02
   94   4.1447E-02
   95   2.6792E-02
   96   1.3819E-02
   97   7.3146E-03
   98   2.7113E-03
   99   1.5238E-03
  100   3.6034E-04
  101   1.3082E-04
  102   6.5512E-05
  103   5.9842E-05
  104   1.0030E-04
  105   8.1742E-05
  106   1.2018E-04
  107   1.0812E-04
  108   1.1732E-04
  109   1.2890E-04
  110   1.6915E-04
  111   2.1650E-04
  112   2.0836E-04
  113   1.7003E-04
  114   2.1486E-04
  115   1.9831E-04
  116   1.9619E-04
  117   2.2747E-04
  118   1.6931E-04
  119   1.5713E-04
  120   1.4678E-04
  121   1.3310E-04
  122   1.3672E-04
  123   1.2893E-04
  124   1.1105E-04
  125   5.6432E-05
  126   1.9040E-04
  127   3.8919E-04
  128   5.1935E-04
  129   1.1881E-03
  130   4.1727E-03
  131   6.0436E-03
  132   1.2040E-02
  133   2.9657E-02
  134   5.9606E-02
  135   5.7975E-02
  136   5.8400E-02
  137   7.2899E-02
  138   7.8933E-02
  139   8.5124E-02
  140   7.9396E-02
  141   7.4626E-02
  142   7.2857E-02
  143   8.3175E-02
  144   9.7603E-02
  145   5.0223E-02
  146   3.3798E-02
  147   2.1144E-02
  148   1.0213E-02
  149   5.8846E-03
  150   1.7846E-03
  151   3.7999E-04
  152   9.7560E-05
  153   2.0582E-05
  154   4.8322E-06
  155   9.8471E-07
  156   2.5981E-07
  157   7.1566E-08
  158   1.7929E-08
  159   5.2778E-09
  160   1.3424E-09
  161   3.5737E-10
  162   8.8633E-11
  163   2.6896E-11
  164   8.9466E-12
  165   2.6830E-12
  166   7.1300E-13
  167   1.7800E-13
  168   5.1600E-14
  169   1.5000E-14
  170   1.3300E-14
  171   0.0000E+00
  172   0.0000E+00
