   66   2.6701E-06
   67   3.5902E-06
   68   5.1303E-06
   69   6.7704E-06
   70   9.4405E-06
   71   1.3341E-05
   72   1.8471E-05
   73   2.3421E-05
   74   3.3862E-05
   75   4.6172E-05
   76   6.1563E-05
   77   8.1474E-05
   78   1.1287E-04
   79   1.5391E-04
   80   2.2575E-04
   81   3.0782E-04
   82   4.1041E-04
   83   6.1631E-04
   84   8.2555E-04
   85   1.1206E-03
   86   1.5494E-03
   87   2.0450E-03
   88   2.8883E-03
   89   3.6941E-03
   90   4.5847E-03
   91   5.3264E-03
   92   6.1637E-03
   93   6.8086E-03
   94   9.6867E-03
   95   1.1451E-02
   96   1.5284E-02
   97   1.8742E-02
   98   2.2317E-02
   99   3.1045E-02
  100   3.4443E-02
  101   3.8495E-02
  102   4.5588E-02
  103   5.8571E-02
  104   6.2824E-02
  105   6.2414E-02
  106   6.5316E-02
  107   6.2808E-02
  108   5.8758E-02
  109   5.5212E-02
  110   5.2677E-02
  111   4.7288E-02
  112   3.9775E-02
  113   3.6469E-02
  114   3.2417E-02
  115   2.8282E-02
  116   2.5460E-02
  117   2.2287E-02
  118   1.2221E-02
  119   6.6196E-03
  120   3.1571E-03
  121   1.5246E-03
  122   6.5664E-04
  123   3.1806E-04
  124   1.9494E-04
  125   1.8984E-04
  126   2.9949E-04
  127   6.3364E-04
  128   1.5457E-03
  129   3.1048E-03
  130   5.7965E-03
  131   1.1363E-02
  132   2.5285E-02
  133   2.6699E-02
  134   2.9508E-02
  135   4.7028E-02
  136   4.2022E-02
  137   4.5308E-02
  138   4.8203E-02
  139   5.8710E-02
  140   5.6609E-02
  141   5.7406E-02
  142   5.8031E-02
  143   6.4430E-02
  144   5.1082E-02
  145   5.8001E-02
  146   5.4068E-02
  147   4.8170E-02
  148   3.8335E-02
  149   3.1321E-02
  150   2.4401E-02
  151   1.9079E-02
  152   1.5616E-02
  153   1.4823E-02
  154   1.0736E-02
  155   9.2721E-03
  156   7.7285E-03
  157   7.4429E-03
  158   5.7965E-03
  159   5.6415E-03
  160   4.3473E-03
  161   2.8982E-03
  162   2.1253E-03
  163   1.4491E-03
  164   1.0628E-03
  165   7.7286E-04
  166   5.7964E-04
  167   4.0575E-04
  168   2.8983E-04
  169   2.2219E-04
  170   1.6423E-04
  171   1.0627E-04
  172   7.7284E-05
