   66   2.6719E-06
   67   3.5994E-06
   68   5.1340E-06
   69   6.7759E-06
   70   9.4511E-06
   71   1.3330E-05
   72   1.8469E-05
   73   2.3414E-05
   74   3.3854E-05
   75   4.6159E-05
   76   6.1996E-05
   77   8.1465E-05
   78   1.1283E-04
   79   1.5383E-04
   80   2.2546E-04
   81   3.0810E-04
   82   4.1972E-04
   83   6.1611E-04
   84   7.8024E-04
   85   1.1636E-03
   86   1.5165E-03
   87   1.9995E-03
   88   2.8433E-03
   89   3.7164E-03
   90   4.6675E-03
   91   5.3382E-03
   92   6.1241E-03
   93   6.6000E-03
   94   9.8488E-03
   95   1.1493E-02
   96   1.5342E-02
   97   1.8759E-02
   98   2.2185E-02
   99   3.1168E-02
  100   3.4479E-02
  101   3.8495E-02
  102   4.5585E-02
  103   5.8569E-02
  104   6.2754E-02
  105   6.2486E-02
  106   6.5323E-02
  107   6.2808E-02
  108   5.8751E-02
  109   5.5206E-02
  110   5.2757E-02
  111   4.7288E-02
  112   3.9775E-02
  113   3.6469E-02
  114   3.2422E-02
  115   2.8282E-02
  116   2.5712E-02
  117   2.2287E-02
  118   1.2221E-02
  119   6.6196E-03
  120   3.1571E-03
  121   1.5246E-03
  122   6.5665E-04
  123   3.1805E-04
  124   2.0025E-04
  125   1.8983E-04
  126   2.9933E-04
  127   6.3380E-04
  128   1.5453E-03
  129   3.1034E-03
  130   5.8078E-03
  131   1.1364E-02
  132   2.5286E-02
  133   2.6695E-02
  134   2.9434E-02
  135   4.7070E-02
  136   4.2726E-02
  137   4.5989E-02
  138   4.8330E-02
  139   5.8846E-02
  140   5.6614E-02
  141   5.7411E-02
  142   5.7943E-02
  143   6.4488E-02
  144   5.1082E-02
  145   5.8042E-02
  146   5.4075E-02
  147   4.8170E-02
  148   3.8331E-02
  149   3.1331E-02
  150   2.4653E-02
  151   1.9079E-02
  152   1.5616E-02
  153   1.4823E-02
  154   1.0753E-02
  155   9.2722E-03
  156   7.7285E-03
  157   7.4429E-03
  158   5.7966E-03
  159   5.6415E-03
  160   4.3983E-03
  161   2.8982E-03
  162   2.1253E-03
  163   1.4491E-03
  164   1.0640E-03
  165   7.7287E-04
  166   5.7964E-04
  167   4.0575E-04
  168   2.8982E-04
  169   2.2219E-04
  170   1.6586E-04
  171   1.0626E-04
  172   7.7288E-05
