   66   7.2299E-09
   67   2.3200E-08
   68   4.0300E-08
   69   8.6999E-08
   70   1.8900E-07
   71   4.6500E-07
   72   1.6600E-06
   73   5.2399E-06
   74   1.1900E-05
   75   3.5300E-05
   76   1.7576E-04
   77   3.1808E-04
   78   5.7118E-04
   79   9.0856E-04
   80   1.7595E-03
   81   2.2800E-03
   82   3.4005E-03
   83   5.7653E-03
   84   1.0307E-02
   85   1.3638E-02
   86   1.9468E-02
   87   2.5438E-02
   88   3.4944E-02
   89   4.3737E-02
   90   5.4650E-02
   91   5.7334E-02
   92   5.8459E-02
   93   6.2540E-02
   94   6.3002E-02
   95   6.4320E-02
   96   6.2023E-02
   97   6.0029E-02
   98   5.9237E-02
   99   5.9431E-02
  100   6.2983E-02
  101   5.1243E-02
  102   4.3590E-02
  103   3.2439E-02
  104   2.0724E-02
  105   1.1963E-02
  106   5.3239E-03
  107   3.0233E-03
  108   1.3081E-03
  109   8.1545E-04
  110   6.4914E-04
  111   4.2577E-04
  112   3.7712E-04
  113   3.2614E-04
  114   3.2294E-04
  115   3.3878E-04
  116   3.4004E-04
  117   3.6819E-04
  118   3.3632E-04
  119   3.5020E-04
  120   3.5292E-04
  121   3.6811E-04
  122   4.0408E-04
  123   4.4063E-04
  124   6.2982E-04
  125   6.8029E-04
  126   9.7544E-04
  127   3.0625E-03
  128   5.0450E-03
  129   8.3516E-03
  130   1.7946E-02
  131   3.2195E-02
  132   4.6710E-02
  133   6.7236E-02
  134   7.6667E-02
  135   6.6013E-02
  136   6.2153E-02
  137   6.2215E-02
  138   6.6805E-02
  139   6.3433E-02
  140   5.9779E-02
  141   5.9491E-02
  142   5.5421E-02
  143   5.7312E-02
  144   5.2686E-02
  145   3.7757E-02
  146   2.9213E-02
  147   2.1389E-02
  148   1.6834E-02
  149   1.0370E-02
  150   6.8581E-03
  151   4.1199E-03
  152   2.7085E-03
  153   1.6706E-03
  154   7.2318E-04
  155   3.9472E-04
  156   2.0259E-04
  157   1.0583E-04
  158   6.4939E-05
  159   3.0070E-05
  160   1.1320E-05
  161   3.3300E-06
  162   5.7700E-07
  163   9.6199E-08
  164   5.7699E-08
  165   2.3100E-08
  166   9.6199E-09
  167   3.8500E-09
  168   9.6199E-10
  169   5.7700E-10
  170   1.9200E-10
  171   6.7299E-11
  172   1.9200E-11
