   66   7.2195E-10
   67   3.6097E-09
   68   7.1595E-09
   69   1.5699E-08
   70   3.6197E-08
   71   8.3794E-08
   72   2.6498E-07
   73   1.0199E-06
   74   3.3898E-06
   75   1.0669E-05
   76   3.0968E-05
   77   7.9604E-05
   78   2.0965E-04
   79   4.4729E-04
   80   1.2882E-03
   81   2.0367E-03
   82   3.2449E-03
   83   5.3620E-03
   84   1.0019E-02
   85   1.3186E-02
   86   1.9650E-02
   87   2.5601E-02
   88   3.5748E-02
   89   4.7327E-02
   90   5.7819E-02
   91   5.8278E-02
   92   6.0213E-02
   93   6.3463E-02
   94   6.4722E-02
   95   6.5029E-02
   96   6.3392E-02
   97   5.9968E-02
   98   5.7899E-02
   99   6.1087E-02
  100   6.2923E-02
  101   5.1726E-02
  102   4.2985E-02
  103   3.0309E-02
  104   1.8807E-02
  105   9.6416E-03
  106   4.0155E-03
  107   1.4619E-03
  108   5.4125E-04
  109   3.1221E-04
  110   2.5443E-04
  111   1.7431E-04
  112   1.3042E-04
  113   1.4204E-04
  114   1.1832E-04
  115   1.2583E-04
  116   1.3248E-04
  117   1.2761E-04
  118   1.1345E-04
  119   1.2873E-04
  120   1.2608E-04
  121   1.3046E-04
  122   1.5483E-04
  123   1.5657E-04
  124   2.6775E-04
  125   3.4020E-04
  126   5.8514E-04
  127   1.5696E-03
  128   3.4881E-03
  129   5.4335E-03
  130   1.8103E-02
  131   2.8907E-02
  132   4.3131E-02
  133   6.6991E-02
  134   7.8721E-02
  135   6.5390E-02
  136   6.3127E-02
  137   6.1885E-02
  138   6.7676E-02
  139   6.4134E-02
  140   6.2197E-02
  141   5.8470E-02
  142   5.8488E-02
  143   5.9558E-02
  144   5.4996E-02
  145   3.9334E-02
  146   2.9969E-02
  147   2.2467E-02
  148   1.6735E-02
  149   1.0816E-02
  150   6.5325E-03
  151   4.1877E-03
  152   2.6691E-03
  153   1.5828E-03
  154   7.4434E-04
  155   3.2136E-04
  156   1.4853E-04
  157   6.1506E-05
  158   3.2858E-05
  159   1.0089E-05
  160   3.1898E-06
  161   8.5294E-07
  162   1.5899E-07
  163   6.1096E-08
  164   1.8799E-08
  165   9.5193E-09
  166   3.6297E-09
  167   2.4698E-09
  168   5.7096E-10
  169   2.3798E-10
  170   5.0097E-11
  171   2.3498E-11
  172   7.6895E-12
