# header:
#   title: "Cm245+n induced fission product yield"
#   source: "ENDF"
#   creator: "Shin Okumura"
#   date: 2023-07-14
#   format: "YANDF-0.1"
# endf:
#   library: "endfb8.0"
#   author: "T.R. ENGLAND ET AL"
#   year: 1989
# target:
#   Z: 96
#   A: 245
#   nuclide: "Cm245"
# reaction:
#   type: "(n,f)"
#   Incident energy [MeV]:  2.530000e-02
# datablock:
#   quantity: "independent fission product yield"
#   columns: 4
#   entries: 1242
##   A      Z  ISO           Yield         dYield
##                           %/fission     %/fission
     23     66 0.0000000e+00 1.1287100e-17 7.2237600e-18
     23     67 0.0000000e+00 1.1537900e-18 7.3842800e-19
     24     66 0.0000000e+00 1.9598900e-13 1.2543300e-13
     24     67 0.0000000e+00 1.6998900e-14 1.0879300e-14
     24     68 0.0000000e+00 0.0000000e+00 0.0000000e+00
     24     69 0.0000000e+00 6.1233200e-17 3.9189200e-17
     24     70 0.0000000e+00 0.0000000e+00 0.0000000e+00
     25     66 0.0000000e+00 7.7400100e-11 4.9536100e-11
     25     67 0.0000000e+00 2.1400000e-11 1.3696000e-11
     25     68 0.0000000e+00 3.6100100e-12 2.3104000e-12
     25     69 0.0000000e+00 5.5694000e-13 3.5644100e-13
     25     70 0.0000000e+00 5.2300100e-14 3.3472100e-14
     25     71 0.0000000e+00 0.0000000e+00 0.0000000e+00
     25     72 0.0000000e+00 1.2093400e-16 7.7397500e-17
     26     66 0.0000000e+00 2.8200000e-09 1.8048000e-09
     26     67 0.0000000e+00 2.0000000e-09 1.2800000e-09
     26     68 0.0000000e+00 1.0400000e-09 6.6560100e-10
     26     69 0.0000000e+00 4.3200100e-10 2.7648000e-10
     26     70 0.0000000e+00 1.3100000e-10 8.3840100e-11
     26     71 0.0000000e+00 2.1600000e-11 1.3824000e-11
     26     72 0.0000000e+00 2.0998800e-12 1.3439200e-12
     26     73 0.0000000e+00 1.3200000e-13 8.4480100e-14
     26     74 0.0000000e+00 0.0000000e+00 0.0000000e+00
     26     75 0.0000000e+00 4.7381500e-16 3.0324200e-16
     26     76 0.0000000e+00 0.0000000e+00 0.0000000e+00
     27     66 0.0000000e+00 5.8800100e-09 3.7632100e-09
     27     67 0.0000000e+00 1.1300000e-08 7.2320100e-09
     27     68 0.0000000e+00 1.4100000e-08 9.0240200e-09
     27     69 0.0000000e+00 1.7200000e-08 1.1008000e-08
     27     70 0.0000000e+00 1.3500000e-08 8.6400100e-09
     27     71 0.0000000e+00 6.9700100e-09 4.4608100e-09
     27     72 0.0000000e+00 1.8300000e-09 1.1712000e-09
     27     73 0.0000000e+00 3.7300100e-10 2.3872000e-10
     27     74 0.0000000e+00 5.0900100e-11 3.2576100e-11
     27     75 0.0000000e+00 4.3095300e-12 2.7581000e-12
     27     76 0.0000000e+00 3.3000100e-13 2.1120000e-13
     27     77 0.0000000e+00 1.6628200e-14 1.0642000e-14
     27     78 0.0000000e+00 1.1114400e-15 7.1132000e-16
     28     66 0.0000000e+00 1.6400000e-09 1.0496000e-09
     28     67 0.0000000e+00 7.2400100e-09 4.6336100e-09
     28     68 0.0000000e+00 2.4000000e-08 1.5360000e-08
     28     69 0.0000000e+00 6.6600100e-08 4.2624100e-08
     28     70 0.0000000e+00 1.4300000e-07 9.1520200e-08
     28     71 0.0000000e+00 1.8000000e-07 1.1520000e-07
     28     72 0.0000000e+00 1.4100000e-07 9.0240200e-08
     28     73 0.0000000e+00 7.5000100e-08 4.8000100e-08
     28     74 0.0000000e+00 3.2200100e-08 2.0608000e-08
     28     75 0.0000000e+00 7.2400100e-09 4.6336100e-09
     28     76 0.0000000e+00 1.8000000e-09 1.1520000e-09
     28     77 0.0000000e+00 2.4498400e-10 1.5679000e-10
     28     78 0.0000000e+00 1.9298900e-11 1.2351300e-11
     28     79 0.0000000e+00 6.0243700e-13 3.8556000e-13
     28     80 0.0000000e+00 2.6300000e-14 1.6832000e-14
     28     82 0.0000000e+00 0.0000000e+00 0.0000000e+00
     29     66 0.0000000e+00 2.4800000e-11 1.5872000e-11
     29     67 0.0000000e+00 3.2200100e-10 2.0608000e-10
     29     68 0.0000000e+00 7.7600100e-10 4.9664100e-10
     29     68 1.0000000e+00 1.8100000e-09 1.1584000e-09
     29     69 0.0000000e+00 1.9700000e-08 1.2608000e-08
     29     70 0.0000000e+00 2.4100000e-08 1.5424000e-08
     29     70 1.0000000e+00 7.2200100e-08 4.6208100e-08
     29     71 0.0000000e+00 3.2200100e-07 2.0608000e-07
     29     72 0.0000000e+00 5.7700100e-07 3.6928100e-07
     29     73 0.0000000e+00 8.5700100e-07 5.4848100e-07
     29     74 0.0000000e+00 9.1000200e-07 5.8240100e-07
     29     75 0.0000000e+00 5.9900100e-07 3.8336100e-07
     29     76 0.0000000e+00 3.9200100e-07 2.5088000e-07
     29     77 0.0000000e+00 1.6900000e-07 1.0816000e-07
     29     78 0.0000000e+00 3.6500100e-08 2.3360000e-08
     29     79 0.0000000e+00 5.4794100e-09 3.5068200e-09
     29     80 0.0000000e+00 4.5600100e-10 2.9184100e-10
     29     81 0.0000000e+00 2.7100000e-11 1.7344000e-11
     29     82 0.0000000e+00 9.3600200e-13 5.9904100e-13
     29     83 0.0000000e+00 5.6875200e-14 3.6400100e-14
     30     66 0.0000000e+00 3.3200100e-14 2.1248000e-14
     30     67 0.0000000e+00 1.1700000e-12 7.4880100e-13
     30     68 0.0000000e+00 2.9200100e-11 1.8688000e-11
     30     69 0.0000000e+00 1.0800000e-10 6.9120100e-11
     30     69 1.0000000e+00 4.6200100e-10 2.9568100e-10
     30     70 0.0000000e+00 8.1400100e-09 5.2096100e-09
     30     71 0.0000000e+00 1.2300000e-08 7.8720100e-09
     30     71 1.0000000e+00 5.2600100e-08 3.3664100e-08
     30     72 0.0000000e+00 3.1500100e-07 2.0160000e-07
     30     73 0.0000000e+00 1.0600000e-06 6.7840100e-07
     30     74 0.0000000e+00 3.0000100e-06 1.9200000e-06
     30     75 0.0000000e+00 4.4700100e-06 2.8608000e-06
     30     76 0.0000000e+00 8.2700100e-06 5.2928100e-06
     30     77 0.0000000e+00 8.9400200e-06 5.7216100e-06
     30     78 0.0000000e+00 5.8700100e-06 3.7568100e-06
     30     79 0.0000000e+00 2.3400000e-06 1.4976000e-06
     30     80 0.0000000e+00 6.2200100e-07 3.9808100e-07
     30     81 0.0000000e+00 1.0200000e-07 6.5280100e-08
     30     82 0.0000000e+00 1.1500000e-08 7.3600100e-09
     30     83 0.0000000e+00 8.3794500e-10 5.3628500e-10
     30     84 0.0000000e+00 3.0400100e-11 1.9456000e-11
     30     85 0.0000000e+00 1.0476700e-12 6.7050900e-13
     30     86 0.0000000e+00 1.2400000e-14 7.9360100e-15
     31     66 0.0000000e+00 0.0000000e+00 0.0000000e+00
     31     67 0.0000000e+00 0.0000000e+00 0.0000000e+00
     31     68 0.0000000e+00 1.3700000e-14 8.7680200e-15
     31     69 0.0000000e+00 8.6100100e-13 5.5104100e-13
     31     70 0.0000000e+00 3.3000100e-11 2.1120000e-11
     31     71 0.0000000e+00 8.1000100e-10 5.1840100e-10
     31     72 1.0000000e+00 4.9950100e-09 3.1968100e-09
     31     72 0.0000000e+00 4.9950100e-09 3.1968100e-09
     31     73 0.0000000e+00 9.6500200e-08 6.1760100e-08
     31     74 1.0000000e+00 3.2100100e-07 2.0544000e-07
     31     74 0.0000000e+00 3.2100100e-07 2.0544000e-07
     31     75 0.0000000e+00 2.5100000e-06 1.6064000e-06
     31     76 0.0000000e+00 1.0480000e-05 6.7072100e-06
     31     77 0.0000000e+00 3.0380100e-05 1.9443200e-05
     31     78 0.0000000e+00 4.6900100e-05 3.0016100e-05
     31     79 0.0000000e+00 5.3690100e-05 3.4361700e-05
     31     80 0.0000000e+00 3.6200100e-05 2.3168000e-05
     31     81 0.0000000e+00 1.8250000e-05 1.1680000e-05
     31     82 0.0000000e+00 5.5400100e-06 3.5456100e-06
     31     83 0.0000000e+00 1.2900000e-06 8.2560100e-07
     31     84 0.0000000e+00 1.3000000e-07 8.3200100e-08
     31     85 0.0000000e+00 9.5289700e-09 6.0985400e-09
     31     86 0.0000000e+00 4.9000100e-10 3.1360100e-10
     31     87 0.0000000e+00 7.9408100e-12 5.0821200e-12
     31     88 0.0000000e+00 3.8526000e-13 2.4656600e-13
     32     66 0.0000000e+00 0.0000000e+00 0.0000000e+00
     32     67 0.0000000e+00 0.0000000e+00 0.0000000e+00
     32     68 0.0000000e+00 0.0000000e+00 0.0000000e+00
     32     69 0.0000000e+00 0.0000000e+00 0.0000000e+00
     32     70 0.0000000e+00 1.1100000e-14 7.1040100e-15
     32     71 0.0000000e+00 3.7600100e-13 2.4064000e-13
     32     71 1.0000000e+00 3.7600100e-13 2.4064000e-13
     32     72 0.0000000e+00 2.9600100e-11 1.8944000e-11
     32     73 0.0000000e+00 6.1800100e-10 3.9552100e-10
     32     73 1.0000000e+00 1.4500000e-10 9.2800200e-11
     32     74 0.0000000e+00 1.5500000e-08 9.9200200e-09
     32     75 0.0000000e+00 1.9200000e-08 1.2288000e-08
     32     75 1.0000000e+00 1.2800000e-07 8.1920100e-08
     32     76 0.0000000e+00 1.7500000e-06 1.1200000e-06
     32     77 0.0000000e+00 1.0260000e-05 6.5664100e-06
     32     77 1.0000000e+00 1.5300000e-06 9.7920200e-07
     32     78 0.0000000e+00 4.8500100e-05 3.1040100e-05
     32     79 1.0000000e+00 6.2760100e-05 4.0166500e-05
     32     79 0.0000000e+00 6.2760100e-05 4.0166500e-05
     32     80 0.0000000e+00 2.2888000e-04 1.4648300e-04
     32     81 0.0000000e+00 2.7496000e-04 1.7597500e-04
     32     82 0.0000000e+00 2.4287000e-04 1.5543700e-04
     32     83 0.0000000e+00 1.4552000e-04 9.3133000e-05
     32     84 0.0000000e+00 4.5440100e-05 2.9081600e-05
     32     85 0.0000000e+00 9.0200200e-06 5.7728100e-06
     32     86 0.0000000e+00 1.5000000e-06 9.6000200e-07
     32     87 0.0000000e+00 1.1699200e-07 7.4875000e-08
     32     88 0.0000000e+00 6.6896300e-09 4.2813600e-09
     32     89 0.0000000e+00 9.8830500e-11 6.3251500e-11
     32     90 0.0000000e+00 6.6233100e-12 4.2389200e-12
     32     91 0.0000000e+00 6.2482600e-13 3.9988900e-13
     33     69 0.0000000e+00 0.0000000e+00 0.0000000e+00
     33     71 0.0000000e+00 0.0000000e+00 0.0000000e+00
     33     72 0.0000000e+00 0.0000000e+00 0.0000000e+00
     33     73 0.0000000e+00 2.9100000e-13 1.8624000e-13
     33     74 0.0000000e+00 4.8600100e-12 3.1104100e-12
     33     74 1.0000000e+00 1.1300000e-11 7.2320100e-12
     33     75 0.0000000e+00 4.7700100e-10 3.0528100e-10
     33     76 0.0000000e+00 1.4900000e-08 9.5360200e-09
     33     77 0.0000000e+00 3.0300100e-07 1.9392000e-07
     33     78 0.0000000e+00 3.0900100e-06 1.9776000e-06
     33     79 0.0000000e+00 2.2320000e-05 1.4284800e-05
     33     80 0.0000000e+00 9.3630200e-05 5.9923300e-05
     33     81 0.0000000e+00 2.9855100e-04 1.9107200e-04
     33     82 0.0000000e+00 2.9940100e-04 1.9161600e-04
     33     82 1.0000000e+00 2.9940100e-04 1.9161600e-04
     33     83 0.0000000e+00 9.8095210e-04 6.2780900e-04
     33     84 1.0000000e+00 3.7049600e-04 2.3711700e-04
     33     84 0.0000000e+00 3.7049600e-04 2.3711700e-04
     33     85 0.0000000e+00 4.3430100e-04 2.7795200e-04
     33     86 0.0000000e+00 1.8740000e-04 1.1993600e-04
     33     87 0.0000000e+00 4.5680100e-05 2.9235300e-05
     33     88 0.0000000e+00 7.1400100e-06 4.5696100e-06
     33     89 0.0000000e+00 8.9890300e-07 5.7529800e-07
     33     90 0.0000000e+00 5.1114100e-08 3.2713000e-08
     33     91 0.0000000e+00 5.6830400e-09 3.6371500e-09
     33     92 0.0000000e+00 2.5223300e-11 1.6142900e-11
     33     93 0.0000000e+00 3.4793200e-12 2.2267600e-12
     34     72 0.0000000e+00 0.0000000e+00 0.0000000e+00
     34     73 0.0000000e+00 0.0000000e+00 0.0000000e+00
     34     73 1.0000000e+00 0.0000000e+00 0.0000000e+00
     34     74 0.0000000e+00 0.0000000e+00 0.0000000e+00
     34     75 0.0000000e+00 1.0800000e-13 6.9120100e-14
     34     76 0.0000000e+00 1.1000000e-11 7.0400100e-12
     34     77 0.0000000e+00 7.9000100e-11 5.0560100e-11
     34     77 1.0000000e+00 5.2900100e-10 3.3856100e-10
     34     78 0.0000000e+00 1.9500000e-08 1.2480000e-08
     34     79 0.0000000e+00 3.2100100e-07 2.0544000e-07
     34     79 1.0000000e+00 4.8000100e-08 3.0720100e-08
     34     80 0.0000000e+00 4.6100100e-06 2.9504100e-06
     34     81 0.0000000e+00 4.6600100e-06 2.9824100e-06
     34     81 1.0000000e+00 3.1160100e-05 1.9942400e-05
     34     82 0.0000000e+00 1.9803000e-04 1.2673900e-04
     34     83 0.0000000e+00 5.9948100e-04 3.8366800e-04
     34     83 1.0000000e+00 1.4062000e-04 8.9997000e-05
     34     84 0.0000000e+00 1.4987400e-03 9.5919500e-04
     34     85 0.0000000e+00 9.9313200e-04 6.3560400e-04
     34     85 1.0000000e+00 9.9313200e-04 6.3560400e-04
     34     86 0.0000000e+00 2.3694700e-03 1.5164600e-03
     34     87 0.0000000e+00 1.4203000e-03 9.0899400e-04
     34     88 0.0000000e+00 6.6365100e-04 4.2473700e-04
     34     89 0.0000000e+00 2.2587000e-04 1.4455700e-04
     34     90 0.0000000e+00 4.9549000e-05 3.1711300e-05
     34     91 0.0000000e+00 4.6743200e-06 2.9915700e-06
     34     92 0.0000000e+00 4.3797600e-07 2.8030400e-07
     34     93 0.0000000e+00 5.1260900e-08 3.2807000e-08
     34     94 0.0000000e+00 6.2200100e-10 3.9808100e-10
     34     95 0.0000000e+00 1.3731500e-11 8.7881500e-12
     34     96 0.0000000e+00 1.3900000e-13 8.8960200e-14
     35     75 0.0000000e+00 0.0000000e+00 0.0000000e+00
     35     77 0.0000000e+00 1.2900000e-14 8.2560100e-15
     35     77 1.0000000e+00 4.3000100e-14 2.7520000e-14
     35     78 0.0000000e+00 4.9900100e-12 3.1936100e-12
     35     79 0.0000000e+00 7.0300100e-11 4.4992100e-11
     35     79 1.0000000e+00 2.3500000e-10 1.5040000e-10
     35     80 0.0000000e+00 2.5900000e-09 1.6576000e-09
     35     80 1.0000000e+00 7.7700100e-09 4.9728100e-09
     35     81 0.0000000e+00 2.5200000e-07 1.6128000e-07
     35     82 0.0000000e+00 2.5200000e-06 1.6128000e-06
     35     82 1.0000000e+00 1.0800000e-06 6.9120100e-07
     35     83 0.0000000e+00 3.9520100e-05 2.5292800e-05
     35     84 0.0000000e+00 6.8460100e-05 4.3814500e-05
     35     84 1.0000000e+00 1.2170000e-04 7.7888100e-05
     35     85 0.0000000e+00 6.9419100e-04 4.4428200e-04
     35     86 0.0000000e+00 9.4046200e-04 6.0189500e-04
     35     86 1.0000000e+00 9.4046200e-04 6.0189500e-04
     35     87 0.0000000e+00 2.7683200e-03 1.7717300e-03
     35     88 0.0000000e+00 3.2219600e-03 2.0620500e-03
     35     89 0.0000000e+00 3.1645400e-03 2.0253000e-03
     35     90 0.0000000e+00 1.7780800e-03 1.1379700e-03
     35     91 0.0000000e+00 5.2287100e-04 3.3463700e-04
     35     92 0.0000000e+00 1.3758000e-04 8.8051400e-05
     35     93 0.0000000e+00 2.6028800e-05 1.6658400e-05
     35     94 0.0000000e+00 1.9300000e-06 1.2352000e-06
     35     95 0.0000000e+00 1.2489300e-07 7.9931700e-08
     35     96 0.0000000e+00 4.7400100e-09 3.0336100e-09
     35     97 0.0000000e+00 5.1445600e-11 3.2925200e-11
     35     98 0.0000000e+00 1.9522100e-12 1.2494200e-12
     36     77 0.0000000e+00 0.0000000e+00 0.0000000e+00
     36     78 0.0000000e+00 0.0000000e+00 0.0000000e+00
     36     79 1.0000000e+00 8.5000100e-15 5.4400100e-15
     36     79 0.0000000e+00 8.5000100e-15 5.4400100e-15
     36     80 0.0000000e+00 1.9000000e-12 1.2160000e-12
     36     81 0.0000000e+00 1.1100000e-10 7.1040100e-11
     36     81 1.0000000e+00 1.6600000e-11 1.0624000e-11
     36     82 0.0000000e+00 5.8900100e-09 3.7696100e-09
     36     83 0.0000000e+00 1.2000000e-07 7.6800100e-08
     36     83 1.0000000e+00 2.8100000e-08 1.7984000e-08
     36     84 0.0000000e+00 2.6000000e-06 1.6640000e-06
     36     85 0.0000000e+00 1.9630000e-05 1.2563200e-05
     36     85 1.0000000e+00 4.6000100e-06 2.9440100e-06
     36     86 0.0000000e+00 1.9007000e-04 1.2164500e-04
     36     87 0.0000000e+00 7.1584100e-04 4.5813800e-04
     36     88 0.0000000e+00 1.9370500e-03 1.2397100e-03
     36     89 0.0000000e+00 4.6868900e-03 2.1091000e-03
     36     90 0.0000000e+00 7.2107200e-03 2.3074300e-03
     36     91 0.0000000e+00 5.1124900e-03 3.2719900e-03
     36     92 0.0000000e+00 4.0649500e-03 2.6015700e-03
     36     93 0.0000000e+00 2.0631900e-03 1.3204400e-03
     36     94 0.0000000e+00 4.9620100e-04 3.1756900e-04
     36     95 0.0000000e+00 1.0272500e-04 6.5744200e-05
     36     96 0.0000000e+00 1.2540000e-05 8.0256100e-06
     36     97 0.0000000e+00 7.5795000e-07 4.8508800e-07
     36     98 0.0000000e+00 3.3898100e-08 2.1694800e-08
     36     99 0.0000000e+00 1.1857800e-10 7.5890000e-11
     36    100 0.0000000e+00 9.8300200e-12 6.2912100e-12
     37     79 0.0000000e+00 0.0000000e+00 0.0000000e+00
     37     81 0.0000000e+00 0.0000000e+00 0.0000000e+00
     37     83 0.0000000e+00 3.0700100e-11 1.9648000e-11
     37     84 0.0000000e+00 1.4900000e-09 9.5360200e-10
     37     85 0.0000000e+00 4.4600100e-08 2.8544000e-08
     37     86 1.0000000e+00 3.1800100e-07 2.0352000e-07
     37     86 0.0000000e+00 3.1800100e-07 2.0352000e-07
     37     87 0.0000000e+00 1.1100000e-05 7.1040100e-06
     37     88 0.0000000e+00 7.9200100e-05 5.0688100e-05
     37     89 0.0000000e+00 5.2563100e-04 3.3640400e-04
     37     90 0.0000000e+00 3.8810100e-04 2.4838400e-04
     37     90 1.0000000e+00 1.6695400e-03 1.0685100e-03
     37     91 0.0000000e+00 2.9045200e-03 1.8589000e-03
     37     92 0.0000000e+00 6.9262500e-03 3.1168100e-03
     37     93 0.0000000e+00 1.0091300e-02 3.2292200e-03
     37     94 0.0000000e+00 6.0951300e-03 3.9008800e-03
     37     95 0.0000000e+00 3.9965300e-03 2.5577800e-03
     37     96 0.0000000e+00 1.3668300e-03 8.7477300e-04
     37     97 0.0000000e+00 2.8075000e-04 1.7968000e-04
     37     98 0.0000000e+00 3.8330100e-05 2.4531200e-05
     37     99 0.0000000e+00 1.0785100e-06 6.9024900e-07
     37    100 0.0000000e+00 1.3100000e-07 8.3840100e-08
     37    101 0.0000000e+00 9.4203800e-10 6.0290400e-10
     37    102 0.0000000e+00 4.4054400e-11 2.8194800e-11
     37    103 0.0000000e+00 5.1722800e-12 3.3102600e-12
     38     83 0.0000000e+00 0.0000000e+00 0.0000000e+00
     38     84 0.0000000e+00 6.7100100e-14 4.2944100e-14
     38     85 1.0000000e+00 2.8150000e-12 1.8016000e-12
     38     85 0.0000000e+00 2.8150000e-12 1.8016000e-12
     38     86 0.0000000e+00 3.8600100e-10 2.4704000e-10
     38     87 0.0000000e+00 1.0200000e-08 6.5280100e-09
     38     87 1.0000000e+00 2.3900000e-09 1.5296000e-09
     38     88 0.0000000e+00 2.8600000e-07 1.8304000e-07
     38     89 0.0000000e+00 5.3300100e-06 3.4112100e-06
     38     90 0.0000000e+00 6.2630100e-05 4.0083300e-05
     38     91 0.0000000e+00 2.9138100e-04 1.8648400e-04
     38     92 0.0000000e+00 1.6015000e-03 1.0249600e-03
     38     93 0.0000000e+00 5.2965900e-03 2.3834700e-03
     38     94 0.0000000e+00 9.1984200e-03 2.9434900e-03
     38     95 0.0000000e+00 1.5007000e-02 4.8022400e-03
     38     96 0.0000000e+00 1.5253500e-02 4.8811300e-03
     38     97 0.0000000e+00 8.2813800e-03 5.3000900e-03
     38     98 0.0000000e+00 3.7637400e-03 2.4087900e-03
     38     99 0.0000000e+00 8.8708300e-04 5.6773300e-04
     38    100 0.0000000e+00 1.3818000e-04 8.8435400e-05
     38    101 0.0000000e+00 1.3879100e-05 8.8826100e-06
     38    102 0.0000000e+00 7.6495700e-07 4.8957300e-07
     38    103 0.0000000e+00 7.6203400e-08 4.8770200e-08
     38    104 0.0000000e+00 5.0300100e-10 3.2192100e-10
     38    105 0.0000000e+00 1.5978500e-11 1.0226200e-11
     39     85 0.0000000e+00 0.0000000e+00 0.0000000e+00
     39     87 0.0000000e+00 6.4500100e-13 4.1280100e-13
     39     88 0.0000000e+00 4.1000100e-11 2.6240000e-11
     39     89 0.0000000e+00 4.8700100e-10 3.1168100e-10
     39     89 1.0000000e+00 2.0700000e-09 1.3248000e-09
     39     90 1.0000000e+00 4.2350100e-08 2.7104000e-08
     39     90 0.0000000e+00 4.2350100e-08 2.7104000e-08
     39     91 1.0000000e+00 5.3500100e-07 3.4240100e-07
     39     91 0.0000000e+00 5.3500100e-07 3.4240100e-07
     39     92 0.0000000e+00 1.9580000e-05 1.2531200e-05
     39     93 1.0000000e+00 1.0678000e-04 6.8339300e-05
     39     93 0.0000000e+00 1.0678000e-04 6.8339300e-05
     39     94 0.0000000e+00 9.1874200e-04 5.8799500e-04
     39     95 0.0000000e+00 4.1695800e-03 2.6685300e-03
     39     96 0.0000000e+00 1.0755700e-03 6.8836600e-04
     39     96 1.0000000e+00 9.6802500e-03 6.1953600e-03
     39     97 1.0000000e+00 8.3072100e-03 5.3166100e-03
     39     97 0.0000000e+00 8.3072100e-03 5.3166100e-03
     39     98 0.0000000e+00 9.6101700e-03 6.1505100e-03
     39     98 1.0000000e+00 9.6096000e-03 6.1501400e-03
     39     99 0.0000000e+00 1.4155600e-02 4.5298000e-03
     39    100 0.0000000e+00 6.3035900e-03 4.0343000e-03
     39    101 0.0000000e+00 2.1021900e-03 1.3454000e-03
     39    102 0.0000000e+00 3.4684100e-04 2.2197800e-04
     39    103 0.0000000e+00 3.8693900e-05 2.4764100e-05
     39    104 0.0000000e+00 2.4800000e-06 1.5872000e-06
     39    105 0.0000000e+00 1.4533000e-07 9.3011500e-08
     39    106 0.0000000e+00 5.2231800e-10 3.3428300e-10
     39    107 0.0000000e+00 3.4965300e-11 2.2377800e-11
     39    108 0.0000000e+00 1.0596100e-12 6.7814900e-13
     40     87 0.0000000e+00 0.0000000e+00 0.0000000e+00
     40     88 0.0000000e+00 0.0000000e+00 0.0000000e+00
     40     89 0.0000000e+00 8.1600100e-14 5.2224100e-14
     40     90 1.0000000e+00 4.5850100e-12 2.9344100e-12
     40     90 0.0000000e+00 4.5850100e-12 2.9344100e-12
     40     91 0.0000000e+00 3.3200100e-10 2.1248000e-10
     40     92 0.0000000e+00 2.0900000e-08 1.3376000e-08
     40     93 0.0000000e+00 6.5400100e-07 4.1856100e-07
     40     94 0.0000000e+00 1.0540000e-05 6.7456100e-06
     40     95 0.0000000e+00 1.2284000e-04 7.8617700e-05
     40     96 0.0000000e+00 9.5727200e-04 6.1265400e-04
     40     97 0.0000000e+00 3.7860200e-03 2.4230500e-03
     40     98 0.0000000e+00 1.2985600e-02 4.1553800e-03
     40     99 0.0000000e+00 2.3877300e-02 7.6407300e-03
     40    100 0.0000000e+00 3.2010200e-02 1.0243300e-02
     40    101 0.0000000e+00 2.7200300e-02 8.7041000e-03
     40    102 0.0000000e+00 1.4429000e-02 4.6172700e-03
     40    103 0.0000000e+00 4.6155200e-03 2.9539300e-03
     40    104 0.0000000e+00 9.9919200e-04 6.3948300e-04
     40    105 0.0000000e+00 1.1953500e-04 7.6502300e-05
     40    106 0.0000000e+00 9.0694900e-06 5.8044800e-06
     40    107 0.0000000e+00 5.1514500e-07 3.2969300e-07
     40    108 0.0000000e+00 1.8399000e-08 1.1775300e-08
     40    109 0.0000000e+00 1.5500700e-10 9.9204300e-11
     40    110 0.0000000e+00 3.8300100e-12 2.4512000e-12
     41     89 0.0000000e+00 0.0000000e+00 0.0000000e+00
     41     90 0.0000000e+00 0.0000000e+00 0.0000000e+00
     41     91 0.0000000e+00 0.0000000e+00 0.0000000e+00
     41     92 0.0000000e+00 8.5200100e-13 5.4528100e-13
     41     93 0.0000000e+00 7.5500100e-11 4.8320100e-11
     41     93 1.0000000e+00 1.7700000e-11 1.1328000e-11
     41     94 0.0000000e+00 2.6000000e-09 1.6640000e-09
     41     94 1.0000000e+00 1.8100000e-09 1.1584000e-09
     41     95 0.0000000e+00 2.8058000e-04 1.2626100e-04
     41     95 1.0000000e+00 3.3800100e-08 2.1632000e-08
     41     96 0.0000000e+00 4.1000100e-06 2.6240000e-06
     41     97 0.0000000e+00 4.3860100e-05 2.8070400e-05
     41     97 1.0000000e+00 1.0290000e-05 6.5856100e-06
     41     98 0.0000000e+00 3.9080100e-04 2.5011200e-04
     41     98 1.0000000e+00 1.3027000e-04 8.3372900e-05
     41     99 0.0000000e+00 2.3952000e-04 1.5329300e-04
     41     99 1.0000000e+00 2.7522500e-03 1.7614400e-03
     41    100 0.0000000e+00 5.2861600e-03 3.3831400e-03
     41    100 1.0000000e+00 5.2861600e-03 3.3831400e-03
     41    101 0.0000000e+00 2.5637500e-02 8.2039900e-03
     41    102 1.0000000e+00 1.6955500e-02 1.0851500e-02
     41    102 0.0000000e+00 1.6955500e-02 1.0851500e-02
     41    103 0.0000000e+00 3.2717000e-02 1.0469400e-02
     41    104 1.0000000e+00 9.2745500e-03 5.9357100e-03
     41    104 0.0000000e+00 9.2745500e-03 5.9357100e-03
     41    105 0.0000000e+00 7.1449600e-03 4.5727800e-03
     41    106 0.0000000e+00 1.5391300e-03 9.8504500e-04
     41    107 0.0000000e+00 2.6157500e-04 1.6740800e-04
     41    108 0.0000000e+00 2.9280100e-05 1.8739200e-05
     41    109 0.0000000e+00 1.4098500e-06 9.0230200e-07
     41    110 0.0000000e+00 6.4400100e-08 4.1216100e-08
     41    111 0.0000000e+00 3.3799300e-10 2.1631600e-10
     41    112 0.0000000e+00 6.9104900e-12 4.4227100e-12
     42     90 0.0000000e+00 0.0000000e+00 0.0000000e+00
     42     91 0.0000000e+00 0.0000000e+00 0.0000000e+00
     42     92 0.0000000e+00 0.0000000e+00 0.0000000e+00
     42     93 1.0000000e+00 0.0000000e+00 0.0000000e+00
     42     93 0.0000000e+00 0.0000000e+00 0.0000000e+00
     42     94 0.0000000e+00 1.4400000e-13 9.2160200e-14
     42     95 0.0000000e+00 1.7800000e-11 1.1392000e-11
     42     96 0.0000000e+00 1.4600000e-09 9.3440200e-10
     42     97 0.0000000e+00 5.8100100e-08 3.7184100e-08
     42     98 0.0000000e+00 1.9900000e-06 1.2736000e-06
     42     99 0.0000000e+00 3.3820100e-05 2.1644800e-05
     42    100 0.0000000e+00 4.1068100e-04 2.6283600e-04
     42    101 0.0000000e+00 2.6469500e-03 1.6940500e-03
     42    102 0.0000000e+00 1.0685800e-02 3.4194500e-03
     42    103 0.0000000e+00 2.4447000e-02 7.8230300e-03
     42    104 0.0000000e+00 4.1691500e-02 1.3341300e-02
     42    105 0.0000000e+00 3.9695800e-02 1.2702700e-02
     42    106 0.0000000e+00 2.5784700e-02 8.2511000e-03
     42    107 0.0000000e+00 1.1486900e-02 3.6758000e-03
     42    108 0.0000000e+00 3.9902400e-03 2.5537500e-03
     42    109 0.0000000e+00 5.3742100e-04 3.4394900e-04
     42    110 0.0000000e+00 8.5460100e-05 5.4694500e-05
     42    111 0.0000000e+00 4.9796700e-06 3.1869900e-06
     42    112 0.0000000e+00 1.1999300e-07 7.6795700e-08
     42    113 0.0000000e+00 5.5626500e-10 3.5601000e-10
     42    114 0.0000000e+00 0.0000000e+00 0.0000000e+00
     42    115 0.0000000e+00 0.0000000e+00 0.0000000e+00
     42    116 0.0000000e+00 0.0000000e+00 0.0000000e+00
     42    117 0.0000000e+00 0.0000000e+00 0.0000000e+00
     42    118 0.0000000e+00 0.0000000e+00 0.0000000e+00
     43     93 0.0000000e+00 0.0000000e+00 0.0000000e+00
     43     95 0.0000000e+00 0.0000000e+00 0.0000000e+00
     43     95 1.0000000e+00 0.0000000e+00 0.0000000e+00
     43     97 1.0000000e+00 1.4000000e-12 8.9600200e-13
     43     97 0.0000000e+00 1.4000000e-12 8.9600200e-13
     43     98 0.0000000e+00 3.0300100e-10 1.9392000e-10
     43     99 0.0000000e+00 1.5200000e-08 9.7280200e-09
     43     99 1.0000000e+00 3.5700100e-09 2.2848000e-09
     43    100 0.0000000e+00 7.1700100e-07 4.5888100e-07
     43    101 0.0000000e+00 1.5690000e-05 1.0041600e-05
     43    102 0.0000000e+00 9.4830200e-05 6.0691300e-05
     43    102 1.0000000e+00 9.4830200e-05 6.0691300e-05
     43    103 0.0000000e+00 1.4536300e-03 9.3032500e-04
     43    104 0.0000000e+00 6.0536200e-03 3.8743200e-03
     43    105 0.0000000e+00 1.6492100e-02 5.2774800e-03
     43    106 0.0000000e+00 2.6448900e-02 6.0832500e-03
     43    107 0.0000000e+00 3.2981500e-02 1.0554100e-02
     43    108 0.0000000e+00 2.7432900e-02 8.7785300e-03
     43    109 0.0000000e+00 1.1097300e-02 3.5511500e-03
     43    110 0.0000000e+00 4.8370100e-03 3.0956900e-03
     43    111 0.0000000e+00 9.9594200e-04 6.3740300e-04
     43    112 0.0000000e+00 7.6780100e-05 4.9139300e-05
     43    113 0.0000000e+00 5.0594500e-06 3.2380500e-06
     43    114 0.0000000e+00 5.1300100e-13 3.2832100e-13
     43    115 0.0000000e+00 3.5464800e-15 2.2697500e-15
     43    116 0.0000000e+00 0.0000000e+00 0.0000000e+00
     43    117 0.0000000e+00 5.0215700e-18 3.2138000e-18
     43    118 0.0000000e+00 2.0205200e-19 1.2931300e-19
     43    119 0.0000000e+00 1.1605800e-12 7.4277100e-13
     43    120 0.0000000e+00 3.9447400e-15 2.5246300e-15
     44     95 0.0000000e+00 0.0000000e+00 0.0000000e+00
     44     96 0.0000000e+00 0.0000000e+00 0.0000000e+00
     44     97 0.0000000e+00 0.0000000e+00 0.0000000e+00
     44     98 0.0000000e+00 0.0000000e+00 0.0000000e+00
     44     99 0.0000000e+00 6.9200100e-13 4.4288100e-13
     44    100 0.0000000e+00 1.0100000e-10 6.4640100e-11
     44    101 0.0000000e+00 6.7000100e-09 4.2880100e-09
     44    102 0.0000000e+00 2.9300100e-07 1.8752000e-07
     44    103 0.0000000e+00 6.1500100e-06 3.9360100e-06
     44    104 0.0000000e+00 9.4730200e-05 6.0627300e-05
     44    105 0.0000000e+00 7.2296100e-04 4.6269500e-04
     44    106 0.0000000e+00 3.6382900e-03 2.3285000e-03
     44    107 0.0000000e+00 1.0831600e-02 3.4661200e-03
     44    108 0.0000000e+00 2.4631600e-02 7.8821200e-03
     44    109 1.0000000e+00 1.1794600e-02 7.5485100e-03
     44    109 0.0000000e+00 1.1794600e-02 7.5485100e-03
     44    110 0.0000000e+00 2.9846800e-02 9.5509600e-03
     44    111 0.0000000e+00 1.6622400e-02 5.3191700e-03
     44    112 0.0000000e+00 4.3951000e-03 2.8128600e-03
     44    113 0.0000000e+00 8.8613200e-04 5.6712400e-04
     44    114 0.0000000e+00 1.8400000e-06 1.1776000e-06
     44    115 0.0000000e+00 9.0400200e-08 5.7856100e-08
     44    116 0.0000000e+00 2.7500000e-09 1.7600000e-09
     44    117 0.0000000e+00 1.2800000e-10 8.1920100e-11
     44    118 0.0000000e+00 6.0700100e-12 3.8848100e-12
     44    119 0.0000000e+00 1.7098900e-08 1.0943300e-08
     44    120 0.0000000e+00 6.8496200e-11 4.3837600e-11
     44    121 0.0000000e+00 1.5500700e-13 9.9204300e-14
     44    122 0.0000000e+00 0.0000000e+00 0.0000000e+00
     44    124 0.0000000e+00 0.0000000e+00 0.0000000e+00
     45     99 0.0000000e+00 0.0000000e+00 0.0000000e+00
     45    101 0.0000000e+00 2.4000000e-14 1.5360000e-14
     45    101 1.0000000e+00 1.0200000e-13 6.5280100e-14
     45    102 0.0000000e+00 8.7600200e-12 5.6064100e-12
     45    102 1.0000000e+00 8.7600200e-12 5.6064100e-12
     45    103 0.0000000e+00 1.7600000e-10 1.1264000e-10
     45    103 1.0000000e+00 1.1800000e-09 7.5520100e-10
     45    104 0.0000000e+00 1.5700000e-08 1.0048000e-08
     45    104 1.0000000e+00 4.7100100e-08 3.0144100e-08
     45    105 0.0000000e+00 1.3900000e-06 8.8960200e-07
     45    105 1.0000000e+00 2.0700000e-07 1.3248000e-07
     45    106 0.0000000e+00 1.1790000e-05 7.5456100e-06
     45    106 1.0000000e+00 1.1790000e-05 7.5456100e-06
     45    107 0.0000000e+00 2.3102000e-04 1.4785300e-04
     45    108 0.0000000e+00 6.6753100e-04 4.2722000e-04
     45    108 1.0000000e+00 6.6753100e-04 4.2722000e-04
     45    109 0.0000000e+00 9.3696200e-03 5.9965500e-03
     45    109 1.0000000e+00 1.9021300e-03 1.2173700e-03
     45    110 0.0000000e+00 5.9619200e-03 3.8156300e-03
     45    110 1.0000000e+00 5.9619200e-03 3.8156300e-03
     45    111 0.0000000e+00 1.9830400e-02 6.3457100e-03
     45    112 0.0000000e+00 1.5066600e-02 9.6426400e-03
     45    113 0.0000000e+00 8.9228500e-03 5.7106200e-03
     45    114 0.0000000e+00 2.1951300e-03 1.4048900e-03
     45    115 0.0000000e+00 5.0764100e-04 3.2489000e-04
     45    116 0.0000000e+00 5.9800100e-05 3.8272100e-05
     45    117 0.0000000e+00 1.2000000e-05 7.6800100e-06
     45    118 0.0000000e+00 1.8200000e-06 1.1648000e-06
     45    119 0.0000000e+00 5.8300100e-06 3.7312100e-06
     45    120 0.0000000e+00 1.3000000e-07 8.3200100e-08
     45    121 0.0000000e+00 1.4098500e-09 9.0230200e-10
     45    122 0.0000000e+00 1.2400000e-11 7.9360100e-12
     45    123 0.0000000e+00 2.9100000e-14 1.8624000e-14
     45    124 0.0000000e+00 0.0000000e+00 0.0000000e+00
     46     99 0.0000000e+00 0.0000000e+00 0.0000000e+00
     46    101 0.0000000e+00 0.0000000e+00 0.0000000e+00
     46    102 0.0000000e+00 0.0000000e+00 0.0000000e+00
     46    103 0.0000000e+00 1.9500000e-14 1.2480000e-14
     46    104 0.0000000e+00 3.2700100e-12 2.0928000e-12
     46    105 0.0000000e+00 2.5400000e-10 1.6256000e-10
     46    106 0.0000000e+00 1.3400000e-08 8.5760100e-09
     46    107 0.0000000e+00 1.3600000e-07 8.7040100e-08
     46    107 1.0000000e+00 2.5300000e-07 1.6192000e-07
     46    108 0.0000000e+00 7.1400100e-06 4.5696100e-06
     46    109 0.0000000e+00 2.4720000e-05 1.5820800e-05
     46    109 1.0000000e+00 4.5910100e-05 2.9382500e-05
     46    110 0.0000000e+00 5.7133100e-04 3.6565200e-04
     46    111 0.0000000e+00 9.2018200e-04 5.8891600e-04
     46    111 1.0000000e+00 1.7089000e-03 1.0937000e-03
     46    112 0.0000000e+00 9.4393800e-03 6.0412000e-03
     46    113 0.0000000e+00 9.7866500e-03 3.1317300e-03
     46    114 0.0000000e+00 8.5802800e-03 5.4913800e-03
     46    115 0.0000000e+00 4.7660200e-03 2.1447100e-03
     46    116 0.0000000e+00 1.8139900e-03 1.1609600e-03
     46    117 0.0000000e+00 1.0039600e-03 6.4253600e-04
     46    118 0.0000000e+00 4.7080100e-04 3.0131300e-04
     46    119 0.0000000e+00 1.5910000e-04 1.0182400e-04
     46    120 0.0000000e+00 2.0880000e-05 1.3363200e-05
     46    121 0.0000000e+00 1.1600000e-06 7.4240100e-07
     46    122 0.0000000e+00 6.0300100e-08 3.8592100e-08
     46    123 0.0000000e+00 7.2800100e-10 4.6592100e-10
     46    124 0.0000000e+00 0.0000000e+00 0.0000000e+00
     46    125 0.0000000e+00 0.0000000e+00 0.0000000e+00
     46    126 0.0000000e+00 0.0000000e+00 0.0000000e+00
     46    127 0.0000000e+00 0.0000000e+00 0.0000000e+00
     46    128 0.0000000e+00 0.0000000e+00 0.0000000e+00
     46    129 0.0000000e+00 0.0000000e+00 0.0000000e+00
     46    130 0.0000000e+00 2.8000000e-14 1.7920000e-14
     47    103 0.0000000e+00 0.0000000e+00 0.0000000e+00
     47    105 0.0000000e+00 0.0000000e+00 0.0000000e+00
     47    105 1.0000000e+00 0.0000000e+00 0.0000000e+00
     47    106 0.0000000e+00 8.5800100e-14 5.4912100e-14
     47    106 1.0000000e+00 2.0000000e-13 1.2800000e-13
     47    107 0.0000000e+00 3.7900100e-12 2.4256000e-12
     47    107 1.0000000e+00 2.5300000e-11 1.6192000e-11
     47    108 1.0000000e+00 7.7000100e-10 4.9280100e-10
     47    108 0.0000000e+00 7.7000100e-10 4.9280100e-10
     47    109 1.0000000e+00 2.6100000e-08 1.6704000e-08
     47    109 0.0000000e+00 2.6100000e-08 1.6704000e-08
     47    110 0.0000000e+00 3.7500100e-07 2.4000000e-07
     47    110 1.0000000e+00 8.7500200e-07 5.6000100e-07
     47    111 0.0000000e+00 2.6800000e-06 1.7152000e-06
     47    111 1.0000000e+00 1.7950000e-05 1.1488000e-05
     47    112 0.0000000e+00 1.0845200e-03 6.9409400e-04
     47    113 0.0000000e+00 1.0234000e-04 6.5497700e-05
     47    113 1.0000000e+00 6.8492100e-04 4.3835000e-04
     47    114 0.0000000e+00 1.6063000e-04 1.0280300e-04
     47    115 0.0000000e+00 1.6082000e-04 1.0292500e-04
     47    115 1.0000000e+00 1.6082000e-04 1.0292500e-04
     47    116 0.0000000e+00 1.4627000e-04 9.3613000e-05
     47    116 1.0000000e+00 1.4627000e-04 9.3613000e-05
     47    117 0.0000000e+00 2.0739000e-04 1.3273000e-04
     47    117 1.0000000e+00 2.0739000e-04 1.3273000e-04
     47    118 0.0000000e+00 1.8579000e-04 1.1890600e-04
     47    118 1.0000000e+00 1.8579000e-04 1.1890600e-04
     47    119 0.0000000e+00 2.9733100e-04 1.9029200e-04
     47    120 1.0000000e+00 8.3410100e-05 5.3382500e-05
     47    120 0.0000000e+00 8.3410100e-05 5.3382500e-05
     47    121 0.0000000e+00 4.8860100e-05 3.1270500e-05
     47    122 1.0000000e+00 5.8750100e-06 3.7600100e-06
     47    122 0.0000000e+00 5.8750100e-06 3.7600100e-06
     47    123 0.0000000e+00 8.1800100e-07 5.2352100e-07
     47    124 0.0000000e+00 1.3700000e-11 8.7680200e-12
     47    125 0.0000000e+00 1.7700000e-12 1.1328000e-12
     47    126 0.0000000e+00 2.3500000e-13 1.5040000e-13
     47    127 0.0000000e+00 2.7900000e-14 1.7856000e-14
     47    128 0.0000000e+00 0.0000000e+00 0.0000000e+00
     47    129 0.0000000e+00 2.6480900e-16 1.6947800e-16
     47    130 0.0000000e+00 1.2100000e-09 7.7440100e-10
     47    131 0.0000000e+00 2.2397200e-11 1.4334200e-11
     47    132 0.0000000e+00 8.1774100e-13 5.2335400e-13
     48    105 0.0000000e+00 0.0000000e+00 0.0000000e+00
     48    106 0.0000000e+00 0.0000000e+00 0.0000000e+00
     48    107 0.0000000e+00 0.0000000e+00 0.0000000e+00
     48    108 0.0000000e+00 2.5400000e-14 1.6256000e-14
     48    109 0.0000000e+00 2.5800000e-12 1.6512000e-12
     48    110 0.0000000e+00 2.2200000e-10 1.4208000e-10
     48    111 0.0000000e+00 2.7100000e-09 1.7344000e-09
     48    111 1.0000000e+00 9.0600200e-09 5.7984100e-09
     48    112 0.0000000e+00 5.0400100e-07 3.2256100e-07
     48    113 0.0000000e+00 1.2500000e-06 8.0000100e-07
     48    113 1.0000000e+00 4.1700100e-06 2.6688000e-06
     48    114 0.0000000e+00 3.5800100e-09 2.2912000e-09
     48    115 0.0000000e+00 6.9700100e-09 4.4608100e-09
     48    115 1.0000000e+00 2.3300000e-08 1.4912000e-08
     48    116 0.0000000e+00 1.2300000e-07 7.8720100e-08
     48    117 0.0000000e+00 1.3600000e-07 8.7040100e-08
     48    117 1.0000000e+00 4.5500100e-07 2.9120100e-07
     48    118 0.0000000e+00 1.7400000e-06 1.1136000e-06
     48    119 0.0000000e+00 3.1510100e-05 2.0166400e-05
     48    119 1.0000000e+00 3.1510100e-05 2.0166400e-05
     48    120 0.0000000e+00 1.7252000e-04 1.1041300e-04
     48    121 1.0000000e+00 9.9000200e-05 6.3360100e-05
     48    121 0.0000000e+00 9.9000200e-05 6.3360100e-05
     48    122 0.0000000e+00 2.2379000e-04 1.4322600e-04
     48    123 0.0000000e+00 6.8340100e-05 4.3737700e-05
     48    124 0.0000000e+00 3.4200100e-06 2.1888000e-06
     48    125 0.0000000e+00 1.2200000e-06 7.8080100e-07
     48    126 0.0000000e+00 5.2500100e-07 3.3600100e-07
     48    127 0.0000000e+00 2.0400000e-07 1.3056000e-07
     48    128 0.0000000e+00 4.4000100e-08 2.8160000e-08
     48    129 0.0000000e+00 6.7500100e-09 4.3200100e-09
     48    130 0.0000000e+00 4.0300100e-06 2.5792000e-06
     48    131 0.0000000e+00 3.2997800e-07 2.1118600e-07
     48    132 0.0000000e+00 1.4199200e-08 9.0874900e-09
     48    133 0.0000000e+00 1.3631800e-10 8.7243500e-11
     48    134 0.0000000e+00 1.6700000e-12 1.0688000e-12
     48    136 0.0000000e+00 0.0000000e+00 0.0000000e+00
     49    107 0.0000000e+00 0.0000000e+00 0.0000000e+00
     49    109 0.0000000e+00 0.0000000e+00 0.0000000e+00
     49    111 0.0000000e+00 2.9800100e-13 1.9072000e-13
     49    112 0.0000000e+00 8.1300100e-12 5.2032100e-12
     49    112 1.0000000e+00 3.4600100e-11 2.2144000e-11
     49    113 0.0000000e+00 1.4500000e-09 9.2800200e-10
     49    113 1.0000000e+00 3.4000100e-10 2.1760000e-10
     49    114 0.0000000e+00 0.0000000e+00 0.0000000e+00
     49    114 1.0000000e+00 0.0000000e+00 0.0000000e+00
     49    115 0.0000000e+00 0.0000000e+00 0.0000000e+00
     49    115 1.0000000e+00 0.0000000e+00 0.0000000e+00
     49    116 2.0000000e+00 0.0000000e+00 0.0000000e+00
     49    116 0.0000000e+00 0.0000000e+00 0.0000000e+00
     49    116 1.0000000e+00 0.0000000e+00 0.0000000e+00
     49    117 0.0000000e+00 2.8200000e-13 1.8048000e-13
     49    117 1.0000000e+00 6.6300100e-14 4.2432100e-14
     49    118 2.0000000e+00 4.1650100e-13 2.6656000e-13
     49    118 0.0000000e+00 2.5000000e-12 1.6000000e-12
     49    118 1.0000000e+00 4.1650100e-13 2.6656000e-13
     49    119 0.0000000e+00 6.7200100e-07 4.3008100e-07
     49    119 1.0000000e+00 1.5800000e-07 1.0112000e-07
     49    120 2.0000000e+00 3.6600100e-06 2.3424000e-06
     49    120 0.0000000e+00 3.6600100e-06 2.3424000e-06
     49    120 1.0000000e+00 3.6600100e-06 2.3424000e-06
     49    121 0.0000000e+00 4.9740100e-05 3.1833700e-05
     49    121 1.0000000e+00 1.1670000e-05 7.4688100e-06
     49    122 2.0000000e+00 8.6080100e-05 5.5091300e-05
     49    122 0.0000000e+00 8.6080100e-05 5.5091300e-05
     49    122 1.0000000e+00 8.6080100e-05 5.5091300e-05
     49    123 0.0000000e+00 2.8459000e-04 1.8213800e-04
     49    123 1.0000000e+00 6.6750100e-05 4.2720100e-05
     49    124 1.0000000e+00 1.9339500e-04 1.2377300e-04
     49    124 0.0000000e+00 1.9339500e-04 1.2377300e-04
     49    125 0.0000000e+00 1.9129000e-04 1.2242600e-04
     49    125 1.0000000e+00 1.9129000e-04 1.2242600e-04
     49    126 1.0000000e+00 2.0320500e-04 1.3005100e-04
     49    126 0.0000000e+00 2.0320500e-04 1.3005100e-04
     49    127 0.0000000e+00 2.7246000e-04 1.7437500e-04
     49    127 1.0000000e+00 2.7246000e-04 1.7437500e-04
     49    128 1.0000000e+00 1.7876500e-04 1.1441000e-04
     49    128 0.0000000e+00 1.7876500e-04 1.1441000e-04
     49    129 0.0000000e+00 1.2573000e-04 8.0467300e-05
     49    129 1.0000000e+00 1.2573000e-04 8.0467300e-05
     49    130 2.0000000e+00 1.8237000e-04 1.1671700e-04
     49    130 1.0000000e+00 1.8237000e-04 1.1671700e-04
     49    130 0.0000000e+00 1.8237000e-04 1.1671700e-04
     49    131 1.0000000e+00 7.8760100e-05 5.0406500e-05
     49    131 0.0000000e+00 7.8760100e-05 5.0406500e-05
     49    132 0.0000000e+00 2.2010000e-05 1.4086400e-05
     49    133 0.0000000e+00 1.2398700e-06 7.9351400e-07
     49    134 0.0000000e+00 3.6500100e-08 2.3360000e-08
     49    135 0.0000000e+00 2.7148100e-10 1.7374800e-10
     49    136 0.0000000e+00 5.7800100e-12 3.6992100e-12
     50    111 0.0000000e+00 0.0000000e+00 0.0000000e+00
     50    112 0.0000000e+00 0.0000000e+00 0.0000000e+00
     50    113 1.0000000e+00 1.9450000e-14 1.2448000e-14
     50    113 0.0000000e+00 1.9450000e-14 1.2448000e-14
     50    114 0.0000000e+00 0.0000000e+00 0.0000000e+00
     50    115 0.0000000e+00 0.0000000e+00 0.0000000e+00
     50    116 0.0000000e+00 0.0000000e+00 0.0000000e+00
     50    117 1.0000000e+00 0.0000000e+00 0.0000000e+00
     50    117 0.0000000e+00 0.0000000e+00 0.0000000e+00
     50    118 0.0000000e+00 0.0000000e+00 0.0000000e+00
     50    119 0.0000000e+00 1.8800000e-10 1.2032000e-10
     50    119 1.0000000e+00 6.2900100e-10 4.0256100e-10
     50    120 0.0000000e+00 6.9400100e-08 4.4416100e-08
     50    121 0.0000000e+00 5.4500100e-07 3.4880100e-07
     50    121 1.0000000e+00 1.3300000e-06 8.5120100e-07
     50    122 0.0000000e+00 3.9000100e-05 2.4960000e-05
     50    123 0.0000000e+00 1.4506000e-04 9.2838600e-05
     50    123 1.0000000e+00 5.9250100e-05 3.7920100e-05
     50    124 0.0000000e+00 3.1928100e-04 2.0434000e-04
     50    125 0.0000000e+00 3.8918100e-04 2.4907600e-04
     50    125 1.0000000e+00 1.5896000e-04 1.0173500e-04
     50    126 0.0000000e+00 1.1957200e-03 5.3807500e-04
     50    127 0.0000000e+00 3.2748800e-03 7.5322100e-04
     50    127 1.0000000e+00 9.2735200e-04 5.9350500e-04
     50    128 1.0000000e+00 2.7682400e-03 1.7716700e-03
     50    128 0.0000000e+00 2.7682400e-03 1.7716700e-03
     50    129 0.0000000e+00 7.1236400e-03 4.5591300e-03
     50    129 1.0000000e+00 2.9064900e-03 1.8601600e-03
     50    130 1.0000000e+00 3.7397600e-03 2.3934400e-03
     50    130 0.0000000e+00 3.7397600e-03 2.3934400e-03
     50    131 1.0000000e+00 2.9443100e-03 1.8843600e-03
     50    131 0.0000000e+00 2.9443100e-03 1.8843600e-03
     50    132 0.0000000e+00 2.9179300e-03 1.8674700e-03
     50    133 0.0000000e+00 5.4721100e-04 3.5021500e-04
     50    134 0.0000000e+00 6.2670100e-05 4.0108900e-05
     50    135 0.0000000e+00 3.9997400e-06 2.5598300e-06
     50    136 0.0000000e+00 1.2000000e-07 7.6800100e-08
     50    137 0.0000000e+00 2.0000000e-09 1.2800000e-09
     50    138 0.0000000e+00 6.8300100e-11 4.3712100e-11
     50    139 0.0000000e+00 2.9132500e-12 1.8644800e-12
     51    113 0.0000000e+00 0.0000000e+00 0.0000000e+00
     51    115 0.0000000e+00 0.0000000e+00 0.0000000e+00
     51    117 0.0000000e+00 0.0000000e+00 0.0000000e+00
     51    118 0.0000000e+00 0.0000000e+00 0.0000000e+00
     51    118 1.0000000e+00 0.0000000e+00 0.0000000e+00
     51    119 0.0000000e+00 3.6100100e-14 2.3104000e-14
     51    120 0.0000000e+00 7.2800100e-12 4.6592100e-12
     51    120 1.0000000e+00 1.0500000e-11 6.7200100e-12
     51    121 0.0000000e+00 3.0000100e-09 1.9200000e-09
     51    122 0.0000000e+00 1.4000000e-07 8.9600200e-08
     51    122 1.0000000e+00 1.5800000e-07 1.0112000e-07
     51    123 0.0000000e+00 8.2100100e-06 5.2544100e-06
     51    124 2.0000000e+00 2.1533400e-07 1.3781400e-07
     51    124 0.0000000e+00 2.1533400e-07 1.3781400e-07
     51    124 1.0000000e+00 2.1533400e-07 1.3781400e-07
     51    125 0.0000000e+00 3.1100100e-06 1.9904000e-06
     51    126 2.0000000e+00 4.8700100e-06 3.1168100e-06
     51    126 0.0000000e+00 5.7200100e-06 3.6608100e-06
     51    126 1.0000000e+00 4.8700100e-06 3.1168100e-06
     51    127 0.0000000e+00 1.1767000e-04 7.5308900e-05
     51    128 0.0000000e+00 2.2912000e-04 1.4663700e-04
     51    128 1.0000000e+00 3.9012100e-04 2.4967700e-04
     51    129 0.0000000e+00 2.4207800e-03 1.5493000e-03
     51    130 0.0000000e+00 5.7737600e-03 4.6190100e-04
     51    130 1.0000000e+00 4.0046700e-03 2.5629900e-03
     51    131 0.0000000e+00 1.4644500e-02 3.3682400e-03
     51    132 0.0000000e+00 1.1348900e-02 3.6316400e-03
     51    132 1.0000000e+00 8.2181600e-03 5.2596300e-03
     51    133 0.0000000e+00 1.2871700e-02 4.1189500e-03
     51    134 1.0000000e+00 2.2642200e-03 1.4491000e-03
     51    134 0.0000000e+00 2.2642200e-03 1.4491000e-03
     51    135 0.0000000e+00 1.0576500e-03 6.7689700e-04
     51    136 0.0000000e+00 9.6520200e-05 6.1772900e-05
     51    137 0.0000000e+00 5.4800100e-06 3.5072100e-06
     51    138 0.0000000e+00 5.5300100e-07 3.5392100e-07
     51    139 0.0000000e+00 2.6497100e-08 1.6958200e-08
     51    140 0.0000000e+00 1.9119000e-10 1.2236200e-10
     51    141 0.0000000e+00 1.6422700e-11 1.0510500e-11
     52    115 0.0000000e+00 0.0000000e+00 0.0000000e+00
     52    117 0.0000000e+00 0.0000000e+00 0.0000000e+00
     52    118 0.0000000e+00 0.0000000e+00 0.0000000e+00
     52    119 0.0000000e+00 0.0000000e+00 0.0000000e+00
     52    120 0.0000000e+00 0.0000000e+00 0.0000000e+00
     52    121 1.0000000e+00 1.6350000e-13 1.0464000e-13
     52    121 0.0000000e+00 1.6350000e-13 1.0464000e-13
     52    122 0.0000000e+00 1.9500000e-10 1.2480000e-10
     52    123 0.0000000e+00 6.1200100e-09 3.9168100e-09
     52    123 1.0000000e+00 2.0500000e-08 1.3120000e-08
     52    124 0.0000000e+00 1.0200000e-12 6.5280100e-13
     52    125 0.0000000e+00 3.1200100e-12 1.9968000e-12
     52    125 1.0000000e+00 1.0500000e-11 6.7200100e-12
     52    126 0.0000000e+00 2.1700000e-10 1.3888000e-10
     52    127 0.0000000e+00 1.5100000e-09 9.6640200e-10
     52    127 1.0000000e+00 3.6900100e-09 2.3616000e-09
     52    128 0.0000000e+00 9.8400200e-08 6.2976100e-08
     52    129 0.0000000e+00 4.1000100e-07 2.6240000e-07
     52    129 1.0000000e+00 1.0000000e-06 6.4000100e-07
     52    130 0.0000000e+00 6.9330100e-04 4.4371300e-04
     52    131 0.0000000e+00 1.2931900e-03 8.2764300e-04
     52    131 1.0000000e+00 7.0923200e-03 7.8015500e-04
     52    132 0.0000000e+00 1.7161200e-02 3.9470800e-03
     52    133 0.0000000e+00 8.9016100e-03 2.8485100e-03
     52    133 1.0000000e+00 2.1919300e-02 2.4111300e-03
     52    134 0.0000000e+00 3.4743800e-02 3.8218200e-03
     52    135 0.0000000e+00 2.2823300e-02 7.3034500e-03
     52    136 0.0000000e+00 6.8476800e-03 4.3825200e-03
     52    137 0.0000000e+00 1.0712800e-03 6.8562000e-04
     52    138 0.0000000e+00 3.5974100e-04 2.3023400e-04
     52    139 0.0000000e+00 4.8550100e-05 3.1072100e-05
     52    140 0.0000000e+00 3.3198100e-06 2.1246800e-06
     52    141 0.0000000e+00 2.4195600e-07 1.5485200e-07
     52    142 0.0000000e+00 4.3600100e-09 2.7904000e-09
     52    143 0.0000000e+00 4.6600300e-11 2.9824200e-11
     52    144 0.0000000e+00 5.9022200e-12 3.7774200e-12
     53    121 0.0000000e+00 0.0000000e+00 0.0000000e+00
     53    123 0.0000000e+00 4.0100100e-12 2.5664000e-12
     53    125 0.0000000e+00 0.0000000e+00 0.0000000e+00
     53    126 0.0000000e+00 0.0000000e+00 0.0000000e+00
     53    127 0.0000000e+00 0.0000000e+00 0.0000000e+00
     53    128 0.0000000e+00 0.0000000e+00 0.0000000e+00
     53    129 0.0000000e+00 3.2400100e-13 2.0736000e-13
     53    130 0.0000000e+00 2.5900000e-06 1.6576000e-06
     53    130 1.0000000e+00 1.1100000e-06 7.1040100e-07
     53    131 0.0000000e+00 8.1210100e-05 5.1974500e-05
     53    132 1.0000000e+00 1.0871500e-03 6.9577400e-04
     53    132 0.0000000e+00 1.0871500e-03 6.9577400e-04
     53    133 1.0000000e+00 5.1598000e-03 3.3022700e-03
     53    133 0.0000000e+00 5.1598000e-03 3.3022700e-03
     53    134 0.0000000e+00 2.0341800e-02 1.6273400e-03
     53    134 1.0000000e+00 1.0039200e-02 1.1043100e-03
     53    135 0.0000000e+00 3.4333200e-02 5.4933100e-03
     53    136 0.0000000e+00 1.2402900e-02 3.9689400e-03
     53    136 1.0000000e+00 1.4924800e-02 1.6417300e-03
     53    137 0.0000000e+00 1.1933400e-02 3.8186800e-03
     53    138 0.0000000e+00 1.0429800e-02 3.3375400e-03
     53    139 0.0000000e+00 4.3581900e-03 2.7892400e-03
     53    140 0.0000000e+00 8.3380100e-04 5.3363300e-04
     53    141 0.0000000e+00 1.2285800e-04 7.8629300e-05
     53    142 0.0000000e+00 1.0120000e-05 6.4768100e-06
     53    143 0.0000000e+00 4.2384800e-07 2.7126300e-07
     53    144 0.0000000e+00 4.5549200e-08 2.9151500e-08
     53    145 0.0000000e+00 1.8257100e-10 1.1684500e-10
     53    146 0.0000000e+00 7.8894800e-12 5.0492600e-12
     53    147 0.0000000e+00 3.2083800e-12 2.0533600e-12
     54    124 0.0000000e+00 0.0000000e+00 0.0000000e+00
     54    125 1.0000000e+00 0.0000000e+00 0.0000000e+00
     54    125 0.0000000e+00 0.0000000e+00 0.0000000e+00
     54    126 0.0000000e+00 0.0000000e+00 0.0000000e+00
     54    127 1.0000000e+00 0.0000000e+00 0.0000000e+00
     54    127 0.0000000e+00 0.0000000e+00 0.0000000e+00
     54    128 0.0000000e+00 0.0000000e+00 0.0000000e+00
     54    129 1.0000000e+00 0.0000000e+00 0.0000000e+00
     54    129 0.0000000e+00 0.0000000e+00 0.0000000e+00
     54    130 0.0000000e+00 1.6700000e-09 1.0688000e-09
     54    131 0.0000000e+00 3.2700100e-08 2.0928000e-08
     54    131 1.0000000e+00 7.9900100e-08 5.1136100e-08
     54    132 0.0000000e+00 4.8700100e-06 3.1168100e-06
     54    133 0.0000000e+00 3.0880100e-05 1.9763200e-05
     54    133 1.0000000e+00 7.5600100e-05 4.8384100e-05
     54    134 0.0000000e+00 3.3297100e-04 2.1310100e-04
     54    134 1.0000000e+00 7.7694100e-04 4.9724200e-04
     54    135 0.0000000e+00 2.9123400e-03 1.7474000e-04
     54    135 1.0000000e+00 6.8958400e-03 4.1375100e-04
     54    136 0.0000000e+00 1.4052600e-02 4.4968300e-03
     54    137 0.0000000e+00 4.2063500e-02 6.7301600e-03
     54    138 0.0000000e+00 3.4901700e-02 3.8391900e-03
     54    139 0.0000000e+00 3.4994200e-02 5.5990600e-03
     54    140 0.0000000e+00 2.0009800e-02 6.4031200e-03
     54    141 0.0000000e+00 7.6365900e-03 4.8874200e-03
     54    142 0.0000000e+00 1.9726400e-03 1.2624900e-03
     54    143 1.0000000e+00 1.7430800e-04 1.1155700e-04
     54    143 0.0000000e+00 1.7430800e-04 1.1155700e-04
     54    144 0.0000000e+00 4.4154500e-05 2.8258900e-05
     54    145 0.0000000e+00 2.6898200e-06 1.7214900e-06
     54    146 0.0000000e+00 1.3699200e-07 8.7675100e-08
     54    147 0.0000000e+00 4.7269200e-08 3.0252300e-08
     54    148 0.0000000e+00 9.3100200e-11 5.9584100e-11
     54    149 0.0000000e+00 3.8651100e-12 2.4736700e-12
     54    150 0.0000000e+00 0.0000000e+00 0.0000000e+00
     55    127 0.0000000e+00 0.0000000e+00 0.0000000e+00
     55    129 0.0000000e+00 0.0000000e+00 0.0000000e+00
     55    131 0.0000000e+00 7.0800100e-12 4.5312100e-12
     55    132 0.0000000e+00 1.0200000e-09 6.5280100e-10
     55    133 0.0000000e+00 9.0800200e-08 5.8112100e-08
     55    134 1.0000000e+00 1.5650000e-06 1.0016000e-06
     55    134 0.0000000e+00 1.5650000e-06 1.0016000e-06
     55    135 1.0000000e+00 3.0210100e-05 1.9334400e-05
     55    135 0.0000000e+00 3.0210100e-05 1.9334400e-05
     55    136 1.0000000e+00 6.2913100e-04 4.0264400e-04
     55    136 0.0000000e+00 6.2913100e-04 4.0264400e-04
     55    137 0.0000000e+00 7.4331200e-03 4.7572000e-03
     55    138 0.0000000e+00 1.1793300e-02 2.7124500e-03
     55    138 1.0000000e+00 4.2119900e-03 2.6956700e-03
     55    139 0.0000000e+00 1.8298000e-02 5.8553400e-03
     55    140 0.0000000e+00 2.8649100e-02 9.1677100e-03
     55    141 0.0000000e+00 3.0011400e-02 9.6036300e-03
     55    142 0.0000000e+00 1.8794700e-02 6.0142900e-03
     55    143 0.0000000e+00 9.8681000e-03 6.3155800e-03
     55    144 0.0000000e+00 3.2821500e-03 2.1005700e-03
     55    145 0.0000000e+00 6.1773100e-04 3.9534800e-04
     55    146 0.0000000e+00 8.7600200e-05 5.6064100e-05
     55    147 0.0000000e+00 2.4001900e-05 1.5361200e-05
     55    148 0.0000000e+00 5.4700100e-07 3.5008100e-07
     55    149 0.0000000e+00 3.5154700e-08 2.2499000e-08
     55    150 0.0000000e+00 5.1400100e-10 3.2896100e-10
     55    151 0.0000000e+00 6.1341700e-12 3.9258700e-12
     55    152 0.0000000e+00 1.4224100e-13 9.1034200e-14
     56    129 0.0000000e+00 0.0000000e+00 0.0000000e+00
     56    131 0.0000000e+00 0.0000000e+00 0.0000000e+00
     56    132 0.0000000e+00 1.6300000e-14 1.0432000e-14
     56    133 0.0000000e+00 5.2000100e-12 3.3280100e-12
     56    134 0.0000000e+00 7.2200100e-10 4.6208100e-10
     56    135 1.0000000e+00 2.2950000e-08 1.4688000e-08
     56    135 0.0000000e+00 2.2950000e-08 1.4688000e-08
     56    136 1.0000000e+00 5.6000100e-07 3.5840100e-07
     56    136 0.0000000e+00 5.6000100e-07 3.5840100e-07
     56    137 0.0000000e+00 6.9500100e-06 4.4480100e-06
     56    137 1.0000000e+00 1.7020000e-05 1.0892800e-05
     56    138 0.0000000e+00 2.0879000e-04 1.3362600e-04
     56    139 0.0000000e+00 1.0885500e-03 6.9667300e-04
     56    140 0.0000000e+00 5.3681600e-03 3.4356200e-03
     56    141 0.0000000e+00 1.3438200e-02 4.3002400e-03
     56    142 0.0000000e+00 2.3684800e-02 5.4475100e-03
     56    143 0.0000000e+00 2.7876200e-02 8.9204000e-03
     56    144 0.0000000e+00 2.5869000e-02 8.2780800e-03
     56    145 0.0000000e+00 1.1717800e-02 3.7496800e-03
     56    146 0.0000000e+00 5.0142900e-03 3.2091400e-03
     56    147 0.0000000e+00 1.2495900e-03 7.9974000e-04
     56    148 0.0000000e+00 2.6099000e-04 1.6703400e-04
     56    149 0.0000000e+00 2.8914900e-05 1.8505500e-05
     56    150 0.0000000e+00 2.3500000e-06 1.5040000e-06
     56    151 0.0000000e+00 9.0374900e-08 5.7839900e-08
     56    152 0.0000000e+00 2.4698600e-09 1.5807100e-09
     56    153 0.0000000e+00 3.3090100e-11 2.1177700e-11
     56    154 0.0000000e+00 3.2500100e-13 2.0800000e-13
     57    133 0.0000000e+00 0.0000000e+00 0.0000000e+00
     57    135 0.0000000e+00 1.5600000e-12 9.9840200e-13
     57    137 0.0000000e+00 8.8800200e-09 5.6832100e-09
     57    138 0.0000000e+00 2.2500000e-07 1.4400000e-07
     57    139 0.0000000e+00 3.8200100e-06 2.4448000e-06
     57    140 0.0000000e+00 3.3507100e-04 1.0722300e-04
     57    141 0.0000000e+00 4.0488100e-04 2.5912400e-04
     57    142 0.0000000e+00 2.6909100e-03 1.7221900e-03
     57    143 0.0000000e+00 6.0234200e-03 3.8549900e-03
     57    144 0.0000000e+00 1.3100200e-02 4.1920800e-03
     57    145 0.0000000e+00 1.5704700e-02 5.0255200e-03
     57    146 1.0000000e+00 7.8621500e-03 5.0317800e-03
     57    146 0.0000000e+00 7.8621500e-03 5.0317800e-03
     57    147 0.0000000e+00 1.1306800e-02 3.6181700e-03
     57    148 0.0000000e+00 5.6659900e-03 3.6262300e-03
     57    149 0.0000000e+00 1.9260400e-03 1.2326700e-03
     57    150 0.0000000e+00 4.3412100e-04 2.7783700e-04
     57    151 0.0000000e+00 4.5889700e-05 2.9369400e-05
     57    152 0.0000000e+00 4.5600100e-06 2.9184100e-06
     57    153 0.0000000e+00 3.0096700e-07 1.9261900e-07
     57    154 0.0000000e+00 6.7100100e-09 4.2944100e-09
     57    155 0.0000000e+00 3.8889600e-11 2.4889400e-11
     57    156 0.0000000e+00 8.6381100e-13 5.5283900e-13
     58    135 0.0000000e+00 0.0000000e+00 0.0000000e+00
     58    137 0.0000000e+00 2.1700000e-13 1.3888000e-13
     58    138 0.0000000e+00 1.9300000e-11 1.2352000e-11
     58    139 0.0000000e+00 2.7300000e-10 1.7472000e-10
     58    139 1.0000000e+00 6.6900100e-10 4.2816100e-10
     58    140 0.0000000e+00 4.5500100e-08 2.9120100e-08
     58    141 0.0000000e+00 9.6200200e-07 6.1568100e-07
     58    142 0.0000000e+00 1.4360000e-05 9.1904200e-06
     58    143 0.0000000e+00 1.2364000e-04 7.9129700e-05
     58    144 0.0000000e+00 7.1313100e-04 4.5640400e-04
     58    145 0.0000000e+00 2.3701000e-03 1.5168700e-03
     58    146 0.0000000e+00 6.5765000e-03 4.2089600e-03
     58    147 0.0000000e+00 1.1014500e-02 3.5246400e-03
     58    148 0.0000000e+00 1.4695100e-02 4.7024200e-03
     58    149 0.0000000e+00 1.1802400e-02 3.7767700e-03
     58    150 0.0000000e+00 7.8522400e-03 5.0254400e-03
     58    151 0.0000000e+00 2.1826600e-03 1.3969000e-03
     58    152 0.0000000e+00 7.1267100e-04 4.5611000e-04
     58    153 0.0000000e+00 1.3615000e-04 8.7136100e-05
     58    154 0.0000000e+00 1.0870000e-05 6.9568100e-06
     58    155 0.0000000e+00 5.7296200e-07 3.6669600e-07
     58    156 0.0000000e+00 1.4999200e-08 9.5994600e-09
     58    157 0.0000000e+00 4.5500100e-10 2.9120100e-10
     58    158 0.0000000e+00 6.3600100e-12 4.0704100e-12
     58    159 0.0000000e+00 1.5280800e-13 9.7797100e-14
     58    160 0.0000000e+00 0.0000000e+00 0.0000000e+00
     59    139 0.0000000e+00 1.0200000e-14 6.5280100e-15
     59    140 0.0000000e+00 1.4700000e-12 9.4080200e-13
     59    141 0.0000000e+00 1.0500000e-10 6.7200100e-11
     59    142 1.0000000e+00 2.2500000e-09 1.4400000e-09
     59    142 0.0000000e+00 2.2500000e-09 1.4400000e-09
     59    143 0.0000000e+00 1.2900000e-07 8.2560100e-08
     59    144 0.0000000e+00 2.0700000e-07 1.3248000e-07
     59    144 1.0000000e+00 1.8600000e-06 1.1904000e-06
     59    145 0.0000000e+00 2.0410000e-05 1.3062400e-05
     59    146 0.0000000e+00 1.5192000e-04 9.7229000e-05
     59    147 0.0000000e+00 7.8135100e-04 5.0006500e-04
     59    148 1.0000000e+00 1.2357700e-03 7.9089100e-04
     59    148 0.0000000e+00 1.2357700e-03 7.9089100e-04
     59    149 0.0000000e+00 5.5019200e-03 3.5212300e-03
     59    150 0.0000000e+00 8.6439300e-03 5.5321200e-03
     59    151 0.0000000e+00 6.7897000e-03 3.0553700e-03
     59    152 0.0000000e+00 5.5521300e-03 3.5533600e-03
     59    153 0.0000000e+00 3.2882500e-03 2.1044800e-03
     59    154 0.0000000e+00 7.4405100e-04 4.7619300e-04
     59    155 0.0000000e+00 1.3551000e-04 8.6726500e-05
     59    156 0.0000000e+00 1.0730000e-05 6.8672100e-06
     59    157 0.0000000e+00 1.1100000e-06 7.1040100e-07
     59    158 0.0000000e+00 4.5800100e-08 2.9312100e-08
     59    159 0.0000000e+00 1.3898500e-09 8.8950400e-10
     59    160 0.0000000e+00 2.8300000e-11 1.8112000e-11
     59    161 0.0000000e+00 3.8550300e-13 2.4672200e-13
     59    162 0.0000000e+00 8.4653500e-15 5.4178200e-15
     60    140 0.0000000e+00 0.0000000e+00 0.0000000e+00
     60    141 0.0000000e+00 0.0000000e+00 0.0000000e+00
     60    142 0.0000000e+00 1.0900000e-13 6.9760100e-14
     60    143 0.0000000e+00 9.0600200e-12 5.7984100e-12
     60    144 0.0000000e+00 4.9100100e-10 3.1424100e-10
     60    145 0.0000000e+00 1.3400000e-08 8.5760100e-09
     60    146 0.0000000e+00 3.2800100e-07 2.0992000e-07
     60    147 0.0000000e+00 4.6800100e-06 2.9952100e-06
     60    148 0.0000000e+00 4.5490100e-05 2.9113600e-05
     60    149 0.0000000e+00 2.6233000e-04 1.6789100e-04
     60    150 0.0000000e+00 1.2419500e-03 7.9484900e-04
     60    151 0.0000000e+00 2.3529100e-03 1.5058600e-03
     60    152 0.0000000e+00 5.6082200e-03 3.5892600e-03
     60    153 0.0000000e+00 8.0104400e-03 5.1266800e-03
     60    154 0.0000000e+00 5.4514500e-03 3.4889300e-03
     60    155 0.0000000e+00 2.6383300e-03 1.6885300e-03
     60    156 0.0000000e+00 6.8356100e-04 4.3747900e-04
     60    157 0.0000000e+00 1.9449000e-04 1.2447400e-04
     60    158 0.0000000e+00 2.6620000e-05 1.7036800e-05
     60    159 0.0000000e+00 2.2700000e-06 1.4528000e-06
     60    160 0.0000000e+00 1.5400000e-07 9.8560200e-08
     60    161 0.0000000e+00 5.6796200e-09 3.6349600e-09
     60    162 0.0000000e+00 1.4699200e-10 9.4074700e-11
     60    163 0.0000000e+00 2.3700000e-12 1.5168000e-12
     60    164 0.0000000e+00 2.0200000e-14 1.2928000e-14
     61    141 0.0000000e+00 0.0000000e+00 0.0000000e+00
     61    143 0.0000000e+00 0.0000000e+00 0.0000000e+00
     61    144 0.0000000e+00 0.0000000e+00 0.0000000e+00
     61    145 0.0000000e+00 3.9400100e-13 2.5216000e-13
     61    146 0.0000000e+00 2.7800000e-11 1.7792000e-11
     61    147 0.0000000e+00 1.2200000e-09 7.8080100e-10
     61    148 0.0000000e+00 1.0700000e-08 6.8480100e-09
     61    148 1.0000000e+00 2.5100000e-08 1.6064000e-08
     61    149 0.0000000e+00 6.8200100e-07 4.3648100e-07
     61    150 0.0000000e+00 8.9900200e-06 5.7536100e-06
     61    151 0.0000000e+00 5.6830100e-05 3.6371300e-05
     61    152 2.0000000e+00 1.1596000e-04 7.4214500e-05
     61    152 0.0000000e+00 1.1596000e-04 7.4214500e-05
     61    152 1.0000000e+00 1.1596000e-04 7.4214500e-05
     61    153 0.0000000e+00 1.4928200e-03 9.5540600e-04
     61    154 0.0000000e+00 1.2853000e-03 8.2259300e-04
     61    154 1.0000000e+00 1.2853000e-03 8.2259300e-04
     61    155 0.0000000e+00 3.6255600e-03 2.3203600e-03
     61    156 0.0000000e+00 2.4040100e-03 1.5385700e-03
     61    157 0.0000000e+00 1.9583500e-03 1.2533500e-03
     61    158 0.0000000e+00 6.9463100e-04 4.4456400e-04
     61    159 0.0000000e+00 1.8302000e-04 1.1713300e-04
     61    160 0.0000000e+00 3.3640100e-05 2.1529600e-05
     61    161 0.0000000e+00 3.9200100e-06 2.5088000e-06
     61    162 0.0000000e+00 2.7900000e-07 1.7856000e-07
     61    163 0.0000000e+00 1.4700000e-08 9.4080200e-09
     61    164 0.0000000e+00 3.4000100e-10 2.1760000e-10
     61    165 0.0000000e+00 4.7100100e-12 3.0144100e-12
     61    166 0.0000000e+00 3.0521300e-14 1.9533600e-14
     61    167 0.0000000e+00 7.2621100e-16 4.6477500e-16
     62    143 0.0000000e+00 0.0000000e+00 0.0000000e+00
     62    143 1.0000000e+00 0.0000000e+00 0.0000000e+00
     62    144 0.0000000e+00 0.0000000e+00 0.0000000e+00
     62    145 0.0000000e+00 0.0000000e+00 0.0000000e+00
     62    146 0.0000000e+00 0.0000000e+00 0.0000000e+00
     62    147 0.0000000e+00 2.3000000e-14 1.4720000e-14
     62    148 0.0000000e+00 2.2200000e-12 1.4208000e-12
     62    149 0.0000000e+00 1.2200000e-10 7.8080100e-11
     62    150 0.0000000e+00 5.5600100e-09 3.5584100e-09
     62    151 0.0000000e+00 1.0200000e-07 6.5280100e-08
     62    152 0.0000000e+00 2.1400000e-06 1.3696000e-06
     62    153 0.0000000e+00 2.4140000e-05 1.5449600e-05
     62    154 0.0000000e+00 1.4779000e-04 9.4585800e-05
     62    155 0.0000000e+00 5.5803100e-04 3.5714000e-04
     62    156 0.0000000e+00 1.2016500e-03 7.6905700e-04
     62    157 0.0000000e+00 2.1520100e-03 1.3772900e-03
     62    158 0.0000000e+00 2.1287900e-03 1.3624300e-03
     62    159 0.0000000e+00 1.3323900e-03 8.5273100e-04
     62    160 0.0000000e+00 7.0990100e-04 4.5433700e-04
     62    161 0.0000000e+00 2.0728000e-04 1.3265900e-04
     62    162 0.0000000e+00 4.4790100e-05 2.8665600e-05
     62    163 0.0000000e+00 6.2800100e-06 4.0192100e-06
     62    164 0.0000000e+00 4.5100100e-07 2.8864000e-07
     62    165 0.0000000e+00 1.7700000e-08 1.1328000e-08
     62    166 0.0000000e+00 5.2997000e-10 3.3918100e-10
     62    167 0.0000000e+00 1.0699300e-11 6.8475500e-12
     62    168 0.0000000e+00 1.8000000e-13 1.1520000e-13
     62    169 0.0000000e+00 2.1547000e-15 1.3790100e-15
     62    170 0.0000000e+00 0.0000000e+00 0.0000000e+00
     63    147 0.0000000e+00 0.0000000e+00 0.0000000e+00
     63    149 0.0000000e+00 0.0000000e+00 0.0000000e+00
     63    151 0.0000000e+00 8.3200100e-12 5.3248100e-12
     63    152 2.0000000e+00 1.7733400e-10 1.1349400e-10
     63    152 0.0000000e+00 1.7733400e-10 1.1349400e-10
     63    152 1.0000000e+00 1.7733400e-10 1.1349400e-10
     63    153 0.0000000e+00 2.1200000e-08 1.3568000e-08
     63    154 1.0000000e+00 1.9700000e-07 1.2608000e-07
     63    154 0.0000000e+00 1.9700000e-07 1.2608000e-07
     63    155 0.0000000e+00 5.1600100e-06 3.3024100e-06
     63    156 0.0000000e+00 2.8810000e-05 1.8438400e-05
     63    157 0.0000000e+00 1.7279000e-04 1.1058600e-04
     63    158 0.0000000e+00 4.2441100e-04 2.7162300e-04
     63    159 0.0000000e+00 7.3091100e-04 4.6778300e-04
     63    160 0.0000000e+00 9.0016200e-04 5.7610300e-04
     63    161 0.0000000e+00 7.0442100e-04 4.5083000e-04
     63    162 0.0000000e+00 3.5783100e-04 2.2901200e-04
     63    163 0.0000000e+00 1.4388000e-04 9.2083400e-05
     63    164 0.0000000e+00 2.5520000e-05 1.6332800e-05
     63    165 0.0000000e+00 3.1700100e-06 2.0288000e-06
     63    166 0.0000000e+00 2.4700000e-07 1.5808000e-07
     63    167 0.0000000e+00 1.6000000e-08 1.0240000e-08
     63    168 0.0000000e+00 7.4600100e-10 4.7744100e-10
     63    169 0.0000000e+00 1.9597900e-11 1.2542600e-11
     63    170 0.0000000e+00 3.4100100e-13 2.1824000e-13
     63    171 0.0000000e+00 2.8301900e-15 1.8113200e-15
     63    172 0.0000000e+00 5.5514300e-17 3.5529100e-17
     64    147 0.0000000e+00 0.0000000e+00 0.0000000e+00
     64    149 0.0000000e+00 0.0000000e+00 0.0000000e+00
     64    151 0.0000000e+00 0.0000000e+00 0.0000000e+00
     64    152 0.0000000e+00 1.0200000e-14 6.5280100e-15
     64    153 0.0000000e+00 1.2500000e-12 8.0000100e-13
     64    154 0.0000000e+00 8.5800100e-11 5.4912100e-11
     64    155 0.0000000e+00 3.5000100e-09 2.2400000e-09
     64    156 0.0000000e+00 7.9100100e-08 5.0624100e-08
     64    157 0.0000000e+00 1.1900000e-06 7.6160100e-07
     64    158 0.0000000e+00 9.4300200e-06 6.0352100e-06
     64    159 0.0000000e+00 4.1910100e-05 2.6822400e-05
     64    160 0.0000000e+00 1.5015000e-04 9.6096200e-05
     64    161 0.0000000e+00 2.7333000e-04 1.7493200e-04
     64    162 0.0000000e+00 3.7005100e-04 2.3683200e-04
     64    163 0.0000000e+00 3.3635100e-04 2.1526400e-04
     64    164 0.0000000e+00 1.5745000e-04 1.0076800e-04
     64    165 0.0000000e+00 4.7750100e-05 3.0560100e-05
     64    166 0.0000000e+00 1.0560000e-05 6.7584100e-06
     64    167 0.0000000e+00 1.7600000e-06 1.1264000e-06
     64    168 0.0000000e+00 2.5400000e-07 1.6256000e-07
     64    169 0.0000000e+00 1.8100000e-08 1.1584000e-08
     64    170 0.0000000e+00 1.0100000e-09 6.4640100e-10
     64    171 0.0000000e+00 4.1697200e-11 2.6686200e-11
     64    172 0.0000000e+00 9.6394600e-13 6.1692600e-13
     65    151 0.0000000e+00 0.0000000e+00 0.0000000e+00
     65    153 0.0000000e+00 0.0000000e+00 0.0000000e+00
     65    155 0.0000000e+00 1.0600000e-13 6.7840100e-14
     65    156 0.0000000e+00 6.7800100e-12 4.3392100e-12
     65    156 1.0000000e+00 7.5400100e-13 4.8256100e-13
     65    157 0.0000000e+00 3.9300100e-10 2.5152000e-10
     65    158 0.0000000e+00 8.1600100e-09 5.2224100e-09
     65    158 1.0000000e+00 9.0700200e-10 5.8048100e-10
     65    159 0.0000000e+00 1.3200000e-07 8.4480100e-08
     65    160 0.0000000e+00 1.2800000e-06 8.1920100e-07
     65    161 0.0000000e+00 7.0300100e-06 4.4992100e-06
     65    162 0.0000000e+00 1.1770000e-05 7.5328100e-06
     65    162 1.0000000e+00 1.1770000e-05 7.5328100e-06
     65    163 0.0000000e+00 5.9810100e-05 3.8278500e-05
     65    164 0.0000000e+00 6.2900100e-05 4.0256100e-05
     65    165 0.0000000e+00 5.1840100e-05 3.3177700e-05
     65    166 0.0000000e+00 2.5430000e-05 1.6275200e-05
     65    167 0.0000000e+00 1.1560000e-05 7.3984100e-06
     65    168 0.0000000e+00 4.0400100e-06 2.5856000e-06
     65    169 0.0000000e+00 8.4700100e-07 5.4208100e-07
     65    170 0.0000000e+00 1.2300000e-07 7.8720100e-08
     65    171 0.0000000e+00 1.5900000e-08 1.0176000e-08
     65    172 0.0000000e+00 9.9900200e-10 6.3936100e-10
     66    155 0.0000000e+00 0.0000000e+00 0.0000000e+00
     66    156 0.0000000e+00 0.0000000e+00 0.0000000e+00
     66    157 0.0000000e+00 0.0000000e+00 0.0000000e+00
     66    158 0.0000000e+00 6.9100100e-13 4.4224100e-13
     66    159 0.0000000e+00 2.8900000e-11 1.8496000e-11
     66    160 0.0000000e+00 9.4100200e-10 6.0224100e-10
     66    161 0.0000000e+00 1.4100000e-08 9.0240200e-09
     66    162 0.0000000e+00 1.4900000e-07 9.5360200e-08
     66    163 0.0000000e+00 9.8900200e-07 6.3296100e-07
     66    164 0.0000000e+00 3.0100100e-06 1.9264000e-06
     66    165 0.0000000e+00 5.4100100e-06 3.4624100e-06
     66    165 1.0000000e+00 8.0800100e-07 5.1712100e-07
     66    166 0.0000000e+00 8.2100100e-06 5.2544100e-06
     66    167 0.0000000e+00 8.5200100e-06 5.4528100e-06
     66    168 0.0000000e+00 7.8800100e-06 5.0432100e-06
     66    169 0.0000000e+00 3.7800100e-06 2.4192000e-06
     66    170 0.0000000e+00 1.5200000e-06 9.7280200e-07
     66    171 0.0000000e+00 4.8200100e-07 3.0848100e-07
     66    172 0.0000000e+00 9.0400200e-08 5.7856100e-08
     67    159 0.0000000e+00 0.0000000e+00 0.0000000e+00
     67    159 1.0000000e+00 0.0000000e+00 0.0000000e+00
     67    161 0.0000000e+00 1.1300000e-12 7.2320100e-13
     67    161 1.0000000e+00 1.6900000e-13 1.0816000e-13
     67    162 0.0000000e+00 1.1400000e-11 7.2960100e-12
     67    162 1.0000000e+00 2.6700000e-11 1.7088000e-11
     67    163 0.0000000e+00 7.1300100e-10 4.5632100e-10
     67    163 1.0000000e+00 1.0700000e-10 6.8480100e-11
     67    164 0.0000000e+00 1.9800000e-09 1.2672000e-09
     67    164 1.0000000e+00 4.6200100e-09 2.9568100e-09
     67    165 0.0000000e+00 4.3700100e-08 2.7968000e-08
     67    166 0.0000000e+00 4.3600100e-08 2.7904000e-08
     67    166 1.0000000e+00 1.0200000e-07 6.5280100e-08
     67    167 0.0000000e+00 4.4300100e-07 2.8352000e-07
     67    168 0.0000000e+00 9.8700200e-07 6.3168100e-07
     67    169 0.0000000e+00 1.2900000e-06 8.2560100e-07
     67    170 0.0000000e+00 5.8900100e-07 3.7696100e-07
     67    170 1.0000000e+00 5.8900100e-07 3.7696100e-07
     67    171 0.0000000e+00 9.9000200e-07 6.3360100e-07
     67    172 0.0000000e+00 4.2900100e-07 2.7456000e-07
     68    161 0.0000000e+00 0.0000000e+00 0.0000000e+00
     68    162 0.0000000e+00 0.0000000e+00 0.0000000e+00
     68    163 0.0000000e+00 4.5600100e-14 2.9184100e-14
     68    164 0.0000000e+00 1.1700000e-12 7.4880100e-13
     68    165 0.0000000e+00 2.2200000e-11 1.4208000e-11
     68    166 0.0000000e+00 2.3100000e-10 1.4784000e-10
     68    167 0.0000000e+00 1.6500000e-09 1.0560000e-09
     68    167 1.0000000e+00 2.4700000e-10 1.5808000e-10
     68    168 0.0000000e+00 1.3100000e-08 8.3840100e-09
     68    169 0.0000000e+00 4.3900100e-08 2.8096000e-08
     68    170 0.0000000e+00 1.1600000e-07 7.4240100e-08
     68    171 0.0000000e+00 2.3100000e-07 1.4784000e-07
     68    172 0.0000000e+00 2.7000000e-07 1.7280000e-07
     69    165 0.0000000e+00 0.0000000e+00 0.0000000e+00
     69    166 0.0000000e+00 1.4200000e-14 9.0880200e-15
     69    167 0.0000000e+00 3.8400100e-13 2.4576000e-13
     69    168 0.0000000e+00 7.3200100e-12 4.6848100e-12
     69    169 0.0000000e+00 7.8400100e-11 5.0176100e-11
     69    170 0.0000000e+00 5.5500100e-10 3.5520100e-10
     69    171 0.0000000e+00 3.4000100e-09 2.1760000e-09
     69    172 0.0000000e+00 1.0000000e-08 6.4000100e-09
     70    166 0.0000000e+00 0.0000000e+00 0.0000000e+00
     70    167 0.0000000e+00 0.0000000e+00 0.0000000e+00
     70    168 0.0000000e+00 0.0000000e+00 0.0000000e+00
     70    169 0.0000000e+00 0.0000000e+00 0.0000000e+00
     70    169 1.0000000e+00 0.0000000e+00 0.0000000e+00
     70    170 0.0000000e+00 2.2200000e-13 1.4208000e-13
     70    171 0.0000000e+00 3.7500100e-12 2.4000000e-12
     70    172 0.0000000e+00 3.5200100e-11 2.2528000e-11
     71    169 0.0000000e+00 0.0000000e+00 0.0000000e+00
     71    169 1.0000000e+00 0.0000000e+00 0.0000000e+00
     71    171 0.0000000e+00 0.0000000e+00 0.0000000e+00
     71    171 1.0000000e+00 0.0000000e+00 0.0000000e+00
     71    172 0.0000000e+00 0.0000000e+00 0.0000000e+00
     71    172 1.0000000e+00 0.0000000e+00 0.0000000e+00
     72    171 0.0000000e+00 0.0000000e+00 0.0000000e+00
     72    172 0.0000000e+00 0.0000000e+00 0.0000000e+00


