   66   1.0442E-08
   67   2.0885E-08
   68   4.1759E-08
   69   1.0450E-07
   70   2.6110E-07
   71   5.7470E-07
   72   1.0449E-06
   73   2.0896E-06
   74   4.5998E-06
   75   7.7339E-06
   76   2.0909E-05
   77   5.1583E-05
   78   1.0442E-04
   79   2.0425E-04
   80   3.6395E-04
   81   6.2794E-04
   82   1.0489E-03
   83   1.9075E-03
   84   2.4781E-03
   85   3.1481E-03
   86   4.6300E-03
   87   4.9614E-03
   88   5.9093E-03
   89   8.6092E-03
   90   1.1159E-02
   91   8.8370E-03
   92   1.2750E-02
   93   1.7691E-02
   94   1.6721E-02
   95   2.3679E-02
   96   2.8350E-02
   97   2.9018E-02
   98   3.6531E-02
   99   4.1947E-02
  100   4.9436E-02
  101   5.7617E-02
  102   5.9563E-02
  103   6.3278E-02
  104   6.7391E-02
  105   6.4177E-02
  106   5.7444E-02
  107   5.5793E-02
  108   5.7426E-02
  109   4.6568E-02
  110   4.7266E-02
  111   4.0103E-02
  112   3.0063E-02
  113   2.0393E-02
  114   1.0938E-02
  115   5.5954E-03
  116   2.1665E-03
  117   1.4313E-03
  118   8.4594E-04
  119   5.2613E-04
  120   3.7140E-04
  121   3.1131E-04
  122   5.3314E-04
  123   6.3305E-04
  124   7.1014E-04
  125   9.3505E-04
  126   1.6181E-03
  127   4.8650E-03
  128   6.5134E-03
  129   1.2704E-02
  130   1.8506E-02
  131   2.9158E-02
  132   4.1847E-02
  133   5.4667E-02
  134   7.0829E-02
  135   6.8087E-02
  136   4.9584E-02
  137   6.2531E-02
  138   6.1906E-02
  139   5.8791E-02
  140   5.5199E-02
  141   5.1615E-02
  142   4.7168E-02
  143   4.4241E-02
  144   4.3011E-02
  145   3.0433E-02
  146   2.7555E-02
  147   2.4381E-02
  148   2.3140E-02
  149   1.9522E-02
  150   1.8184E-02
  151   1.1428E-02
  152   1.2228E-02
  153   1.2952E-02
  154   8.9252E-03
  155   6.9632E-03
  156   4.3289E-03
  157   4.4799E-03
  158   3.2839E-03
  159   2.2906E-03
  160   1.7953E-03
  161   1.1960E-03
  162   7.9664E-04
  163   5.4733E-04
  164   2.4934E-04
  165   1.0904E-04
  166   4.4593E-05
  167   2.2301E-05
  168   1.3175E-05
  169   5.9791E-06
  170   2.9386E-06
  171   1.7223E-06
  172   8.0044E-07
